4.704124336904046882e-35 8.304362460825944949e-35 -5.516431161512060253e-35
1.936593725986010997e-27 3.418739504445662413e-27 -2.273191147119238261e-27
3.256624710708258661e-24 5.749038494908853349e-24 -3.827275079634669987e-24
4.002523462645896239e-22 7.065800773766129428e-22 -4.710458697593159103e-22
8.859116279575180789e-21 1.563932112663337083e-20 -1.045081171492137133e-20
5.786026443917438560e-20 1.021428346654976401e-19 -6.852931208137156274e-20
1.577220134308528464e-19 2.784324220881707719e-19 -1.881792874089827354e-19
2.216245057106265112e-19 3.912418280285213155e-19 -2.684931824678332804e-19
1.874410775140732445e-19 3.308965856832468907e-19 -2.354401019111016955e-19
1.041864402134301372e-19 1.839241382721456513e-19 -1.447558211774530511e-19
2.858361760350275563e-20 5.045970558786558219e-20 -6.242143725648877196e-20
-2.058480079864961249e-20 -3.633910771623881842e-20 -1.095963756951119022e-20
-5.636217482904087823e-20 -9.949821096811189783e-20 2.421091652527230388e-20
-9.459606290949975418e-20 -1.669938832135652292e-19 6.144619119044634115e-20
-1.348541320494948643e-19 -2.380629200099009195e-19 1.005090612442272031e-19
-1.728807132463156526e-19 -3.051926328176209697e-19 1.369460340852245292e-19
-2.041093045370069256e-19 -3.603216076187269008e-19 1.660321272024381250e-19
-2.291248593658780930e-19 -4.044824840459861650e-19 1.890610740898879263e-19
-2.491194344139728969e-19 -4.397796406542673061e-19 2.079832431777703291e-19
-2.640015619176166566e-19 -4.660516043669843127e-19 2.230963918350316876e-19
-2.737784954525755269e-19 -4.833111825990986755e-19 2.346350590775546597e-19
-2.775337397022934312e-19 -4.899404554245938702e-19 2.415604965153982963e-19
-2.757688169689686428e-19 -4.868247665462862610e-19 2.443396744995070910e-19
-2.687570709162190382e-19 -4.744466593971536013e-19 2.430843952122691787e-19
-2.569987251165546189e-19 -4.536892145897399446e-19 2.381302213306424512e-19
-2.410253489792562019e-19 -4.254908354543819681e-19 2.298578633043052051e-19
-2.210642318913787423e-19 -3.902527482333185192e-19 2.183139948901320395e-19
-1.977378490010891891e-19 -3.490738322918498991e-19 2.040254491148197902e-19
-1.714315648272506837e-19 -3.026343958755890174e-19 1.872418638046840904e-19
-1.427783970141973137e-19 -2.520519201809685261e-19 1.684732430692028010e-19
-1.123650330645438370e-19 -1.983621100102477689e-19 1.481154916548883727e-19
-8.077903265184642088e-20 -1.426022218761400346e-19 1.265020334437652722e-19
-4.870287412268460163e-20 -8.597703751506170960e-20 1.040450912333989809e-19
-1.669403929682871566e-20 -2.947066265698528949e-20 8.100288404234862550e-20
1.462358983803137265e-20 2.581553238481537613e-20 5.772210094992455132e-20
4.476064440585267370e-20 7.901763642876725518e-20 3.443899816121827896e-20
7.328350465669885472e-20 1.293701333264322295e-19 1.140551141411511955e-20
9.986033277074617717e-20 1.762871499053206458e-19 -1.115058183409817315e-20
1.242997073805091283e-19 2.194308157439524208e-19 -3.305972665203949440e-20
1.464839990169698585e-19 2.585935501880578868e-19 -5.413495819142337883e-20
1.664204127433315881e-19 2.937880443454917128e-19 -7.425724635177959870e-20
1.841480488330589227e-19 3.250832880711640498e-19 -9.330210194068419934e-20
1.997379247181361302e-19 3.526046606368357003e-19 -1.111882471891049239e-19
2.132493748498581545e-19 3.764569231503486846e-19 -1.278867209100018532e-19
2.244302640196009078e-19 3.961949456532958399e-19 -1.450771751468513289e-19
2.267256558451217708e-19 4.002470510326639280e-19 -2.014911884777949113e-19
1.724836821447118830e-19 3.044917142395805441e-19 -5.776942362558895822e-19
-4.811393411753234809e-20 -8.493726440520453902e-20 -1.924691920678618022e-18
-4.208560603725184873e-19 -7.429525477763823477e-19 -4.176728178034031500e-18
-6.376597266879065566e-19 -1.125684073458952269e-18 -5.538959928831815493e-18
-4.498838963042806368e-19 -7.941966051020935701e-19 -4.534225413451438484e-18
-1.913734794206825808e-21 -3.378481977950984902e-21 -1.972682031390736625e-18
4.052163284414870241e-19 7.153431434679007375e-19 3.992712272114424946e-19
6.217288532498585680e-19 1.097560666178241504e-18 1.696043421502923653e-18
6.894831950824685182e-19 1.217169924723409737e-18 2.145107330885971338e-18
7.081112060280286006e-19 1.250054662772866487e-18 2.318064451539456854e-18
7.249192063494736494e-19 1.279726469618004057e-18 2.488440354750562944e-18
7.299737167115243333e-19 1.288649377189434709e-18 2.597397314581973031e-18
6.983437191433114483e-19 1.232811717465844522e-18 2.496536694893678053e-18
6.362393023357557502e-19 1.123176424753535773e-18 2.218435374605665790e-18
5.767797483629054776e-19 1.018210279966621086e-18 1.954872377022205737e-18
5.595339349983046159e-19 9.877656509036085701e-19 1.938417396064534649e-18
5.981626975626943368e-19 1.055958431945992225e-18 2.252827847025629640e-18
6.309316355447339736e-19 1.113806661337586493e-18 2.539309115312858972e-18
5.741197899850075125e-19 1.013514625235011241e-18 2.303909397255611151e-18
4.283754837076714106e-19 7.562268759844454897e-19 1.542822428680496091e-18
2.658514459035975061e-19 4.693173211037544129e-19 6.741946183840288608e-19
1.449144899843853654e-19 2.558229247533378092e-19 4.116195622474722194e-20
7.523180228788402868e-20 1.328094975407119358e-19 -2.952269118286598822e-19
4.129528562472509980e-20 7.290004803082752644e-20 -4.220501791582592625e-19
2.940571302473779533e-20 5.191089280286108649e-20 -4.180174305097279896e-19
2.235513111311403184e-20 3.946423459478253304e-20 -3.841580453756313163e-19
-3.358590230522271853e-21 -5.929097245218053401e-21 -4.594188004681352586e-19
-5.220620224477889303e-20 -9.216148033580472943e-20 -6.708875105220049658e-19
-1.073436992219236811e-19 -1.894976649219801626e-19 -9.198802674844995579e-19
-1.584692624286303153e-19 -2.797515228845408219e-19 -1.146389932628129597e-18
-2.050281838378215109e-19 -3.619437247575864616e-19 -1.347773370865609041e-18
-2.383634304781970830e-19 -4.207915937454367194e-19 -1.472599184328454718e-18
-2.532710437981873663e-19 -4.471084826985728231e-19 -1.488588655896676518e-18
-2.995573943303799694e-19 -5.288195005992000854e-19 -1.687440123356993815e-18
-5.499805970405076908e-19 -9.709007960475002621e-19 -3.088514394249979759e-18
-1.238152217205103604e-18 -2.185755319414712029e-18 -7.085504741209904895e-18
-2.293172287037871459e-18 -4.048220785427435143e-18 -1.330580690789117105e-17
-3.142544014042635587e-18 -5.547647776587955768e-18 -1.842108114325117442e-17
-3.237731194298804844e-18 -5.715685212844756349e-18 -1.918698009289911231e-17
-2.669472787820278784e-18 -4.712517884928279506e-18 -1.606350468358811889e-17
-2.021127366812326285e-18 -3.567970174428110669e-18 -1.241587429002270182e-17
-1.678542748617585679e-18 -2.963193097495619050e-18 -1.050671635215562126e-17
-1.499791858016430246e-18 -2.647637483559250364e-18 -9.534542226679676371e-18
-1.189918710811967330e-18 -2.100606985249851319e-18 -7.783936394477562392e-18
-6.790455256706033644e-19 -1.198743726639142930e-18 -4.833621519577052978e-18
-6.286100297547631547e-20 -1.109705561482799624e-19 -1.227485731217077057e-18
5.703765495414928879e-19 1.006906705117715647e-18 2.527956501387263521e-18
1.193045416050967121e-18 2.106126565783875164e-18 6.276149652762616710e-18
1.809587490265157835e-18 3.194530600724107284e-18 1.004559790769030038e-17
2.422560906670262168e-18 4.276635013428583408e-18 1.385249948407443628e-17
2.967826909369684612e-18 5.239213217773093670e-18 1.731986307052781432e-17
3.253788742996076956e-18 5.744032154590242980e-18 1.931353662951902875e-17
3.099541100711065273e-18 5.471733168767048551e-18 1.874294925470689891e-17
2.553122769100201821e-18 4.507120904522950759e-18 1.584723218417367276e-17
1.860286314461974370e-18 3.284031419343594330e-18 1.203528190314920063e-17
1.282049978911082755e-18 2.263249794919794141e-18 8.832938049026682343e-18
1.002056932175321758e-18 1.768967922487844219e-18 7.337621402519081729e-18
1.099109634004642999e-18 1.940298651542991318e-18 8.043919747644584592e-18
1.559888050798228412e-18 2.753727496923813683e-18 1.090481866292502063e-17
2.292459257703327842e-18 4.046962040962251332e-18 1.540434154906873634e-17
3.068073103434582503e-18 5.416181483814010486e-18 2.021354075610983796e-17
3.541451082482366442e-18 6.251852972616824964e-18 2.330264809520409050e-17
3.476620732442778059e-18 6.137405614618754510e-18 2.326003824950333163e-17
2.938359379864707308e-18 5.187193106338480813e-18 2.042497853980444143e-17
2.189094677680767860e-18 3.864488627554424145e-18 1.630389447133650362e-17
1.424291016053198246e-18 2.514352747395961905e-18 1.202898646113934915e-17
6.741228783937740255e-19 1.190053612221805375e-18 7.773698554021760679e-18
-5.072078502979690459e-20 -8.953925139756673597e-20 3.598229987841513970e-18
-6.432634239332203352e-19 -1.135576358230397887e-18 1.320469567112783114e-19
-9.982194065544922436e-19 -1.762193108265458199e-18 -1.993356294140478433e-18
-1.147282766117702679e-18 -2.025340065205378936e-18 -2.941426906081487305e-18
-1.240050872876999232e-18 -2.189107013911868112e-18 -3.571701838256031234e-18
-1.411086066348505990e-18 -2.491041780260544578e-18 -4.669572160249155730e-18
-1.675291950569042094e-18 -2.957454164362493737e-18 -6.329058622844634086e-18
-1.938104483917031112e-18 -3.421406740065072209e-18 -8.001403921918121600e-18
-2.100672159498193408e-18 -3.708393327876438761e-18 -9.106259385971651794e-18
-2.148499813809326874e-18 -3.792825169314724168e-18 -9.555287234259976202e-18
-2.131814061611021806e-18 -3.763369206158358323e-18 -9.641852071019247398e-18
-2.086217095285883875e-18 -3.682875242337368024e-18 -9.573732940415857693e-18
-2.002843737995082066e-18 -3.535693190861947746e-18 -9.292809763597475072e-18
-1.869042087865643496e-18 -3.299488213054692903e-18 -8.713889018695444435e-18
-1.727062700547424700e-18 -3.048846847552077014e-18 -8.077637096676578446e-18
-1.693148184710683692e-18 -2.988976367192084544e-18 -8.072618862307380885e-18
-1.890478122304921201e-18 -3.337330109605466562e-18 -9.442236233151220798e-18
-2.322713462751071130e-18 -4.100370915595122228e-18 -1.223053118365700307e-17
-2.814425643616438120e-18 -4.968408383926178422e-18 -1.541560150794142718e-17
-3.115279972369007065e-18 -5.499517531950159172e-18 -1.751298042185489969e-17
-3.086804427016178070e-18 -5.449248623902976250e-18 -1.768137708020600216e-17
-2.778648550999884295e-18 -4.905249792906455751e-18 -1.618828233433262058e-17
-2.339728259285034639e-18 -4.130407782489167495e-18 -1.389866756639417410e-17
-1.906266894122504310e-18 -3.365202584840605946e-18 -1.161616549203543896e-17
-1.572499392112974000e-18 -2.775990631043591136e-18 -9.904053066211834606e-18
-1.387242020305521337e-18 -2.448949063272101994e-18 -9.057622579870506548e-18
-1.328041579553265148e-18 -2.344440317633106436e-18 -8.946887376803834786e-18
-1.309210492361003805e-18 -2.311197111412116786e-18 -9.063700041849532248e-18
-1.239232764996541166e-18 -2.187662866727339852e-18 -8.863235039763679287e-18
-1.068032199474658941e-18 -1.885436257928581748e-18 -8.045099681270925210e-18
-8.001296429347782604e-19 -1.412498108246926622e-18 -6.632246075926048595e-18
-4.856724433609464012e-19 -8.573753253096923543e-19 -4.919839625433624589e-18
-1.853524545696606069e-19 -3.272094941691086805e-19 -3.269103768392159789e-18
8.337758360455530068e-20 1.471894755340369162e-19 -1.787360482914005267e-18
3.581887455774867336e-19 6.323236681433999651e-19 -2.523386759994542485e-19
6.538927221299509925e-19 1.154340705076972257e-18 1.430936792074682543e-18
8.968400319261285913e-19 1.583224460879752884e-18 2.836596803708973848e-18
1.000547648384245267e-18 1.766303308061642455e-18 3.452890298870827171e-18
9.816928461955815900e-19 1.733018262171102535e-18 3.366307659462294106e-18
9.522721787482980868e-19 1.681080883160077689e-18 3.226143829157705518e-18
1.010772707216860718e-18 1.784353999303427767e-18 3.609399665197577449e-18
1.157193174327471998e-18 2.042835375222015706e-18 4.516390278576449162e-18
1.303703810103032861e-18 2.301475901599970712e-18 5.427277883393339264e-18
1.354288099968536951e-18 2.390774152522456167e-18 5.770151395150880184e-18
1.277967396949323795e-18 2.256042424381031448e-18 5.356695776970138540e-18
1.119357827246192962e-18 1.976043216384662938e-18 4.449048013831251981e-18
9.520640964870157694e-19 1.680713556399520090e-18 3.485824396341574661e-18
8.270756822758829969e-19 1.460066951733926430e-18 2.774404127724193388e-18
7.543162691391461306e-19 1.331622083694808984e-18 2.377740213893802919e-18
7.194866369650220543e-19 1.270136068081726220e-18 2.211883554232249092e-18
7.094932411211178119e-19 1.252494386996803024e-18 2.197492616528134616e-18
7.158158366634924235e-19 1.263655925185266997e-18 2.281954589320630026e-18
7.209034135810068579e-19 1.272637210653675699e-18 2.359511628101682393e-18
6.990599230599769261e-19 1.234076080226568590e-18 2.276000154971103972e-18
6.394118157754706125e-19 1.128777061822195961e-18 1.965429997925305398e-18
5.632745417708734967e-19 9.943691220592882597e-19 1.554727883696961683e-18
5.113864493444317043e-19 9.027691820780579297e-19 1.288885485103645712e-18
5.117065110102761425e-19 9.033342198352771650e-19 1.338018619138169599e-18
5.607437842272069745e-19 9.899015110627234716e-19 1.683284648369982482e-18
6.329132848676600048e-19 1.117304961934180389e-18 2.170970519821582009e-18
7.011425233434863071e-19 1.237752527813221143e-18 2.636463620990205413e-18
7.485068881933007606e-19 1.321366564742399144e-18 2.976145590500955350e-18
7.680594527053605309e-19 1.355883418901827182e-18 3.147907942915573157e-18
7.589095572150425574e-19 1.339730781284568835e-18 3.147363182174284152e-18
7.256089343107102630e-19 1.280943966985592521e-18 3.002805579899261340e-18
6.805842255936630333e-19 1.201460199076874871e-18 2.789081065876002036e-18
6.393029485771608053e-19 1.128584866575628221e-18 2.599483192454392709e-18
6.022457738642439386e-19 1.063166474445762746e-18 2.438769036736532628e-18
5.473882478241870279e-19 9.663244694788450356e-19 2.175879538247432675e-18
4.597243823586554262e-19 8.115682414542351234e-19 1.715648611214946971e-18
3.660594782186026597e-19 6.462181568535003774e-19 1.207126482322380999e-18
3.215598632066052801e-19 5.676613607069267688e-19 9.720644980229148620e-19
3.609701340038630741e-19 6.372337569628525236e-19 1.221763419386599172e-18
4.715173963648762297e-19 8.323868827692985110e-19 1.893800771995873627e-18
6.102377830876661470e-19 1.077275047981822757e-18 2.746815885743104593e-18
7.400108846376100697e-19 1.306368246528955523e-18 3.568537770230828240e-18
8.487407171582999492e-19 1.498312989341848762e-18 4.289328979017225589e-18
9.406102185000127486e-19 1.660493569820666860e-18 4.932881998961894181e-18
1.015891933389301781e-18 1.793391129076931309e-18 5.498238948401681293e-18
1.062913502198488223e-18 1.876400020824576557e-18 5.912383744995929472e-18
1.070299823172430039e-18 1.889439373875842370e-18 6.103125736910598600e-18
1.046291589180351011e-18 1.847056766827077091e-18 6.115075352312872083e-18
1.020835801602103200e-18 1.802118727280486919e-18 6.124089540379226082e-18
1.017953816378795955e-18 1.797031038464378985e-18 6.274608632862511488e-18
1.023725694024389353e-18 1.807220359930270501e-18 6.488127059519310402e-18
9.888580942180323563e-19 1.745667330371717141e-18 6.473919633871280654e-18
8.623261325086744799e-19 1.522295827296233172e-18 5.924886151257145858e-18
6.241020661452419545e-19 1.101750177930067912e-18 4.711715289782861734e-18
3.025803465535610504e-19 5.341561575837898729e-19 2.989278410491152876e-18
-3.028483513868038883e-20 -5.346287911127610698e-20 1.172312339588359101e-18
-2.919953368155211276e-19 -5.154700189598564151e-19 -2.557767337009796862e-19
-4.317741527224862022e-19 -7.622267524352539771e-19 -9.912536930090906867e-19
-4.516572764209526076e-19 -7.973271706959933415e-19 -1.036626464108185343e-18
-3.965718296832166465e-19 -7.000827884197861444e-19 -6.462026669973695021e-19
-3.259809640218992702e-19 -5.754661189092075637e-19 -1.630610675020609898e-19
-2.872052591639509438e-19 -5.070138536244801092e-19 1.357265320361315522e-19
-3.044053727457516445e-19 -5.373777301572448042e-19 1.043022467813784188e-19
-3.826696871799522462e-19 -6.755405920473516438e-19 -2.936952847044990542e-19
-5.164215613758452562e-19 -9.116577736915717839e-19 -1.032186597538722253e-18
-6.902075682701470308e-19 -1.218448648299415665e-18 -2.025861808652851322e-18
-8.679321073680552510e-19 -1.532192311229267782e-18 -3.065662449832626080e-18
-9.882509322798960617e-19 -1.744595534531208444e-18 -3.789785246947419073e-18
-9.914417835576312001e-19 -1.750228486017586911e-18 -3.840122874358080893e-18
-8.676011869022479752e-19 -1.531608211318744405e-18 -3.147052452891852240e-18
-6.786186209107995328e-19 -1.197990317341720002e-18 -2.063902170565241610e-18
-5.244995593060006132e-19 -9.259181442051371237e-19 -1.174824645437114821e-18
-4.800965711797141413e-19 -8.475319118176247421e-19 -9.245196454008984843e-19
-5.553146464738915520e-19 -9.803173023665792149e-19 -1.380639560552950730e-18
-7.045144150316961184e-19 -1.243705184627131368e-18 -2.283513868935737898e-18
-8.651705945597892012e-19 -1.527317305466233130e-18 -3.270054887601050236e-18
-9.905013287973981867e-19 -1.748568195552813174e-18 -4.065523283013867660e-18
-1.060188966159836551e-18 -1.871590368811404689e-18 -4.548056784550226033e-18
-1.074558252767693653e-18 -1.896957034504031620e-18 -4.715634528378792546e-18
-1.045394313094679618e-18 -1.845472902415766326e-18 -4.632833993917955679e-18
-9.945583390035629435e-19 -1.755730289779021516e-18 -4.424069227701960015e-18
-9.568445687090202747e-19 -1.689152767841943838e-18 -4.292536310127873083e-18
-9.705447844134334421e-19 -1.713338189265616022e-18 -4.465943506018460015e-18
-1.052094923837548151e-18 -1.857301566771684341e-18 -5.045992612659307959e-18
-1.176296127445650823e-18 -2.076558503167575851e-18 -5.888348588076943209e-18
-1.285751727223297265e-18 -2.269784569713672273e-18 -6.654818126609367180e-18
-1.325608705436529731e-18 -2.340145638435691201e-18 -7.017509577783636421e-18
-1.273946820558054280e-18 -2.248944979617604924e-18 -6.840483852929381227e-18
-1.146152361334071098e-18 -2.023344597583965298e-18 -6.208848203306244868e-18
-9.799567285884169427e-19 -1.729953197194918210e-18 -5.342372419600770759e-18
-8.171806599971864909e-19 -1.442598593351990202e-18 -4.487683868936493438e-18
-6.872686843617337180e-19 -1.213260330992264282e-18 -3.819787850851330489e-18
-5.957762735541238749e-19 -1.051745582004201426e-18 -3.372646757920640317e-18
-5.256919663252545320e-19 -9.280232652563176152e-19 -3.046105611777666692e-18
-4.508042489374208143e-19 -7.958211744224300183e-19 -2.684678635385383370e-18
-3.500616369164408463e-19 -6.179764998222055805e-19 -2.162682131229080786e-18
-2.158321222998972101e-19 -3.810162844737214299e-19 -1.433596279444025984e-18
-5.643921731593782937e-20 -9.963425654479730285e-20 -5.457696801356971444e-19
1.054457779663482691e-19 1.861472024105061691e-19 3.664909247400788786e-19
2.397135600050105157e-19 4.231750667712347279e-19 1.123495750077139066e-18
3.260945883158996193e-19 5.756667041437163610e-19 1.602192129441076804e-18
3.776768226778022946e-19 6.667267130715890076e-19 1.875741094476528838e-18
4.438347712664383262e-19 7.835177412592841518e-19 2.233496856118392253e-18
5.772337278856995881e-19 1.019011784010656492e-18 2.989791429189503583e-18
7.951607541305132673e-19 1.403726370267715412e-18 4.256138243342894721e-18
1.071722266733012999e-18 1.891950561636200764e-18 5.890772836951620214e-18
1.358774492777108828e-18 2.398694315720157156e-18 7.616116196852389335e-18
1.609426340454671155e-18 2.841179252253787612e-18 9.154419310191088391e-18
1.788489376415906471e-18 3.157285949508636173e-18 1.029098701944119541e-17
1.873943874850038677e-18 3.308141809846703561e-18 1.088680197519778048e-17
1.857947944983836305e-18 3.279903263103409238e-18 1.088775048227926613e-17
1.748092393778645907e-18 3.085971137139317502e-18 1.033314699772109284e-17
1.564375373519461593e-18 2.761648959096361789e-18 9.337246505173788466e-18
1.330539180343062328e-18 2.348849492025906119e-18 8.036862139633413094e-18
1.064856578336348519e-18 1.879830139419056480e-18 6.536052197513789899e-18
7.770279376349955781e-19 1.371715471510232682e-18 4.887674686008065015e-18
4.726545363390134377e-19 8.343939362725088762e-19 3.120336894881433533e-18
1.601215659197605700e-19 2.826681516735391486e-19 1.279653092398425454e-18
-1.463133734775112487e-19 -2.582925980982088298e-19 -5.530496030782774809e-19
-4.283355117567967036e-19 -7.561563585998976193e-19 -2.270706776390298461e-18
-6.670699778624371645e-19 -1.177602766127353327e-18 -3.759992993597377992e-18
-8.467359169925048491e-19 -1.494773602371666204e-18 -4.922138836229166957e-18
-9.600385524151128683e-19 -1.694790939497221825e-18 -5.705644663892394034e-18
-1.014290457264988958e-18 -1.790563823960790378e-18 -6.145103473290180837e-18
-1.032748549907957621e-18 -1.823148586846552325e-18 -6.372127862055091683e-18
-1.047299101749872157e-18 -1.848835265513117513e-18 -6.573712935489736727e-18
-1.085457933379156017e-18 -1.916198500605482157e-18 -6.914943693955842203e-18
-1.158914255351068496e-18 -2.045873635484605463e-18 -7.469442547285522664e-18
-1.259330231077715742e-18 -2.223141552337192751e-18 -8.192314889652541445e-18
-1.363024012498283876e-18 -2.406195832323205737e-18 -8.945934648791023147e-18
-1.441168239717286289e-18 -2.544146706035652488e-18 -9.559221701746423553e-18
-1.468354956236446795e-18 -2.592140558127058384e-18 -9.878424608115303101e-18
-1.424992104227159319e-18 -2.515590657825773068e-18 -9.782223415738150896e-18
-1.297198240777824098e-18 -2.289991532367153276e-18 -9.182049751119912202e-18
-1.082350413816184986e-18 -1.910712774979276044e-18 -8.055411354046510768e-18
-7.999334009533203612e-19 -1.412151689378772469e-18 -6.510624750373353558e-18
-4.935322405101887420e-19 -8.712505621789718418e-19 -4.800001458996840470e-18
-2.140272280456271488e-19 -3.778301367198113221e-19 -3.222277566916402015e-18
4.505214548246196538e-21 7.953193551703515047e-21 -1.980802209026668916e-18
1.560797793955171037e-19 2.755332859784136568e-19 -1.115620766907243575e-18
2.557272720613575017e-19 4.514446266411502316e-19 -5.431022743189881765e-19
3.248728636723078742e-19 5.735098733682254873e-19 -1.405700995844454281e-19
3.810755810162399714e-19 6.727266199330200579e-19 1.936524533885990774e-19
4.349969834494908024e-19 7.679160772130654756e-19 5.218288460061872710e-19
4.908529274360247476e-19 8.665205836851588487e-19 8.685677121688994521e-19
5.468663564049145057e-19 9.654030871177544596e-19 1.222863883393149516e-18
5.957769671560022190e-19 1.051746772058344197e-18 1.541045697135459350e-18
6.274743762959224600e-19 1.107703395925850513e-18 1.762640729614536427e-18
6.352568502201112179e-19 1.121442117105816828e-18 1.847612221710175943e-18
6.239886534217598520e-19 1.101549970679417121e-18 1.824633692444548110e-18
6.135449597865122110e-19 1.083113335247227319e-18 1.811574213312364518e-18
6.321028419655302836e-19 1.115874235366352512e-18 1.976164205424634214e-18
7.028956230656618788e-19 1.240847293467587324e-18 2.457993132269375990e-18
8.326009836371618701e-19 1.469820894682428455e-18 3.299822796393371698e-18
1.005688078651887671e-18 1.775377869605123580e-18 4.413548348005827444e-18
1.186660231181585944e-18 2.094854620161858217e-18 5.592120670592976979e-18
1.331744042115056876e-18 2.350976391789432019e-18 6.577067089049521137e-18
1.406691037137668366e-18 2.483283076857340116e-18 7.163028014140688932e-18
1.401289129265252395e-18 2.473746889617140572e-18 7.284412108249658007e-18
1.331593272871804112e-18 2.350710244477138717e-18 7.030431541286964485e-18
1.228752272955250074e-18 2.169161252501290370e-18 6.580581138790951501e-18
1.122622055449170489e-18 1.981805699070570660e-18 6.108228243544155767e-18
1.031060403152897775e-18 1.820168562955956006e-18 5.717013109336388300e-18
9.595337031089022270e-19 1.693899849663218651e-18 5.438165229704648560e-18
9.066791160202115621e-19 1.600593703342782229e-18 5.263379617276100503e-18
8.675488556505930622e-19 1.531515613433539962e-18 5.164162378788386926e-18
8.308923916101037559e-19 1.466804629595575477e-18 5.075522167174341193e-18
7.764629034489422459e-19 1.370718296362900671e-18 4.878996202578005611e-18
6.816163175027363317e-19 1.203282182632819035e-18 4.440233937902196156e-18
5.366274194492554820e-19 9.473279976821758240e-19 3.698900890717776755e-18
3.556960258036748672e-19 6.279231996215567350e-19 2.734715840996001930e-18
1.717925875943405474e-19 3.032717392604184371e-19 1.739017285668365287e-18
1.826105143032380602e-20 3.223689841203235472e-20 9.075959266581176324e-19
-8.801544445284320136e-20 -1.553768990093057179e-19 3.413649983007617007e-19
-1.502307607810523395e-19 -2.652078774346080060e-19 2.412995486856191846e-20
-1.832587379757518361e-19 -3.235133693933311819e-19 -1.287443752141240874e-19
-2.028019789735176768e-19 -3.580137568232304644e-19 -2.068494545705156111e-19
-2.194558450917869209e-19 -3.874134280036909236e-19 -2.701370165272192841e-19
-2.381881146861358183e-19 -4.204821838482746398e-19 -3.462994200223878556e-19
-2.594995209941688559e-19 -4.581039867146725129e-19 -4.378338659494867718e-19
-2.792830893396709826e-19 -4.930286434967125410e-19 -5.208770415373089146e-19
-2.884763117616553268e-19 -5.092577726651043058e-19 -5.423913790955236067e-19
-2.760798312158593607e-19 -4.873738125516504356e-19 -4.373255116305287208e-19
-2.361151781809160052e-19 -4.168227504311613893e-19 -1.696091864898759022e-19
-1.736212989384821605e-19 -3.065000177428588622e-19 2.319057543099878546e-19
-1.038753073219064232e-19 -1.833748698745644896e-19 6.773657919965704048e-19
-4.477514952874999177e-20 -7.904320511117720603e-20 1.060623269668695312e-18
-8.473339968552429534e-21 -1.495829588613003605e-20 1.308896894916263622e-18
2.157675493215511352e-21 3.809036366838194598e-21 1.404090289855378627e-18
-7.949939084713415642e-21 -1.403428010155289784e-20 1.374349659083829261e-18
-2.980614648900127815e-20 -5.261783255659257766e-20 1.272003582826036550e-18
-5.472532568718867467e-20 -9.660857689932665805e-20 1.147770961065127409e-18
-7.823240761999097490e-20 -1.381065043563814954e-19 1.027591708560559841e-18
-1.016643128705289984e-19 -1.794717241131403187e-19 9.030160978823990502e-19
-1.304544225549644499e-19 -2.302959681307310287e-19 7.412336142176633969e-19
-1.703459193325673524e-19 -3.007178919443587624e-19 5.075440380192734207e-19
-2.238378551623290740e-19 -3.951491607449480234e-19 1.866731510942573435e-19
-2.883904822800538540e-19 -5.091062548586355131e-19 -2.063285153450798584e-19
-3.564527987729404483e-19 -6.292591237638356222e-19 -6.262425143238127047e-19
-4.169788809968103761e-19 -7.361080346903876091e-19 -1.006856533232134261e-18
-4.592017091047513137e-19 -8.106455911817411039e-19 -1.283349175626815327e-18
-4.784275505654237244e-19 -8.445856846207158330e-19 -1.426437328448595014e-18
-4.796771555680260577e-19 -8.467915971871633612e-19 -1.464053054123346308e-18
-4.753550045025408118e-19 -8.391615053277584080e-19 -1.468218657639816921e-18
-4.790758208616017299e-19 -8.457300279756972083e-19 -1.519249423165396264e-18
-5.004994921051501720e-19 -8.835500619522746509e-19 -1.675317981601710003e-18
-5.430550941857569985e-19 -9.586750174657937699e-19 -1.958411245270658898e-18
-6.037472041810573063e-19 -1.065816945860337335e-18 -2.352403155565300654e-18
-6.744897718917824507e-19 -1.190701302335809561e-18 -2.810513348280802748e-18
-7.449726199877677642e-19 -1.315127285648611810e-18 -3.272342523092103762e-18
-8.062246354104982859e-19 -1.423257784324304405e-18 -3.685279250190211455e-18
-8.531409068186508669e-19 -1.506080786085802490e-18 -4.019655563463149962e-18
-8.847131645840097990e-19 -1.561816410799645468e-18 -4.270032304444963757e-18
-9.023673162232557059e-19 -1.592981901082997799e-18 -4.445118641971179017e-18
-9.082426687087769987e-19 -1.603353897419433532e-18 -4.557396201527414016e-18
-9.047942636736237298e-19 -1.597266362788941645e-18 -4.620774635508550513e-18
-8.949899856870952482e-19 -1.579958530955510812e-18 -4.651997228854052426e-18
-8.813783331176284444e-19 -1.555929371985963015e-18 -4.665412616301397233e-18
-8.640006651173173491e-19 -1.525251919285962392e-18 -4.660706375302933317e-18
-8.391629625755141989e-19 -1.481404998180628038e-18 -4.615508199824835727e-18
-8.007067954297121937e-19 -1.413516932586166107e-18 -4.492760053880426225e-18
-7.431647422081398381e-19 -1.311935849719182882e-18 -4.259293636750630502e-18
-6.647082460463135302e-19 -1.173433723991551914e-18 -3.903176115735399961e-18
-5.683930285565761665e-19 -1.003404954016653473e-18 -3.440970007244388601e-18
-4.615738823659178839e-19 -8.148332271090994847e-19 -2.914296397162120381e-18
-3.539721382829051491e-19 -6.248799529998138132e-19 -2.378702942013873573e-18
-2.549419039594835654e-19 -4.500582630526383140e-19 -1.887989233156099950e-18
-1.707778855691971721e-19 -3.014804612354573834e-19 -1.478671171867794198e-18
-1.031557265615266016e-19 -1.821045882221652021e-19 -1.160786942170542798e-18
-4.933790769088093809e-20 -8.709801415594905988e-20 -9.188112290118513808e-19
-3.954037187728596138e-21 -6.980208612708518424e-21 -7.217628435785815176e-19
3.830971691806033554e-20 6.762954219080776647e-20 -5.387715900009173875e-19
7.992354885318335316e-20 1.410919561419342722e-19 -3.553904816837203747e-19
1.188115273221234874e-19 2.097423227266369707e-19 -1.837223916352943218e-19
1.492561200472488380e-19 2.634872691944786102e-19 -5.738589667997664676e-20
1.656424909321021422e-19 2.924147279204336037e-19 -9.789722155231585902e-21
1.665983915673358400e-19 2.941022167251994221e-19 -4.984807958457576956e-20
1.564799971000389158e-19 2.762398460928587951e-19 -1.529595134515985529e-19
1.437155872970513492e-19 2.537063687381829632e-19 -2.702557485017619459e-19
1.378420241523947796e-19 2.433375532663817030e-19 -3.456103883081596941e-19
1.468960737801870536e-19 2.593209906235895959e-19 -3.308627170041743649e-19
1.756121016709376618e-19 3.100144476723382306e-19 -1.966384796957503442e-19
2.244373542873843235e-19 3.962074658549916255e-19 6.144372868515616395e-20
2.895838504473322346e-19 5.112129341258331033e-19 4.226878137634724927e-19
3.643017689864537400e-19 6.431151780838806067e-19 8.485896347425438012e-19
4.410406269139959269e-19 7.785850977346196793e-19 1.295469975638135763e-18
5.136695874086100477e-19 9.067996666164218157e-19 1.727508456052839910e-18
5.789423891166197484e-19 1.022028116417000156e-18 2.125364306281904510e-18
6.366910593067035557e-19 1.123973926266396206e-18 2.487427611564682034e-18
6.886314560562039559e-19 1.215666204856238427e-18 2.823051841010394302e-18
7.362658763048289808e-19 1.299757024039896879e-18 3.140454962523078822e-18
7.787639577072976592e-19 1.374780472462470947e-18 3.434265964629623201e-18
8.118178580988362627e-19 1.433131742989790078e-18 3.678522897566538235e-18
8.286260514637433494e-19 1.462803850469144938e-18 3.832070242033324621e-18
8.234230016217867273e-19 1.453618696606885831e-18 3.859134772642777911e-18
7.957809773166875135e-19 1.404821215099038893e-18 3.754912516054481923e-18
7.524910117559258814e-19 1.328399877324549544e-18 3.557312137463755772e-18
7.052957065556930200e-19 1.245084303042707986e-18 3.334289245485341622e-18
6.658069185571326139e-19 1.175373281916400569e-18 3.154226637718893392e-18
6.407688875114899287e-19 1.131172694672396482e-18 3.057843869530182901e-18
6.301755394529046226e-19 1.112471854860844575e-18 3.046562161202224232e-18
6.284847286152339642e-19 1.109487016278038603e-18 3.089044689548159412e-18
6.272329184392950604e-19 1.107277179039963430e-18 3.136130510171465384e-18
6.172714466981133990e-19 1.089691840256506709e-18 3.133761602610827016e-18
5.904152913744496829e-19 1.042281678320715145e-18 3.032684132199962658e-18
5.415803042312559530e-19 9.560714860639288499e-19 2.801250265105105045e-18
4.716195549032455440e-19 8.325672316849121769e-19 2.442569176661210945e-18
3.887394333440315424e-19 6.862559422654765634e-19 2.003487030879470910e-18
3.058137790434434348e-19 5.398642613849158270e-19 1.559319678529281955e-18
2.338875319072816456e-19 4.128902234274608863e-19 1.175597134504475047e-18
1.759192477242743342e-19 3.105566828615793111e-19 8.708048264489504116e-19
1.252406514138629233e-19 2.210918816817302924e-19 6.067762102467297563e-19
6.965085844320592996e-20 1.229571609648312867e-19 3.120134235561102814e-19
-2.071281954814657975e-21 -3.656548449583508119e-21 -8.041543921884624867e-20
-9.528323393465843252e-20 -1.682069745221844291e-19 -6.038764361349336582e-19
-2.079954122338012625e-19 -3.671818781464608407e-19 -1.248833563526793118e-18
-3.321238423425022886e-19 -5.863103528803212978e-19 -1.969533275797386851e-18
-4.560182587988464615e-19 -8.050257170843916153e-19 -2.698392965620472020e-18
-5.673302362216913167e-19 -1.001528806695039069e-18 -3.362659921633298604e-18
-6.558339219730229837e-19 -1.157767590791878199e-18 -3.901098883199899765e-18
-7.157431570806953243e-19 -1.263527565614278009e-18 -4.277989979818817355e-18
-7.466637032100543320e-19 -1.318112732904749856e-18 -4.489164287862376861e-18
-7.524453680203126260e-19 -1.328319336882416387e-18 -4.555540309924674029e-18
-7.383082402573299392e-19 -1.303362610918979869e-18 -4.506239220491585145e-18
-7.078985423108947369e-19 -1.249679258981048808e-18 -4.361097239853270482e-18
-6.620759797129192712e-19 -1.168786907234031932e-18 -4.123349832693303721e-18
-5.999064484931431393e-19 -1.059036662627096452e-18 -3.785426454593039246e-18
-5.207739122377811326e-19 -9.193410563575822041e-19 -3.341526891254168176e-18
-4.261511402912767254e-19 -7.522999975807918601e-19 -2.798346881335418587e-18
-3.202495449613297024e-19 -5.653480931287411803e-19 -2.179257056293202625e-18
-2.094132486960750365e-19 -3.696848868110367119e-19 -1.521000044980481382e-18
-1.004426187743254943e-19 -1.773152280201921319e-19 -8.638288121266620162e-19
1.523963357365524581e-21 2.690117232725129133e-21 -2.387233297263770714e-19
9.451298542521135627e-20 1.668471852525562524e-19 3.419120870598799205e-19
1.797608762186130175e-19 3.173385216791041459e-19 8.848497201912795415e-19
2.603025102784018297e-19 4.595217129860309100e-19 1.407810083607289441e-18
3.388797513598862294e-19 5.982370318116396894e-19 1.927017987842060231e-18
4.161062957311719361e-19 7.345677914982210653e-19 2.446164082024100222e-18
4.894493581968872013e-19 8.640428264798984697e-19 2.950152009276121631e-18
5.533134992978397718e-19 9.767844543924094116e-19 3.405368999521468149e-18
6.005489702047775941e-19 1.060171007771300131e-18 3.768437801135926375e-18
6.252101801101839702e-19 1.103706387426666338e-18 4.002489053341932452e-18
6.252022280384631227e-19 1.103692326538115639e-18 4.092969704342866507e-18
6.031561878836027843e-19 1.064773615466926497e-18 4.053178141014385805e-18
5.651951807012900382e-19 9.977596386638411225e-19 3.917388956667774590e-18
5.186695492158684651e-19 9.156262508701673666e-19 3.727736469448082459e-18
4.701034202860010479e-19 8.298907613677307185e-19 3.522098154884654439e-18
4.239231858833303571e-19 7.483671399248353757e-19 3.326398132185169906e-18
3.820050336031454240e-19 6.743674557486886573e-19 3.151684134955377054e-18
3.439195517149077596e-19 6.071337361067324598e-19 2.995389763773795923e-18
3.076938533894359293e-19 5.431831985630767681e-19 2.845775740999948141e-18
2.708069000934031318e-19 4.780653468033763651e-19 2.687832601671527708e-18
2.310685229563259150e-19 4.079137554744043399e-19 2.508506122384408865e-18
1.871734992970741979e-19 3.304242538663644489e-19 2.299967969639246999e-18
1.390079949014020596e-19 2.453959027554417019e-19 2.061385621856530225e-18
8.780672409427798465e-20 1.550084012149447194e-19 1.799818770817850106e-18
3.592324499730940048e-20 6.341660457720469577e-20 1.528881264852525706e-18
-1.408523976712014084e-20 -2.486519107786563948e-20 1.263375844768575189e-18
-6.079712146231429796e-20 -1.073273934677250800e-19 1.011406851618603982e-18
-1.048698953482140485e-19 -1.851306896572344424e-19 7.688090939315489838e-19
-1.489207541679395522e-19 -2.628952973187589810e-19 5.198359824777277506e-19
-1.963909971559053758e-19 -3.466962473251507259e-19 2.438405824115229776e-19
-2.499887018431187194e-19 -4.413142155194360162e-19 -7.554712152543552858e-20
-3.103572661933625732e-19 -5.478850374443982619e-19 -4.425585447842906179e-19
-3.754500564531431278e-19 -6.627957173468356879e-19 -8.455498730915616047e-19
-4.409018757793219178e-19 -7.783402062959526289e-19 -1.259078464472337966e-18
-5.013458415617448105e-19 -8.850441451197305443e-19 -1.651521956864300386e-18
-5.521473742206585002e-19 -9.747259459552417667e-19 -1.995219997032391791e-18
-5.907757088299582020e-19 -1.042917955707616951e-18 -2.274594977343984087e-18
-6.172341074552970303e-19 -1.089625928390164850e-18 -2.488813673854005149e-18
-6.334521326460232598e-19 -1.118256197686747072e-18 -2.648344677450491044e-18
-6.419775689469588218e-19 -1.133306459572856609e-18 -2.767313374172364463e-18
-6.445124708024252614e-19 -1.137781407243258600e-18 -2.854858131863309383e-18
-6.409170090673608739e-19 -1.131434209519162035e-18 -2.909227340771659485e-18
-6.292549300931362654e-19 -1.110846725712795807e-18 -2.918003162836463402e-18
-6.069866343656635700e-19 -1.071535693452549532e-18 -2.865086532100240052e-18
-5.726535240139038625e-19 -1.010926194975671928e-18 -2.740641650155766407e-18
-5.270654843497334791e-19 -9.304479487120662488e-19 -2.548210324426307044e-18
-4.734495003871628841e-19 -8.357976900297275537e-19 -2.305789188434452997e-18
-4.167048987617619103e-19 -7.356243827875280655e-19 -2.041646216151811402e-18
-3.622244732287119829e-19 -6.394481107975716175e-19 -1.787460988489561526e-18
-3.146946121157269215e-19 -5.555419205300824563e-19 -1.571176888809922160e-18
-2.771753176966049602e-19 -4.893077116258875923e-19 -1.411407106851642858e-18
-2.506765012893362445e-19 -4.425283416892032825e-19 -1.314771837118259331e-18
-2.343180381125077979e-19 -4.136501580453103240e-19 -1.276741991229523054e-18
-2.259669636193298378e-19 -3.989077498822687911e-19 -1.285358815107540909e-18
-2.230908207310440176e-19 -3.938304011458429830e-19 -1.326245143460091907e-18
-2.235339492551817456e-19 -3.946126601888643877e-19 -1.387144026147210332e-18
-2.259708229907421369e-19 -3.989145719037279986e-19 -1.460547738459047234e-18
-2.298835109360656757e-19 -4.058217696676648308e-19 -1.543548426504587511e-18
-2.350608081967680680e-19 -4.149614250706102280e-19 -1.634903603873399217e-18
-2.408102355275203783e-19 -4.251111009365224911e-19 -1.730421670574224260e-18
-2.453126759903611049e-19 -4.330593937125752877e-19 -1.819138980754287646e-18
-2.456980758886201823e-19 -4.337397246959150100e-19 -1.883668574610683402e-18
-2.391265207999578479e-19 -4.221387305470911586e-19 -1.906486863212497807e-18
-2.243963783376444647e-19 -3.961351236932529198e-19 -1.879466666911760633e-18
-2.030176402193200029e-19 -3.583944724498723440e-19 -1.810445032407189454e-18
-1.789381149068263322e-19 -3.158859501643541654e-19 -1.721931037510095057e-18
-1.570166106526039229e-19 -2.771870873730970791e-19 -1.642319040718962568e-18
-1.411129445328391312e-19 -2.491117927516942793e-19 -1.594651971956371156e-18
-1.327631371655885071e-19 -2.343716167621696937e-19 -1.588663424934895143e-18
-1.308787794389735349e-19 -2.310451321626148691e-19 -1.618739968060039826e-18
-1.322474483853955112e-19 -2.334612991803819062e-19 -1.666575347185699462e-18
-1.323508702177425365e-19 -2.336438403513142447e-19 -1.705767218606208313e-18
-1.262926738103920567e-19 -2.229490686109774578e-19 -1.707198583990375157e-18
-1.099855343159845865e-19 -1.941614842188524333e-19 -1.646095000489791894e-18
-8.158643010154816067e-20 -1.440275121658925635e-19 -1.510667624885010420e-18
-4.256163201506632386e-20 -7.513562048953292084e-20 -1.308659153124269408e-18
2.508197240575722055e-21 4.427801220273988090e-21 -1.066458084347556145e-18
4.765063953943606241e-20 8.411943166364343904e-20 -8.191091368793644200e-19
8.793518721675435354e-20 1.552352421787517727e-19 -5.959845851435134716e-19
1.212820152901622487e-19 2.141036187962654993e-19 -4.099958418784465609e-19
1.488000401376971650e-19 2.626821752677331831e-19 -2.553621105820833228e-19
1.737834395864035920e-19 3.067862668972089574e-19 -1.132386838870621105e-19
2.001335888612868535e-19 3.533031323345794771e-19 3.915964661254214691e-20
2.309371432992293746e-19 4.076817569714893086e-19 2.201744001555096848e-19
2.675807694337667262e-19 4.723700797174430219e-19 4.383637759859886927e-19
3.095168500198872561e-19 5.464013803577759432e-19 6.909584703558019910e-19
3.546502913955401827e-19 6.260771031174275682e-19 9.660224436965538590e-19
4.002014448329316248e-19 7.064902197466529197e-19 1.247499500088579643e-18
4.437405538324830872e-19 7.833514004131878217e-19 1.521342273444859173e-18
4.839684816448206214e-19 8.543672401307695599e-19 1.780177422189808072e-18
5.208977954697097304e-19 9.195599126128560334e-19 2.024399832367246950e-18
5.553898702719090860e-19 9.804500138780432273e-19 2.259408611579378971e-18
5.883503643223554438e-19 1.038636376314157685e-18 2.490784195811475268e-18
6.200218848764803551e-19 1.094547281015933175e-18 2.720044968942862935e-18
6.496614051470754008e-19 1.146871000066127325e-18 2.942730574222527318e-18
6.756240847459093936e-19 1.192703851159628945e-18 3.148926464109902617e-18
6.957268211528182378e-19 1.228191936128389795e-18 3.325434639853127919e-18
7.077562946140106613e-19 1.249428003515335291e-18 3.458759365494644053e-18
7.099788746814140999e-19 1.253351597042390626e-18 3.538086927542335323e-18
7.014910752168380146e-19 1.238367782741179645e-18 3.557363447840790567e-18
6.823175709275440683e-19 1.204520117383076513e-18 3.515928705587283698e-18
6.533068252499440316e-19 1.153306412036111450e-18 3.417954871007633998e-18
6.159498177343948426e-19 1.087358757009527766e-18 3.271383165635010751e-18
5.721921389360031917e-19 1.010111730019297047e-18 3.086810415556660860e-18
5.242390605007524719e-19 9.254583858894187067e-19 2.876389848451607394e-18
4.743666759008009506e-19 8.374168108272462054e-19 2.652819370760149420e-18
4.247925318746445444e-19 7.499017473280617321e-19 2.428691027866609883e-18
3.775912713608205654e-19 6.665756491648665528e-19 2.216053259053663971e-18
3.344957592555578948e-19 5.904975720332730991e-19 2.025202399645630547e-18
2.964875759201884125e-19 5.234003041049966401e-19 1.862164415166165952e-18
2.634052065776058654e-19 4.649987518750450112e-19 1.726259299752601093e-18
2.339582871022081677e-19 4.130150931416566875e-19 1.610069727825951516e-18
2.062495133623480050e-19 3.640998596299281229e-19 1.502448981762508035e-18
1.784777439827184995e-19 3.150733318690982435e-19 1.392660983256313545e-18
1.493902065912437118e-19 2.637240118677440442e-19 1.273088434717070280e-18
1.183285055550205785e-19 2.088896329684297594e-19 1.139549608120952777e-18
8.503820359063781244e-20 1.501210650740282378e-19 9.901980404867374650e-19
4.949369334190197107e-20 8.737309594540689622e-20 8.244976548462554940e-19
1.185596058252834522e-20 2.092985716291338184e-20 6.429994769438286833e-19
-2.747862782107327860e-20 -4.850893491124348988e-20 4.477179363533767502e-19
-6.783465830922731654e-20 -1.197509360488215398e-19 2.425330691996675441e-19
-1.083003789827529306e-19 -1.911865787908514428e-19 3.310045921268671156e-20
-1.479220805926561508e-19 -2.611322545599815271e-19 -1.741387841587530996e-19
-1.860225815292881091e-19 -3.283925204286578287e-19 -3.738210853127565256e-19
-2.224547094769760514e-19 -3.927075278128843773e-19 -5.634969202191113971e-19
-2.576011434158781569e-19 -4.547527527056329882e-19 -7.441082266660533957e-19
-2.922752643658805830e-19 -5.159641398635452639e-19 -9.184629693924591143e-19
-3.280671074038807677e-19 -5.791487882943922824e-19 -1.088215480104640676e-18
-3.677722095569016503e-19 -6.492417336659525185e-19 -1.251044936316272656e-18
-4.130292733544959677e-19 -7.291357322963606572e-19 -1.401108695835433175e-18
-4.576390422590980441e-19 -8.078869720974802220e-19 -1.534343162113880987e-18
-4.837412082440666255e-19 -8.539660248797552237e-19 -1.653643694101485956e-18
-4.710092781977205327e-19 -8.314898370354178741e-19 -1.766164505227217197e-18
-4.142061884795159735e-19 -7.312132612416849502e-19 -1.874383254261968480e-18
-3.304154075966707201e-19 -5.832943663426160094e-19 -1.972113581676280415e-18
-2.479413545137473269e-19 -4.376999247229506128e-19 -2.050259466702827451e-18
-1.889640247404838517e-19 -3.335850782632119459e-19 -2.104819205207135046e-18
-1.603683247220660624e-19 -2.831040587553195572e-19 -2.139105358344790800e-18
-1.556558973772601708e-19 -2.747850501284029942e-19 -2.160062375245319797e-18
-1.614201875905800288e-19 -2.849608970086896348e-19 -2.174113627885164336e-18
-1.627889018941626301e-19 -2.873770917180977062e-19 -2.185976852358267298e-18
-1.488904771054738651e-19 -2.628417441742146869e-19 -2.198221896952808663e-18
-1.168092090111233549e-19 -2.062076021251952371e-19 -2.210809077427189781e-18
-6.934696503605193660e-20 -1.224208875760624995e-19 -2.222597108052424775e-18
-1.305005553029883506e-20 -2.303797654321516643e-20 -2.230459961649404674e-18
3.637088094248253193e-20 6.420665506437639037e-20 -2.222578492194630143e-18
5.433667272717656770e-20 9.592243795750840764e-20 -2.176769936294671944e-18
2.698982499066204963e-20 4.764611311736937765e-20 -2.074020113053792723e-18
-2.781409490024676423e-20 -4.910126272500158673e-20 -1.914431987852821430e-18
-7.058695483958710539e-20 -1.246097933058184825e-19 -1.712485638742447335e-18
-7.945399471180196019e-20 -1.402631038636597233e-19 -1.472713545727131480e-18
-7.572431765474630491e-20 -1.336789336467818849e-19 -1.175146084337005064e-18
-1.054424742572606081e-19 -1.861413789274288201e-19 -7.905297704454754304e-19
-1.974814665010139441e-19 -3.486210215063899272e-19 -3.099029423880091823e-19
-3.411664527827595475e-19 -6.022733462594180848e-19 2.415758079533246197e-19
-4.992684620063542277e-19 -8.813767070665394890e-19 8.167368068384298243e-19
-6.369186556952620227e-19 -1.124375727212431619e-18 1.369705974059203608e-18
-7.398273522970144847e-19 -1.306044286662860414e-18 1.870886020961588184e-18
-8.116662309968440319e-19 -1.432864154711636994e-18 2.305972908382905864e-18
-8.602327190437065482e-19 -1.518600344457033658e-18 2.665781072596214149e-18
-8.900026335298525803e-19 -1.571154202305061912e-18 2.940013994621377114e-18
-9.089924215595378308e-19 -1.604677565206775029e-18 3.121870332140710490e-18
-9.373269172557392071e-19 -1.654697507936484793e-18 3.215709801687801640e-18
-9.952081871162704552e-19 -1.756877340808301192e-18 3.232008317120943907e-18
-1.070243760295839978e-18 -1.889340226567392200e-18 3.167981606028011103e-18
-1.099174380284805968e-18 -1.940412508660041598e-18 2.996047741973119845e-18
-9.957655493121672499e-19 -1.757861245062683440e-18 2.680785245448224714e-18
-7.088130670892632326e-19 -1.251293594729691323e-18 2.213755083157308302e-18
-2.592131715534368979e-19 -4.575984599213437732e-19 1.632974045287361797e-18
2.748101741372128566e-19 4.851324372980954990e-19 1.008042262230308356e-18
8.061675730021142232e-19 1.423156981604407397e-18 4.047347154259742427e-19
1.279402962082573197e-18 2.258576600868295122e-18 -1.422771926427549227e-19
1.681159530199878151e-18 2.967812115082386163e-18 -6.339475252481192685e-19
2.029590447641203598e-18 3.582910115174262380e-18 -1.095173487974498233e-18
2.357982000546819289e-18 4.162631932911482511e-18 -1.557945858273846698e-18
2.697852391444040583e-18 4.762617555083596599e-18 -2.044582923411889899e-18
3.067293050507885066e-18 5.414804520440642521e-18 -2.557500270071086948e-18
3.468046596253447276e-18 6.122269510210588409e-18 -3.079386194527977658e-18
3.866973813078007869e-18 6.826510634046397489e-18 -3.565851363512391104e-18
4.094793534194068856e-18 7.228688867310045753e-18 -3.880815088316518760e-18
3.582099623243769887e-18 6.323610923725074535e-18 -3.615547766652657201e-18
1.012586075467365543e-18 1.787554636135282463e-18 -1.845739341772396713e-18
-5.635037006489571271e-18 -9.947736711149851511e-18 2.841684819442101022e-18
-1.810586887453381755e-17 -3.196295108000693798e-17 1.166241979285550466e-17
-3.626245074882154811e-17 -6.401542759756136206e-17 2.450737211502979368e-17
-5.720474315895367685e-17 -1.009856198217099313e-16 3.932398407675929666e-17
-7.614222846178072828e-17 -1.344166540483159940e-16 5.272960440776103536e-17
-8.849704537435792179e-17 -1.562270676224885153e-16 6.149195298866115267e-17
-9.171384513324400639e-17 -1.619058086824175884e-16 6.380401845447371070e-17
-8.574059707312661201e-17 -1.513610202443214607e-16 5.962331637549071334e-17
-7.232536803958464790e-17 -1.276786215667166713e-16 5.017688504651499484e-17
-5.393813192635905888e-17 -9.521895136179805882e-17 3.720182875740564411e-17
-3.296560171010557529e-17 -5.819537075163157319e-17 2.237822937841575634e-17
-1.134427028906824087e-17 -2.002644059185929278e-17 7.071042780047328904e-18
9.502929314447526692e-18 1.677588251701675616e-17 -7.714016980098762025e-18
2.859829561704667722e-17 5.048562222384368579e-17 -2.128230161601333101e-17
4.531555275477769349e-17 7.999719557945889264e-17 -3.318495870001409215e-17
5.930369226865045221e-17 1.046909633160749108e-16 -4.316669511696171722e-17
7.043148290172923719e-17 1.243352609685150084e-16 -5.112782992641933262e-17
7.874349789476686230e-17 1.390087722793136609e-16 -5.709340226478429425e-17
8.442336123706266679e-17 1.490356463066917817e-16 -6.118641414659053287e-17
8.775619199242697767e-17 1.549192126688299201e-16 -6.360052620211883452e-17
8.907652267520759203e-17 1.572500399014666719e-16 -6.456358808804798296e-17
8.871388327542148327e-17 1.566098576025217642e-16 -6.430102245290505858e-17
8.698703263050792918e-17 1.535613840502647888e-16 -6.303440352430993372e-17
8.426732129925680848e-17 1.487601785019622055e-16 -6.102833929233002071e-17
8.102131967173894581e-17 1.430298930473357549e-16 -5.862130317096443861e-17
7.770238227393721547e-17 1.371708523852674169e-16 -5.614823009148640154e-17
7.450864260514830513e-17 1.315328283984524186e-16 -5.376710993120192361e-17
7.121360861114421640e-17 1.257159843209965131e-16 -5.133514528696228446e-17
6.725590666898232322e-17 1.187293077223533489e-16 -4.846712922244613469e-17
6.204899511689732958e-17 1.095373566874874509e-16 -4.475040938719384844e-17
5.528464211579765688e-17 9.759599744501747133e-17 -3.995870886817219388e-17
4.703128365598552341e-17 8.302604265839517192e-17 -3.412489491026179678e-17
3.761354851207437860e-17 6.640057112980767326e-17 -2.746155857040116864e-17
2.742027813954755929e-17 4.840601760037023299e-17 -2.023065465862904693e-17
1.679848890282173462e-17 2.965498425192514582e-17 -1.267083991605182539e-17
6.071949050251884094e-18 1.071903186002761432e-17 -5.009259794404147580e-18
-4.393984236249260275e-18 -7.756861376729063788e-18 2.495640952595774382e-18
-1.417392906869609479e-17 -2.502175398134989043e-17 9.543012077254761130e-18
-2.283939321018337305e-17 -4.031921411764274637e-17 1.582945793368749498e-17
-3.006405556642379180e-17 -5.307317460062849894e-17 2.112176366157581840e-17
-3.573060227972530278e-17 -6.307653676324800561e-17 2.533125074295111407e-17
-3.998687051990432032e-17 -7.059028220462508825e-17 2.855397199485565832e-17
-4.321042954967728550e-17 -7.628094786985411333e-17 3.104760594802506851e-17
-4.588320221050042508e-17 -8.099929224071781541e-17 3.314499655375748089e-17
-4.842832389962062111e-17 -8.549229020849748209e-17 3.514020194153537304e-17
-5.108099406139707605e-17 -9.017514497551426730e-17 3.719759741248921349e-17
-5.384458093473870759e-17 -9.505380336789219993e-17 3.932060190565650276e-17
-5.654057036477862430e-17 -9.981313096953496796e-17 4.138625295642491951e-17
-5.891572565956708059e-17 -1.040060806772880956e-16 4.321966327606172513e-17
-6.074408283950757159e-17 -1.072337482836841754e-16 4.466454712539799360e-17
-6.187762432445597141e-17 -1.092348316732962979e-16 4.561799429462310999e-17
-6.224729962531082239e-17 -1.098874326504259293e-16 4.603123299460119289e-17
-6.184799531168668464e-17 -1.091825253161581527e-16 4.589985945075858816e-17
-6.072908615289655437e-17 -1.072072745642607162e-16 4.525808078601846227e-17
-5.898356301245845156e-17 -1.041258398920250087e-16 4.417143488341394371e-17
-5.672433171435867933e-17 -1.001375360485632571e-16 4.271970787936918532e-17
-5.405586515573056201e-17 -9.542679338421709524e-17 4.097598433555625018e-17
-5.106013964825393321e-17 -9.013832866195349793e-17 3.899576288350644620e-17
-4.780153824771336767e-17 -8.438580032465721522e-17 3.682023054143049296e-17
-4.433710852830543330e-17 -7.826991623271580177e-17 3.448444851107268262e-17
-4.072161525786493371e-17 -7.188735446617985044e-17 3.202238886664635570e-17
-3.701220831975637099e-17 -6.533900355760015285e-17 2.947110080892907087e-17
-3.327741193885356250e-17 -5.874583052796226135e-17 2.687680835162889454e-17
-2.959962266167377905e-17 -5.225329410553305591e-17 2.429589115866655830e-17
-2.605751422225502220e-17 -4.600028074024472715e-17 2.178208086771565813e-17
-2.269467765848974950e-17 -4.006374257115805985e-17 1.936458116602411390e-17
-1.949897458288789113e-17 -3.442225162761767748e-17 1.703381419459206228e-17
-1.641036989098045149e-17 -2.896982510235631083e-17 1.474679438221469404e-17
-1.335147799855594556e-17 -2.356985138490916389e-17 1.244825452376235179e-17
-1.025905340353256335e-17 -1.811068137008294976e-17 1.009274189630835988e-17
-7.098591582387533263e-18 -1.253140270195645651e-17 7.655355800784926579e-18
-3.861660255296882604e-18 -6.817129700447438225e-18 5.130543554922876784e-18
-5.599340796567208300e-19 -9.884720235009792754e-19 2.528235389624977768e-18
2.772131765763117187e-18 4.893745542356255178e-18 -1.244614832676169495e-19
6.069480529435843385e-18 1.071467574665321868e-17 -2.778068216887240688e-18
9.238122783229014811e-18 1.630839563179609162e-17 -5.361863811179213416e-18
1.217492315562627693e-17 2.149283654929178728e-17 -7.797358251456900305e-18
1.479777919203264993e-17 2.612306012075511760e-17 -1.001906582254845314e-17
1.706910881673676621e-17 3.013272134081118906e-17 -1.199107860998591769e-17
1.900081929884939966e-17 3.354284044167074590e-17 -1.371143770827403803e-17
2.064115554170584977e-17 3.643858590247510180e-17 -1.520446793211141906e-17
2.205232015198094706e-17 3.892976620981439992e-17 -1.650680067123131559e-17
2.328905889324057285e-17 4.111302634387526878e-17 -1.765362311425444670e-17
2.438469024625900269e-17 4.304718444335511766e-17 -1.866919012642841179e-17
2.534654699156764091e-17 4.474518512395851901e-17 -1.956273157321879740e-17
2.616089410693990468e-17 4.618278168999115505e-17 -2.033008392080128124e-17
2.680603004681781438e-17 4.732166369149822959e-17 -2.096086018392981507e-17
2.726779736520979876e-17 4.813683845486493038e-17 -2.144780984005753523e-17
2.754822280809879868e-17 4.863188355026501088e-17 -2.179221854440796448e-17
2.766268531580614639e-17 4.883394855406390000e-17 -2.200206131363748188e-17
2.763097563145933649e-17 4.877797063284916242e-17 -2.208646509021691307e-17
2.747170587407538028e-17 4.849680573286635770e-17 -2.205302401488528942e-17
2.720333704162743766e-17 4.802304423697920338e-17 -2.191011501714270766e-17
2.684644867737441708e-17 4.739301613811663801e-17 -2.167008830578401688e-17
2.642049482547884734e-17 4.664106431368715209e-17 -2.134806261154601848e-17
2.593477171215318513e-17 4.578359958284613819e-17 -2.095562583118668681e-17
2.538058355923545438e-17 4.480527105450094879e-17 -2.049421376385366760e-17
2.473306954219586323e-17 4.366219129168256307e-17 -1.995450297300339843e-17
2.396511222018082154e-17 4.230648824330850330e-17 -1.932423192690968034e-17
2.306618336753312648e-17 4.071957627909873207e-17 -1.860008816640191241e-17
2.205373004776612483e-17 3.893225526974389842e-17 -1.779531302271419377e-17
2.096889960143961036e-17 3.701716424294473454e-17 -1.693727526915470464e-17
1.985908000832741280e-17 3.505795909030327997e-17 -1.605644400793457294e-17
1.875823826005641527e-17 3.311460270548141059e-17 -1.517399846709840610e-17
1.767611650780752269e-17 3.120429378582009449e-17 -1.429538355388983384e-17
1.660026773644087169e-17 2.930505872112843455e-17 -1.341223508107534134e-17
1.550704824409685132e-17 2.737515848832105757e-17 -1.250980358033320972e-17
1.437415861739922707e-17 2.537522734924509267e-17 -1.157494605197654958e-17
1.318871236761661755e-17 2.328251591289258354e-17 -1.060096278876856625e-17
1.194906803882466696e-17 2.109412654460119667e-17 -9.588363982897422779e-18
1.066284483939849804e-17 1.882350949477778011e-17 -8.543291048889517077e-18
9.344594223478056160e-18 1.649635304007733346e-17 -7.475927224881055437e-18
8.014167477040047508e-18 1.414770210811022200e-17 -6.399588095854386043e-18
6.694266648371529077e-18 1.181763310388136119e-17 -5.329457039350685586e-18
5.406083431369601637e-18 9.543556221951248547e-18 -4.280122372736550554e-18
4.164380182412144822e-18 7.351532086833008562e-18 -3.262699745996276785e-18
2.974867958444570202e-18 5.251642610015885274e-18 -2.283363472206412919e-18
1.835982290500584076e-18 3.241126237478361092e-18 -1.344524123806283988e-18
7.444808389905880220e-19 1.314259021162588536e-18 -4.481404804331807890e-19
-2.989520336587370141e-19 -5.277511324887239553e-19 4.013414894952647145e-19
-1.288789469849812425e-18 -2.275147282360376625e-18 1.197397095201624535e-18
-2.219537251202656132e-18 -3.918230337819203742e-18 1.935559900216364149e-18
-3.092083255609710450e-18 -5.458567645166663776e-18 2.617995061571806592e-18
-3.915727517614208170e-18 -6.912576867977772874e-18 3.254490962785201045e-18
-4.704290025883395229e-18 -8.304654988209964375e-18 3.858960688092121640e-18
-5.469858844317880942e-18 -9.656141463358686253e-18 4.444158262880501386e-18
-6.218719829446022175e-18 -1.097813306869758777e-17 5.017940776873280737e-18
-6.950748749228352292e-18 -1.227041055883765524e-17 5.582116664448301038e-18
-7.660149799895428908e-18 -1.352274232580143895e-17 6.132549745763133900e-18
-8.335418052700130138e-18 -1.471481809803473235e-17 6.659168738869176685e-18
-8.959486730513017782e-18 -1.581650925740803664e-17 7.146614563559683336e-18
-9.513332224924325983e-18 -1.679423287641847774e-17 7.577587129124104685e-18
-9.983950973022711402e-18 -1.762503315794368191e-17 7.939101440526338489e-18
-1.037177162477483486e-17 -1.830966705275648710e-17 8.227967206629158377e-18
-1.069007718292992164e-17 -1.887158362829550446e-17 8.450387073009882117e-18
-1.095458166091050472e-17 -1.933852302323416494e-17 8.614634142782841568e-18
-1.117027050614307976e-17 -1.971928659907001271e-17 8.722021620651458881e-18
-1.132561900962120260e-17 -1.999352898748709801e-17 8.763286282868789005e-18
-1.139840923122713486e-17 -2.012202795146057489e-17 8.723148042319411511e-18
-1.136874316265683938e-17 -2.006965732717825294e-17 8.589691314201051747e-18
-1.123088762393455798e-17 -1.982629598839506359e-17 8.362556019110206660e-18
-1.099794786738849315e-17 -1.941507887110007596e-17 8.055734643944654550e-18
-1.069859600486430725e-17 -1.888662207489505306e-17 7.694526748611639282e-18
-1.036886595327932462e-17 -1.830453766062891074e-17 7.309023373471871003e-18
-1.004249189431519015e-17 -1.772837763352150576e-17 6.926930852860617778e-18
-9.741817781756438761e-18 -1.719758659654372472e-17 6.567337312473058635e-18
-9.470716122748328300e-18 -1.671900089697696872e-17 6.236317429016320919e-18
-9.212072284611228064e-18 -1.626240752546012136e-17 5.925827772774314589e-18
-8.932927054621257906e-18 -1.576962221792819426e-17 5.617645680766697004e-18
-8.597741167183630717e-18 -1.517790632590860473e-17 5.292371854821589885e-18
-8.185176022536721786e-18 -1.444959014742944036e-17 4.940230756574022544e-18
-7.700193666548677075e-18 -1.359343307848237063e-17 4.568277218578769313e-18
-7.174679883157732769e-18 -1.266572436584225760e-17 4.199813303367375343e-18
-6.655819833202360338e-18 -1.174976180978666200e-17 3.865966972416109505e-18
-6.188145163078936000e-18 -1.092415865775974902e-17 3.593715720146897183e-18
-5.798263759917580649e-18 -1.023588678699184748e-17 3.396305026419394343e-18
-5.489044526486647065e-18 -9.690010770991464471e-18 3.270281923381080473e-18
-5.244288596353603472e-18 -9.257934153220556295e-18 3.199493672570389154e-18
-5.039678416982281244e-18 -8.896728330910400325e-18 3.162970608782581655e-18
-4.853976153164790303e-18 -8.568901366872110147e-18 3.142608228942633444e-18
-4.676006181271758615e-18 -8.254724474697803437e-18 3.127755172463687383e-18
-4.506024368041208339e-18 -7.954649358455948619e-18 3.115927521805236482e-18
-4.352412239937874077e-18 -7.683472279920522746e-18 3.110439176147527040e-18
-4.224407879681022266e-18 -7.457501509671709559e-18 3.115466114972452649e-18
-4.118938400791399809e-18 -7.271312269521997600e-18 3.127093662301889118e-18
-3.997805899185116074e-18 -7.057472579239749754e-18 3.117522712812959263e-18
-3.755504471788860969e-18 -6.629729044650104198e-18 3.012493877210275069e-18
-3.190317572425347260e-18 -5.631984055118938526e-18 2.670842283237342928e-18
-2.005586822340208876e-18 -3.540535707278059425e-18 1.885077527336817470e-18
1.323281338000353471e-19 2.336036283495576815e-19 4.216863112449389368e-19
3.479636378236784228e-18 6.142729218449183419e-18 -1.898715640390833065e-18
8.085321343698193221e-18 1.427331338151786653e-17 -5.110058822113462327e-18
1.370961190380530141e-17 2.420207917380166005e-17 -9.043193831956769466e-18
1.983642909837700071e-17 3.501797337982079074e-17 -1.333437615626269249e-17
2.577799238677760852e-17 4.550683252563045668e-17 -1.749874244847531194e-17
3.082642864501759777e-17 5.441902234935452593e-17 -2.103699778838741588e-17
3.439414012925781440e-17 6.071723353678837174e-17 -2.353432549048913422e-17
3.610217254880816845e-17 6.373248541829486167e-17 -2.472282624632440487e-17
3.580572557210442545e-17 6.320915621820445554e-17 -2.449974714892592806e-17
3.356982970538207998e-17 5.926204463206778175e-17 -2.291054904851937134e-17
2.961820176683891586e-17 5.228608939250938083e-17 -2.011282406348543063e-17
2.427608336911558917e-17 4.285545319738783079e-17 -1.633561369664071054e-17
1.791946920592500160e-17 3.163389190260149502e-17 -1.184309141935481138e-17
1.093485975105782808e-17 1.930370660082220830e-17 -6.905826831389003955e-18
3.689054951816667391e-18 6.512422962320137874e-18 -1.779524630005640764e-18
-3.492495713628912240e-18 -6.165429834531205416e-18 3.309693944835893710e-18
-1.033972816850302123e-17 -1.825309895565574274e-17 8.174279805838724123e-18
-1.664482067391016687e-17 -2.938371030613166762e-17 1.266914429140672365e-17
-2.226228942205582201e-17 -3.930043357725634922e-17 1.669107546046898840e-17
-2.710354518559539324e-17 -4.784687882976423288e-17 2.017470460299706280e-17
-3.112833717775717076e-17 -5.495199053790134070e-17 2.308673478557570415e-17
-3.433559774507532937e-17 -6.061388343425740325e-17 2.542021774882987116e-17
-3.675462672480499884e-17 -6.488428401049439309e-17 2.718947407685877233e-17
-3.843561890594467569e-17 -6.785180347993009549e-17 2.842470325029234824e-17
-3.943837583068816806e-17 -6.962200864672518349e-17 2.916507727760117195e-17
-3.982023717285834680e-17 -7.029612045434696457e-17 2.945066573807446552e-17
-3.962672876134672241e-17 -6.995450994484496236e-17 2.931552769652544043e-17
-3.888863358004514547e-17 -6.865152276823955447e-17 2.878475582551253839e-17
-3.762644442189239442e-17 -6.642333594458978230e-17 2.787646504685206816e-17
-3.585928105043878016e-17 -6.330369971354045882e-17 2.660701839080205985e-17
-3.361323853787665377e-17 -5.933867814611644831e-17 2.499624566035115345e-17
-3.092543262336927351e-17 -5.459379495604414421e-17 2.307016237864060271e-17
-2.784367837143505933e-17 -4.915346088088003906e-17 2.086106818207673679e-17
-2.442466757297131199e-17 -4.311775724572864169e-17 1.840682427495441206e-17
-2.073350355192268505e-17 -3.660161181387582650e-17 1.575112938785691071e-17
-1.684476371517456928e-17 -2.973667698692912977e-17 1.294479683766017005e-17
-1.284240224785169563e-17 -2.267116178357521567e-17 1.004593651859612908e-17
-8.816006861501841341e-18 -1.556321872259449782e-17 7.117333129436868111e-18
-4.853092032063900977e-18 -8.567340677581738818e-18 4.220990430338377563e-18
-1.029278679569884354e-18 -1.817023488220634714e-18 1.411098013779689943e-18
2.599989182502973514e-18 4.589855876069061664e-18 -1.271977223447310539e-18
6.002987719068557985e-18 1.059729348553498954e-17 -3.804389898242449676e-18
9.169446862857172655e-18 1.618715960140031959e-17 -6.177440088982069978e-18
1.210359398698378188e-17 2.136691667969516673e-17 -8.392854512210735684e-18
1.481502597752225876e-17 2.615350657864195601e-17 -1.045641779507119446e-17
1.731018503123456405e-17 3.055830207254270972e-17 -1.237181883947315430e-17
1.958684025119768387e-17 3.457736459524361003e-17 -1.413651239489915209e-17
2.163296027315148227e-17 3.818945489076754949e-17 -1.574068524787684831e-17
2.342990091734604471e-17 4.136165990065134938e-17 -1.716936142215451256e-17
2.495846003977290275e-17 4.406008122001685660e-17 -1.840676136561689083e-17
2.620556123883676102e-17 4.626163450959970050e-17 -1.944134060279396027e-17
2.716926184528948597e-17 4.796289046353766105e-17 -2.026975937554068190e-17
2.786033615175526208e-17 4.918286943803294434e-17 -2.089836077056909508e-17
2.829996228198143872e-17 4.995895766896172198e-17 -2.134172740470766022e-17
2.851468054052006150e-17 5.033800762301185414e-17 -2.161910258608623233e-17
2.853093549636412784e-17 5.036670314504452542e-17 -2.175025892342908114e-17
2.837133860607770671e-17 5.008496059705709132e-17 -2.175239365729006145e-17
2.805336421121964397e-17 4.952362833126515728e-17 -2.163865836142547758e-17
2.758963520305268278e-17 4.870499057785141941e-17 -2.141785574580568695e-17
2.698852193019918293e-17 4.764382319125541474e-17 -2.109461440315542479e-17
2.625475923358858874e-17 4.634848539703936270e-17 -2.066994670644148856e-17
2.539096460890540912e-17 4.482359773374000981e-17 -2.014272163950835108e-17
2.440073076326886837e-17 4.307550132792578628e-17 -1.951234581331014999e-17
2.329227884865267188e-17 4.111871060391913546e-17 -1.878174323154075040e-17
2.208024095210248033e-17 3.897905581918076611e-17 -1.795883138870428598e-17
2.078379351930674011e-17 3.669038977226828926e-17 -1.705532158288463229e-17
1.942185733184038957e-17 3.428611394609128009e-17 -1.608344006264456382e-17
1.800821989543084373e-17 3.179056815172993289e-17 -1.505262074522275216e-17
1.654947154190832542e-17 2.921538671519398940e-17 -1.396816810511327775e-17
1.504673506818506454e-17 2.656255094821759397e-17 -1.283248260867046477e-17
1.349991736369018661e-17 2.383189713566970076e-17 -1.164790865375840663e-17
1.191212376681671060e-17 2.102890718630401533e-17 -1.041954952211194721e-17
1.029229161073851030e-17 1.816935824442029644e-17 -9.156677884307482267e-18
8.655276949104420939e-18 1.527947640740496079e-17 -7.872307161196517364e-18
7.019627157694054452e-18 1.239200403523706654e-17 -6.581336676266268925e-18
5.403839690785877103e-18 9.539595517281752605e-18 -5.297967064859329127e-18
3.822257337097007556e-18 6.747570471105592724e-18 -4.033121541190828263e-18
2.282058443096803017e-18 4.028601120449783963e-18 -2.792743726332872067e-18
7.827967222985754189e-19 1.381899736013125473e-18 -1.577812881344637302e-18
-6.808544565158260498e-19 -1.201937189912652291e-18 -3.863852547774136705e-19
-2.113995789145046731e-18 -3.731913970479856817e-18 7.829800874684952608e-19
-3.516235037032474763e-18 -6.207338122719149829e-18 1.927896768001858253e-18
-4.878706254474228504e-18 -8.612558349895518598e-18 3.040501450031788575e-18
-6.184710402089961938e-18 -1.091809516677767214e-17 4.108171488315884805e-18
-7.413518632209577223e-18 -1.308735523697714759e-17 5.116134722039644560e-18
-8.545479652766674956e-18 -1.508564736125948887e-17 6.050797253663778569e-18
-9.566317919275395342e-18 -1.688777043246319908e-17 6.902466329690809505e-18
-1.046927929438455620e-17 -1.848180116565882492e-17 7.666579236765773843e-18
-1.125489390847644555e-17 -1.986867527859642950e-17 8.343389595531431136e-18
-1.192901126917431176e-17 -2.105871929178137124e-17 8.936640553969167093e-18
-1.250012782519607670e-17 -2.206693222963192197e-17 9.451839470813641817e-18
-1.297688751590786838e-17 -2.290857350442695316e-17 9.894624695853525357e-18
-1.336629322363124429e-17 -2.359600568009128654e-17 1.026956984043720528e-17
-1.367295966469756021e-17 -2.413737512423693416e-17 1.057965350295698771e-17
-1.389961363785729961e-17 -2.453749559550227346e-17 1.082651768572258455e-17
-1.404860347459498871e-17 -2.480051293406212571e-17 1.101139601693534626e-17
-1.412343081822069099e-17 -2.493260835466058019e-17 1.113613059515933896e-17
-1.412904591598636749e-17 -2.494252086316746159e-17 1.120344319492040126e-17
-1.407052823124472995e-17 -2.483921746940136069e-17 1.121612820257273063e-17
-1.395121326510972491e-17 -2.462858643772625366e-17 1.117585789730091939e-17
-1.377191064334512164e-17 -2.431205701751087518e-17 1.108276630477801514e-17
-1.353197645836895813e-17 -2.388849236430097778e-17 1.093630122133075850e-17
-1.323149761152254009e-17 -2.335804612667077357e-17 1.073677162805295635e-17
-1.287310450883986881e-17 -2.272536169332094084e-17 1.048660880582369350e-17
-1.246245422801140142e-17 -2.200042571098341090e-17 1.019068950258229509e-17
-1.200747842639920739e-17 -2.119724030996537953e-17 9.855722442714754222e-18
-1.151711192312431732e-17 -2.033157834865525367e-17 9.489230613192737697e-18
-1.100014651839924398e-17 -1.941896047029387999e-17 9.098674508260390664e-18
-1.046447208776055832e-17 -1.847331480654308168e-17 8.690898449173196213e-18
-9.916696488158555270e-18 -1.750630660159139144e-17 8.271798206674906141e-18
-9.362069997633535595e-18 -1.652720421102359602e-17 7.846115744866154670e-18
-8.804653823404292705e-18 -1.554317711871232141e-17 7.417351236718002696e-18
-8.247634109303397115e-18 -1.455984990562164772e-17 6.987782183240594104e-18
-7.693636997940831982e-18 -1.358185839551350684e-17 6.558562514634475001e-18
-7.144923079865318774e-18 -1.261319361910059642e-17 6.129887448265301559e-18
-6.603383495932340636e-18 -1.165719399770651607e-17 5.701233158815207902e-18
-6.070312612731014445e-18 -1.071614449454461563e-17 5.271612263318694117e-18
-5.546024894717969274e-18 -9.790600340852584673e-18 4.839718112447437619e-18
-5.029505207360023724e-18 -8.878769364594681431e-18 4.403983385464461056e-18
-4.518355407988411801e-18 -7.976418008827019819e-18 3.962792602645901536e-18
-4.009250051326826950e-18 -7.077675740171823486e-18 3.514952250419593868e-18
-3.498883349069364115e-18 -6.176706767677543788e-18 3.060230889434805110e-18
-2.985086427362007603e-18 -5.269682273128193382e-18 2.599755897431851867e-18
-2.467661143435284039e-18 -4.356252441109359206e-18 2.136123939167904159e-18
-1.948623386430467142e-18 -3.439976014078440772e-18 1.673137767813357696e-18
-1.431871706657026514e-18 -2.527735288165356537e-18 1.215248311788839487e-18
-9.225412086478491313e-19 -1.628595560893707688e-18 7.669497665574186966e-19
-4.262977235713261292e-19 -7.525589523945519527e-19 3.323532474898243868e-19
5.136154003387208526e-20 9.067026542318779666e-20 -8.502676103163307935e-20
5.058397388692755541e-19 8.929772389483794998e-19 -4.824022949224587506e-19
9.340979602963018035e-19 1.648997233965783533e-18 -8.578065273495541093e-19
1.334917129985328631e-18 2.356578036217026125e-18 -1.210016394817300102e-18
1.708458175863076079e-18 3.016003746413022186e-18 -1.538170902577216764e-18
2.055189810626405388e-18 3.628101794627360831e-18 -1.841137202581045291e-18
2.374718018634956714e-18 4.192176426927067702e-18 -2.116906734943883247e-18
2.665174056082797892e-18 4.704928825777294198e-18 -2.362402116464734320e-18
2.923501787742664630e-18 5.160964305959538360e-18 -2.573905608048158746e-18
3.146473255485409916e-18 5.554584291486834487e-18 -2.747971639106982439e-18
3.331910324193362271e-18 5.881943232566540257e-18 -2.882429964857234443e-18
3.479603236986112255e-18 6.142670891499165107e-18 -2.977091950921833247e-18
3.591676760122646292e-18 6.340518272078908099e-18 -3.033966955452022548e-18
3.672417886182496357e-18 6.483053373336504239e-18 -3.056989330278216856e-18
3.727686139773435593e-18 6.580620428791543178e-18 -3.051427297813631744e-18
3.764030706128792065e-18 6.644780912053357713e-18 -3.023195671178700436e-18
3.787694548475039504e-18 6.686555651405647211e-18 -2.978146497116736882e-18
3.803764930220576657e-18 6.714925272267215281e-18 -2.921483301995020874e-18
3.815773784573643643e-18 6.736124731194388575e-18 -2.857544975023567884e-18
3.825947563983396871e-18 6.754084752376986853e-18 -2.790040072017446173e-18
3.835985748203071027e-18 6.771805683979443847e-18 -2.722623173194922883e-18
3.847902228290301574e-18 6.792842432928315477e-18 -2.659402721899171881e-18
3.864328525336469955e-18 6.821840373061788312e-18 -2.604896450859953780e-18
3.887970159481636891e-18 6.863575746715751833e-18 -2.563333293146689059e-18
3.920510413128341730e-18 6.921020254845563599e-18 -2.537611106328763661e-18
3.961683546388531660e-18 6.993704793232043177e-18 -2.528460421074655264e-18
4.009146795935150580e-18 7.077493406765254134e-18 -2.534301781220299286e-18
4.059238484241354428e-18 7.165922046143222828e-18 -2.551890542994786997e-18
4.108176415453354988e-18 7.252313985215856491e-18 -2.577387345021977562e-18
4.153123624117972713e-18 7.331660946457064293e-18 -2.607358627571403886e-18
4.192814000621661534e-18 7.401727718004055522e-18 -2.639485392585709183e-18
4.227744242734199535e-18 7.463391298761558623e-18 -2.672966127798677929e-18
4.259922664891628903e-18 7.520197118312394998e-18 -2.708482942148769278e-18
4.291842610537420084e-18 7.576546571412125829e-18 -2.747456176827266167e-18
4.324154787358410036e-18 7.633588439186601298e-18 -2.790285641654663680e-18
4.351787363645961994e-18 7.682369274434938839e-18 -2.833449344617248964e-18
4.358954558128773051e-18 7.695021752118044589e-18 -2.865834720156906794e-18
4.314347654660554787e-18 7.616275558396743233e-18 -2.865277711243419880e-18
4.168553037655563619e-18 7.358899033206282344e-18 -2.796711818370987534e-18
3.856006701099945677e-18 6.807149550870273517e-18 -2.613473150470711849e-18
3.303091944008487808e-18 5.831068866870742248e-18 -2.262922149081016722e-18
2.442130398069050310e-18 4.311181954187105682e-18 -1.696296685675893931e-18
1.228558982791872705e-18 2.168820026793434377e-18 -8.808860032832806548e-19
-3.432860227848145312e-19 -6.060154298333373921e-19 1.887331855563941887e-19
-2.230548922004620255e-18 -3.937669518537873543e-18 1.483711761795852805e-18
-4.341417099104161080e-18 -7.664061920160551795e-18 2.940327409538815638e-18
-6.543998064355302128e-18 -1.155235815814647932e-17 4.466013285965570789e-18
-8.682011804909035156e-18 -1.532667190618886922e-17 5.950377290538402769e-18
-1.059345960350329359e-17 -1.870102092685016072e-17 7.278473680692819737e-18
-1.212856513678624734e-17 -2.141099868853121386e-17 8.343650925280976869e-18
-1.316439978302744478e-17 -2.323959516468248712e-17 9.058133333670980957e-18
-1.361496437409357323e-17 -2.403499320770402638e-17 9.360342113695495186e-18
-1.343646831588183849e-17 -2.371988722210964406e-17 9.218657259699979850e-18
-1.262801775968191902e-17 -2.229270035104510427e-17 8.631844601184622604e-18
-1.122820017481461657e-17 -1.982155305086749757e-17 7.626538534326865423e-18
-9.308299815152949424e-18 -1.643228388195962130e-17 6.252356062219553325e-18
-6.963241113745018904e-18 -1.229246445003117855e-17 4.575493338886111074e-18
-4.301700820768577009e-18 -7.593947170386328332e-18 2.671776194731611448e-18
-1.436791924265523376e-18 -2.536418252884031355e-18 6.201796917010879747e-19
1.521610458374663617e-18 2.686155104305719963e-18 -1.502407447504841409e-18
4.472323019188289655e-18 7.895154109103287609e-18 -3.624881191393402682e-18
7.326153359250279363e-18 1.293312452885241248e-17 -5.684210306357066783e-18
1.000751585948586764e-17 1.766663093327900738e-17 -7.626625763475986108e-18
1.245482219312621146e-17 2.198695095237801043e-17 -9.407929738082215647e-18
1.462011685447761230e-17 2.580942585452886330e-17 -1.099325436133382338e-17
1.646839184276767579e-17 2.907225304915008537e-17 -1.235666071920021882e-17
1.797685285823168827e-17 3.173519461632880412e-17 -1.348068914233159259e-17
1.913423861699584522e-17 3.377837111816535700e-17 -1.435588603273807569e-17
1.994000532077155097e-17 3.520082085208171363e-17 -1.498026432259394918e-17
2.040302136037060238e-17 3.601819857963859898e-17 -1.535846828454105673e-17
2.053961128893478078e-17 3.625932421382589439e-17 -1.550049340806826493e-17
2.037123258617557995e-17 3.596207873285850073e-17 -1.542011846764124106e-17
1.992236381536802059e-17 3.516967536238650666e-17 -1.513345601801468371e-17
1.921907493478427534e-17 3.392813510123497642e-17 -1.465800818202308344e-17
1.828834992500280445e-17 3.228509148340485449e-17 -1.401226308130947904e-17
1.715784457326891433e-17 3.028936840513342947e-17 -1.321555897053900263e-17
1.585569504681900455e-17 2.799063667820718007e-17 -1.228790846217445125e-17
1.441015837986190141e-17 2.543877843506090816e-17 -1.124966859446141907e-17
1.284909229093194780e-17 2.268297225955760323e-17 -1.012116656739755624e-17
1.119942835999985352e-17 1.977075989576652733e-17 -8.922310198441393891e-18
9.486777510057986227e-18 1.674735395857539014e-17 -7.672177626803134420e-18
7.735202615665629942e-18 1.365523488778056054e-17 -6.388717751711458335e-18
5.967107964474644797e-18 1.053395324573367041e-17 -5.088576868710451628e-18
4.203202060003485149e-18 7.420066350897979322e-18 -3.786975826045178848e-18
2.462524628216191601e-18 4.347184953729327273e-18 -2.497645414751156785e-18
7.625286196501557243e-19 1.346120167062616308e-18 -1.232816951892189449e-18
-8.808266346467339406e-19 -1.554954528753432910e-18 -3.265186201931725808e-21
-2.453086610472712981e-18 -4.330522913541651878e-18 1.181610199550879419e-18
-3.941540909209765953e-18 -6.958146161782081834e-18 2.313738534760594134e-18
-5.335715208154807717e-18 -9.419332657438592209e-18 3.386479124880588135e-18
-6.627994443815158584e-18 -1.170063955257946746e-17 4.394862067165056984e-18
-7.814133006269832536e-18 -1.379457342779849376e-17 5.335768493849057886e-18
-8.893380972586125996e-18 -1.569980988277253772e-17 6.207893137225999345e-18
-9.868065592316106723e-18 -1.742045620974329329e-17 7.011464966215199944e-18
-1.074268602355489951e-17 -1.896445558034444208e-17 7.747765271104280354e-18
-1.152278175784508698e-17 -2.034158709752801834e-17 8.418548536933126109e-18
-1.221387092008624681e-17 -2.156159211304604665e-17 9.025536348760223716e-18
-1.282064291611184723e-17 -2.263274904171109172e-17 9.570112552935129465e-18
-1.334646281254551624e-17 -2.356099810845239759e-17 1.005318486741609006e-17
-1.379317558736675541e-17 -2.434959631247708048e-17 1.047510694704797855e-17
-1.416119265514291959e-17 -2.499926990377191638e-17 1.083565761305347595e-17
-1.444984509961613131e-17 -2.550883846925494267e-17 1.113415284089102200e-17
-1.465794381900693373e-17 -2.587620307831250038e-17 1.136968523225106445e-17
-1.478439200243452080e-17 -2.609942699058692868e-17 1.154139106412026359e-17
-1.482865666180569384e-17 -2.617756904662508124e-17 1.164862096700449704e-17
