8.112290405576647838e-35 -4.595321728812054419e-35 2.008678815373387053e-42
3.339654258894243349e-27 -1.891794508423449055e-27 8.269295997495619302e-35
5.615929000287935066e-24 -3.181222676323763869e-24 1.390556526053940498e-31
6.901900717475891767e-22 -3.909679606525719028e-22 1.708975141268118241e-29
1.527475313937640307e-20 -8.652600598713904192e-21 3.782171688626422024e-28
9.973088713654406268e-20 -5.649397544785791090e-20 2.469430034551402674e-27
2.716261764738049221e-19 -1.538664992274334144e-19 6.725718235300196100e-27
3.806956060024245097e-19 -2.156504227490009434e-19 9.426379406341373371e-27
3.192107608532117013e-19 -1.808214602490041099e-19 7.903957034357096352e-27
1.715518061550745900e-19 -9.717795535628215560e-20 4.247783138491181642e-27
3.597105403087985122e-20 -2.037631921289908705e-20 8.906770514178085963e-28
-5.436723763514087906e-20 3.079708946322519459e-20 -1.346183540533670370e-27
-1.211877245748788968e-19 6.864850457622657813e-20 -3.000721346750959986e-27
-1.913063779522538595e-19 1.083682102808345559e-19 -4.736924811122252529e-27
-2.638043040228044237e-19 1.494356895096146416e-19 -6.532041340652193021e-27
-3.314769561075095440e-19 1.877698238172485111e-19 -8.207679490656949630e-27
-3.867837822968496280e-19 2.190991615633040939e-19 -9.577128162280326780e-27
-4.311371675971032146e-19 2.442237694899681486e-19 -1.067535949748672678e-26
-4.669484322109969733e-19 2.645095702547411964e-19 -1.156208014677231060e-26
-4.942880706853286938e-19 2.799964980924241460e-19 -1.223903549140653378e-26
-5.132354420540237350e-19 2.907295070237306966e-19 -1.270819021339508604e-26
-5.221207632608500194e-19 2.957627155315999419e-19 -1.292819876485399941e-26
-5.216076072764530946e-19 2.954720154654822998e-19 -1.291549204524357353e-26
-5.119225915514521135e-19 2.899857975604319412e-19 -1.267568185952734071e-26
-4.937110457489782824e-19 2.796696281475539926e-19 -1.222474761030938577e-26
-4.677500348477495233e-19 2.649636687180236064e-19 -1.158192958360970768e-26
-4.343840767101571399e-19 2.460630556723180194e-19 -1.075575778498936428e-26
-3.947104575347803510e-19 2.235893661103607839e-19 -9.773401938098665987e-27
-3.494486902783035052e-19 1.979501805456669345e-19 -8.652677325594849980e-27
-2.997319486475051948e-19 1.697874038584849544e-19 -7.421642653318171895e-27
-2.465633259996247158e-19 1.396692858269753193e-19 -6.105136892630435456e-27
-1.908837050440181844e-19 1.081287983865335110e-19 -4.726457790937373505e-27
-1.337420679781258323e-19 7.576009495947458655e-20 -3.311577928959481227e-27
-7.593263275443386014e-20 4.301309468588263012e-20 -1.880161913178523308e-27
-1.834554083133613042e-20 1.039208685293950349e-20 -4.542513028541458046e-28
3.834721838758150110e-20 -2.172229536134057241e-20 9.495146860749296802e-28
9.351750234185683399e-20 -5.297426859236009976e-20 2.315582617199856779e-27
1.466288801407294650e-19 -8.305997259584669905e-20 3.630668443944700655e-27
1.972824176344383260e-19 -1.117534335541993728e-19 4.884895745596067021e-27
2.451035327895271620e-19 -1.388424280295793969e-19 6.068991303482088992e-27
2.898597919320364242e-19 -1.641952363519461691e-19 7.177198077558877304e-27
3.313481680531658163e-19 -1.876968560130119125e-19 8.204488523766818589e-27
3.694476048467136225e-19 -2.092787702008435140e-19 9.147865870622191693e-27
4.040865027631326302e-19 -2.289004620184837395e-19 1.000555749693610268e-26
4.352261561857530887e-19 -2.465400052619889792e-19 1.077660587381267955e-26
4.629537736388913015e-19 -2.622467598968439869e-19 1.146316920123310837e-26
4.880461768339230269e-19 -2.764607318690252287e-19 1.208448080807035060e-26
5.138078073877062575e-19 -2.910537763262698835e-19 1.272236299398262161e-26
5.457641058899831450e-19 -3.091558771232087546e-19 1.351363106178069246e-26
5.845574598922620999e-19 -3.311309244535175001e-19 1.447419031024461265e-26
6.212137416879859814e-19 -3.518953636959168133e-19 1.538183359857850052e-26
6.450351474641464696e-19 -3.653893122844846501e-19 1.597167380483391093e-26
6.528351137049132379e-19 -3.698077278582993164e-19 1.616480810466165494e-26
6.485426253129405502e-19 -3.673761986715821572e-19 1.605852139185124288e-26
6.375399905011362312e-19 -3.611436007975236177e-19 1.578608590587244615e-26
6.227624020442667381e-19 -3.527726246236858466e-19 1.542018044320434101e-26
6.048603786359601973e-19 -3.426317741904736951e-19 1.497691153519659097e-26
5.840006325924556424e-19 -3.308154786384845106e-19 1.446040576927018679e-26
5.609967676344656196e-19 -3.177846082104955432e-19 1.389080745264365780e-26
5.370073312308577836e-19 -3.041954391782287758e-19 1.329680448645817777e-26
5.125470134140552055e-19 -2.903395466410135075e-19 1.269114367815387446e-26
4.870056460303655899e-19 -2.758712871051356813e-19 1.205871582663152611e-26
4.588249000836643356e-19 -2.599078880280201480e-19 1.136093318346646050e-26
4.270973531713987443e-19 -2.419353436717206942e-19 1.057532768003495371e-26
3.933713593442441092e-19 -2.228307877405204859e-19 9.740239838505393937e-27
3.606118864935529847e-19 -2.042737123654276095e-19 8.929085589720435339e-27
3.305354922951365056e-19 -1.872364432169622546e-19 8.184367131633557056e-27
3.027486240356807468e-19 -1.714961359088519354e-19 7.496338457394676939e-27
2.758503201828087537e-19 -1.562592692730796625e-19 6.830311311836673753e-27
2.486140193354927211e-19 -1.408309790473742115e-19 6.155915940159205820e-27
2.202736503038873083e-19 -1.247771919512570433e-19 5.454182749557940777e-27
1.904870056897742405e-19 -1.079040622993042550e-19 4.716637807262272404e-27
1.595645633037674756e-19 -9.038756975093357238e-20 3.950969092749662130e-27
1.283089351229278678e-19 -7.268239746781949514e-20 3.177051140268164914e-27
9.729971443157642923e-20 -5.511682267628042473e-20 2.409235721193473446e-27
6.667146894935164960e-20 -3.776703856060372845e-20 1.650850957428853014e-27
3.645660149530769611e-20 -2.065136907469998976e-20 9.026996632072816112e-28
6.589431187805192793e-21 -3.732639505133987194e-21 1.631598877887876304e-28
-2.328012041764891053e-20 1.318741813390888460e-20 -5.764377200593231407e-28
-5.299548733207123944e-20 3.002010135510763595e-20 -1.312218104388134748e-27
-7.919282782778527052e-20 4.485990085609697060e-20 -1.960888780644601087e-27
-9.186143508044192637e-20 5.203617741464577142e-20 -2.274575760915711148e-27
-7.735053462403301970e-20 4.381628657071252037e-20 -1.915273028601599280e-27
-3.183508045980583491e-20 1.803344776224633503e-20 -7.882677547636599335e-28
2.989150672010679847e-20 -1.693243152206545404e-20 7.401407012121014511e-28
8.528374007790247806e-20 -4.831017401894745498e-20 2.111704276169105299e-27
1.229725773583809060e-19 -6.965958470301730763e-20 3.044915398302627135e-27
1.475740146640567358e-19 -8.359542838478554114e-20 3.654070942035843685e-27
1.671859661068968394e-19 -9.470489016384242830e-20 4.139681934018545750e-27
1.821255997275726877e-19 -1.031676454617507793e-19 4.509601104515115464e-27
1.869206397533461149e-19 -1.058838496533708213e-19 4.628329607153707151e-27
1.769005014566828624e-19 -1.002077891821202605e-19 4.380220676029592181e-27
1.503607847076821109e-19 -8.517400558849720213e-20 3.723073127004761325e-27
1.072514831772817728e-19 -6.075414937169195553e-20 2.655647301290809362e-27
4.772623544276330732e-20 -2.703522921633633774e-20 1.181746714241123354e-27
-2.829096371913522143e-20 1.602579756201398475e-20 -7.005104427925198587e-28
-1.202210061800035200e-19 6.810088229768047319e-20 -2.976784801015479012e-27
-2.236562748365287505e-19 1.266932610701546234e-19 -5.537939106567246711e-27
-3.279838456826433011e-19 1.857910951586274681e-19 -8.121187505486643782e-27
-4.201830631573663269e-19 2.380186538210999179e-19 -1.040412637150020254e-26
-4.918922137959266993e-19 2.786393236857426886e-19 -1.217971196032319041e-26
-5.426079538294454687e-19 3.073679753400376775e-19 -1.343548104181004574e-26
-5.785936125905425168e-19 3.277525590865791703e-19 -1.432651949127967043e-26
-6.101695414333153236e-19 3.456391925515433155e-19 -1.510836917516558326e-26
-6.486932477739665340e-19 3.674614961246150575e-19 -1.606225221573678631e-26
-7.041404152169557543e-19 3.988703319887832916e-19 -1.743517578243091158e-26
-7.819553635991534765e-19 4.429497154650333658e-19 -1.936194675462399438e-26
-8.787264391716173371e-19 4.977670722505199870e-19 -2.175808915158580659e-26
-9.816356675045627994e-19 5.560614739279304050e-19 -2.430621771644805133e-26
-1.075038222996574064e-18 6.089706761340700789e-19 -2.661895217320135797e-26
-1.148631425957305344e-18 6.506585830380190317e-19 -2.844118871176226167e-26
-1.199427215877506591e-18 6.794325700193990507e-19 -2.969893991878926625e-26
-1.227637025463493790e-18 6.954124111485389053e-19 -3.039744117617179612e-26
-1.233565205905433469e-18 6.987705153673941234e-19 -3.054422843879119548e-26
-1.219228714713513169e-18 6.906494186684577289e-19 -3.018924355827839869e-26
-1.190234793568848091e-18 6.742254142781999851e-19 -2.947132724426834123e-26
-1.153524740925626040e-18 6.534304865954756477e-19 -2.856235208091118584e-26
-1.113165688975145888e-18 6.305685294468088421e-19 -2.756302422020706671e-26
-1.068676622243185737e-18 6.053670624500256510e-19 -2.646143310197119231e-26
-1.017204608814426510e-18 5.762099975558597912e-19 -2.518693730698035108e-26
-9.572308348823755760e-19 5.422369870232740607e-19 -2.370193013904875446e-26
-8.904032628227025641e-19 5.043815559506706287e-19 -2.204721725333238778e-26
-8.201523650047574679e-19 4.645869512762472262e-19 -2.030773988279653987e-26
-7.491900233114713559e-19 4.243893380253965839e-19 -1.855064608633302326e-26
-6.787628305926327653e-19 3.844948546072007982e-19 -1.680680274365234858e-26
-6.097508997839630787e-19 3.454020731353956281e-19 -1.509800332375714228e-26
-5.435321617318151194e-19 3.078915341081116786e-19 -1.345836622650992756e-26
-4.811958665473185963e-19 2.725802511682255400e-19 -1.191486071409933676e-26
-4.214195413214041018e-19 2.387190974836710562e-19 -1.043474172272186528e-26
-3.589797907660551252e-19 2.033491991350985185e-19 -8.888674743640362878e-27
-2.863865625014211300e-19 1.622277297046144743e-19 -7.091199436365116460e-27
-1.987047269986933925e-19 1.125591175536455670e-19 -4.920115869488796114e-27
-9.781195420941908508e-20 5.540697236684395586e-20 -2.421915988169059898e-27
8.126989105492268279e-21 -4.603642811789953825e-21 2.012320253686023318e-28
1.095786337124094464e-19 -6.207235476636729689e-20 2.713269796098304009e-27
2.002505264546476237e-19 -1.134347299998303992e-19 4.958390430544617323e-27
2.782844025262985672e-19 -1.576381351597552514e-19 6.890582173597955551e-27
3.452873475650562537e-19 -1.955929251143379541e-19 8.549637937296719938e-27
4.050814961516498724e-19 -2.294641725481311012e-19 1.003019688713822797e-26
4.619442593830877316e-19 -2.616748774045634595e-19 1.143817217730247945e-26
5.184097332573204642e-19 -2.936605470489949163e-19 1.283631078163345044e-26
5.741692276027259714e-19 -3.252463182391352946e-19 1.421696847334296705e-26
6.267019147968247776e-19 -3.550042108991716262e-19 1.551772653443676224e-26
6.728005361277381311e-19 -3.811174234874514608e-19 1.665917044398570464e-26
7.101394031123388298e-19 -4.022685575383460021e-19 1.758371480836744557e-26
7.381967932201442053e-19 -4.181620698022287696e-19 1.827844205546220114e-26
7.577541489393157392e-19 -4.292406009871148275e-19 1.876270131060032806e-26
7.691979833839997610e-19 -4.357231117391629578e-19 1.904606219139774482e-26
7.718349863123599981e-19 -4.372168788712978347e-19 1.911135742086796249e-26
7.658095153191853410e-19 -4.338036729390518046e-19 1.896216112793464573e-26
7.539882078967061777e-19 -4.271073294891945679e-19 1.866945365957546922e-26
7.404882236949755964e-19 -4.194600680611569082e-19 1.833518090828317515e-26
7.273496034608245691e-19 -4.120175014734058676e-19 1.800985653200416148e-26
7.131947716210827889e-19 -4.039992867528064628e-19 1.765936975831932635e-26
6.950837505654844256e-19 -3.937400442343621671e-19 1.721092434645720045e-26
6.715502684193496593e-19 -3.804091768009628047e-19 1.662821353460963807e-26
6.441275075532275764e-19 -3.648751689451964456e-19 1.594919994361935319e-26
6.163859316749620778e-19 -3.491605623738832527e-19 1.526229264062129348e-26
5.916327358498861790e-19 -3.351387677552535610e-19 1.464938089453296392e-26
5.712474234790306158e-19 -3.235912362020641842e-19 1.414462183168804404e-26
5.546336562730952770e-19 -3.141801520242050603e-19 1.373324940506222684e-26
5.402810486066613043e-19 -3.060499101256196998e-19 1.337786486165131688e-26
5.268204877224407819e-19 -2.984249572786215853e-19 1.304456785584161278e-26
5.133508300412956267e-19 -2.907948598606769749e-19 1.271104616246782233e-26
4.992833890409227733e-19 -2.828261614801302169e-19 1.236272346728797187e-26
4.844045285116842552e-19 -2.743978268905670033e-19 1.199430952839588952e-26
4.692025606166011141e-19 -2.657864580568832259e-19 1.161789502853063592e-26
4.548020032260372974e-19 -2.576290646548365375e-19 1.126132357998508894e-26
4.421990313360375361e-19 -2.504899403143838524e-19 1.094926171584691187e-26
4.313963525376499788e-19 -2.443706030492196869e-19 1.068177706355671182e-26
4.212849010620363967e-19 -2.386428120847688984e-19 1.043140827762713319e-26
4.103805175027126042e-19 -2.324658618910658371e-19 1.016140567759784271e-26
3.976966945569602330e-19 -2.252809318215043558e-19 9.847341751095168967e-27
3.830969020546595821e-19 -2.170106768112419323e-19 9.485836829907364222e-27
3.671229010013734233e-19 -2.079619847583701916e-19 9.090306421071127878e-27
3.506549529622933961e-19 -1.986334926195849876e-19 8.682545717673691898e-27
3.346522758136748789e-19 -1.895685619198127848e-19 8.286304665125456719e-27
3.199776488832380937e-19 -1.812559086924346761e-19 7.922946839465654571e-27
3.071900422624458943e-19 -1.740121675586975819e-19 7.606313464920939278e-27
2.963460489807803561e-19 -1.678694189661944492e-19 7.337805600009520119e-27
2.871587428225074666e-19 -1.626651424543224157e-19 7.110318741559231923e-27
2.796368012796327029e-19 -1.584042471920544767e-19 6.924068285449541377e-27
2.744154705111829769e-19 -1.554465605229186339e-19 6.794783417136812877e-27
2.719771613667327319e-19 -1.540653443037190695e-19 6.734408388912064510e-27
2.714648807701926336e-19 -1.537751607313574309e-19 6.721724111397889334e-27
2.705257345018859499e-19 -1.532431703444587737e-19 6.698470828629553152e-27
2.664070282806839491e-19 -1.509100543894029187e-19 6.596488000576993401e-27
2.572075107071024322e-19 -1.456988343230155337e-19 6.368698904416746163e-27
2.422631136225913845e-19 -1.372333595182622902e-19 5.998661832136740205e-27
2.216521785474736219e-19 -1.255580039178292944e-19 5.488315681563646584e-27
1.955520269302142091e-19 -1.107732013472018786e-19 4.842050031553237076e-27
1.640826752045492450e-19 -9.294694898535139595e-20 4.062839647108692429e-27
1.276182954947218533e-19 -7.229118832879286959e-20 3.159948360146256771e-27
8.702119783475735819e-20 -4.929439780404819169e-20 2.154726341481456549e-27
4.333552813115390946e-20 -2.454804152157610596e-20 1.073029492668542068e-27
-2.918823594346927692e-21 1.653396907655752859e-21 -7.227120973267409661e-29
-5.207028182657181644e-20 2.949593596186122132e-20 -1.289308456682811120e-27
-1.046078008759388946e-19 5.925656485676476117e-20 -2.590187725262229977e-27
-1.599685706066626033e-19 9.061645180796465894e-20 -3.960972581034871671e-27
-2.159231854325457781e-19 1.223127335029516904e-19 -5.346461224203847609e-27
-2.690263747368423791e-19 1.523938017812676523e-19 -6.661346157657942116e-27
-3.158516961638848648e-19 1.789186482262831434e-19 -7.820784109176847381e-27
-3.544609927410712806e-19 2.007894191670226670e-19 -8.776785456173623716e-27
-3.853076657799105782e-19 2.182629742818337489e-19 -9.540578724191210686e-27
-4.109348783543504734e-19 2.327799056931753872e-19 -1.017513404693074250e-26
-4.346621596312477571e-19 2.462205871224689764e-19 -1.076264236038229797e-26
-4.591070816861246473e-19 2.600677812340281672e-19 -1.136791922931766627e-26
-4.853159755745245581e-19 2.749142231191316600e-19 -1.201687807073744794e-26
-5.127481575265967042e-19 2.904535796984239765e-19 -1.269612821424246957e-26
-5.398247829417956964e-19 3.057914781410863371e-19 -1.336657215168283021e-26
-5.645613894945290647e-19 3.198038155981770493e-19 -1.397907234992650691e-26
-5.849983489052590337e-19 3.313805777871043504e-19 -1.448510819036936375e-26
-5.994799129712170205e-19 3.395838586715756247e-19 -1.484368340619874267e-26
-6.070948374849884994e-19 3.438974257130738778e-19 -1.503223400327235346e-26
-6.084212000596015484e-19 3.446487789786046861e-19 -1.506507479726117494e-26
-6.059855230904286636e-19 3.432691113370459173e-19 -1.500476625040163448e-26
-6.035225185196644399e-19 3.418739525382409991e-19 -1.494378163281728679e-26
-6.040521998156523150e-19 3.421739990523520240e-19 -1.495689716910306973e-26
-6.080945208390201309e-19 3.444637806731523849e-19 -1.505698685023303221e-26
-6.134306213201692975e-19 3.474864510147340743e-19 -1.518911034502093532e-26
-6.165218241931995859e-19 3.492375545850117699e-19 -1.526565135036765116e-26
-6.144044062866609405e-19 3.480382172591683212e-19 -1.521322722581334708e-26
-6.058026586521498153e-19 3.431656993119157196e-19 -1.500024591353573917e-26
-5.911238198925449707e-19 3.348506693506667008e-19 -1.463678843950241511e-26
-5.717905682312995183e-19 3.238989762423513149e-19 -1.415807864761322295e-26
-5.495095807566567478e-19 3.112774644424541128e-19 -1.360637694274483345e-26
-5.257968233492269890e-19 2.978450088321691275e-19 -1.301922249851188651e-26
-5.016778645433343051e-19 2.841825032585807511e-19 -1.242200954205575396e-26
-4.773323722488981887e-19 2.703916991211801490e-19 -1.181919223454044287e-26
-4.517971920103742418e-19 2.559269997068090246e-19 -1.118692224358055751e-26
-4.232093730758103613e-19 2.397330378278150344e-19 -1.047906409384881857e-26
-3.897963930678289753e-19 2.208057019836106143e-19 -9.651724458838665381e-27
-3.510705019304279628e-19 1.988688098045647154e-19 -8.692829385086343139e-27
-3.083225955898345436e-19 1.746537162513951821e-19 -7.634349847138671985e-27
-2.640576840222083860e-19 1.495793203071695591e-19 -6.538313528473139570e-27
-2.208814877541040581e-19 1.251215171286423644e-19 -5.469232962101153658e-27
-1.805776846503232886e-19 1.022906887446553597e-19 -4.471269864643296874e-27
-1.437062230777455996e-19 8.140420967079969431e-20 -3.558294654003586383e-27
-1.097229927550668728e-19 6.215397365712917558e-20 -2.716838308216784941e-27
-7.753939591077417338e-20 4.392320340802002177e-20 -1.919943525997801033e-27
-4.625672602161104011e-20 2.620268354243095954e-20 -1.145355184150519706e-27
-1.566718522093952861e-20 8.874778134313094853e-21 -3.879303608048485256e-28
1.368494598934117444e-20 -7.752094373405035062e-21 3.388530651614367959e-28
4.079571327340791156e-20 -2.310928221418006591e-20 1.010138289147599508e-27
6.466250358052980261e-20 -3.662894744557831687e-20 1.601100878221079562e-27
8.475806359048877129e-20 -4.801241960678486745e-20 2.098685959461621963e-27
1.013757472239228116e-19 -5.742576960152738427e-20 2.510155926868002466e-27
1.156149258419939264e-19 -6.549172590927902086e-20 2.862731736164075081e-27
1.287208401751587194e-19 -7.291572982716433856e-20 3.187246692921714676e-27
1.409588496191825764e-19 -7.984809513027236137e-20 3.490271231597515395e-27
1.509523853705473640e-19 -8.550905901011172602e-20 3.737720814588015134e-27
1.561932062537863966e-19 -8.847779060494124016e-20 3.867487503928540497e-27
1.542910472421738815e-19 -8.740029391081138192e-20 3.820388215862384636e-27
1.439874189019699825e-19 -8.156370905142994232e-20 3.565262329060237232e-27
1.254620070714211035e-19 -7.106975229711480711e-20 3.106556579601948654e-27
1.001341814404883908e-19 -5.672244738556664743e-20 2.479417249478690888e-27
7.030797176689084476e-20 -3.982695429738381293e-20 1.740893107091589928e-27
3.877517516062758334e-20 -2.196471373360907550e-20 9.601117751817619989e-28
8.359655685394991670e-21 -4.735425149175776753e-21 2.069970290782671982e-28
-1.852589757573275677e-20 1.049418463444428727e-20 -4.587132327387034855e-28
-4.013578108436908474e-20 2.273537114137227475e-20 -9.937970809963544372e-28
-5.535176628511641304e-20 3.135474776924129467e-20 -1.370562091920658877e-27
-6.344238632753316932e-20 3.593786347947567002e-20 -1.570892488751860771e-27
-6.385373409303928975e-20 3.617091583970245979e-20 -1.581076650364528870e-27
-5.620046830861614554e-20 3.183559398331317944e-20 -1.391575275957354847e-27
-4.041882648968881334e-20 2.289582280894693709e-20 -1.000808853967644335e-27
-1.692763339479018410e-20 9.588917188743445548e-21 -4.191471412498468038e-28
1.329649652176424619e-20 -7.531968579444448360e-21 3.292298086214935392e-28
4.874588140952721353e-20 -2.761278647265445053e-20 1.206990777583386062e-27
8.754012068896868047e-20 -4.958832594129350086e-20 2.167573999470161521e-27
1.277721161694967445e-19 -7.237830430081120290e-20 3.163756859441439971e-27
1.679917945666571655e-19 -9.516134735557965131e-20 4.159634802019114909e-27
2.076074510994539084e-19 -1.176022423915432064e-19 5.140555964337663388e-27
2.469658651110404851e-19 -1.398973761336370356e-19 6.115105708979782201e-27
2.870454324153087882e-19 -1.626010054108904514e-19 7.107512914962124898e-27
3.289000872369334389e-19 -1.863101669926345003e-19 8.143874776440174077e-27
3.731026040850188653e-19 -2.113493396890022411e-19 9.238371136400025626e-27
4.194201223406786347e-19 -2.375865866024067338e-19 1.038523533462759946e-26
4.667888366357021248e-19 -2.644192434743053713e-19 1.155812783813280991e-26
5.134584332350622014e-19 -2.908558343200074528e-19 1.271371021165790494e-26
5.571545287180231490e-19 -3.156080703871198680e-19 1.379566650442692297e-26
5.953102215489415582e-19 -3.372219193480900068e-19 1.474043734626331364e-26
6.255660263713967538e-19 -3.543607677793395862e-19 1.548959949928603296e-26
6.465029329562192512e-19 -3.662207856544789943e-19 1.600801704885812990e-26
6.581595734021287687e-19 -3.728238635790193869e-19 1.629664676405096183e-26
6.618922806178533449e-19 -3.749383056269815718e-19 1.638907264075897141e-26
6.596659091324924293e-19 -3.736771302364278065e-19 1.633394486774119174e-26
6.532894632795786781e-19 -3.700650632964332968e-19 1.617605699322878106e-26
6.440080334279828287e-19 -3.648074372435164999e-19 1.594624053300167121e-26
6.324829444536819175e-19 -3.582789124142487615e-19 1.566086995391221455e-26
6.189626123632937695e-19 -3.506201707528677852e-19 1.532609437884211190e-26
6.034759503837770341e-19 -3.418475248345332086e-19 1.494262945148113032e-26
5.860056262689512813e-19 -3.319511737691467314e-19 1.451004729427492924e-26
5.666545464730798512e-19 -3.209894570376490153e-19 1.403089611432327571e-26
5.457820962636737315e-19 -3.091659624068110247e-19 1.351407397669732344e-26
5.240178173443274444e-19 -2.968372882307065439e-19 1.297516882986368387e-26
5.020463636109730177e-19 -2.843912417566099428e-19 1.243113471697906443e-26
4.801886682213835651e-19 -2.720096434808903173e-19 1.188991855215472975e-26
4.580178292294691851e-19 -2.594506802311850999e-19 1.134094830931163677e-26
4.342893222070346371e-19 -2.460093431843441137e-19 1.075340817382043328e-26
4.072629175051583288e-19 -2.306998632932505453e-19 1.008420972000401136e-26
3.752979137524353498e-19 -2.125928407199358699e-19 9.292727056603287593e-27
3.375184306265015690e-19 -1.911920971197800271e-19 8.357271812475923800e-27
2.942776553997976707e-19 -1.666977165352232266e-19 7.286590133025575617e-27
2.471604610326937141e-19 -1.400074927347044753e-19 6.119924644594376857e-27
1.984655212198132723e-19 -1.124235422511505088e-19 4.914192078204083697e-27
1.504118246942046954e-19 -8.520284286356087484e-20 3.724337339777283097e-27
1.044853036963909827e-19 -5.918713654770898581e-20 2.587154360201918308e-27
6.122913902797973262e-20 -3.468410992139653482e-20 1.516092589200702018e-27
2.046505889032216361e-20 -1.159274276754683623e-20 5.067365480275335802e-28
-1.832084520028614188e-20 1.037807743266069437e-20 -4.536393574224310304e-28
-5.568852528710423419e-20 3.154552592657314894e-20 -1.378899394070658180e-27
-9.210346000054912498e-20 5.217329446448175434e-20 -2.280568055201028077e-27
-1.278009880344422809e-19 7.239468477067888930e-20 -3.164471806386686739e-27
-1.625429040937964345e-19 9.207474690486706884e-20 -4.024713376788606898e-27
-1.954142317193252281e-19 1.106951866337292113e-19 -4.838638567330945315e-27
-2.249663776311340895e-19 1.274354258070723040e-19 -5.570378158815986147e-27
-2.497946119290587738e-19 1.414997353475738342e-19 -6.185148988473740276e-27
-2.692222252907677001e-19 1.525047723552381362e-19 -6.666195134702129006e-27
-2.836101515375338166e-19 1.606550008268683175e-19 -7.022453183315384734e-27
-2.941022264371314676e-19 1.665983845322329279e-19 -7.282246001450787562e-27
-3.020452503143802059e-19 1.710978290187021514e-19 -7.478922436416891555e-27
-3.084954965609542553e-19 1.747516679538093553e-19 -7.638636931347417231e-27
-3.140410416603970440e-19 1.778930175271371251e-19 -7.775950230388544743e-27
-3.188820268672103882e-19 1.806352580206297256e-19 -7.895817310376701638e-27
-3.229974443789311156e-19 1.829664918277482114e-19 -7.997717946092129588e-27
-3.262914537298291094e-19 1.848324162154988187e-19 -8.079280538657747269e-27
-3.287258251264914670e-19 1.862113847768568795e-19 -8.139558999338142998e-27
-3.304705251863943471e-19 1.871996845383689321e-19 -8.182759630973429787e-27
-3.320185149512992897e-19 1.880765634865934523e-19 -8.221088130080246675e-27
-3.341408538557800598e-19 1.892788053297327411e-19 -8.273638703101946084e-27
-3.376273901594761810e-19 1.912538138797017962e-19 -8.359968935141173349e-27
-3.429409682162653026e-19 1.942637757615282116e-19 -8.491538402671973402e-27
-3.500160514683775897e-19 1.982715617132501577e-19 -8.666724074659247701e-27
-3.583227363888669924e-19 2.029769962252112135e-19 -8.872405790127105696e-27
-3.671175477657010328e-19 2.079589533899194205e-19 -9.090174987384945897e-27
-3.757115678657212714e-19 2.128271543597267648e-19 -9.302971742918071249e-27
-3.836428773652411978e-19 2.173199266341384422e-19 -9.499357795993768698e-27
-3.907245034528350325e-19 2.213314050460941691e-19 -9.674704372504897761e-27
-3.969720188516202123e-19 2.248704126238286125e-19 -9.829397792143958384e-27
-4.024501979005872771e-19 2.279736273401062647e-19 -9.965041791343087575e-27
-4.071226339174558165e-19 2.306204062092917676e-19 -1.008073521396401117e-26
-4.107832131049435922e-19 2.326939775833472929e-19 -1.017137561895382545e-26
-4.130964474055400506e-19 2.340043389910146032e-19 -1.022865462634260905e-26
-4.137194979409276067e-19 2.343572830230466284e-19 -1.024408173701733773e-26
-4.124551825596100332e-19 2.336410947197995391e-19 -1.021277586860899485e-26
-4.093886642725289902e-19 2.319040394085009310e-19 -1.013684618966820459e-26
-4.049446172652095657e-19 2.293866733042022690e-19 -1.002680730120741645e-26
-3.997841141795818159e-19 2.264634358506391272e-19 -9.899028392913037329e-27
-3.945439294821474469e-19 2.234950386058840453e-19 -9.769277212872371900e-27
-3.895621879161009690e-19 2.206730333198932373e-19 -9.645925472867563711e-27
-3.847518259156745797e-19 2.179481011654573495e-19 -9.526816512136854141e-27
-3.796525339162526531e-19 2.150595085686123261e-19 -9.400552550593427630e-27
-3.735875060936959491e-19 2.116239001559361182e-19 -9.250376309822946763e-27
-3.658509982451627919e-19 2.072414854067883791e-19 -9.058813306018709125e-27
-3.558795683830337007e-19 2.015930424402050042e-19 -8.811911056472690168e-27
-3.433661319442675933e-19 1.945046174946998633e-19 -8.502066186293042230e-27
-3.282821753323256104e-19 1.859600960660407704e-19 -8.128573871969853381e-27
-3.108067876751329985e-19 1.760609249339352542e-19 -7.695868083358959434e-27
-2.912088256232780430e-19 1.649593791999101289e-19 -7.210604652006219398e-27
-2.697502755592423698e-19 1.528038694358698046e-19 -6.679270619146555052e-27
-2.466438292716106325e-19 1.397148918891325244e-19 -6.107133407348078776e-27
-2.220459906035674741e-19 1.257810925049992436e-19 -5.498067965022649639e-27
-1.960531462190443120e-19 1.110570672613206714e-19 -4.854460187999443510e-27
-1.687011953257032102e-19 9.556316628666082971e-20 -4.177199669341160157e-27
-1.400093570330881402e-19 7.931027210784154192e-20 -3.466762472340290250e-27
-1.100788588708450941e-19 6.235571877769311544e-20 -2.725654811676018347e-27
-7.919207688525606914e-20 4.485946801729497693e-20 -1.960869304523108760e-27
-4.784199241077512573e-20 2.710077489945790347e-20 -1.184612414938869490e-27
-1.666655329266381406e-20 9.441011388207340837e-21 -4.126796474242944099e-28
1.367983213847217431e-20 -7.749133990775674063e-21 3.387255389543665773e-28
4.266574503300189332e-20 -2.416862836222042703e-20 1.056444466772184413e-27
6.998579264070391813e-20 -3.964445864598844470e-20 1.732914423093377541e-27
9.559774578379986943e-20 -5.415270338286499567e-20 2.367089905420809486e-27
1.196841943045030797e-19 -6.779681130241876276e-20 2.963492776227007863e-27
1.425488598268039707e-19 -8.074883635832703074e-20 3.529643529617553790e-27
1.644826202941115911e-19 -9.317353141777733342e-20 4.072744020281030421e-27
1.856524062528531740e-19 -1.051654514909342937e-19 4.596927534580923105e-27
2.060582740413226807e-19 -1.167246411338746807e-19 5.102195874544466099e-27
2.255764307624768789e-19 -1.277809773048689444e-19 5.585483765093800569e-27
2.440792503186862132e-19 -1.382621610504878324e-19 6.043630910306127142e-27
2.615779001159928310e-19 -1.481745191608831109e-19 6.476913848553690274e-27
2.782918816061669818e-19 -1.576423915550621612e-19 6.890767689315134751e-27
2.945842366325200221e-19 -1.668714272333492946e-19 7.294181680136416507e-27
3.107961446648366662e-19 -1.760548915627941895e-19 7.695603653015188296e-27
3.270793497671115681e-19 -1.852787432151493300e-19 8.098790966177790329e-27
3.433047835507439927e-19 -1.944698708254609275e-19 8.500547909036779470e-27
3.590661702308838775e-19 -2.033981328918713008e-19 8.890814645206259982e-27
3.737569805435360646e-19 -2.117199505806972672e-19 9.254572876675223177e-27
3.866933286362343854e-19 -2.190479280188277259e-19 9.574888983282109169e-27
3.972557847125065380e-19 -2.250311821201584227e-19 9.836425445175653768e-27
4.050072003410244364e-19 -2.294220783244111144e-19 1.002835779033022864e-26
4.097473779431570362e-19 -2.321072127808128300e-19 1.014572863192781894e-26
4.114947569320611320e-19 -2.330970404646590918e-19 1.018899502558517558e-26
4.104096716163246610e-19 -2.324823853321729216e-19 1.016212745641337200e-26
4.066938486847553995e-19 -2.303775089104051653e-19 1.007012078216653973e-26
4.005120336391326663e-19 -2.268757275895476820e-19 9.917053424034589158e-27
3.919718884330516459e-19 -2.220380334859809021e-19 9.705590764020370156e-27
3.811700939187414624e-19 -2.159192016940752255e-19 9.438127526102497695e-27
3.682829760572838359e-19 -2.086191092398100010e-19 9.119030259184310129e-27
3.536576830888598242e-19 -2.003344028723793794e-19 8.756894727115249694e-27
3.378388696689751051e-19 -1.913736144351751457e-19 8.365206506440249757e-27
3.214796801694368348e-19 -1.821067210806811875e-19 7.960137645118190671e-27
3.051551915762069805e-19 -1.728594868887777141e-19 7.555928080314251466e-27
2.891733876949275312e-19 -1.638063805490601240e-19 7.160204038554006981e-27
2.734899342271559557e-19 -1.549222763271484470e-19 6.771867635429484105e-27
2.577685903047845798e-19 -1.460166892583863154e-19 6.382592352008654558e-27
2.415487337044323061e-19 -1.368286927115522715e-19 5.980972436479433095e-27
2.244353491007220112e-19 -1.271345466939776967e-19 5.557227674786679583e-27
2.062426845014934697e-19 -1.168290599436559779e-19 5.106759899028423625e-27
1.870652976752211411e-19 -1.059657845560868899e-19 4.631910524521731145e-27
1.672807497362740846e-19 -9.475855133735722814e-20 4.142026672661939483e-27
1.474882758977685112e-19 -8.354680751945202948e-20 3.651946425141971200e-27
1.283654724875527280e-19 -7.271441256107042448e-20 3.178448551130302621e-27
1.104502702480733034e-19 -6.256610137803796250e-20 2.734852260493299776e-27
9.394919088774971281e-20 -5.321886750299362011e-20 2.326271166468580656e-27
7.873049980424148757e-20 -4.459805151445479258e-20 1.949442630881348032e-27
6.447639353866625664e-20 -3.652360377292440915e-20 1.596497026563374204e-27
5.088639520531916926e-20 -2.882533152839726321e-20 1.259994822244396355e-27
3.792256857325625465e-20 -2.148176915440683779e-20 9.389975651267320561e-28
2.592416418971574251e-20 -1.468510243041884926e-20 6.419062158743820874e-28
1.550994591997782386e-20 -8.785831303203593416e-21 3.840412063826458706e-28
7.379187663513778518e-21 -4.180056217928436366e-21 1.827159906480703007e-28
2.101233655016269313e-21 -1.190272943161874479e-21 5.202843447663302200e-29
-3.436569087386330637e-23 1.948245896467790275e-23 -8.507464275993959030e-31
9.055355340927630221e-22 -5.129397003683399230e-22 2.242260051110607899e-29
4.504241588281039237e-21 -2.551477835887052655e-21 1.115292129579368471e-28
1.008619951278538631e-20 -5.713457118955702417e-21 2.497428524296702591e-28
1.686989111387609820e-20 -9.556180130594205948e-21 4.177133220793086452e-28
2.412848511792606733e-20 -1.366790844667812290e-20 5.974428353638979148e-28
3.127994347218105639e-20 -1.771894150108948132e-20 7.745195563192947970e-28
3.788005305033435524e-20 -2.145765961292408258e-20 9.379445023577399533e-28
4.354678596146785224e-20 -2.466767063966151102e-20 1.078258885850816889e-27
4.788183499997242511e-20 -2.712334487420099821e-20 1.185599764268166647e-27
5.044519335300379904e-20 -2.857540654090908598e-20 1.249070977957856583e-27
5.079299541469676891e-20 -2.877242326857099656e-20 1.257682625437947865e-27
4.855572436922158657e-20 -2.750509416021571454e-20 1.202285694623442215e-27
4.351898879914799787e-20 -2.465197291554430371e-20 1.077571642016163605e-27
3.566565285272633982e-20 -2.020334197120581424e-20 8.831156366191216641e-28
2.515338542577154834e-20 -1.424850585731358569e-20 6.228215206147978198e-28
1.223800323274478808e-20 -6.932395893708296766e-21 3.030244478829460870e-28
-2.822662935624209493e-21 1.598923555391995052e-21 -6.989151672290900518e-29
-1.984105515536574060e-20 1.123922706337785060e-20 -4.912828811644409845e-28
-3.872296718117436310e-20 2.193515668851611521e-20 -9.588168551277349825e-28
-5.943555099682731299e-20 3.366809892606527501e-20 -1.471679765778978910e-27
-8.192648477174373211e-20 4.640841243703157820e-20 -2.028576236848930724e-27
-1.060235460386761203e-19 6.005853795687402164e-20 -2.625242041519825351e-27
-1.313590553254671832e-19 7.441019768060314945e-20 -3.252572997453830354e-27
-1.573635331276057521e-19 8.914080419733819995e-20 -3.896468294271278627e-27
-1.833438500526586020e-19 1.038577257377410973e-19 -4.539765397150452274e-27
-2.086121824325573964e-19 1.181713322368026876e-19 -5.165433026002526218e-27
-2.326077461347683216e-19 1.317639600051538730e-19 -5.759585612942000961e-27
-2.549681710227336308e-19 1.444303400572364604e-19 -6.313250610501104167e-27
-2.755416608095625196e-19 1.560844849968844376e-19 -6.822669413358199014e-27
-2.943481259196126725e-19 1.667376737132539323e-19 -7.288335054956172445e-27
-3.115057734769097260e-19 1.764568681602988081e-19 -7.713174577978201385e-27
-3.271517329070001268e-19 1.853197483727047774e-19 -8.100583342306998858e-27
-3.413823644945280071e-19 1.933808946585690969e-19 -8.452947142573516015e-27
-3.542281937217019238e-19 2.006575943473314984e-19 -8.771021818942455093e-27
-3.656565196544411523e-19 2.071313294208254256e-19 -9.053997901254812193e-27
-3.755878348780394884e-19 2.127570673779231687e-19 -9.299906471274504825e-27
-3.839208203117318351e-19 2.174774057700123268e-19 -9.506238648646891274e-27
-3.905639916651006583e-19 2.212405187851700559e-19 -9.670729645080650056e-27
-3.954693428202553705e-19 2.240192229901427046e-19 -9.792190875444981034e-27
-3.986505742457780635e-19 2.258212795126053039e-19 -9.870961282164846854e-27
-4.001686926764342616e-19 2.266812434429833130e-19 -9.908551158378371131e-27
-4.000845048643384506e-19 2.266335629934525228e-19 -9.906466809774701030e-27
-3.984037563065401130e-19 2.256814840156242579e-19 -9.864850218506712082e-27
-3.950465199808531357e-19 2.237797193309199317e-19 -9.781721366262060651e-27
-3.898548425073646587e-19 2.208388073831604207e-19 -9.653170068238716288e-27
-3.826336332642544109e-19 2.167482508897285341e-19 -9.474366365297501479e-27
-3.732095879218811416e-19 2.114098716881944666e-19 -9.241018253196685211e-27
-3.614946168513441708e-19 2.047737602531401885e-19 -8.950944558322394661e-27
-3.475364754464715528e-19 1.968669595727867879e-19 -8.605328609760005631e-27
-3.315345992177016695e-19 1.878024462593235098e-19 -8.209107567282080631e-27
-3.138041399545009173e-19 1.777587715762375759e-19 -7.770084017787957222e-27
-2.946998875390590405e-19 1.669369226701388934e-19 -7.297044231941347499e-27
-2.745394223214457785e-19 1.555167665276489978e-19 -6.797852645816810075e-27
-2.535665256466066961e-19 1.436363736390176603e-19 -6.278544923283750922e-27
-2.319699504435688626e-19 1.314026846731796038e-19 -5.743794047922637045e-27
-2.099345399852124235e-19 1.189204217864795372e-19 -5.198176894917811125e-27
-1.876940863402847097e-19 1.063220130230840679e-19 -4.647482737001485654e-27
-1.655566500925052376e-19 9.378194857431301992e-20 -4.099338874717390595e-27
-1.438843899948141270e-19 8.150536926146354143e-20 -3.562712081518196741e-27
-1.230392992260601952e-19 6.969736124768219831e-20 -3.046567254327161920e-27
-1.033171996557141200e-19 5.852550193760543883e-20 -2.558229936182947818e-27
-8.488908466637172956e-20 4.808663547979894340e-20 -2.101932941272144916e-27
-6.777161944413900805e-20 3.839020845285068196e-20 -1.678088766141135086e-27
-5.183982952444953806e-20 2.936539970089938383e-20 -1.283602620972235492e-27
-3.687254884838599802e-20 2.088694834009152712e-20 -9.129984422599690876e-28
-2.260900981353954205e-20 1.280718541303694321e-20 -5.598202772890222054e-28
-8.794706687581389018e-21 4.981902709420134870e-21 -2.177658736640499859e-28
4.794960184374421516e-21 -2.716177710934223892e-21 1.187272265087597853e-28
1.834579000470259447e-20 -1.039227778682457573e-20 4.542590225333024161e-28
3.199772555581249349e-20 -1.812559806285340415e-20 7.922934857177428184e-28
4.584462666541243351e-20 -2.596931185365651505e-20 1.135155205672304385e-27
5.994354085529658688e-20 -3.395580545353044067e-20 1.484257143582476925e-27
7.432398496912225841e-20 -4.210182107541490680e-20 1.840330463045443118e-27
8.899219276568918136e-20 -5.041086212403562427e-20 2.203529898176541286e-27
1.039204452037340615e-19 -5.886721688693030203e-20 2.573168855023762828e-27
1.190168958335035648e-19 -6.741884861908040959e-20 2.946972049088896120e-27
1.341013128383283614e-19 -7.596362201885254404e-20 3.320475348005099921e-27
1.489261918689252133e-19 -8.436134977149317526e-20 3.687551613556333490e-27
1.632475253156683945e-19 -9.247386548207263958e-20 4.042161170039849703e-27
1.769076536286690340e-19 -1.002118439572236703e-19 4.380399465263451806e-27
1.898890058922596444e-19 -1.075653057163330390e-19 4.701830093202617836e-27
2.023144591363421786e-19 -1.146038919814775780e-19 5.009495693043316824e-27
2.143984271925810887e-19 -1.214490602561181725e-19 5.308705788785592036e-27
2.263719675930092049e-19 -1.282316620061328193e-19 5.605181884828985022e-27
2.384043607526694328e-19 -1.350475770717988385e-19 5.903115517176736378e-27
2.505399365267072178e-19 -1.419219238380515491e-19 6.203604552178811001e-27
2.626685861211053243e-19 -1.487923465049705017e-19 6.503921861527955410e-27
2.745407751654162564e-19 -1.555174884315088645e-19 6.797887446503022980e-27
2.858225453597478432e-19 -1.619081933541156941e-19 7.077233371125898472e-27
2.961812091103441406e-19 -1.677760403925624293e-19 7.333723787082382701e-27
3.053783363470292608e-19 -1.729859271623102702e-19 7.561454261445683434e-27
3.133282504546245543e-19 -1.774892763503734133e-19 7.758301466054909620e-27
3.200975998583558278e-19 -1.813238443570272506e-19 7.925915331362570457e-27
3.258521461172105560e-19 -1.845835559359875422e-19 8.068402738068743114e-27
3.307755371653925770e-19 -1.873724728813160965e-19 8.190311754808021328e-27
3.349910230151555398e-19 -1.897604045180511071e-19 8.294691651577921080e-27
3.385123802389078900e-19 -1.917551656529282343e-19 8.381883849888890088e-27
3.412393822658291277e-19 -1.932999448918611596e-19 8.449406794694563068e-27
3.429934272608120856e-19 -1.942934985879387569e-19 8.492835948206588567e-27
3.435739145981183859e-19 -1.946222738939051491e-19 8.507206775210992535e-27
3.428113372175143121e-19 -1.941903358023005670e-19 8.488325765598233258e-27
3.405961256009820639e-19 -1.929355521107741691e-19 8.433478118018386829e-27
3.368748553556417768e-19 -1.908275838691706282e-19 8.341337763464789360e-27
3.316228111649978119e-19 -1.878524522825536400e-19 8.211292536372884043e-27
3.248121577154437390e-19 -1.839944382458068504e-19 8.042654193772836342e-27
3.164017771919827485e-19 -1.792302683146439430e-19 7.834405287887270683e-27
3.063453198838383537e-19 -1.735336757720059841e-19 7.585398217232783082e-27
2.946035806189007608e-19 -1.668824240972143717e-19 7.294661318957342759e-27
2.811563801309992049e-19 -1.592650685712399066e-19 6.961695676554355615e-27
2.660114249864213928e-19 -1.506859702073077916e-19 6.586692653498028477e-27
2.492213134256813627e-19 -1.411749390777503610e-19 6.170953882991068515e-27
2.309089808004777117e-19 -1.308016377531239028e-19 5.717522015534245848e-27
2.112841042998578441e-19 -1.196848560096278508e-19 5.231590045117731462e-27
1.906301762096758163e-19 -1.079851636455778100e-19 4.720179247987572817e-27
1.692642521868264155e-19 -9.588214544910609568e-20 4.191139237174987094e-27
1.474935309564765181e-19 -8.354983814983071422e-20 3.652077134580457232e-27
1.255914962072106592e-19 -7.114314016274711099e-20 3.109764664262522323e-27
1.037948520360722113e-19 -5.879611970936720481e-20 2.570060489096933111e-27
8.230285290906799504e-20 -4.662165732234983295e-20 2.037897682121802804e-27
6.126643457796378041e-20 -3.470524978042323776e-20 1.517015297344314717e-27
4.077430152254721022e-20 -2.309716703861203508e-20 1.009610186001141784e-27
2.084463340391613733e-20 -1.180771238043409034e-20 5.161312146975765304e-28
1.429135503050855553e-21 -8.095287546889846432e-22 3.538400909772146063e-29
-1.756135230493027032e-20 9.947886932734461137e-21 -4.348373835910624183e-28
-3.621345908153366056e-20 2.051363427409255464e-20 -8.966796349089904092e-28
-5.456977378144986058e-20 3.091184392665068045e-20 -1.351199416592269085e-27
-7.261169129521047963e-20 4.113197030703348045e-20 -1.797934868884167507e-27
-9.027232298531774213e-20 5.113609184372026549e-20 -2.235227197944128213e-27
-1.074606352400243885e-19 6.087263802782427870e-20 -2.660825079331176556e-27
-1.240737899860202454e-19 7.028339164284113825e-20 -3.072183494999637023e-27
-1.399922299273001067e-19 7.930058695581417586e-20 -3.466338714556073485e-27
-1.550740458452568537e-19 8.784384973017985226e-20 -3.839777844358146055e-27
-1.691681562757235646e-19 9.582765696851045857e-20 -4.188761192261502219e-27
-1.821460674543011174e-19 1.031792136374157343e-19 -4.510106302281306269e-27
-1.939454192268755835e-19 1.098631639164793868e-19 -4.802269596022964462e-27
-2.046248730830352284e-19 1.159126719852705599e-19 -5.066702432423388583e-27
-2.144199654123833810e-19 1.214611975060246441e-19 -5.309237009055877021e-27
-2.237491520981439177e-19 1.267458669626581294e-19 -5.540236093396434425e-27
-2.330970239337172777e-19 1.320411442783004777e-19 -5.771698654485737294e-27
-2.427898347762599725e-19 1.375318276073724354e-19 -6.011704154573874014e-27
-2.527963721193886553e-19 1.432001914219373455e-19 -6.259478718577770091e-27
-2.626742960416545061e-19 1.487956366334233932e-19 -6.504065826304902305e-27
-2.716742877147418456e-19 1.538937622703727958e-19 -6.726910559825345330e-27
-2.789460733568875393e-19 1.580129316139272239e-19 -6.906963115624417599e-27
-2.837983754155036965e-19 1.607615689816856955e-19 -7.027110376710268560e-27
-2.859591496227039098e-19 1.619855535069047232e-19 -7.080615134396212554e-27
-2.857036347880726377e-19 1.618408280210719856e-19 -7.074290137112786985e-27
-2.836999564670088678e-19 1.607058875482244820e-19 -7.024678904459473786e-27
-2.806246765917941993e-19 1.589639341469118041e-19 -6.948533047680520993e-27
-2.768303252278221327e-19 1.568145919568386172e-19 -6.854578173931282195e-27
-2.722814345614413667e-19 1.542377241010084941e-19 -6.741939710540905252e-27
-2.667224750720246572e-19 1.510886739582199949e-19 -6.604296027649890361e-27
-2.599028590785546376e-19 1.472255760303654848e-19 -6.435438657947881160e-27
-2.517361351638231120e-19 1.425994780110655721e-19 -6.233223772547780635e-27
-2.423683674029090828e-19 1.372930684745588219e-19 -6.001270017522236310e-27
-2.321582040960087337e-19 1.315094072799258631e-19 -5.748456863142138653e-27
-2.215764291385843763e-19 1.255151727841541380e-19 -5.486440976181060057e-27
-2.110780309133883139e-19 1.195681606583926791e-19 -5.226490893212899664e-27
-2.010097446594352994e-19 1.138648085570125841e-19 -4.977189239143523091e-27
-1.915030116932882612e-19 1.084795719157303771e-19 -4.741791139213570951e-27
-1.823126840570399094e-19 1.032735997874671789e-19 -4.514230048481027494e-27
-1.728248818174510378e-19 9.789910300226716494e-20 -4.279303741654320228e-27
-1.624402121833366555e-19 9.201650835157272927e-20 -4.022169153277428697e-27
-1.510735409477337074e-19 8.557763596793092457e-20 -3.740717683176798415e-27
-1.392425018982180300e-19 7.887574919645936924e-20 -3.447768612887691637e-27
-1.275780730749694400e-19 7.226834553640526694e-20 -3.158949263566457633e-27
-1.162301935434302467e-19 6.584029516277551712e-20 -2.877970199382727659e-27
-1.047519273303711404e-19 5.933825843021351284e-20 -2.593759723103291208e-27
-9.251077196290486695e-20 5.240399868100274673e-20 -2.290656160477591088e-27
-7.918500132030593560e-20 4.485536141122544657e-20 -1.960695358980651839e-27
-6.493389828312713542e-20 3.678258219712850344e-20 -1.607822815414365688e-27
-5.020805361380705330e-20 2.844092528294030273e-20 -1.243196295062883902e-27
-3.545091894401149369e-20 2.008160511208045795e-20 -8.777948026628598658e-28
-2.094078698863422592e-20 1.186223127730161174e-20 -5.185102538119886221e-28
-6.803118751128797966e-21 3.853796625298873470e-21 -1.684492518360936402e-28
6.975946159351238409e-21 -3.951583291138830966e-21 1.727331889156593140e-28
2.066624961134679732e-20 -1.170671027643128994e-20 5.117169254807071204e-28
3.488346895813711741e-20 -1.976028837924092322e-20 8.637463664451400002e-28
5.031028196513460666e-20 -2.849901188314713550e-20 1.245728001984382472e-27
6.699203543205673759e-20 -3.794854799463882667e-20 1.658783071774254856e-27
8.369943567440668024e-20 -4.741261429832440932e-20 2.072473007757306149e-27
9.800329651637256780e-20 -5.551524218589728786e-20 2.426651095411261905e-27
1.071512124078236079e-19 -6.069725759681421024e-20 2.653162399469574650e-27
1.091451430972581320e-19 -6.182677493312269802e-20 2.702532971729460566e-27
1.032991528905008529e-19 -5.851521900526032466e-20 2.557778496737988672e-27
9.005651635180993525e-20 -5.101375351719572467e-20 2.229878016377830242e-27
7.040412438823410520e-20 -3.988140409476634661e-20 1.743269361159028518e-27
4.530759104286238617e-20 -2.566510550792541148e-20 1.121858111995205270e-27
1.536123647830077011e-20 -8.701547986874556360e-21 3.803593502173081744e-28
-1.931965840890108657e-20 1.094394580899480922e-20 -4.783729817461439894e-28
-5.923492788968366926e-20 3.355453288320227000e-20 -1.466713635663127126e-27
-1.090161083204929687e-19 6.175382079817048530e-20 -2.699341675799049361e-27
-2.092539514771931267e-19 1.185349758973693719e-19 -5.181323147159669459e-27
-5.974246254385366663e-19 3.384197380516642398e-19 -1.479279239189606681e-26
-2.175683135716083618e-18 1.232446645539910015e-18 -5.387195125404496521e-26
-7.196567150876194579e-18 4.076597699511553413e-18 -1.781937375866639374e-25
-1.928628749421229193e-17 1.092499165120735487e-17 -4.775465230650333863e-25
-4.168883863077963508e-17 2.361523533029477640e-17 -1.032254663206854147e-24
-7.423909845317429788e-17 4.205379262925307993e-17 -1.838229602456286713e-24
-1.116236580008389974e-16 6.323080729948090986e-17 -2.763906317030158678e-24
-1.449533166025239556e-16 8.211086581471448687e-17 -3.589179836115322640e-24
-1.657229938234607117e-16 9.387614395099186152e-17 -4.103456401673757807e-24
-1.692538258847843853e-16 9.587623302803002980e-17 -4.190883007883399671e-24
-1.556038100101504049e-16 8.814398708854332620e-17 -3.852895848078192855e-24
-1.282069704978283694e-16 7.262465863948595792e-17 -3.174524626693128562e-24
-9.180198651968866169e-17 5.200253908998906575e-17 -2.273103219455278984e-24
-5.090972464539158918e-17 2.883853550608299262e-17 -1.260572272989312265e-24
-9.171447651476779335e-18 5.195295719479879613e-18 -2.270932511945978716e-25
3.074767743785781452e-17 -1.741745658975493173e-17 7.613414384814329402e-25
6.705249223938439973e-17 -3.798283328419848897e-17 1.660282362227740263e-24
9.868544918231283594e-17 -5.590177400487101864e-17 2.443544029395023268e-24
1.251714497925630157e-16 -7.090514853309457207e-17 3.099362320522180400e-24
1.464050521920805455e-16 -8.293322568955069779e-17 3.625126145202327787e-24
1.624267387925796342e-16 -9.200893668615926863e-17 4.021837982102355573e-24
1.732999477947051817e-16 -9.816821686851148474e-17 4.291068728713318804e-24
1.791418986855476643e-16 -1.014774704331558797e-16 4.435720891542241327e-24
1.802450168373635745e-16 -1.021023480990302738e-16 4.463035190691194175e-24
1.771922042379586136e-16 -1.003730415393830096e-16 4.387444790873038028e-24
1.709302211909984141e-16 -9.682585239695729488e-17 4.232392259014536111e-24
1.627805571435088538e-16 -9.220935779567319335e-17 4.030598912985034553e-24
1.542732412931368356e-16 -8.739026823112400521e-17 3.819949816331982027e-24
1.466889384183133666e-16 -8.309403214677212122e-17 3.632155355169346854e-24
1.404656233498912939e-16 -7.956874733457524735e-17 3.478060228441795915e-24
1.349012644613598348e-16 -7.641673756560257315e-17 3.340281497320717143e-24
1.284516442677149874e-16 -7.276325797455022617e-17 3.180582856461639012e-24
1.194624929246699242e-16 -6.767122615129036418e-17 2.958003094344819577e-24
1.068691863969725127e-16 -6.053756854996172404e-17 2.646181046650776837e-24
9.050502588890627787e-17 -5.126785705483132944e-17 2.240989100560258509e-24
7.098770757745061207e-17 -4.021199503371778480e-17 1.757722051975961867e-24
4.938230139282708725e-17 -2.797330588243088145e-17 1.222752003889357687e-24
2.685900100368960379e-17 -1.521466324063874118e-17 6.650540521107892001e-25
4.472629155868316949e-18 -2.533584880238113074e-18 1.107465177301714830e-25
-1.690355944509618125e-17 9.575260430738693749e-18 -4.185479599116289240e-25
-3.653263233066158308e-17 2.069442711309273616e-17 -9.045821787055324982e-25
-5.376172389424676780e-17 3.045409143243906385e-17 -1.331190583793313071e-24
-6.807226600260427240e-17 3.856050235016358111e-17 -1.685532997622093444e-24
-7.924330469470850337e-17 4.488849648992037194e-17 -1.962138408849599758e-24
-8.749953789265009348e-17 4.956535646222812593e-17 -2.166570478965624058e-24
-9.348792801538319926e-17 5.295756502634659474e-17 -2.314848632605357684e-24
-9.805711444555147852e-17 5.554584619354174892e-17 -2.427985960479308132e-24
-1.019694274143146314e-16 5.776203220209650758e-17 -2.524858454853092826e-24
-1.057087482830052150e-16 5.988022418318486707e-17 -2.617447518804037964e-24
-1.094551187175521532e-16 6.200240777575583975e-17 -2.710211160495554222e-24
-1.131786080878961011e-16 6.411162981305899461e-17 -2.802408245774318441e-24
-1.167447975197463459e-16 6.613174799902558924e-17 -2.890710405054615661e-24
-1.199520678476577596e-16 6.794855258465664652e-17 -2.970125409406782246e-24
-1.225134347481430073e-16 6.939947665734283532e-17 -3.033547273369046356e-24
-1.240678104596284381e-16 7.027997533519622800e-17 -3.072035084985377935e-24
-1.242750917218268693e-16 7.039739245879059281e-17 -3.077167568626355597e-24
-1.229470928538720191e-16 6.964512793682088918e-17 -3.044285067668844945e-24
-1.201127526795939627e-16 6.803957482108614437e-17 -2.974104149474546146e-24
-1.159711198307823441e-16 6.569348761255688201e-17 -2.871553448399942151e-24
-1.107806832255674126e-16 6.275329143402655233e-17 -2.743033386468794559e-24
-1.047685418037655430e-16 5.934762846998741315e-17 -2.594167117286529023e-24
-9.809973126234681272e-17 5.556998557179865243e-17 -2.429041103372662701e-24
-9.088934901818747918e-17 5.148556236107447360e-17 -2.250505298200655169e-24
-8.322778844248830260e-17 4.714556245159635490e-17 -2.060797908128232072e-24
-7.521357997657729210e-17 4.260580034190794737e-17 -1.862358616032814253e-24
-6.699456293346507438e-17 3.795002173250472188e-17 -1.658848057306052906e-24
-5.879016049385086177e-17 3.330252115267688256e-17 -1.455699376179843546e-24
-5.085606687844013759e-17 2.880814103856261799e-17 -1.259243796521914143e-24
-4.339473423341319773e-17 2.458156292243688140e-17 -1.074494209403991394e-24
-3.646946583055411623e-17 2.065864624382336678e-17 -9.030180894646149419e-25
-2.998255476746170073e-17 1.698404355903334991e-17 -7.423960960954418587e-25
-2.372551473031717849e-17 1.343965437776570777e-17 -5.874659315812975712e-25
-1.745709808260392450e-17 9.888820960683112263e-18 -4.322540812118185934e-25
-1.096105624259333369e-17 6.209045606290198530e-18 -2.714059992884303191e-25
-4.076889526243434759e-18 2.309411610125449200e-18 -1.009475937077540233e-25
3.266878466031767696e-18 -1.850569911155293595e-18 8.089097432992648289e-26
1.100077956850282060e-17 -6.231548095676277666e-18 2.723896040233047655e-25
1.887576665178425946e-17 -1.069244639073424570e-17 4.673816515906223449e-25
2.649067547943417353e-17 -1.500601974240752127e-17 6.559339225772939662e-25
3.339956048638058211e-17 -1.891965573868274952e-17 8.270043773675865507e-25
3.925114754749399920e-17 -2.223437030686831128e-17 9.718951491690887008e-25
4.388857134205883640e-17 -2.486130480072212222e-17 1.086722099707110614e-24
4.736658990524524263e-17 -2.683147780818041516e-17 1.172841092829358776e-24
4.989246987775751104e-17 -2.826229839270944666e-17 1.235384245681017213e-24
5.172883609444209426e-17 -2.930253410272758237e-17 1.280854391532525042e-24
5.310177064509925560e-17 -3.008025247491562007e-17 1.314849535127425952e-24
5.414485415249249835e-17 -3.067112191450828265e-17 1.340677257012711495e-24
5.489153513662692250e-17 -3.109408992060191440e-17 1.359165773491331236e-24
5.531042262582143793e-17 -3.133137464353535913e-17 1.369537819786704932e-24
5.536244369249688912e-17 -3.136084277898734172e-17 1.370825918454872262e-24
5.504963677954583954e-17 -3.118364873126904469e-17 1.363080521839783181e-24
5.443143911883302311e-17 -3.083346179939460864e-17 1.347773368942525447e-24
5.360600037680834426e-17 -3.036588028327485128e-17 1.327334731612491615e-24
5.267510682648229924e-17 -2.983856245098340801e-17 1.304284931666876955e-24
5.171460745651188173e-17 -2.929447406946124071e-17 1.280502072828000882e-24
5.075916739934699374e-17 -2.875325152459468385e-17 1.256844488725330775e-24
4.979746640959131600e-17 -2.820848236107447851e-17 1.233031871379979614e-24
4.877404329836345079e-17 -2.762874978317902125e-17 1.207690953075226941e-24
4.760224721896814379e-17 -2.696496905177538398e-17 1.178676176484884022e-24
4.619410542469058886e-17 -2.616730692859303101e-17 1.143809266844179457e-24
4.450065341728639604e-17 -2.520802713697679468e-17 1.101877819909037018e-24
4.254221949847741268e-17 -2.409864462513213628e-17 1.053385164680605533e-24
4.040959129563777844e-17 -2.289058683234737226e-17 1.000579287855358770e-24
3.823485956701849514e-17 -2.165867891192467488e-17 9.467308896188299593e-25
3.614840113145390663e-17 -2.047677504525650351e-17 8.950682347840511449e-25
3.424200768379980100e-17 -1.939687154700848601e-17 8.478641585713696580e-25
3.254986438702763270e-17 -1.843833293062348211e-17 8.059651094958127523e-25
3.104941994289367505e-17 -1.758838478542350513e-17 7.688126880490738150e-25
2.967816149046172184e-17 -1.681161600425958605e-17 7.348590233238858466e-25
2.835840724041747081e-17 -1.606402257344835442e-17 7.021806691200055486e-25
2.701991391488253839e-17 -1.530581394450798634e-17 6.690383233880590640e-25
2.561172512624952958e-17 -1.450812525782944858e-17 6.341702597877210353e-25
2.410137056482840742e-17 -1.365256337264147541e-17 5.967724796338732612e-25
2.246771769279752144e-17 -1.272715751858272132e-17 5.563217074830979422e-25
2.069702939974859212e-17 -1.172412614666398133e-17 5.124778141609016165e-25
1.878677761723931854e-17 -1.064203702526622074e-17 4.651781959134741264e-25
1.675273171629666946e-17 -9.489822588920368060e-18 4.148133052885849608e-25
1.463051298865908977e-17 -8.287661493195415765e-18 3.622651787522932236e-25
1.246729168119678183e-17 -7.062274322217111680e-18 3.087018033291629027e-25
1.030782076656821317e-17 -5.839011442632064424e-18 2.552312900799057929e-25
8.183466263988755965e-18 -4.635640685801310031e-18 2.026302907552259972e-25
6.109726552247307859e-18 -3.460941426364142392e-18 1.512825547345177260e-25
4.090603060880130530e-18 -2.317180278236526431e-18 1.012871607805718572e-25
2.124001486859632347e-18 -1.203170935081169610e-18 5.259226042992581873e-26
2.043787385956601403e-19 -1.157732280582437384e-19 5.060601200588680341e-27
-1.676212512166024972e-18 9.495144892293820804e-19 -4.150459507796307092e-26
-3.525705890193801989e-18 1.997186305807781606e-18 -8.729977910043416142e-26
-5.348080025696873405e-18 3.029496018669425204e-18 -1.324234690135240495e-25
-7.140795897183388867e-18 4.045005323762301611e-18 -1.768127902678745820e-25
-8.895827689636405140e-18 5.039167936722406437e-18 -2.202690189690202772e-25
-1.060332729256824622e-17 6.006405246987439586e-18 -2.625483066398854427e-25
-1.225515276694190695e-17 6.942105245752576020e-18 -3.034490500407719794e-25
-1.384639869676209399e-17 7.843489188514172831e-18 -3.428497871945094968e-25
-1.537474949969912202e-17 8.709245318453646662e-18 -3.806931838870339021e-25
-1.683805402622305604e-17 9.538154968238102075e-18 -4.169259746910039955e-25
-1.823043721155446203e-17 1.032689015651353381e-17 -4.514026867313717838e-25
-1.953805580315598125e-17 1.106760929072663603e-17 -4.837805476227202354e-25
-2.073718954636626327e-17 1.174687560495976526e-17 -5.134722211818273455e-25
-2.179754229707907509e-17 1.234752742797928700e-17 -5.397275459185597151e-25
-2.269089132522058823e-17 1.285357767978405204e-17 -5.618477011556211089e-25
-2.340126092981140392e-17 1.325597669034801889e-17 -5.794371190406036421e-25
-2.393114685479748305e-17 1.355613812612064693e-17 -5.925575926838490724e-25
-2.430058737935553038e-17 1.376541292598895024e-17 -6.017052796528541551e-25
-2.454009693132628476e-17 1.390108651704538787e-17 -6.076357617547568722e-25
-2.468129972061219752e-17 1.398107287817075885e-17 -6.111320768804805122e-25
-2.474897889920525386e-17 1.401941071553636347e-17 -6.128078753999195277e-25
-2.475627522525234092e-17 1.402354373450014736e-17 -6.129885389269621360e-25
-2.470306458153709334e-17 1.399340177730126348e-17 -6.116709920305465710e-25
-2.457725122388510996e-17 1.392213309617064167e-17 -6.085557370472813146e-25
-2.435897743136160915e-17 1.379848879295334677e-17 -6.031510722283677001e-25
-2.402718252534264460e-17 1.361053882883778441e-17 -5.949355195197195159e-25
-2.356663919140760466e-17 1.334965751525447514e-17 -5.835320364742063851e-25
-2.297290672922241896e-17 1.301332931764290738e-17 -5.688306650025473592e-25
-2.225348929013524810e-17 1.260580508551621090e-17 -5.510172163317658193e-25
-2.142519795668800187e-17 1.213660773773492572e-17 -5.305079501768675394e-25
-2.050904132031817932e-17 1.161763782197908961e-17 -5.078230559952645037e-25
-1.952450234051760927e-17 1.105993169220901486e-17 -4.834449479730131753e-25
-1.848508205949642554e-17 1.047113723901455761e-17 -4.577079250847307108e-25
-1.739667943961764275e-17 9.854596159824490857e-18 -4.307580594282982280e-25
-1.625950061448861826e-17 9.210425103307940754e-18 -4.026004491741435801e-25
-1.507263996348009109e-17 8.538110939515054664e-18 -3.732126666110469001e-25
-1.383897870755730119e-17 7.839286032501966251e-18 -3.426660601560985718e-25
-1.256779477617043061e-17 7.119205869561516509e-18 -3.111903550568290801e-25
-1.127388362499035519e-17 6.386251516487129990e-18 -2.791519041722130112e-25
-9.974021641039212257e-18 5.649926196635049053e-18 -2.469661064082501312e-25
-8.682445726170519379e-18 4.918294622202390292e-18 -2.149854759186293866e-25
-7.405262607835047817e-18 4.194816139652855039e-18 -1.833612281863997575e-25
-6.128943521657905884e-18 3.471827136852446684e-18 -1.517583770327941367e-25
-4.792749835267379655e-18 2.714921224537426307e-18 -1.186729725670328337e-25
-3.237918748919125378e-18 1.834165032515561895e-18 -8.017389861492846218e-26
-1.148773934340618928e-18 6.507392925300355867e-19 -2.844471636497335093e-26
1.963999032202787250e-18 -1.112535166346854596e-18 4.863045428526713449e-26
6.676282541099997261e-18 -3.781875143225036438e-18 1.653110030199902695e-25
1.344525850291555119e-17 -7.616257822623931124e-18 3.329171838746079803e-25
2.235875518885988625e-17 -1.266543455008392659e-17 5.536237015879801025e-25
3.296802853466299316e-17 -1.867520801865419051e-17 8.163192314213295586e-25
4.430268223867164213e-17 -2.509588396962149422e-17 1.096975868363711850e-24
5.506928007485789626e-17 -3.119477660781978572e-17 1.363566890451397548e-24
6.394402513055779845e-17 -3.622200181827543741e-17 1.583313833202245128e-24
6.984240982444110278e-17 -3.956322492528565327e-17 1.729363339555648347e-24
7.208569184964128035e-17 -4.083396293182714717e-17 1.784909107438508286e-24
7.044539925069119347e-17 -3.990479549234349052e-17 1.744293933536467403e-24
6.509321335593961124e-17 -3.687297448008014539e-17 1.611768864036469411e-24
5.649988010335161602e-17 -3.200516151877777620e-17 1.398990030502259654e-24
4.532087341283535078e-17 -2.567265693577181249e-17 1.122187414040338883e-24
3.229286181173622051e-17 -1.829275341355976108e-17 7.996015292715363151e-25
1.815328878341645535e-17 -1.028318872485622635e-17 4.494923856248615210e-25
3.587186152335020776e-18 -2.032011807305034859e-18 8.882208100785595157e-26
-1.080107580455976738e-17 6.118423976918047357e-18 -2.674446817270412479e-25
-2.449842965969264675e-17 1.387748449378523917e-17 -6.066039233152006837e-25
-3.708565273596485887e-17 2.100769536717410084e-17 -9.182753403394858302e-25
-4.823936486129420432e-17 2.732587427686389950e-17 -1.194451696663198497e-24
-5.773646821710684201e-17 3.270564398698634615e-17 -1.429608891786675948e-24
-6.545940535970112622e-17 3.708041047906784146e-17 -1.620836091867789845e-24
-7.139704960765056266e-17 4.044387164535479725e-17 -1.767857770036867431e-24
-7.563461000605394448e-17 4.284429848321610995e-17 -1.872783807612811643e-24
-7.832809406395180559e-17 4.437006302232314784e-17 -1.939477061084989783e-24
-7.966510161568527610e-17 4.512743041096492781e-17 -1.972582601842057574e-24
-7.982156459689081781e-17 4.521605951610761045e-17 -1.976456670362576270e-24
-7.892820004041503167e-17 4.470999961653374961e-17 -1.954336061915743674e-24
-7.705746008387482482e-17 4.365029339780370029e-17 -1.908014820796583719e-24
-7.423316457816925009e-17 4.205043193127337698e-17 -1.838082657281634914e-24
-7.045601576099751733e-17 3.991081150728708265e-17 -1.744556911776873969e-24
-6.573349206785994753e-17 3.723567053495719652e-17 -1.627622783832570681e-24
-6.010354035160367136e-17 3.404650515732168031e-17 -1.488219910595542856e-24
-5.364650740261493686e-17 3.038882717982441512e-17 -1.328337741191450490e-24
-4.648554631635959469e-17 2.633239850654925434e-17 -1.151025645120450933e-24
-3.877953122653198872e-17 2.196721601939522040e-17 -9.602174918771891810e-25
-3.071267237830909980e-17 1.739762898962267680e-17 -7.604745140636685079e-25
-2.248214992658417472e-17 1.273533291408868982e-17 -5.566790823132339711e-25
-1.428382233992419722e-17 8.091273934857639673e-18 -3.536808257712995882e-25
-6.296387190443705977e-18 3.566677899771027714e-18 -1.559044638780878298e-25
1.334530157025294335e-18 -7.559636762437148273e-19 3.304419690968077507e-26
8.508119163956129645e-18 -4.819545090872286588e-18 2.106689778254108851e-25
1.517165012403996843e-17 -8.594196935256048497e-18 3.756642431944196631e-25
2.131386379425443336e-17 -1.207354113473403269e-17 5.277512053041652022e-25
2.695071853979429524e-17 -1.526661752706476536e-17 6.673250026555479624e-25
3.210837989546987942e-17 -1.818824813904036578e-17 7.950335278420343584e-25
3.680847002174154143e-17 -2.085068104098069342e-17 9.114121625363334533e-25
4.105921763497747917e-17 -2.325857747168245560e-17 1.016664654847830779e-24
4.485389193176386051e-17 -2.540812455671770703e-17 1.110624341357639439e-24
4.817558241647142732e-17 -2.728974322519947787e-17 1.192872505770901312e-24
5.100571772815718869e-17 -2.889291361700594499e-17 1.262949305804844349e-24
5.333291856174616618e-17 -3.021118962230157394e-17 1.320572972879507237e-24
5.515914393040594942e-17 -3.124568088682290719e-17 1.365792019370959069e-24
5.650133486907767342e-17 -3.200598392174193125e-17 1.399025926848646265e-24
5.738855373057260739e-17 -3.250856167290298544e-17 1.420994295361638199e-24
5.785622351666849730e-17 -3.277348027827880354e-17 1.432574240721506687e-24
5.793983969671248041e-17 -3.282084589158455255e-17 1.434644659266487642e-24
5.767018498302000277e-17 -3.266809580831007405e-17 1.427967746296252802e-24
5.707094466300244076e-17 -3.232864748022227394e-17 1.413129991400960297e-24
5.615857913615591204e-17 -3.181182480713647925e-17 1.390538976856525299e-24
5.494388863497345635e-17 -3.112374599338223907e-17 1.360462104808955358e-24
5.343478259674056601e-17 -3.026889169482647335e-17 1.323095225641970501e-24
5.163979718339705949e-17 -2.925209680053202891e-17 1.278649713731724192e-24
4.957161761449724593e-17 -2.808054706822011285e-17 1.227439650041332114e-24
4.724954383657329296e-17 -2.676517546432987493e-17 1.169942935709178765e-24
4.469997651809489232e-17 -2.532093678944881611e-17 1.106813264623643744e-24
4.195470676612662497e-17 -2.376583971283896347e-17 1.038837807013706284e-24
3.904767180107527247e-17 -2.211910846078623683e-17 9.668568947560885272e-25
3.601137833190251541e-17 -2.039915678015246473e-17 8.916754219811587870e-25
3.287419004380391359e-17 -1.862205200087875486e-17 8.139957130486719484e-25
2.965926800465328480e-17 -1.680091372390355558e-17 7.343912392071956076e-25
2.638534704010127061e-17 -1.494635462734907377e-17 6.533258915822230368e-25
2.306892528720086778e-17 -1.306772052409576425e-17 5.712081850454978263e-25
1.972697443069173243e-17 -1.117462493595691517e-17 4.884583479140074132e-25
1.637907842101334344e-17 -9.278161669802722747e-18 4.055613108352000293e-25
1.304814167712204820e-17 -7.391305153297608662e-18 3.230842001826415867e-25
9.759405647494488502e-18 -5.528353946091878010e-18 2.416520243277687207e-25
6.538212386927234385e-18 -3.703663328769696188e-18 1.618922640092693259e-25
3.407434114083634718e-18 -1.930189431396872063e-18 8.437125915578525760e-26
3.855740045484151841e-19 -2.184138253654601140e-19 9.547175257284325655e-27
-2.513795720689920267e-18 1.423975398475918114e-18 -6.224393206584697561e-26
-5.281174065914515206e-18 2.991596155657969455e-18 -1.307668084822720960e-25
-7.909298022130960544e-18 4.480334244703298022e-18 -1.958416177341287277e-25
-1.039107346179141262e-17 5.886171176814146829e-18 -2.572926982738454857e-25
-1.271801273663574021e-17 7.204298977085438027e-18 -3.149098915220714254e-25
-1.487974099537054155e-17 8.428840689502002107e-18 -3.684363068114609999e-25
-1.686483490247504573e-17 9.553325364808779516e-18 -4.175890902652614641e-25
-1.866285996334622262e-17 1.057184221587586560e-17 -4.621098744394575968e-25
-2.026701856894097609e-17 1.148054058895833373e-17 -5.018303408776471632e-25
-2.167649815899079049e-17 1.227896031992896057e-17 -5.367303754070008039e-25
-2.289762904880924344e-17 1.297068727428676731e-17 -5.669667185508094809e-25
-2.394338634659506047e-17 1.356307134471352499e-17 -5.928606480284263048e-25
-2.483141963887251046e-17 1.406611046734760316e-17 -6.148491871517654454e-25
-2.558128836701773114e-17 1.449088431052116603e-17 -6.334166374609432602e-25
-2.621170426650912115e-17 1.484799233840357659e-17 -6.490263268503908216e-25
-2.673834791823024707e-17 1.514631704104380142e-17 -6.620665159734425492e-25
-2.717247400957362176e-17 1.539223395028538409e-17 -6.728158800362630560e-25
-2.752031269270401805e-17 1.558927217892078900e-17 -6.814286935648479019e-25
-2.778322402691413068e-17 1.573820204600049521e-17 -6.879386267204942620e-25
-2.795856013914696816e-17 1.583752362158738321e-17 -6.922801157062818022e-25
-2.804111196670086358e-17 1.588428614003603507e-17 -6.943241741037254652e-25
-2.802485135689357290e-17 1.587507513046945037e-17 -6.939215416046287988e-25
-2.790458230471067462e-17 1.580694706616219746e-17 -6.909435696881361921e-25
-2.767714233042528317e-17 1.567811045267191257e-17 -6.853119452734905168e-25
-2.734196081571167747e-17 1.548824213809239876e-17 -6.770125369905203101e-25
-2.690100385120400215e-17 1.523845581342970372e-17 -6.660940316385669460e-25
-2.635830028632773615e-17 1.493103372113666592e-17 -6.526561875557527817e-25
-2.571934722370918926e-17 1.456908966432553698e-17 -6.368351126124296062e-25
-2.499064738181562718e-17 1.415630734691304965e-17 -6.187918207048915376e-25
-2.417946486998980946e-17 1.369680148013636014e-17 -5.987061792508770348e-25
-2.329370180986321039e-17 1.319504825271016961e-17 -5.767738541947269476e-25
-2.234170081620930949e-17 1.265577369001795517e-17 -5.532014194779755455e-25
-2.133184686057266160e-17 1.208372756544842850e-17 -5.281964910838411734e-25
-2.027199766526672801e-17 1.148336101293301464e-17 -5.019536326801017263e-25
-1.916890271016034369e-17 1.085849731749497279e-17 -4.746399700269881390e-25
-1.802780338519848024e-17 1.021210557930556670e-17 -4.463852828071521117e-25
-1.685232624679537811e-17 9.546239988653514522e-18 -4.172793687062288458e-25
-1.564469083707349521e-17 8.862157664365037203e-18 -3.873771870705275224e-25
-1.440621206073621297e-17 8.160603658708184689e-18 -3.567112972811661830e-25
-1.313806330965920145e-17 7.442242635086911477e-18 -3.253107463202286425e-25
-1.184221109147510347e-17 6.708188622194021594e-18 -2.932242293979390357e-25
-1.052232932031126321e-17 5.960522884264899571e-18 -2.605427217190269472e-25
-9.184441167764013679e-18 5.202657200706333572e-18 -2.274153598759468678e-25
-7.837072229910037483e-18 4.439421004103445079e-18 -1.940532456708826769e-25
-6.490828707880165174e-18 3.676822188656118997e-18 -1.607189960105284649e-25
-5.157489053166905112e-18 2.921532844788673583e-18 -1.277042536233535505e-25
-3.848842953663025800e-18 2.180231641504701094e-18 -9.530094909403057406e-26
-2.575568412692486862e-18 1.458967304001423675e-18 -6.377348150682281083e-26
-1.346407392047872608e-18 7.626916526057077633e-19 -3.333830780131645726e-26
-1.677857605919931330e-19 9.504460652043206155e-20 -4.154534268733046666e-27
9.561418732479305230e-19 -5.416202128831560050e-19 2.367496764642965176e-26
2.023177018644038983e-18 -1.146057394908452062e-18 5.009575646572612117e-26
3.032684211787388273e-18 -1.717907147534083806e-18 7.509209968633532773e-26
3.985224465116507376e-18 -2.257487188221540141e-18 9.867788968161929367e-26
4.882200340731514540e-18 -2.765591920131963501e-18 1.208878532273206019e-25
5.725439601995060028e-18 -3.243256727702028992e-18 1.417672445513734974e-25
6.516685574039773153e-18 -3.691469151672661992e-18 1.613592292422601561e-25
7.257076106923891753e-18 -4.110873794409861748e-18 1.796919895749025924e-25
7.946762153706424318e-18 -4.501556194259782705e-18 1.967692643304733165e-25
8.584783652524470610e-18 -4.862972517723643593e-18 2.125672756176508381e-25
9.169236873880501612e-18 -5.194044375181544284e-18 2.270388852749627708e-25
9.697669893294977359e-18 -5.493382819139236336e-18 2.401233800810103437e-25
1.016758775412860594e-17 -5.759574525464624044e-18 2.517589825623242957e-25
1.057696547666848571e-17 -5.991472354147469865e-18 2.618955551058546677e-25
1.092468956840776498e-17 -6.188445563385252873e-18 2.705055291878995644e-25
1.121086475332561654e-17 -6.350553586767892092e-18 2.775914991301888167e-25
1.143692807644912179e-17 -6.478610368976487396e-18 2.831890432625205412e-25
1.160554003637760816e-17 -6.574123024295173952e-18 2.873640345022610340e-25
1.172028088635848909e-17 -6.639119645380518300e-18 2.902051242518682853e-25
1.178521955275480187e-17 -6.675905041177630899e-18 2.918130643910943577e-25
1.180446070794721581e-17 -6.686804431686196984e-18 2.922894917486729579e-25
1.178176935868034690e-17 -6.673950611210408344e-18 2.917276332021732702e-25
1.172033705479692662e-17 -6.639151473362097657e-18 2.902065123497368996e-25
1.162271330693782220e-17 -6.583851112306035743e-18 2.877892564925510953e-25
1.149086645115026109e-17 -6.509164480196625729e-18 2.845246042351703733e-25
1.132629983285830186e-17 -6.415943342667997400e-18 2.804497809546521128e-25
1.113014531529510842e-17 -6.304828948221165687e-18 2.755928135136984652e-25
1.090320775642215163e-17 -6.176276998970090169e-18 2.699736248170949109e-25
1.064599829731705413e-17 -6.030577002516452961e-18 2.636048755303481726e-25
1.035882356409291400e-17 -5.867902750250636669e-18 2.564941625668118776e-25
1.004194340477945978e-17 -5.688401433356860227e-18 2.486479141838086115e-25
9.695632004229187338e-18 -5.492228496598778339e-18 2.400729213636607004e-25
9.319707981121599169e-18 -5.279280991542291103e-18 2.307646908436981850e-25
8.911734480132968966e-18 -5.048178574477287451e-18 2.206628831877019589e-25
8.462822594280170231e-18 -4.793886135127318879e-18 2.095474080491195403e-25
7.950380753707567911e-18 -4.503606177539791772e-18 1.968588704359500193e-25
7.328802317370887510e-18 -4.151504244401251996e-18 1.814680065090116221e-25
6.521755078228091788e-18 -3.694340883953345879e-18 1.614847633654854198e-25
5.421874382325401277e-18 -3.071297816658301526e-18 1.342506869982129475e-25
3.903090995404131244e-18 -2.210961382113825736e-18 9.664418659948521448e-26
1.846612215802053968e-18 -1.046039754392317150e-18 4.572384606171495118e-26
-8.246676965997542800e-19 4.671447285862043431e-19 -2.041954498919739592e-26
-4.113453805955819496e-18 2.330124312745118307e-18 -1.018529647833838868e-25
-7.927848935927824671e-18 4.490842541506664628e-18 -1.963009535957776915e-25
-1.208054266416366443e-17 6.843194952986001686e-18 -2.991255355705045413e-25
-1.630782949962837164e-17 9.237801880734474818e-18 -4.037971222899742067e-25
-2.030303115067266017e-17 1.150094082208976563e-17 -5.027220589487787900e-25
-2.375580228901362646e-17 1.345681237374223124e-17 -5.882159016687989573e-25
-2.638889470069900884e-17 1.494836546917444394e-17 -6.534137395264902177e-25
-2.798627885546702169e-17 1.585322654614536302e-17 -6.929664529281883824e-25
-2.840971091313713899e-17 1.609308488843213779e-17 -7.034509731417558357e-25
-2.760375785436693374e-17 1.563654060426971259e-17 -6.834948003933062277e-25
-2.559132121476934522e-17 1.449656723187588196e-17 -6.336650195504017039e-25
-2.246267591472375024e-17 1.272430130887984989e-17 -5.561968338969797987e-25
-1.836105172281797341e-17 1.040087780500048659e-17 -4.546367797327035789e-25
-1.346720808277833275e-17 7.628690460036760397e-18 -3.334606766665969290e-25
-7.984633063177815253e-18 4.523007106629170091e-18 -1.977070099481407892e-25
-2.126182417956805292e-18 1.204403841569977806e-18 -5.264627175685058477e-26
3.897509992915113863e-18 -2.207801316449910279e-18 9.650597197338570273e-26
9.887646214187233134e-18 -5.600997819297707731e-18 2.448273180276535941e-25
1.566487124053131749e-17 -8.873589480742114992e-18 3.878768289896390406e-25
2.107487030064667560e-17 -1.193816023825141125e-17 5.218334976643520200e-25
2.599171741435200957e-17 -1.472337701859214830e-17 6.435792289619017902e-25
3.031906269747830655e-17 -1.717466341694230216e-17 7.507283374732293971e-25
3.398954056470821273e-17 -1.925385828978925932e-17 8.416128181253798704e-25
3.696269952793215720e-17 -2.093804660111628043e-17 9.152310242478026964e-25
3.922188952172858254e-17 -2.221779675998727507e-17 9.711706515518292532e-25
4.077057506685971113e-17 -2.309507107183947646e-17 1.009517521267333642e-24
4.162851707162174412e-17 -2.358106416430594681e-17 1.030761010928816506e-24
4.182819041140513005e-17 -2.369417205995999510e-17 1.035705174254304308e-24
4.141166950366419265e-17 -2.345822821991952361e-17 1.025391724267685299e-24
4.042809150815528885e-17 -2.290106639183532541e-17 1.001037367090855026e-24
3.893161569635959060e-17 -2.205336564091551846e-17 9.639831839967650799e-25
3.697974176466174392e-17 -2.094769891985097125e-17 9.156529585993517843e-25
3.463183897281734651e-17 -1.961769703049153851e-17 8.575167233214842932e-25
3.194776723727082621e-17 -1.809726673149198315e-17 7.910566247380491537e-25
2.898656242985814305e-17 -1.641984968024498470e-17 7.177344351238791372e-25
2.580521477609239155e-17 -1.461772947929456664e-17 6.389612657080188112e-25
2.245759607948492400e-17 -1.272142345198826366e-17 5.560710689854988376e-25
1.899364580625607548e-17 -1.075922038623448361e-17 4.703004277404444327e-25
1.545893763296977752e-17 -8.756934743609714728e-18 3.827777458207394416e-25
1.189464803301709942e-17 -6.737892212594723930e-18 2.945226069069854745e-25
8.337944332073097544e-18 -4.723147030721801322e-18 2.064553180821687309e-25
4.822781462271633320e-18 -2.731933013149437833e-18 1.194166104832205189e-25
1.380931084370951216e-18 -7.822480225794258979e-19 3.419317920018038690e-26
-1.957098090637866967e-18 1.108626098311243385e-18 -4.845955958478426790e-26
-5.161671222984488230e-18 2.923902212117071584e-18 -1.278078073799647877e-25
-8.204472637180766785e-18 4.647540277628764009e-18 -2.031504168126261127e-25
-1.105980144967288552e-17 6.264981767817468394e-18 -2.738510098241210358e-25
-1.370638424877897900e-17 7.764176163750312304e-18 -3.393828634235286501e-25
-1.612915605383991890e-17 9.136589760490379760e-18 -3.993729679056382107e-25
-1.832046595719974003e-17 1.037788833675159229e-17 -4.536318687673340456e-25
-2.028031257084266974e-17 1.148807132990785213e-17 -5.021595196299013180e-25
-2.201551185542566064e-17 1.247099974070223332e-17 -5.451246763781454830e-25
-2.353801811041429665e-17 1.333344485068908233e-17 -5.828233485771277034e-25
-2.486278979193646195e-17 1.408388028740626673e-17 -6.156259320954278454e-25
-2.600559739983569330e-17 1.473123975853684096e-17 -6.439229171424687104e-25
-2.698107859145684881e-17 1.528381500462807966e-17 -6.680767474373636856e-25
-2.780122209980868592e-17 1.574839706067836581e-17 -6.883842672887989716e-25
-2.847438011516409388e-17 1.612971691913125314e-17 -7.050522890039340065e-25
-2.900487890371417539e-17 1.643022539206979477e-17 -7.181879369874098320e-25
-2.939326199202290513e-17 1.665023050512991542e-17 -7.278046642491767324e-25
-2.963713731428607931e-17 1.678837722029909254e-17 -7.338432472746980626e-25
-2.973251972014938191e-17 1.684240791940845515e-17 -7.362050057357261410e-25
