-3.188893361400305863e-35 -9.399568236787244660e-35 4.108682164001441605e-42
-1.317374286055651956e-27 -3.883086904430376705e-27 1.697351279003694384e-34
-2.224906873749531683e-24 -6.558126287686847850e-24 2.866648261862905299e-31
-2.748056870352153859e-22 -8.100161182599344941e-22 3.540693187066039171e-29
-6.133153750201455297e-21 -1.807805908383491763e-20 7.902171246813729236e-28
-4.061161236426050208e-20 -1.197066240692278067e-19 5.232543198919411979e-27
-1.134742385019261387e-19 -3.344762064432973882e-19 1.462042087623516635e-26
-1.676109283139353094e-19 -4.940492971788638989e-19 2.159558326607322675e-26
-1.584411312904501512e-19 -4.670204456839817425e-19 2.041411447914614635e-26
-1.156356611266791910e-19 -3.408472264678474468e-19 1.489890656567858533e-26
-7.636182855503393809e-20 -2.250838491867310409e-19 9.838727153181619688e-27
-5.384322451130892292e-20 -1.587080905242487348e-19 6.937350067471374618e-27
-4.002665698651501061e-20 -1.179824037418945714e-19 5.157174172232771862e-27
-2.416647795700137647e-20 -7.123299077365126279e-20 3.113693016364135332e-27
-6.004296398944158147e-21 -1.769822592037601913e-20 7.736139494597357417e-28
1.220053500617888838e-20 3.596225619776776841e-20 -1.571960838235461785e-27
2.788341597594839116e-20 8.218905820814113657e-20 -3.592598245988167997e-27
4.186663919897628875e-20 1.234059428113519838e-19 -5.394244734862313856e-27
5.538692720165236189e-20 1.632582783853564459e-19 -7.136245465677974292e-27
6.872098960598065079e-20 2.025617100958436814e-19 -8.854253290599905284e-27
8.208317895302559433e-20 2.419480567931867744e-19 -1.057588545326724998e-26
9.488330652968500760e-20 2.796776669170496427e-19 -1.222509971234804255e-26
1.073199044234922118e-19 3.163357288539425151e-19 -1.382747568514720794e-26
1.193196353895631669e-19 3.517060828634987341e-19 -1.537356379043282656e-26
1.308592958968055902e-19 3.857203345071148392e-19 -1.686037388794607865e-26
1.418774797724843420e-19 4.181974880082405680e-19 -1.827999458999156930e-26
1.520502233725325821e-19 4.481826280929957853e-19 -1.959068583873953577e-26
1.612751192238438335e-19 4.753738887971155386e-19 -2.077925361033517294e-26
1.692463509093870361e-19 4.988698566735366381e-19 -2.180629537557047025e-26
1.757829840961495500e-19 5.181372101361262162e-19 -2.264849832247765188e-26
1.806509705406996531e-19 5.324860658809406695e-19 -2.327570670374463867e-26
1.836128365561149667e-19 5.412164522446548622e-19 -2.365732374814782943e-26
1.845229626847727215e-19 5.438991352787170928e-19 -2.377458742049272455e-26
1.832010244561846382e-19 5.400025909585607509e-19 -2.360426410384989679e-26
1.795822434895526065e-19 5.293358874045744213e-19 -2.313800753560382031e-26
1.736044589993226922e-19 5.117157935625788435e-19 -2.236780889439586928e-26
1.652796084744133333e-19 4.871775074332317786e-19 -2.129520663729891842e-26
1.546784741849811389e-19 4.559296659431509372e-19 -1.992932004223469275e-26
1.419081052285055761e-19 4.182877862630922373e-19 -1.828394141436068676e-26
1.271507382815273969e-19 3.747890193990167516e-19 -1.638255031723346628e-26
1.106093238526451424e-19 3.260316178587709869e-19 -1.425129592092655184e-26
9.254072747853812853e-20 2.727727305533527061e-19 -1.192327418850922234e-26
7.321243789185871563e-20 2.158007495852199398e-19 -9.432948420891937374e-27
5.276174648185384608e-20 1.555203393365651775e-19 -6.798008094583405212e-27
3.065490235376241272e-20 9.035823831177783801e-20 -3.949684173148498666e-27
5.425319126972298610e-21 1.599160506823049822e-20 -6.990171084828003668e-28
-2.340596461757018204e-20 -6.899133754645964409e-20 3.015705618370016444e-27
-5.317185717546370915e-20 -1.567291482806944310e-19 6.850848666924847986e-27
-7.982478745445445518e-20 -2.352912423377504513e-19 1.028490800031118269e-26
-1.013585923973479839e-19 -2.987642677477462066e-19 1.305940108325043047e-26
-1.184284914221975511e-19 -3.490794739506880488e-19 1.525874881444733589e-26
-1.326670374193858598e-19 -3.910489238822180574e-19 1.709329381223251797e-26
-1.451327233515228859e-19 -4.277926675373220566e-19 1.869941308005770950e-26
-1.560616032077450930e-19 -4.600065554790539067e-19 2.010752311300704665e-26
-1.654156426193148516e-19 -4.875784847707621295e-19 2.131273003387035373e-26
-1.733458783080735616e-19 -5.109535525785648220e-19 2.233449216427384292e-26
-1.801891670579784972e-19 -5.311247089309032206e-19 2.321620429062555315e-26
-1.861476089473943490e-19 -5.486877932552518184e-19 2.398390863003668345e-26
-1.910902793165939231e-19 -5.632568970522030097e-19 2.462074185491614640e-26
-1.945584979882322225e-19 -5.734799490554548102e-19 2.506760409163362870e-26
-1.961909415804025643e-19 -5.782918066164113116e-19 2.527793920946673741e-26
-1.963725900983234987e-19 -5.788271762947136437e-19 2.530134472443610048e-26
-1.960770691611948694e-19 -5.779559951065858657e-19 2.526326402409431267e-26
-1.960109540511429049e-19 -5.777610258628390505e-19 2.525473935045674194e-26
-1.961940555769186336e-19 -5.783006698601251901e-19 2.527832565052817243e-26
-1.962288163274297870e-19 -5.784030855842157531e-19 2.528280183838681964e-26
-1.957220695721744507e-19 -5.769094411432804275e-19 2.521751334293400521e-26
-1.944445579704995515e-19 -5.731440189348557936e-19 2.505292191196983353e-26
-1.923113729449782096e-19 -5.668563987695547196e-19 2.477808168309867259e-26
-1.894176701184469472e-19 -5.583269187567307497e-19 2.440524764198575365e-26
-1.859974601451783546e-19 -5.482454344574810315e-19 2.396457203824995748e-26
-1.822319876634171825e-19 -5.371463066480876111e-19 2.347941131019547560e-26
-1.781783234460981554e-19 -5.251977264210909733e-19 2.295712098921098826e-26
-1.738466354373019058e-19 -5.124295820091816102e-19 2.239900800303876805e-26
-1.691937653914597307e-19 -4.987147145446172585e-19 2.179951231622397779e-26
-1.640713537310268628e-19 -4.836159475451356849e-19 2.113952494113343516e-26
-1.584285931642402660e-19 -4.669834704896932220e-19 2.041249786249441978e-26
-1.530446827611573071e-19 -4.511138865254476422e-19 1.971881791525634537e-26
-1.507068571133807483e-19 -4.442228719451847903e-19 1.941760314901121639e-26
-1.559310058128454257e-19 -4.596215469606631451e-19 2.009070059793603859e-26
-1.710910189897421589e-19 -5.043071861101943920e-19 2.204396875563460407e-26
-1.925663010340732086e-19 -5.676077035532012369e-19 2.481091866950177063e-26
-2.128351895163696620e-19 -6.273522075200483860e-19 2.742243551330304586e-26
-2.267667104772545823e-19 -6.684166660418875071e-19 2.921742498371180243e-26
-2.347518534380409886e-19 -6.919536018106659833e-19 3.024626087186126515e-26
-2.396085785685807493e-19 -7.062692422473091572e-19 3.087201621031855107e-26
-2.421814978027812319e-19 -7.138532184919883439e-19 3.120351674843928199e-26
-2.409590764757391166e-19 -7.102500862699907923e-19 3.104601381121344726e-26
-2.342014069683588798e-19 -6.903312031267052219e-19 3.017533022346831297e-26
-2.210637965850586145e-19 -6.516067805826911545e-19 2.848263348773342240e-26
-2.013718682897730394e-19 -5.935628893266039966e-19 2.594545590517051764e-26
-1.751425536313195853e-19 -5.162494621497387668e-19 2.256597900274017710e-26
-1.423689355299671331e-19 -4.196461071943027603e-19 1.834331228613994938e-26
-1.031983319756030922e-19 -3.041870139716056044e-19 1.329643513658401990e-26
-5.885049341196681732e-20 -1.734674985040286990e-19 7.582503731609100287e-27
-1.259676899532235782e-20 -3.713020441207970886e-20 1.623010870578329132e-27
3.104437485171731236e-20 9.150625783748786434e-20 -3.999867770492059124e-27
6.865332004457012310e-20 2.023622249827796424e-19 -8.845536471451915544e-27
9.943278596533389143e-20 2.930876276398424944e-19 -1.281127049216818640e-26
1.250984737854495867e-19 3.687396901323425499e-19 -1.611812707163466317e-26
1.489138718808117446e-19 4.389378733839918862e-19 -1.918658633552238451e-26
1.745348818125199965e-19 5.144582919448765061e-19 -2.248768774685334300e-26
2.051617184162805950e-19 6.047338554200859650e-19 -2.643375765225450062e-26
2.427191009349950420e-19 7.154378452754663501e-19 -3.127278307352757341e-26
2.865882131066964133e-19 8.447462591380822705e-19 -3.692503378336502038e-26
3.330669387346430971e-19 9.817467647701434073e-19 -4.291351625315377173e-26
3.770115945197925802e-19 1.111277857757644584e-18 -4.857550024553009843e-26
4.145230408805267553e-19 1.221846451444403289e-18 -5.340860695809047148e-26
4.440671037089054942e-19 1.308930416170077318e-18 -5.721516806598496287e-26
4.654243957665791986e-19 1.371883084131306620e-18 -5.996691675837827983e-26
4.785164487825145421e-19 1.410473171094915656e-18 -6.165374270344253387e-26
4.837398279640142207e-19 1.425869580468442961e-18 -6.232674127099393823e-26
4.827201513928672462e-19 1.422863989005966235e-18 -6.219536244418493613e-26
4.778187671862884119e-19 1.408416695420226268e-18 -6.156385076263409035e-26
4.707251539916986738e-19 1.387507582901767442e-18 -6.064988490781608219e-26
4.616307872172431365e-19 1.360701067779846588e-18 -5.947813477860417126e-26
4.497227961182553448e-19 1.325601124891413883e-18 -5.794386736417537266e-26
4.343925119274939544e-19 1.280413639626455158e-18 -5.596865948484918096e-26
4.159728434630692355e-19 1.226119898929713160e-18 -5.359540446986527459e-26
3.954281771563276796e-19 1.165562516529602854e-18 -5.094835749262490195e-26
3.735983601255416269e-19 1.101217037521417791e-18 -4.813572704747569868e-26
3.509537903802500513e-19 1.034470001211807613e-18 -4.521812110186247932e-26
3.279367445141097167e-19 9.666250508279910479e-19 -4.225252419829770430e-26
3.052062358517515492e-19 8.996246919710097707e-19 -3.932384534492855586e-26
2.833103575845477580e-19 8.350844761602181780e-19 -3.650270261200715044e-26
2.619474554578367125e-19 7.721152723620567343e-19 -3.375023100079467481e-26
2.394950710419692396e-19 7.059347301925360375e-19 -3.085738745956851034e-26
2.135458658855127561e-19 6.294469646345360927e-19 -2.751400068800518128e-26
1.824635489401170431e-19 5.378288511665815990e-19 -2.350924546748823825e-26
1.467985509100689075e-19 4.327028311061224614e-19 -1.891404104774854888e-26
1.091746569382802616e-19 3.218027779656467464e-19 -1.406644581617260386e-26
7.271075603119769491e-20 2.143219357839072888e-19 -9.368309158635796291e-27
3.948142669557157010e-20 1.163753050148056262e-19 -5.086925556510172346e-27
1.009090710487147003e-20 2.974393415028456872e-20 -1.300147425773609509e-27
-1.596452689424065992e-20 -4.705696228858409755e-20 2.056926181369625609e-27
-3.980211108171532246e-20 -1.173205420977071825e-19 5.128244111706128063e-27
-6.259143642307004830e-20 -1.844942737837470810e-19 8.064500876370598009e-27
-8.497213514912845811e-20 -2.504635385039229550e-19 1.094810905969499540e-26
-1.068035761057525318e-19 -3.148138039025181502e-19 1.376094876620043009e-26
-1.273542802583012796e-19 -3.753889657547187202e-19 1.640877385526883867e-26
-1.457181406161691068e-19 -4.295181973799363902e-19 1.877483826144347575e-26
-1.612603566165527310e-19 -4.753303758431755834e-19 2.077735191717055985e-26
-1.738864846136776785e-19 -5.125470878727056897e-19 2.240414642828860474e-26
-1.838836687007054660e-19 -5.420147046611571185e-19 2.369221832132425195e-26
-1.913782147823323940e-19 -5.641055898436940342e-19 2.465784181520004301e-26
-1.960542211979433565e-19 -5.778886024784704652e-19 2.526031481771367075e-26
-1.977348269893256075e-19 -5.828423846501991142e-19 2.547685005902229123e-26
-1.971379856400462781e-19 -5.810831520583420533e-19 2.539995199677803151e-26
-1.955865705825471455e-19 -5.765102139328346949e-19 2.520006319125578161e-26
-1.939328057615138195e-19 -5.716355858688514329e-19 2.498698602655246028e-26
-1.919947767973682108e-19 -5.659230485674635165e-19 2.473728267916333373e-26
-1.890346932582160344e-19 -5.571979102836812731e-19 2.435589495422292401e-26
-1.846764663338583372e-19 -5.443516269513849530e-19 2.379436591474315301e-26
-1.793886782347824167e-19 -5.287653831840200158e-19 2.311306799200193827e-26
-1.742057504692996218e-19 -5.134882128482033176e-19 2.244528079792439009e-26
-1.700416922057662867e-19 -5.012142343778010120e-19 2.190876917189685511e-26
-1.672079530975626070e-19 -4.928615037626332017e-19 2.154366080017071127e-26
-1.654360223309964820e-19 -4.876385716143170524e-19 2.131535922408387786e-26
-1.642286103203131566e-19 -4.840796070603050161e-19 2.115979197440747893e-26
-1.631798092038910643e-19 -4.809881538112678430e-19 2.102466146367347612e-26
-1.620513817449539725e-19 -4.776619945450262945e-19 2.087927108848251106e-26
-1.606990445651915307e-19 -4.736758372197285634e-19 2.070503023968825312e-26
-1.590742401802286506e-19 -4.688865720898582541e-19 2.049568413402024521e-26
-1.573102476254088357e-19 -4.636870608420214576e-19 2.026840563605070588e-26
-1.556882189216444285e-19 -4.589059955896275326e-19 2.005941799724701848e-26
-1.544021008062583968e-19 -4.551150527448893785e-19 1.989370959378694110e-26
-1.533245905099060927e-19 -4.519389856799401133e-19 1.975487983418010494e-26
-1.520264036560505684e-19 -4.481124250191126292e-19 1.958761712107808950e-26
-1.500382053092892609e-19 -4.422520008363958244e-19 1.933144996488019070e-26
-1.471015446751360956e-19 -4.335959069057897613e-19 1.895307964603751738e-26
-1.432219771485144118e-19 -4.221604795203762908e-19 1.845322133633051224e-26
-1.385685470700778281e-19 -4.084440038450381706e-19 1.785365588053230601e-26
-1.333621027160863917e-19 -3.930975183905777535e-19 1.718284037720189996e-26
-1.278251938637217225e-19 -3.767770200626827277e-19 1.646944775751763136e-26
-1.221643950546871075e-19 -3.600913302021425867e-19 1.574009136188076217e-26
-1.165233607559971655e-19 -3.434638347389248120e-19 1.501328042368288100e-26
-1.109182573877786701e-19 -3.269422154845255614e-19 1.429109949416890351e-26
-1.052848554406965810e-19 -3.103372087167107302e-19 1.356527313272462099e-26
-9.970473990060682031e-20 -2.938893065701806757e-19 1.284631198738369880e-26
-9.456220617540484422e-20 -2.787312317648117484e-19 1.218372942024377957e-26
-9.029955961059070107e-20 -2.661666932077517685e-19 1.163451353888233641e-26
-8.693020693734946858e-20 -2.562352058825344193e-19 1.120039351573340460e-26
-8.385986160073421530e-20 -2.471850358731994640e-19 1.080480016945380585e-26
-8.022380642716640718e-20 -2.364673496984519829e-19 1.033631856615183368e-26
-7.538412732988550237e-20 -2.222018845595524775e-19 9.712756045969379129e-27
-6.915189826061577752e-20 -2.038317856134141713e-19 8.909772657955027878e-27
-6.165964088326804850e-20 -1.817476727337148138e-19 7.944444221817249340e-27
-5.313165497831507879e-20 -1.566106380273959490e-19 6.845668199890110328e-27
-4.379462349132440660e-20 -1.290888273062506981e-19 5.642652455835430600e-27
-3.393811070155873915e-20 -1.000357855664571284e-19 4.372705859983648654e-27
-2.395477884010978106e-20 -7.060896263123999014e-20 3.086419120363922226e-27
-1.422560229886894231e-20 -4.193132188490395425e-20 1.832878056392157362e-27
-4.900331565017168460e-21 -1.444422816475546172e-20 6.313764523695259272e-28
4.200473212166699741e-21 1.238123418410188747e-20 -5.412039380178618669e-28
1.336743879274618280e-20 3.940172641358314419e-20 -1.722306993918866085e-27
2.259661346490296228e-20 6.660562510355550225e-20 -2.911424058099337915e-27
3.135520765723046317e-20 9.242247826846291617e-20 -4.039911793082381162e-27
3.869693658828760392e-20 1.140630069654808010e-19 -4.985848617833270728e-27
4.364130697651508720e-20 1.286370234167483709e-19 -5.622900524238523828e-27
4.564499413585716992e-20 1.345430130582661746e-19 -5.881062717471807958e-27
4.493249388870678753e-20 1.324428060041245244e-19 -5.789261704735035634e-27
4.246914573755531338e-20 1.251818392881939530e-19 -5.471875342255812644e-27
3.958233188671248789e-20 1.166726680413453517e-19 -5.099927724869897342e-27
3.746350366992757575e-20 1.104272260123578615e-19 -4.826929750288227089e-27
3.680920447846704217e-20 1.084986349581449398e-19 -4.742627668159204085e-27
3.773027127686321652e-20 1.112136045039537619e-19 -4.861302853582588169e-27
3.989112579795674118e-20 1.175829565846164706e-19 -5.139716726518155851e-27
4.273224271486083500e-20 1.259574024596708404e-19 -5.505774790355386423e-27
4.564553659122828044e-20 1.345446028116317891e-19 -5.881130717519322959e-27
4.808282108356085181e-20 1.417287548693183118e-19 -6.195158859761068750e-27
4.969366831223243004e-20 1.464769016425693704e-19 -6.402706456317462463e-27
5.056338450395779764e-20 1.490404405846554988e-19 -6.514761584334864644e-27
5.139529356172720865e-20 1.514925109960926120e-19 -6.621946123964930391e-27
5.333433352350815260e-20 1.572079970397027124e-19 -6.871780628574649220e-27
5.736927656575605617e-20 1.691014218113212293e-19 -7.391658535595500907e-27
6.370333043127830661e-20 1.877717483181030462e-19 -8.207761373696547083e-27
7.159523965758208393e-20 2.110339570146334763e-19 -9.224584569237449477e-27
7.977614245831810931e-20 2.351478770053391983e-19 -1.027864066844863627e-26
8.708301332460199996e-20 2.566854540257671603e-19 -1.122008081532844199e-26
9.286797297412637019e-20 2.737371404594226812e-19 -1.196543306743909179e-26
9.703609439038123574e-20 2.860231376160717434e-19 -1.250246976055599181e-26
9.985687472288023396e-20 2.943377033176894417e-19 -1.286591339074403215e-26
1.017492276951819632e-19 2.999156153263451068e-19 -1.310973448430847685e-26
1.031331006943741358e-19 3.039947233751029058e-19 -1.328803754863434424e-26
1.043136264705621181e-19 3.074744186823915097e-19 -1.344013897460578085e-26
1.053368386296655717e-19 3.104904335970202511e-19 -1.357197173800846535e-26
1.058729517054757124e-19 3.120707301981827868e-19 -1.364104389574951254e-26
1.052891307282160289e-19 3.103498854781304969e-19 -1.356581931598797286e-26
1.029747439878591971e-19 3.035279166936774427e-19 -1.326762273384228263e-26
9.873613789395848388e-20 2.910341211191141628e-19 -1.272150525985241343e-26
9.296211915378780530e-20 2.740146724862915441e-19 -1.197756315481065243e-26
8.644205167217147391e-20 2.547962690604014220e-19 -1.113749805215275685e-26
8.000479293199003691e-20 2.358218768455478292e-19 -1.030810120380817935e-26
7.422295263950162165e-20 2.187793338672403422e-19 -9.563150632682016753e-27
6.929161055119136204e-20 2.042437614065414427e-19 -8.927781321398002578e-27
6.507561931668274972e-20 1.918167024721586619e-19 -8.384579382946317458e-27
6.128451423276740422e-20 1.806420217597914990e-19 -7.896118419298970049e-27
5.768739505124351218e-20 1.700391972722850026e-19 -7.432646568380628234e-27
5.425410910450941006e-20 1.599192696141997061e-19 -6.990285251497048779e-27
5.116686855096661781e-20 1.508192776608976694e-19 -6.592514622934706614e-27
4.872708571106535037e-20 1.436277881731413498e-19 -6.278167157887487344e-27
4.721782151802916730e-20 1.391792342946886503e-19 -6.083715204631275834e-27
4.677173195676061666e-20 1.378644477966089231e-19 -6.026244739194545327e-27
4.727526461487635942e-20 1.393484803436369860e-19 -6.091116803821328180e-27
4.836312530987561038e-20 1.425547787912981199e-19 -6.231271151381749056e-27
4.959343347979497142e-20 1.461811765408261915e-19 -6.389783034990621539e-27
5.079694438625415804e-20 1.497287905443671247e-19 -6.544850739948211785e-27
5.234846451384933048e-20 1.543021917738820182e-19 -6.744759871989171827e-27
5.507467428302170085e-20 1.623379089284389007e-19 -7.096014060993277967e-27
5.984139601146206856e-20 1.763881557860885053e-19 -7.710172487321933485e-27
6.713613234159862852e-20 1.978900686874314590e-19 -8.650053162222847869e-27
7.689224484149479903e-20 2.266471803485232905e-19 -9.907066371286788303e-27
8.856178158425904948e-20 2.610443307432403703e-19 -1.141060892782194080e-26
1.013011687683594662e-19 2.985949976219242770e-19 -1.305199719837817790e-26
1.141578470412909276e-19 3.364913003978633757e-19 -1.470849568326855029e-26
1.262196710280986707e-19 3.720445817223264835e-19 -1.626257851753195981e-26
1.367181436200108793e-19 4.029897874136514611e-19 -1.761524027058678211e-26
1.450712542827802884e-19 4.276114500463567933e-19 -1.869149340897231075e-26
1.508594613015767775e-19 4.446728630505610947e-19 -1.943727408924689785e-26
1.537647738705504501e-19 4.532365553183447371e-19 -1.981160752229475083e-26
1.535266810325617248e-19 4.525346228071121354e-19 -1.978092705954961202e-26
1.499472627480103933e-19 4.419838913187162388e-19 -1.931973460526060784e-26
1.429373639001696065e-19 4.213215893112546828e-19 -1.841655188949925454e-26
1.325781236592215577e-19 3.907867815819540306e-19 -1.708183315975707872e-26
1.191733201384019732e-19 3.512748257320768192e-19 -1.535471288000844186e-26
1.032633897464304777e-19 3.043787574210181707e-19 -1.330482098684523619e-26
8.556446010378458897e-20 2.522094685281428795e-19 -1.102442563426539324e-26
6.681754022724008915e-20 1.969510705695858012e-19 -8.609004365328166334e-27
4.759427173795488761e-20 1.402885624654659914e-19 -6.132213061607128176e-27
2.815401866182449751e-20 8.298654219829579935e-20 -3.627465442903034190e-27
8.426851155870051299e-21 2.483883193970952932e-20 -1.085744201344604189e-27
-1.187333011969638115e-20 -3.499792817785775468e-20 1.529809927444817553e-27
-3.305953278200605455e-20 -9.744631244218777578e-20 4.259518555576202628e-27
-5.528423932433082034e-20 -1.629556937347558177e-19 7.123026045460445045e-27
-7.842614161167950168e-20 -2.311685612303311254e-19 1.010470492760179026e-26
-1.020788247549658012e-19 -3.008871245785794212e-19 1.315219526878751421e-26
-1.256057652522320290e-19 -3.702351024413055214e-19 1.618348760297397318e-26
-1.482061731965616495e-19 -4.368519979626889973e-19 1.909540414943400658e-26
-1.689898533737789579e-19 -4.981138496742344679e-19 2.177324629120104490e-26
-1.871197775745805207e-19 -5.515534668343373381e-19 2.410916861477778484e-26
-2.020328456912780780e-19 -5.955111282523775908e-19 2.603062082015476146e-26
-2.136190670034763777e-19 -6.296626208318246610e-19 2.752343332696853233e-26
-2.222133049749405208e-19 -6.549950165090664908e-19 2.863074849520635603e-26
-2.283966990134870261e-19 -6.732212064647751307e-19 2.942743647280238986e-26
-2.327498107365736870e-19 -6.860523807824750401e-19 2.998830259240667123e-26
-2.356959099686312303e-19 -6.947362166198293620e-19 3.036788630420832454e-26
-2.374689798549254632e-19 -6.999624768534259388e-19 3.059633647046155412e-26
-2.381612528769548314e-19 -7.020030517847181558e-19 3.068553725278972697e-26
-2.377934364356569403e-19 -7.009189114415620149e-19 3.063814879030358837e-26
-2.363782518346569718e-19 -6.967475101789413485e-19 3.045580677639097593e-26
-2.339708510984243641e-19 -6.896514528515302869e-19 3.014562227468004144e-26
-2.307000399069310098e-19 -6.800104674967993932e-19 2.972419777635418642e-26
-2.267647163501049124e-19 -6.684107883423008907e-19 2.921715970216450033e-26
-2.223736889859643513e-19 -6.554678493691126095e-19 2.865140699571538562e-26
-2.176317256133280853e-19 -6.414904546760365875e-19 2.804043645159205749e-26
-2.124304656159375726e-19 -6.261592040522073821e-19 2.737028572190150706e-26
-2.064209156453916326e-19 -6.084454511898099495e-19 2.659599264380788352e-26
-1.990965833054049539e-19 -5.868562177852475516e-19 2.565229986803714594e-26
-1.899618735305161777e-19 -5.599307229186100552e-19 2.447535240406062253e-26
-1.787340364223401553e-19 -5.268356365591462001e-19 2.302872072194703365e-26
-1.654996886312739294e-19 -4.878262340847392382e-19 2.132356446733246709e-26
-1.507343524473095725e-19 -4.443040544893111187e-19 1.942114792556375279e-26
-1.351552830280576035e-19 -3.983832368733800810e-19 1.741388319611832187e-26
-1.194825097004276634e-19 -3.521861622391347506e-19 1.539454394200178470e-26
-1.042366511632260273e-19 -3.072474576170626993e-19 1.343021170683024074e-26
-8.966442150483478820e-20 -2.642944365145201668e-19 1.155267747794934444e-26
-7.578870655290939854e-20 -2.233944897844194495e-19 9.764886179865714343e-27
-6.250937474572701845e-20 -1.842523857870877552e-19 8.053931112832924883e-27
-4.968193189508835695e-20 -1.464422596570402521e-19 6.401197160417531293e-27
-3.715901770425868978e-20 -1.095297655580868476e-19 4.787699929944610796e-27
-2.483789393669159579e-20 -7.321208988610930103e-20 3.200202449658938546e-27
-1.274871582792558969e-20 -3.757810654151653773e-20 1.642589767767144902e-27
-1.138173237027787329e-21 -3.354929646607054396e-21 1.466456490306115745e-28
9.553323648884599838e-21 2.815929542401461237e-20 -1.230885506205014112e-27
1.886187642411978977e-20 5.559716881244348733e-20 -2.430231717661584073e-27
2.652597408960141401e-20 7.818782587715117029e-20 -3.417698204103485414e-27
3.260730487077626802e-20 9.611311814829692928e-20 -4.201237227275887120e-27
3.742975951449397185e-20 1.103277848432328891e-19 -4.822582728516473049e-27
4.141083125221027055e-20 1.220623949543895731e-19 -5.335520371146657564e-27
4.491118189033347019e-20 1.323800064642843154e-19 -5.786515823132527627e-27
4.816937934195621088e-20 1.419838455130870171e-19 -6.206310372248751617e-27
5.130809139286268542e-20 1.512354747521878813e-19 -6.610710932077584998e-27
5.436635464832074447e-20 1.602499871219930795e-19 -7.004748438137514044e-27
5.733425077030479824e-20 1.689981961796424738e-19 -7.387145220563597858e-27
6.019479886312377201e-20 1.774299831212777594e-19 -7.755709672340996942e-27
6.297898450004802028e-20 1.856366082680042738e-19 -8.114432156451635295e-27
6.581101117092918640e-20 1.939842033991552335e-19 -8.479319150240332029e-27
6.890195873301391829e-20 2.030950294561299363e-19 -8.877568480430169557e-27
7.247484939882581116e-20 2.136264881423066165e-19 -9.337912458269515427e-27
7.666000903590637819e-20 2.259626879493350150e-19 -9.877143244472535640e-27
8.143084429222727420e-20 2.400252162839331215e-19 -1.049183544362940680e-26
8.661826783986762082e-20 2.553156628438165235e-19 -1.116020189297014516e-26
9.198169035284772439e-20 2.711248823699784447e-19 -1.185124583208007786e-26
9.728750179137599612e-20 2.867643011701529294e-19 -1.253486851068863536e-26
1.023630476998374828e-19 3.017249442133375637e-19 -1.318881971673406441e-26
1.071145017343904492e-19 3.157302620664476524e-19 -1.380101106400377142e-26
1.115064031709651663e-19 3.286758041349683071e-19 -1.436687817727273250e-26
1.155153171789831420e-19 3.404924577806849707e-19 -1.488340093673380766e-26
1.190856388951297342e-19 3.510163117985293029e-19 -1.534341297322108752e-26
1.221148179197265230e-19 3.599451424641277498e-19 -1.573370110220002013e-26
1.244735349142435077e-19 3.668977317918351205e-19 -1.603760520840806799e-26
1.260454162701678880e-19 3.715310157026376626e-19 -1.624013302945995669e-26
1.267682333402636840e-19 3.736615976341295708e-19 -1.633326532602493634e-26
1.266655687331513181e-19 3.733589649023296580e-19 -1.632003861247684006e-26
1.258605378174490600e-19 3.709860195949129469e-19 -1.621631498708459832e-26
1.245536574825805901e-19 3.671338631810100112e-19 -1.604793045608037787e-26
1.229547018397123353e-19 3.624208034061743627e-19 -1.584191567929583341e-26
1.211970942986870187e-19 3.572400998790887843e-19 -1.561546190926254672e-26
1.192867250530423955e-19 3.516091088647059660e-19 -1.536932478502014552e-26
1.171111869820769118e-19 3.451964840370373394e-19 -1.508901917001794611e-26
1.144935702376138199e-19 3.374807955844106509e-19 -1.475175340340287091e-26
1.112588181371977346e-19 3.279460606611972023e-19 -1.433497562813931552e-26
1.072882757846320453e-19 3.162425102723976935e-19 -1.382339763876618386e-26
1.025482275787952694e-19 3.022707647555454434e-19 -1.321267406042664142e-26
9.708779131168700636e-20 2.861756144742923758e-19 -1.250913233091186305e-26
9.101512586387199514e-20 2.682758607639780402e-19 -1.172670877311229342e-26
8.446671538025469766e-20 2.489738026103984715e-19 -1.088298948301959259e-26
7.758304963196404006e-20 2.286835167962880633e-19 -9.996073103816260925e-27
7.049669540533141780e-20 2.077957462074306045e-19 -9.083040326122614112e-27
6.332683582056921197e-20 1.866618637280355597e-19 -8.159249714830580133e-27
5.617204994923113576e-20 1.655724792598019371e-19 -7.237403315634227727e-27
4.910321312192399665e-20 1.447364512458263219e-19 -6.326631517803220224e-27
4.216895716550788127e-20 1.242970516352374652e-19 -5.433197497548662305e-27
3.541964756166440838e-20 1.044027643878584464e-19 -4.563591317266265500e-27
2.893630574811107429e-20 8.529250048503796260e-20 -3.728255080160339204e-27
2.284481134089370497e-20 6.733728613237398395e-20 -2.943407193801677193e-27
1.730396514012021173e-20 5.100513551164805518e-20 -2.229506456826016074e-27
1.247189103833025030e-20 3.676212312542781950e-20 -1.606924622287262125e-27
8.465495741511431243e-21 2.495284473481743370e-20 -1.090723822162084895e-27
5.324069527125702254e-21 1.569316276645203478e-20 -6.859699094131193567e-28
2.990499602484670731e-21 8.814762250808523780e-21 -3.853056512838230719e-28
1.321278974622647532e-21 3.894585164015779916e-21 -1.702379315464304160e-28
1.220214769317092868e-22 3.596499113090523277e-22 -1.572104512727141748e-29
-8.068517140882241256e-22 -2.378310008141353676e-21 1.039582978223747167e-28
-1.632522615127545584e-21 -4.812070647441404789e-21 2.103410848728802714e-28
-2.471121317283862694e-21 -7.283885971910970988e-21 3.183889526401441670e-28
-3.392284430413024897e-21 -9.999034962894601647e-21 4.370733590788634937e-28
-4.446357012830885197e-21 -1.310598954972469021e-20 5.728828445783162795e-28
-5.703107464125823220e-21 -1.681040710859052636e-20 7.348073862291869497e-28
-7.277640423610475127e-21 -2.145152238412126701e-20 9.376760308623553737e-28
-9.320758074943175598e-21 -2.747382137341075901e-20 1.200918290901316676e-27
-1.197484181103769981e-20 -3.529699209556094148e-20 1.542879966212583789e-27
-1.531995238464829519e-20 -4.515701236389552285e-20 1.973875850974320961e-27
-1.933794965623479843e-20 -5.700042090638094398e-20 2.491567956162347987e-27
-2.390661025645790897e-20 -7.046697002645038386e-20 3.080209607652051947e-27
-2.882021187912759108e-20 -8.495028915989979705e-20 3.713295669570331252e-27
-3.382928390632511926e-20 -9.971503099484384950e-20 4.358682358539418987e-27
-3.868785533984896869e-20 -1.140361532554843650e-19 4.984677519207976323e-27
-4.319259679279340275e-20 -1.273143195439826361e-19 5.565084562795815741e-27
-4.720474035947395015e-20 -1.391405004258289013e-19 6.082024411149248318e-27
-5.065211516458723307e-20 -1.493019758783918520e-19 6.526197306637875908e-27
-5.351304416462326633e-20 -1.577348474278500932e-19 6.894809640204070747e-27
-5.578975437156523042e-20 -1.644456711746921388e-19 7.188148847615886288e-27
-5.748356949048570247e-20 -1.694383465551022557e-19 7.406385599614154042e-27
-5.858414806225748524e-20 -1.726823963781879858e-19 7.548187602911021475e-27
-5.908020865892244351e-20 -1.741445813441176598e-19 7.612101708600130102e-27
-5.899116269146953382e-20 -1.738821170414809976e-19 7.600628789941075693e-27
-5.840295260827145871e-20 -1.721483201866447622e-19 7.524841936490229780e-27
-5.747963635178295884e-20 -1.694267620431953039e-19 7.405878790174756084e-27
-5.643138546855039253e-20 -1.663369414393276651e-19 7.270818479921003735e-27
-5.544640852309769917e-20 -1.634336254689520357e-19 7.143910575484195429e-27
-5.462179216436849746e-20 -1.610029879144038876e-19 7.037664087651411611e-27
-5.393302632105704301e-20 -1.589727829057797081e-19 6.948921074113794180e-27
-5.325718711588301485e-20 -1.569806820387009581e-19 6.861843494542314130e-27
-5.243297618046507419e-20 -1.545512433755321651e-19 6.755649162602349026e-27
-5.132674228636865361e-20 -1.512905159777618742e-19 6.613117904509108620e-27
-4.987987885054017942e-20 -1.470257461143469628e-19 6.426698926484322626e-27
-4.812854056814155541e-20 -1.418635033447436566e-19 6.201050715571348011e-27
-4.619978984634418840e-20 -1.361783277298724641e-19 5.952543866970557119e-27
-4.428922857697454491e-20 -1.305467713349855102e-19 5.706380324773107187e-27
-4.261722847556429694e-20 -1.256183842030222365e-19 5.490954167871271718e-27
-4.136501762647127296e-20 -1.219273629704661866e-19 5.329615320094850885e-27
-4.061178707842479024e-20 -1.197071466175656709e-19 5.232566144919320974e-27
-4.030998871591343065e-20 -1.188175721100274973e-19 5.193680621070379034e-27
-4.031601165838636924e-20 -1.188353273382736370e-19 5.194456159840278238e-27
-4.047648856311912513e-20 -1.193083570784950378e-19 5.215132890229941356e-27
-4.078183078266980804e-20 -1.202083932330017320e-19 5.254474975486642479e-27
-4.140263252861535507e-20 -1.220382608308009883e-19 5.334461623503700964e-27
-4.253894183524172114e-20 -1.253876310579633332e-19 5.480868085461722630e-27
-4.436586160680662087e-20 -1.307726498540809979e-19 5.716254855841529305e-27
-4.703285526669756106e-20 -1.386338707813735042e-19 6.059879161787830041e-27
-5.061571822165095413e-20 -1.491947044719709235e-19 6.521507200327063141e-27
-5.508385091241432293e-20 -1.623649295906296388e-19 7.097196019209479313e-27
-6.028474236838987793e-20 -1.776950295448882227e-19 7.767297229470752520e-27
-6.597936066538513773e-20 -1.944804815201808499e-19 8.501014036400958713e-27
-7.189667734515129644e-20 -2.119223726375195024e-19 9.263423537534719700e-27
-7.778033160075562742e-20 -2.292650065544172302e-19 1.002149369392678730e-26
-8.341487004577048835e-20 -2.458733147464851013e-19 1.074746552012346193e-26
-8.861841415167411374e-20 -2.612112460653346101e-19 1.141790708979416421e-26
-9.322339174187488588e-20 -2.747848574368942536e-19 1.201122877245873979e-26
-9.705538291949080518e-20 -2.860800034185145314e-19 1.250495670411620998e-26
-9.992989047436470430e-20 -2.945529168171737672e-19 1.287531919859618431e-26
-1.016678724679544243e-19 -2.996758377779473703e-19 1.309924762479724935e-26
-1.021217178778873512e-19 -3.010136040275708188e-19 1.315772227010470684e-26
-1.012034505166812269e-19 -2.983068935902943093e-19 1.303940815270069650e-26
-9.889814267572521147e-20 -2.915117465409126197e-19 1.274238379991612495e-26
-9.525775391021564283e-20 -2.807813526214211547e-19 1.227334423052396401e-26
-9.037623254231335426e-20 -2.663926169637743618e-19 1.164439234726826549e-26
-8.435513405076008824e-20 -2.486448597201710899e-19 1.086861282966253989e-26
-7.727394287224949974e-20 -2.277723686591416850e-19 9.956247448022951610e-27
-6.917973355099534828e-20 -2.039139091213845342e-19 8.913360567767913951e-27
-6.009981785252191217e-20 -1.771499851011829982e-19 7.743471486354988254e-27
-5.006942958689970562e-20 -1.475844592745008559e-19 6.451121421044071322e-27
-3.916565693296571158e-20 -1.154445563577215805e-19 5.046241977410963253e-27
-2.753372398723772516e-20 -8.115831398876136906e-20 3.547542890152983293e-27
-1.539126096328347566e-20 -4.536722388216781566e-20 1.983064348483305251e-27
-3.003527052475791365e-21 -8.853188392004856853e-21 3.869842892998951784e-28
9.361554129397232240e-21 2.759406616098834382e-20 -1.206176441617986459e-27
2.147712902491684320e-20 6.330588161182459648e-20 -2.767189548499008737e-27
3.318352303830909162e-20 9.781160473095900970e-20 -4.275482118123802539e-27
4.439042704834962282e-20 1.308450361845938749e-19 -5.719418668242095400e-27
5.506097498651425466e-20 1.622975051966246679e-19 -7.094249644644143204e-27
6.519091972830228296e-20 1.921564930153291321e-19 -8.399427629007548886e-27
7.478893273628610536e-20 2.204475595033325336e-19 -9.636069515619949487e-27
8.386024013523183012e-20 2.471861098658044099e-19 -1.080484860633405464e-26
9.239590746815315580e-20 2.723458091379283262e-19 -1.190461394956592340e-26
1.003685929943054459e-19 2.958460650843851175e-19 -1.293184281494662836e-26
1.077362454163347341e-19 3.175629287512367753e-19 -1.388111716268774087e-26
1.144510611913030446e-19 3.373554953817282225e-19 -1.474627781490875020e-26
1.204699702764026183e-19 3.550968060564432037e-19 -1.552177527040966548e-26
1.257649169638387224e-19 3.707041634492145540e-19 -1.620399466960667695e-26
1.303298964000149663e-19 3.841598782392095239e-19 -1.679216271373807469e-26
1.341798302702472900e-19 3.955079369742430428e-19 -1.728820184225692493e-26
1.373372648985756404e-19 4.048147870769054394e-19 -1.769501658751711346e-26
1.398120404774463076e-19 4.121094256734776899e-19 -1.801387511077351241e-26
1.415860679454357835e-19 4.173385372215676617e-19 -1.824244681899586554e-26
1.426115894561367463e-19 4.203613539957310611e-19 -1.837457835866118179e-26
1.428249385352078375e-19 4.209902176586914150e-19 -1.840206708180102482e-26
1.421694158641925329e-19 4.190580044383268776e-19 -1.831760779139705148e-26
1.406160193728745763e-19 4.144792193547904156e-19 -1.811746305571152111e-26
1.381777552799582908e-19 4.072921982628715254e-19 -1.780330849071674150e-26
1.349147729763699697e-19 3.976742451751495324e-19 -1.738289516925234839e-26
1.309266828476764247e-19 3.859189755969203811e-19 -1.686905615544110484e-26
1.263342589841602327e-19 3.723823761583440395e-19 -1.627735116598760167e-26
1.212576074637790059e-19 3.574184731290780670e-19 -1.562325690129699326e-26
1.158004534319090338e-19 3.413330015747500873e-19 -1.492013801356606619e-26
1.100463035646872045e-19 3.243720820000990395e-19 -1.417875291172948155e-26
1.040660800749091069e-19 3.067447724431269259e-19 -1.340823979675321259e-26
9.793284194521239667e-20 2.886664392195549642e-19 -1.261801193770528846e-26
9.173550704999899465e-20 2.703991841947284027e-19 -1.181952604285038843e-26
8.558179346911637373e-20 2.522605330651678905e-19 -1.102666060730787848e-26
7.958690514430158603e-20 2.345900403886669523e-19 -1.025425808114625378e-26
7.385362554370780992e-20 2.176906502015245573e-19 -9.515561619909278101e-27
6.845269102757636418e-20 2.017708703520071567e-19 -8.819684579578111696e-27
6.340885373302743915e-20 1.869036669250480969e-19 -8.169817347166438391e-27
5.869595177878534508e-20 1.730119505084153557e-19 -7.562590808251058082e-27
5.424372567488859028e-20 1.598886085100984570e-19 -6.988951329968382014e-27
4.995549051664148749e-20 1.472486093543377871e-19 -6.436441106826327472e-27
4.573088112688568640e-20 1.347961333760330915e-19 -5.892128433423433275e-27
4.148304005954916967e-20 1.222752142792652779e-19 -5.344821630813653223e-27
3.714410427609282708e-20 1.094858281234780912e-19 -4.785777249682521925e-27
3.266411272009166753e-20 9.628065086774496115e-20 -4.208558937584404987e-27
2.800928257933475552e-20 8.256006719585609449e-20 -3.608815000346074410e-27
2.315920004510577606e-20 6.826393704034492011e-20 -2.983913245475576532e-27
1.810320081636305465e-20 5.336087416820169731e-20 -2.332479085145813817e-27
1.283933285436695745e-20 3.784511921315961542e-20 -1.654263081565321319e-27
7.377480866638674854e-21 2.174580082697574524e-20 -9.505389265280005038e-28
1.747602747932819729e-21 5.151243542204818052e-21 -2.251674086789930132e-28
-3.991530807264040592e-21 -1.176536726567023777e-20 5.142804777555582238e-28
-9.756067823786936949e-21 -2.875691591200780288e-20 1.257003593310513767e-27
-1.545744223475534326e-20 -4.556228471727484458e-20 1.991589242137562432e-27
-2.102993250310359900e-20 -6.198773927946506086e-20 2.709568867361396057e-27
-2.644998190659816593e-20 -7.796387711562315338e-20 3.407908346617281545e-27
-3.173660999347983719e-20 -9.354673204547160411e-20 4.089057384741782633e-27
-3.693555848761049143e-20 -1.088711324604925613e-19 4.758908386937667260e-27
-4.209740927771109369e-20 -1.240861720941797723e-19 5.423978867134161823e-27
-4.725780876255589530e-20 -1.392969004508639015e-19 6.088862833888281820e-27
-5.242193225360523744e-20 -1.545186203096916464e-19 6.754227004449994113e-27
-5.755394209583814047e-20 -1.696457263975042600e-19 7.415453639069107340e-27
-6.257422905816296953e-20 -1.844435278926874929e-19 8.062285094586598799e-27
-6.736833591404217439e-20 -1.985746499502297748e-19 8.679974628225299388e-27
-7.181122142817024287e-20 -2.116705142865612588e-19 9.252412167521709558e-27
-7.580247386877712206e-20 -2.234350906328040577e-19 9.766658102059692131e-27
-7.929531186189763862e-20 -2.337305298092898842e-19 1.021668605060332863e-26
-8.230221089574483141e-20 -2.425936836892910362e-19 1.060410624434627074e-26
-8.487633329705617189e-20 -2.501811755224058099e-19 1.093576628199306460e-26
-8.708085949960696333e-20 -2.566791764120247138e-19 1.121980368835957607e-26
-8.896038188439372449e-20 -2.622191915536290841e-19 1.146196605335462223e-26
-9.052619621863937622e-20 -2.668346053630421550e-19 1.166371130390939526e-26
-9.175659605597881145e-20 -2.704614383089557454e-19 1.182224104780138519e-26
-9.260461831149219302e-20 -2.729611335897199860e-19 1.193150402280575431e-26
-9.301570704936285299e-20 -2.741728132209076314e-19 1.198447059956661788e-26
-9.294948904473961419e-20 -2.739775558663924495e-19 1.197593815553282795e-26
-9.239015142125000433e-20 -2.723288064185175254e-19 1.190387121580039078e-26
-9.134420729224167882e-20 -2.692457599752198969e-19 1.176910907242528310e-26
-8.983163182868673654e-20 -2.647873393735730749e-19 1.157422416609788489e-26
-8.787636047650130466e-20 -2.590240659196753640e-19 1.132229952224195221e-26
-8.550016313463250285e-20 -2.520200123438204685e-19 1.101613974198570462e-26
-8.272129383213998848e-20 -2.438290006716113522e-19 1.065809981504520186e-26
-7.955675021236704239e-20 -2.345011964413983206e-19 1.025037115725041557e-26
-7.602628452689337356e-20 -2.240948094687828141e-19 9.795495836705170323e-27
-7.215762919554344437e-20 -2.126915393580854056e-19 9.297044993084529515e-27
-6.799254167496535070e-20 -2.004144848486836644e-19 8.760398974369401410e-27
-6.359148338274346028e-20 -1.874418988899195358e-19 8.193348979498295034e-27
-5.903334956705764754e-20 -1.740063138462881278e-19 7.606062032992981577e-27
-5.441019852240214933e-20 -1.603791265792121794e-19 7.010400117878538682e-27
-4.981974707793595164e-20 -1.468484155522541938e-19 6.418952469739239575e-27
-4.535700330053586643e-20 -1.336941463208572390e-19 5.843958320562600084e-27
-4.110491957609380336e-20 -1.211607440056927908e-19 5.296105070601671833e-27
-3.712003644848956871e-20 -1.094148619390421145e-19 4.782677402431256669e-27
-3.340639825751473415e-20 -9.846850494069845669e-20 4.304196525474264007e-27
-2.988591913729456751e-20 -8.809156582860497135e-20 3.850605729255924190e-27
-2.639367044755682649e-20 -7.779787572474860828e-20 3.400654448068535169e-27
-2.272250895306877286e-20 -6.697681288750591839e-20 2.927648838181089099e-27
-1.870857734801156417e-20 -5.514533911937107825e-20 2.410478490530483498e-27
-1.431040072881527546e-20 -4.218123189415437609e-20 1.843802229246211213e-27
-9.628797950053710426e-21 -2.838178817367977264e-20 1.240610942085579320e-27
-4.861556343736529006e-21 -1.432997550604477208e-20 6.263863391163961459e-28
-2.327576049747557501e-22 -6.861604243118001864e-22 2.999522565728282997e-29
4.063976977141084035e-21 1.197891173006737196e-20 -5.236142932652529802e-28
7.890863124560428990e-21 2.325905571107118759e-20 -1.016685298986557178e-27
1.116702766863915075e-20 3.291585501507579588e-20 -1.438795857102751048e-27
1.386222889221656854e-20 4.086015273488318725e-20 -1.786052428337648201e-27
1.598801411001565157e-20 4.712608532132831253e-20 -2.059947597655820010e-27
1.758423019367162110e-20 5.183111607243487095e-20 -2.265612863255347678e-27
1.870346819833647796e-20 5.513023885279568796e-20 -2.409822267793895653e-27
1.939828478598738388e-20 5.717835459023257925e-20 -2.499347370333368913e-27
1.971526484721386242e-20 5.811267021262166746e-20 -2.540187272325173618e-27
1.969794671907163448e-20 5.806154012189720060e-20 -2.537954290431829126e-27
1.939674620563757689e-20 5.717372489893318852e-20 -2.499149881303471823e-27
1.887566855584627688e-20 5.563789831588837284e-20 -2.432018009728901749e-27
1.820633525046719654e-20 5.366503034165923797e-20 -2.345778639513034069e-27
1.745289374860498230e-20 5.144416661258190929e-20 -2.248696862733569959e-27
1.665737025448719178e-20 4.909921148389346822e-20 -2.146191478769098536e-27
1.583270997522493395e-20 4.666839078819193791e-20 -2.039936599627776906e-27
1.496711219418495927e-20 4.411696675033866747e-20 -1.928413963170706549e-27
1.403772161295673395e-20 4.137747701573606529e-20 -1.808669729686966759e-27
1.302811155764102940e-20 3.840156459497803039e-20 -1.678586908247722088e-27
1.194370559110000079e-20 3.520523911308512052e-20 -1.538867476930637827e-27
1.081846706008302623e-20 3.188855507014791617e-20 -1.393887412392323549e-27
9.708526794592430485e-21 2.861692562748851287e-20 -1.250881343590636787e-27
8.676808827441099016e-21 2.557575795817809391e-20 -1.117954994754105580e-27
7.779623347245877220e-21 2.293112403197317309e-20 -1.002360347151254528e-27
7.060380393084853258e-21 2.081104853613672023e-20 -9.096884146313687807e-28
6.548634435382944132e-21 1.930267480920132754e-20 -8.437498856119894395e-28
6.261521966417369971e-21 1.845645601470697788e-20 -8.067548674741745820e-28
6.204934976413030668e-21 1.828969219963429847e-20 -7.994611594180117231e-28
6.375144932966552928e-21 1.879143972934146386e-20 -8.213898089445575647e-28
6.759308656890367664e-21 1.992376108299040127e-20 -8.708863280103145709e-28
7.330314519248184944e-21 2.160675725804769953e-20 -9.444565843422239831e-28
8.036145342221307913e-21 2.368726387629381113e-20 -1.035399520656589722e-27
8.795666661752610488e-21 2.592609681507354883e-20 -1.133262392933170033e-27
9.526429345773499447e-21 2.808009494885771478e-20 -1.227418289295832681e-27
1.021294114356390033e-20 3.010356615775054383e-20 -1.315870322555812951e-27
1.096818530143536080e-20 3.232965160225372419e-20 -1.413180038410077437e-27
1.202088570246004035e-20 3.543265822380102982e-20 -1.548814703126438505e-27
1.362151570158142818e-20 4.015081567461100266e-20 -1.755044518323748832e-27
1.593773972096325515e-20 4.697819080469850047e-20 -2.053475878378138948e-27
1.901278046497204178e-20 5.604213849001463737e-20 -2.449678382073475317e-27
2.279452199135589668e-20 6.718908426438352081e-20 -2.936933169459307110e-27
2.719201273161939204e-20 8.015101630960050542e-20 -3.503517173900520018e-27
3.211716163368582230e-20 9.466834303795753180e-20 -4.138085002228529939e-27
3.750452023541339480e-20 1.105481531394194687e-19 -4.832210650053468639e-27
4.332267153030211906e-20 1.276977821662587657e-19 -5.581842974054211915e-27
4.957081895854124963e-20 1.461148336075480172e-19 -6.386876499669612499e-27
5.624997219163250619e-20 1.658022455041500881e-19 -7.247442353873404019e-27
6.332787700099980526e-20 1.866649812565685523e-19 -8.159385469830301285e-27
7.071388279559288620e-20 2.084359859292110607e-19 -9.111027315021316359e-27
7.822864028502785372e-20 2.305865407473290209e-19 -1.007925833428878336e-26
8.557940201068193795e-20 2.522535662504607269e-19 -1.102635640188052195e-26
9.240318701084932221e-20 2.723672690928616796e-19 -1.190555423057366253e-26
9.839629887745107202e-20 2.900325680723380684e-19 -1.267772562561828242e-26
1.034302809484470019e-19 3.048707472464175894e-19 -1.332632306676295924e-26
1.075272863949413390e-19 3.169470375740611627e-19 -1.385419781221474938e-26
1.107020298683626172e-19 3.263047894684606423e-19 -1.426324103469651572e-26
1.128245677008848959e-19 3.325611173963636511e-19 -1.453671361722196398e-26
1.136338862173706167e-19 3.349466978155009896e-19 -1.464098899601518009e-26
1.128696290019898751e-19 3.326939646909528792e-19 -1.454252035500662332e-26
1.103941858081977541e-19 3.253973303230188245e-19 -1.422357472631725255e-26
1.062215277551628491e-19 3.130980665096080209e-19 -1.368595180416945694e-26
1.004637260877133984e-19 2.961264300689807851e-19 -1.294409509786759708e-26
9.326547316195803845e-20 2.749088640633452480e-19 -1.201664929005033582e-26
8.477735014444280660e-20 2.498893521863072896e-19 -1.092301531988601179e-26
7.515101247470632865e-20 2.215149088780090040e-19 -9.682730163346070589e-27
6.451168746214525562e-20 1.901544489887196896e-19 -8.311920924334245846e-27
5.291757973772664614e-20 1.559796281593964789e-19 -6.818090060376326068e-27
4.039150093764362357e-20 1.190578308593636766e-19 -5.204184386894215719e-27
2.707920568186492765e-20 7.981856765845935956e-20 -3.488979831151813627e-27
1.343550381729520961e-20 3.960242474120377236e-20 -1.731075222267367544e-27
2.527517858945129077e-22 7.449821208468272091e-22 -3.256279616973483555e-29
-1.153900456297330554e-20 -3.401230956026692347e-20 1.486725789506804484e-27
-2.116885676025687400e-20 -6.239714425900584425e-20 2.727464397552425516e-27
-2.821251641020018996e-20 -8.315899498147380568e-20 3.634993473488748855e-27
-3.258985031434729991e-20 -9.606164325104944802e-20 4.198990681224031372e-27
-3.444649901273897572e-20 -1.015343882323222835e-19 4.438213892932859337e-27
-3.401455167100941963e-20 -1.002612242060172481e-19 4.382559707990241681e-27
-3.149841436105458687e-20 -9.284454703511245362e-20 4.058364831985542231e-27
-2.699728216142205514e-20 -7.957694311329069039e-20 3.478418342420690203e-27
-2.047554642727706815e-20 -6.035353564551441748e-20 2.638138067585573016e-27
-1.164891857823064199e-20 -3.433628931954645260e-20 1.500892143824564221e-27
1.967487765279799590e-21 5.799313919981902316e-21 -2.534888088712032632e-28
4.017798714813699673e-20 1.184284174669488987e-19 -5.176664077620149411e-27
2.073662844124045280e-19 6.112319399491993127e-19 -2.671779550160764092e-26
8.647499857347646504e-19 2.548933492507901971e-18 -1.114174326042375253e-25
2.841614653501530589e-18 8.375931713954103875e-18 -3.661236403381025142e-25
7.365889980102332302e-18 2.171166696580206675e-17 -9.490471793660706073e-25
1.540617721681713884e-17 4.541118545193715875e-17 -1.984986058835978556e-24
2.670281754633084182e-17 7.870911898448314731e-17 -3.440484982208559544e-24
3.933023501333257854e-17 1.159296444441544138e-16 -5.067445877129243248e-24
5.032429182068441325e-17 1.483356790791614813e-16 -6.483958678846888314e-24
5.697186323286739964e-17 1.679300333901606969e-16 -7.340455009640048883e-24
5.784614459320498806e-17 1.705070680368138252e-16 -7.453100494661166434e-24
5.302844446862194927e-17 1.563064405573158030e-16 -6.832371145021746780e-24
4.365220748809435837e-17 1.286690802916399995e-16 -5.624303899516066045e-24
3.125729312126887489e-17 9.213387263295409744e-17 -4.027299723845102307e-24
1.732283334014392867e-17 5.106070725249287567e-17 -2.231935081326985030e-24
3.060274429442960151e-18 9.020444039047607418e-18 -3.942967273296431163e-25
-1.062588674889279341e-17 -3.132082882392173491e-17 1.369076685567940753e-24
-2.311606839691461877e-17 -6.813683621885220829e-17 2.978355740138888481e-24
-3.403888099182185434e-17 -1.003328746399092497e-16 4.385689285105180997e-24
-4.321726399273853020e-17 -1.273870409953525448e-16 5.568264300293232007e-24
-5.059408714472616549e-17 -1.491309329235914101e-16 6.518720004791661802e-24
-5.616269532601467118e-17 -1.655449364186312188e-16 7.236199023118923507e-24
-5.993716963190327546e-17 -1.766705586891448216e-16 7.722515653269102402e-24
-6.196851544800539404e-17 -1.826581429787767012e-16 7.984241512627702223e-24
-6.238067866107819708e-17 -1.838730329064976720e-16 8.037346015502945310e-24
-6.140054663806849605e-17 -1.809840016064991397e-16 7.911062283936157467e-24
-5.937566371603690741e-17 -1.750154668209902040e-16 7.650169313799811557e-24
-5.676710446597643130e-17 -1.673264875454502612e-16 7.314073423516963731e-24
-5.407496027398355528e-17 -1.593911338006693796e-16 6.967208145057885651e-24
-5.167414808093356628e-17 -1.523145092134448173e-16 6.657879035301760572e-24
-4.963465366195234284e-17 -1.463029028518399272e-16 6.395103262399084847e-24
-4.766437308565015956e-17 -1.404953119135998232e-16 6.141245366740859643e-24
-4.524153081660773629e-17 -1.333537535473744472e-16 5.829077911891923293e-24
-4.185882130542939806e-17 -1.233828926942171772e-16 5.393237737230101354e-24
-3.722960529981205371e-17 -1.097378338685235825e-16 4.796793291438907700e-24
-3.135944139307630171e-17 -9.243496378849314465e-17 4.040460798143254332e-24
-2.448947032095163513e-17 -7.218506507332435900e-17 3.155309554978300188e-24
-1.698139669573474142e-17 -5.005429681133330823e-17 2.187942877377921116e-24
-9.214020013557953532e-18 -2.715920848869525575e-17 1.187166792094699123e-24
-1.527513236078893261e-18 -4.502492317518165813e-18 1.968102697402927328e-25
5.784832957255596018e-18 1.705134924309680972e-17 -7.453381483203256474e-25
1.246372170858689553e-17 3.673801525807068068e-17 -1.605869724854304867e-24
1.828568227514116295e-17 5.389880411962153309e-17 -2.355991632681269872e-24
2.309961888436422477e-17 6.808834585292711233e-17 -2.976236163396429175e-24
2.688017986433846559e-17 7.923191285474273319e-17 -3.463336966000172563e-24
2.975193575023680797e-17 8.769668806541281702e-17 -3.833344079190179793e-24
3.195245618969775469e-17 9.418293186266776080e-17 -4.116866851579832431e-24
3.374815729801448133e-17 9.947593137265218890e-17 -4.348231250743581268e-24
3.535025245608571102e-17 1.041982609859978024e-16 -4.554650797108265796e-24
3.687280959072412933e-17 1.086861459049637162e-16 -4.750822453789184507e-24
3.834250902092268139e-17 1.130182279077920890e-16 -4.940183793750279078e-24
3.973661269183476290e-17 1.171274826298615691e-16 -5.119805077669459894e-24
4.101271954376016620e-17 1.208889275567990442e-16 -5.284223116607709940e-24
4.211132148082795265e-17 1.241271611081574606e-16 -5.425770808235385370e-24
4.294623103171911306e-17 1.265881372880919850e-16 -5.533343460645303247e-24
4.341253255944854495e-17 1.279626063397587008e-16 -5.593423397620682174e-24
4.341968276852515239e-17 1.279836833928312329e-16 -5.594344684010525696e-24
4.292621379905221491e-17 1.265291358057999823e-16 -5.530764342578039688e-24
4.194901331950992173e-17 1.236487426221869390e-16 -5.404858404123007820e-24
4.054458589572056615e-17 1.195090583998005743e-16 -5.223907094630444432e-24
3.878143369755805472e-17 1.143119983927950926e-16 -4.996736349397976309e-24
3.672146472532770161e-17 1.082400421826107283e-16 -4.731322667587427884e-24
3.441363572655318869e-17 1.014374946652376649e-16 -4.433973834437150792e-24
3.189532267653492554e-17 9.401452438398259603e-17 -4.109505540280436636e-24
2.920068521555072512e-17 8.607182154273038520e-17 -3.762318985978925908e-24
2.637655812210430746e-17 7.774743598271195980e-17 -3.398448494425965392e-24
2.349666304632112994e-17 6.925866887811729319e-17 -3.027392669940235079e-24
2.065748757935665413e-17 6.088992709050897503e-17 -2.661583329411174698e-24
1.795022744823537561e-17 5.291001800111238026e-17 -2.312770433528537225e-24
1.542492150018076910e-17 4.546643636981039146e-17 -1.987401126884243937e-24
1.307143950235064950e-17 3.852932220815181095e-17 -1.684170224687165353e-24
1.082810195379103263e-17 3.191686939375655405e-17 -1.395130728034355852e-24
8.607813356260566794e-18 2.537235573908008847e-17 -1.109060932189171806e-24
6.324195766673730768e-18 1.864117367829900324e-17 -8.148316151815737730e-25
3.910022141826867044e-18 1.152516520392016446e-17 -5.037809921917441892e-25
1.332475643171644754e-18 3.927599341350369948e-18 -1.716808333974589041e-25
-1.390750643048306644e-18 -4.099371470440726268e-18 1.791892166527095150e-25
-4.181716162815732956e-18 -1.232601027942981244e-17 5.387870368738063711e-25
-6.911983433167362306e-18 -2.037373510415439108e-17 8.905642745717454188e-25
-9.435655300883681264e-18 -2.781249999006290610e-17 1.215723034594599986e-24
-1.163288695187326569e-17 -3.428905122165101063e-17 1.498822089327431422e-24
-1.344294179713682914e-17 -3.962436155964196388e-17 1.732035917882470446e-24
-1.487243322747652111e-17 -4.383792485313807199e-17 1.916216624679449026e-24
-1.597858234568779902e-17 -4.709840557769352860e-17 2.058736767384423470e-24
-1.683870547910802273e-17 -4.963370096543023454e-17 2.169558056899013793e-24
-1.752053238197721846e-17 -5.164345123379827052e-17 2.257407032771420223e-24
-1.806419079589470801e-17 -5.324593652554460977e-17 2.327453892197600871e-24
-1.847991238859429641e-17 -5.447131597101994881e-17 2.381016931449349775e-24
-1.875940689959175653e-17 -5.529515272971441353e-17 2.417027971561606277e-24
-1.889424268555369046e-17 -5.569259387923662936e-17 2.434400686767474228e-24
-1.889166850173803636e-17 -5.568500646472839247e-17 2.434069040862160626e-24
-1.877952709664668831e-17 -5.535445886865772150e-17 2.419620330632091719e-24
-1.859857707142506202e-17 -5.482109118802862519e-17 2.396306079506808578e-24
-1.838833310575868685e-17 -5.420137685678526013e-17 2.369217512999133678e-24
-1.817497711008842478e-17 -5.357248939273923474e-17 2.341727969741168623e-24
-1.796587680074217989e-17 -5.295614637034259142e-17 2.314786749361310124e-24
-1.774997621705972619e-17 -5.231975884876997598e-17 2.286969368625312320e-24
-1.750188940676864242e-17 -5.158849933585150444e-17 2.255005008709739905e-24
-1.718929855479074695e-17 -5.066710768295038630e-17 2.214729700793952124e-24
-1.678379813027558623e-17 -4.947185598634466300e-17 2.162483594693069347e-24
-1.627265503589436074e-17 -4.796521247917717095e-17 2.096626128677453946e-24
-1.566607805030058638e-17 -4.617726818834767963e-17 2.018472604006354289e-24
-1.499563598568443168e-17 -4.420107634308341682e-17 1.932090479645867287e-24
-1.430431876090928527e-17 -4.216335297375989936e-17 1.843018714369993396e-24
-1.363319032455238428e-17 -4.018513718692082809e-17 1.756548144382772324e-24
-1.301036992428267180e-17 -3.834931410850217441e-17 1.676301775999330562e-24
-1.244578649009154043e-17 -3.668515008037974553e-17 1.603558879568714778e-24
-1.193223123802308783e-17 -3.517139644337098521e-17 1.537390627614766593e-24
-1.145106098043603350e-17 -3.375310098236730459e-17 1.475394950995898736e-24
-1.097966096597060282e-17 -3.236360452628636553e-17 1.414658116938408998e-24
-1.049763125295239442e-17 -3.094277583997480534e-17 1.352551708087505211e-24
-9.989752028796417597e-18 -2.944575252449242108e-17 1.287114748315974362e-24
-9.445727901255706622e-18 -2.784218854516828482e-17 1.217020764758162687e-24
-8.858549885683150740e-18 -2.611142511579362869e-17 1.141366702249242848e-24
-8.223820476866909060e-18 -2.424049974451053681e-17 1.059585959868308043e-24
-7.540995553053351872e-18 -2.222780828435716570e-17 9.716083996749963553e-25
-6.815227126070477120e-18 -2.008853633261521346e-17 8.780978426991620012e-25
-6.057465867794372533e-18 -1.785496204259111739e-17 7.804652247761249480e-25
-5.281807851783639146e-18 -1.556863519211973834e-17 6.805267161609177293e-25
-4.501476532128621599e-18 -1.326853356156704353e-17 5.799860788633638540e-25
-3.725968399936748215e-18 -1.098264917242944429e-17 4.800668755372146379e-25
-2.960718502929877347e-18 -8.727002041303444710e-18 3.814693808601364963e-25
-2.208477812154971177e-18 -6.509700608825910135e-18 2.845480476369800764e-25
-1.470633348280896126e-18 -4.334833202198796824e-18 1.894815773006887237e-25
-7.476371785042358572e-19 -2.203732472821863258e-18 9.632820751628585573e-26
-3.912418189869957457e-20 -1.153221925355163804e-19 5.040896242519599403e-27
6.555200003293946474e-19 1.932208404453500059e-18 -8.445950883626303931e-26
1.336321645979270252e-18 3.938936705512988183e-18 -1.721763844961526094e-25
2.002370385663504950e-18 5.902179282330685156e-18 -2.579924394092246923e-25
2.652229937475846484e-18 7.817702475264988157e-18 -3.417226229598004064e-25
3.284614636288068979e-18 9.681716898603189670e-18 -4.232012894635456543e-25
3.898718248213601227e-18 1.149184625691826250e-17 -5.023245675002664101e-25
4.494022194166994750e-18 1.324656181502494917e-17 -5.790256292738196553e-25
5.069722199209796509e-18 1.494349280415872231e-17 -6.532008426167196713e-25
5.623861271786945971e-18 1.657687084212222896e-17 -7.245980646372171339e-25
6.152270587818786788e-18 1.813440802238393157e-17 -7.926801776021399761e-25
6.647790067982910811e-18 1.959499931859134642e-17 -8.565246541050826187e-25
7.100592972355905060e-18 2.092967944402055395e-17 -9.148653780031560157e-25
7.500143922593599099e-18 2.210739421786305015e-17 -9.663449305402189045e-25
7.838305074221677694e-18 2.310415656729784511e-17 -1.009914798746644219e-24
8.112136274103717164e-18 2.391130027304126685e-17 -1.045196174825491334e-24
8.324901609346399318e-18 2.453844646994427468e-17 -1.072609607559735203e-24
8.484796207008156498e-18 2.500975124610657422e-17 -1.093210987798475546e-24
8.602133384754139071e-18 2.535561384035864099e-17 -1.108329127259190905e-24
8.686295568626422542e-18 2.560368987656209684e-17 -1.119172874316934272e-24
8.743481871930096861e-18 2.577225209974124471e-17 -1.126540959271495977e-24
8.775650983685767413e-18 2.586707368357124205e-17 -1.130685744723874430e-24
8.780623304204366826e-18 2.588172998749211803e-17 -1.131326394331601424e-24
8.753210201698919378e-18 2.580092714839365129e-17 -1.127794392061900375e-24
8.687148756668089726e-18 2.560620471202256484e-17 -1.119282807338858616e-24
8.577328789458250113e-18 2.528249992134584777e-17 -1.105133215511599386e-24
8.421549196121124170e-18 2.482332464247366654e-17 -1.085062025347719299e-24
8.221174355732670787e-18 2.423270056610904550e-17 -1.059245026621174186e-24
7.980559037985908728e-18 2.352346376906358802e-17 -1.028243298331546908e-24
7.705606704582925956e-18 2.271301524463239770e-17 -9.928174685074072235e-25
7.402056888768391653e-18 2.181827306686261750e-17 -9.537070418702711729e-25
7.074101746895852644e-18 2.085159381723687870e-17 -9.114521523639898748e-25
6.723811555676183531e-18 1.981907982559338339e-17 -8.663195289731198534e-25
6.351600240346459926e-18 1.872195133006245060e-17 -8.183625160565119856e-25
5.957548403257419939e-18 1.756044578159708226e-17 -7.675914967018988620e-25
5.542948827702481456e-18 1.633837376245052788e-17 -7.141730239775233428e-25
5.111262254459384712e-18 1.506593611202554573e-17 -6.585530059814642300e-25
4.667971177396306728e-18 1.375929323841048801e-17 -6.014378315889931908e-25
4.219444911323934993e-18 1.243721896120283030e-17 -5.436481310528614801e-25
3.771442084593423024e-18 1.111668752455298856e-17 -4.859258671225953744e-25
3.327915979961603071e-18 9.809351642657172535e-18 -4.287803984373589350e-25
2.890318311366777002e-18 8.519490487775385416e-18 -3.723987728965539535e-25
2.456632666512185189e-18 7.241160623056643276e-18 -3.165211910418935397e-25
2.017826722386146459e-18 5.947738040907525740e-18 -2.599838944095562460e-25
1.548103223561139390e-18 4.563182997210420988e-18 -1.994630706365214746e-25
9.873079189478683399e-19 2.910184911700640808e-18 -1.272082270527303581e-25
2.222277387295558912e-19 6.550375007144791502e-19 -2.863260066244751179e-26
-9.153943116872731068e-19 -2.698212683966837496e-18 1.179426305864974318e-25
-2.615056724097588069e-18 -7.708130825057061225e-18 3.369331198818403296e-25
-5.016773036075872065e-18 -1.478742011719523591e-17 6.463787077765664833e-25
-8.130344618062905653e-18 -2.396497099074261432e-17 1.047542228574716996e-24
-1.178642116760372955e-17 -3.474160723594042793e-17 1.518603960053334654e-24
-1.564806040852145611e-17 -4.612415962586242812e-17 2.016151114104833648e-24
-1.927959723514781264e-17 -5.682846398732744401e-17 2.484051141296505308e-24
-2.224237862955397636e-17 -6.556154825949277660e-17 2.865786364830949640e-24
-2.418056419413406008e-17 -7.127453700291693307e-17 3.115508938963595119e-24
-2.487310988899474623e-17 -7.331587956223890040e-17 3.204738861069227335e-24
-2.424719931830948020e-17 -7.147094421622577659e-17 3.124094402939008529e-24
-2.236201858227740619e-17 -6.591419483699737945e-17 2.881201319490447483e-24
-1.937624858289488943e-17 -5.711335820322765492e-17 2.496504358552810630e-24
-1.551082744657428463e-17 -4.571966054618857356e-17 1.998469814297034878e-24
-1.101475645487565378e-17 -3.246705515961357421e-17 1.419179971595796203e-24
-6.138313188456326222e-18 -1.809326490217464335e-17 7.908816162844061563e-25
-1.115246401543988033e-18 -3.287291869279007908e-18 1.436920622583553471e-25
3.846932650194898801e-18 1.133920562552987673e-17 -4.956523512490766021e-25
8.571232805433530142e-18 2.526453361989889627e-17 -1.104347871974834806e-24
1.291306794928643706e-17 3.806251065660224269e-17 -1.663765290349991057e-24
1.676180018416926927e-17 4.940701697728819693e-17 -2.159649342453139646e-24
2.004248224065835158e-17 5.907713789756512771e-17 -2.582343730694076232e-24
2.271731928921367962e-17 6.696147669400607145e-17 -2.926979076105490542e-24
2.478530903705858105e-17 7.305707836427109616e-17 -3.193426276142557772e-24
2.627698724656129382e-17 7.745394406352553018e-17 -3.385619530615669639e-24
2.724399602031744199e-17 8.030429348998280197e-17 -3.510212358591818490e-24
2.774594544356040858e-17 8.178383662855002359e-17 -3.574885172454743782e-24
2.783688255661916049e-17 8.205188490161595783e-17 -3.586601835789660538e-24
2.755553665848430303e-17 8.122259254618057615e-17 -3.550352334488923315e-24
2.692258835947191367e-17 7.935691662545650861e-17 -3.468801101763085171e-24
2.594507037562809617e-17 7.647558734474452481e-17 -3.342854219375246649e-24
2.462531744001403779e-17 7.258548718812944805e-17 -3.172812581038470141e-24
2.297033113997739616e-17 6.770725663843882797e-17 -2.959578351201587715e-24
2.099850113428515020e-17 6.189509889088973176e-17 -2.705520897370668458e-24
1.874242098758159475e-17 5.524508604225377162e-17 -2.414839613180085982e-24
1.624832118678822368e-17 4.789348759716703694e-17 -2.093490983845088905e-24
1.357342616008087507e-17 4.000897722675166767e-17 -1.748848074603903854e-24
1.078221564078409424e-17 3.178161639333283464e-17 -1.389218663141164576e-24
7.941997328416445561e-18 2.340979986289775273e-17 -1.023274901512901485e-24
5.117800455611880371e-18 1.508520776565773430e-17 -6.593954209482456342e-25
2.366991959419537353e-18 6.976935925113832909e-18 -3.049715754876646572e-25
-2.653715265769371917e-19 -7.822083925456754654e-19 3.419140182288748945e-26
-2.749146574628224089e-18 -8.103373946669331157e-18 3.542097193288889685e-25
-5.068755576355621668e-18 -1.494064420403774123e-17 6.530763130755931089e-25
-7.220031904401393426e-18 -2.128173783233041539e-17 9.302543289186011484e-25
-9.205375839857656819e-18 -2.713372962409999781e-17 1.186053026653303783e-24
-1.102883744698291305e-17 -3.250855784492713631e-17 1.420994240825533249e-24
-1.269256187085643770e-17 -3.741254526581051987e-17 1.635354351590039935e-24
-1.419533603337564296e-17 -4.184211635795174486e-17 1.828977062552553191e-24
-1.553314818861147234e-17 -4.578544594309724009e-17 2.001345481057364629e-24
-1.670106880753463711e-17 -4.922800369835765494e-17 2.151824470616621163e-24
-1.769552567335755978e-17 -5.215926081957587376e-17 2.279953793967606688e-24
-1.851611780213005006e-17 -5.457803542400669086e-17 2.385681786123477837e-24
-1.916640726896888141e-17 -5.649482633412611210e-17 2.469467370779921311e-24
-1.965354429721356843e-17 -5.793070941388395942e-17 2.532231824458786205e-24
-1.998701492946156512e-17 -5.891364611522671502e-17 2.575197372861885057e-24
-2.017707271622501058e-17 -5.947385932382463654e-17 2.599685074328934730e-24
-2.023338953468149649e-17 -5.963985808215904210e-17 2.606941111217178923e-24
-2.016420341728231651e-17 -5.943592553295457994e-17 2.598026922189728833e-24
-1.997597799028666074e-17 -5.888111321402998292e-17 2.573775292511025129e-24
-1.967350134388567579e-17 -5.798953422780495632e-17 2.534803134148006134e-24
-1.926039807309076452e-17 -5.677187289565473181e-17 2.481577471947110039e-24
-1.874002351174458941e-17 -5.523801919160371651e-17 2.414530608942535950e-24
-1.811656453112314881e-17 -5.340031398204433648e-17 2.334201955382944786e-24
-1.739599692616597081e-17 -5.127637106706507112e-17 2.241361469902294355e-24
-1.658652161591110590e-17 -4.889036471760619858e-17 2.137065832990993134e-24
-1.569829699803295897e-17 -4.627223787771821438e-17 2.022623849963545494e-24
-1.474257180471288094e-17 -4.345514630161519381e-17 1.899484839557603171e-24
-1.373055198661022964e-17 -4.047212053011515848e-17 1.769092629578475357e-24
-1.267242418372740225e-17 -3.735318718583489193e-17 1.632759727219554416e-24
-1.157687887432143837e-17 -3.412396232376116623e-17 1.491605822475281678e-24
-1.045128020876768726e-17 -3.080615193287465515e-17 1.346579724245272455e-24
-9.302370307606332039e-18 -2.741962955017522547e-17 1.198550135528545189e-24
-8.137160955035497607e-18 -2.398506321006698295e-17 1.048420460015080601e-24
-6.963580851665885350e-18 -2.052582303469898538e-17 8.972122701350895099e-25
-5.790579778573982672e-18 -1.706828966451783083e-17 7.460786795810080920e-25
-4.627654107198085539e-18 -1.364045483871485452e-17 5.962432432823221728e-25
-3.484001499334177657e-18 -1.026942899990266805e-17 4.488910192770180367e-25
-2.367667446055676972e-18 -6.978927084321380489e-18 3.050586085840839972e-25
-1.285021134786379195e-18 -3.787723087857155998e-18 1.655666469471010915e-25
-2.407203723504067117e-19 -7.095462116240587033e-19 3.101525554906503531e-26
7.618803841667268595e-19 2.245715763115947629e-18 -9.816335056313715416e-26
1.720079293736833194e-18 5.070098962700370125e-18 -2.216210631893184239e-25
2.631178244897012238e-18 7.755650547283163795e-18 -3.390102575152802253e-25
3.492036140598941578e-18 1.029311187102014177e-17 -4.499262199555367228e-25
4.298951142338781539e-18 1.267157139459846144e-17 -5.538919906465358609e-25
5.047920876053346110e-18 1.487923163962286993e-17 -6.503918877719020025e-25
5.735237159295185412e-18 1.690516238796229707e-17 -7.389481363682648228e-25
6.358261511278762497e-18 1.874158645814612200e-17 -8.192207881017287564e-25
6.916134263713146948e-18 2.038596993543873451e-17 -8.910990821148996317e-25
7.410159009852850411e-18 2.184215532159774904e-17 -9.547509697936646352e-25
7.843715485652928407e-18 2.312010460584669315e-17 -1.010611909137705644e-24
8.221732628645364374e-18 2.423434636629186081e-17 -1.059316967324074684e-24
8.549904002665862045e-18 2.520166313776323732e-17 -1.101599722668034557e-24
8.833876659083285160e-18 2.603869986618784189e-17 -1.138187759924239251e-24
9.078584507060176677e-18 2.675999968389022121e-17 -1.169716783468505933e-24
9.287797542425188754e-18 2.737667506478764697e-17 -1.196672527161966546e-24
9.463887909724202305e-18 2.789571814890431737e-17 -1.219360624854995681e-24
9.607799082072294643e-18 2.831991030780623551e-17 -1.237902648286990464e-24
9.719205432788518812e-18 2.864829146731659198e-17 -1.252256639077354533e-24
9.796837444739009694e-18 2.887711908702434341e-17 -1.262259016713029572e-24
9.838926348196802263e-18 2.900118013718468629e-17 -1.267681900347854357e-24
9.843689056450416673e-18 2.901521867986437909e-17 -1.268295544290147995e-24
9.809751224328777008e-18 2.891518356655275833e-17 -1.263922869257118300e-24
9.736426341004547046e-18 2.869905145771197090e-17 -1.254475433036724557e-24
9.623817940913934600e-18 2.836712727185334529e-17 -1.239966572362972969e-24
9.472771720234312528e-18 2.792190412148285421e-17 -1.220505250860029747e-24
9.284756316575036588e-18 2.736771067093730337e-17 -1.196280683162196556e-24
9.061755133009654856e-18 2.671039323154616745e-17 -1.167548424845364849e-24
8.806203577763241792e-18 2.595713070914274165e-17 -1.134622272894054646e-24
8.520937361459585344e-18 2.511628131891499005e-17 -1.097867572862017332e-24
8.209086795986144592e-18 2.419707177660937688e-17 -1.057687640868959675e-24
7.873881538685559994e-18 2.320902197959364630e-17 -1.014498612356105442e-24
7.518388363781062955e-18 2.216117182382557392e-17 -9.686956159296690470e-25
7.145253926604240544e-18 2.106132199972732127e-17 -9.206196547672422943e-25
6.756534885195280657e-18 1.991553518041967961e-17 -8.705357198209324320e-25
6.353659901324571597e-18 1.872802269394870104e-17 -8.186278866102743426e-25
5.937528624460684418e-18 1.750143573181121006e-17 -7.650120727156960059e-25
5.508730554804876047e-18 1.623751216543020273e-17 -7.097642246932334623e-25
5.067845060537104684e-18 1.493795970408525792e-17 -6.529589904259295004e-25
4.615766010340602296e-18 1.360541328135862934e-17 -5.947115386040271829e-25
4.153979376920801060e-18 1.224425299752222665e-17 -5.352133339000574258e-25
3.684724458943092186e-18 1.086107915990326507e-17 -4.747528853232986653e-25
3.210994574864991162e-18 9.464714900716330533e-18 -4.137158537855520841e-25
2.736377511895731387e-18 8.065735492600973666e-18 -3.525645194315755627e-25
2.264779535332526500e-18 6.675655078716659776e-18 -2.918021756123095253e-25
1.800100785003102449e-18 5.305969824745169981e-18 -2.319313246017658219e-25
1.345939347557974593e-18 3.967285501227522863e-18 -1.734155677886505421e-25
9.053691443155071947e-19 2.668662548178833256e-18 -1.166509467489381215e-25
4.808135000906636637e-19 1.417243800330484082e-18 -6.194969416849550763e-26
7.401640662183652217e-20 2.181700602958098672e-19 -9.536525841977472860e-27
-3.139233578215770738e-19 -9.253196807879010275e-19 4.044699504236902319e-26
-6.824883369701345534e-19 -2.011700095463226923e-18 8.793420080234815757e-26
-1.031657714592646265e-18 -3.040910137991333092e-18 1.329224097589863783e-25
-1.361788140134128494e-18 -4.014001253283572029e-18 1.754575756419401700e-25
-1.673443068054183356e-18 -4.932634096537713600e-18 2.156122993861521454e-25
-1.967179753930228755e-18 -5.798451113352405349e-18 2.534583739038664755e-25
-2.243342477242218662e-18 -6.612467244915175423e-18 2.890401479518631437e-25
-2.501923121483577623e-18 -7.374658563005573987e-18 3.223565803916162358e-25
-2.742527330966048670e-18 -8.083862594750230850e-18 3.533568699627534244e-25
-2.964450228318292373e-18 -8.738001774287128641e-18 3.819502018685262785e-25
-3.166829360528829795e-18 -9.334533823074833410e-18 4.080254436452942084e-25
-3.348827669098385445e-18 -9.870991371909441988e-18 4.314747451015279542e-25
-3.509808706990924002e-18 -1.034549851690714976e-17 4.522161159512817769e-25
-3.649471252130180486e-18 -1.075716724249389705e-17 4.702107358781167635e-25
-3.767918499857523571e-18 -1.110630174478888452e-17 4.854718907158998225e-25
-3.865657187011698347e-18 -1.139439566950127303e-17 4.980648724861830862e-25
-3.943538342063534369e-18 -1.162395764159482314e-17 5.080993467913254636e-25
-4.002656845590192665e-18 -1.179821520039286871e-17 5.157163923034674513e-25
-4.044233287060428759e-18 -1.192076592635921839e-17 5.210732564774936856e-25
-4.069502590993050186e-18 -1.199524974548030070e-17 5.243290452600400904e-25
-4.079625892750081925e-18 -1.202508924138231428e-17 5.256333672777481162e-25
-4.075635806958853462e-18 -1.201332802944094462e-17 5.251192658861643602e-25
-4.058411000971105429e-18 -1.196255612342760670e-17 5.228999526550930347e-25
-4.028666690654575387e-18 -1.187488184231706752e-17 5.190675859450199256e-25
-3.986951205179001023e-18 -1.175192150024378203e-17 5.136928249434531390e-25
-3.933645687167173446e-18 -1.159479839121642098e-17 5.068247596726898958e-25
-3.868973062480376832e-18 -1.140416957029747220e-17 4.984921080109750133e-25
-3.793033211959068046e-18 -1.118032947227512370e-17 4.887077423121686394e-25
-3.705873538647085660e-18 -1.092341794967502266e-17 4.774777756016677331e-25
-3.607584607303353086e-18 -1.063370195951926183e-17 4.648138886123855493e-25
-3.498381764899964581e-18 -1.031181614109303529e-17 4.507438137558570174e-25
-3.378589012406085594e-18 -9.958715558065373576e-18 4.353092972044885503e-25
-3.248367506508104069e-18 -9.574875014512699941e-18 4.185311021307349824e-25
-3.106914889417206368e-18 -9.157929743508875115e-18 4.003058479317238940e-25
-2.950809635678022607e-18 -8.697794581803520439e-18 3.801926984239430471e-25
-2.771370965658203558e-18 -8.168881951923521596e-18 3.570731886505614412e-25
-2.551510716585675536e-18 -7.520822844764873063e-18 3.287456211826093062e-25
-2.263443425682531713e-18 -6.671716775562317731e-18 2.916300159864098660e-25
-1.869206915069778258e-18 -5.509666763934525793e-18 2.408351945784085413e-25
-1.325548492177945124e-18 -3.907181377181302805e-18 1.707883299975549662e-25
-5.931989443449480860e-19 -1.748510803571729857e-18 7.642983905405954294e-26
3.514741988930945939e-19 1.036003962726760462e-18 -4.528517236332212649e-26
1.505883125706401030e-18 4.438735318940126307e-18 -1.940232866972311946e-25
2.835162945655484809e-18 8.356915369223868589e-18 -3.652923868230390645e-25
4.272660735484010917e-18 1.259407802414227278e-17 -5.505046621756933616e-25
5.726879381936712579e-18 1.688052719403173455e-17 -7.378713092495998572e-25
7.092944829645698416e-18 2.090713600376785507e-17 -9.138799896861161592e-25
8.265747880553529334e-18 2.436408449620762852e-17 -1.064988043001110284e-24
9.152062415159770544e-18 2.697658136167337660e-17 -1.179183912029387213e-24
9.679730946131206055e-18 2.853193509054614011e-17 -1.247170584572215279e-24
9.803011865709859691e-18 2.889531697809021422e-17 -1.263054539065357213e-24
9.504142449053543316e-18 2.801437167864685059e-17 -1.224547140901234653e-24
8.791807500091020883e-18 2.591469850848529417e-17 -1.132767343468161220e-24
7.697478299100825397e-18 2.268905913859055096e-17 -9.917701159254451444e-25
6.270593928082597530e-18 1.848317761696333849e-17 -8.079253629337314313e-25
4.573368328725057704e-18 1.348043939532752050e-17 -5.892488539607784424e-25
2.675742084173195632e-18 7.887004130100381923e-18 -3.447520259991277146e-25
6.507753829997406218e-19 1.918222208335082402e-18 -8.384825105099863836e-26
-1.429358309148522433e-18 -4.213170298944786589e-18 1.841634861890314172e-25
-3.496698348284050502e-18 -1.030685468345724723e-17 4.505269558618083372e-25
-5.490085047493431824e-18 -1.618255405215151722e-17 7.073619463223734566e-25
-7.356971627938992604e-18 -2.168538101115196813e-17 9.478980660693317385e-25
-9.054476370538985056e-18 -2.668893898200539636e-17 1.166610438806290362e-24
-1.054973980796998639e-17 -3.109637095039176469e-17 1.359265441808900325e-24
-1.181967760621962302e-17 -3.483963377491771933e-17 1.522888789703968088e-24
-1.285026176914235996e-17 -3.787737834865928838e-17 1.655672971395338416e-24
-1.363549312857785789e-17 -4.019192247063488553e-17 1.756844992588005198e-24
-1.417620366711800795e-17 -4.178571952231670856e-17 1.826512049546641581e-24
-1.447881622055879939e-17 -4.267769973805652910e-17 1.865501663355874984e-24
-1.455417921537849461e-17 -4.289983904911135049e-17 1.875211629923083078e-24
-1.441653979976232326e-17 -4.249413314612342982e-17 1.857477631818357005e-24
-1.408266964332996062e-17 -4.151001831249779582e-17 1.814460615822755574e-24
-1.357113177450347847e-17 -4.000221241939322407e-17 1.748552349662334209e-24
-1.290166113744658225e-17 -3.802888634421873822e-17 1.662295499990175105e-24
-1.209462165447663281e-17 -3.565006059061833453e-17 1.558313739391381661e-24
-1.117051197723758143e-17 -3.292615673216051964e-17 1.439248173032494318e-24
-1.014951222864936596e-17 -2.991666057706254810e-17 1.307698907140638542e-24
-9.051068308714188429e-18 -2.667889128927179992e-17 1.166171480709413483e-24
-7.893540892457271025e-18 -2.326696836802981238e-17 1.017031549012234234e-24
-6.693965297659923283e-18 -1.973110434062178119e-17 8.624740068894659188e-25
-5.467948053681331775e-18 -1.611730039568777646e-17 7.045096635208504765e-25
-4.229712977831849659e-18 -1.246748333423591580e-17 5.449711229266563733e-25
-2.992293465115842339e-18 -8.820071212667379857e-18 3.855376417216501652e-25
-1.767825298219804171e-18 -5.210834663110718785e-18 2.277728415889569300e-25
-5.678499514639713917e-19 -1.673792575970136584e-18 7.316378782740465376e-26
5.964883171288325957e-19 1.758206335533185086e-18 -7.685365404575156478e-26
1.714467272638857186e-18 5.053556363884161886e-18 -2.208979882429884142e-25
2.776086281685075094e-18 8.182779641997125460e-18 -3.576807078963187269e-25
3.772589168869767862e-18 1.112006743402362699e-17 -4.860736427067575920e-25
4.697065329949348533e-18 1.384504989402834579e-17 -6.051863997182309123e-25
