1.270338571621795340e-34 2.242574940677659951e-34 1.935820237493709588e-35
5.236342865820966065e-27 9.243907061416857008e-27 7.977249210337227896e-28
8.819818648966465295e-24 1.556994789065103983e-23 1.343189872074929150e-24
1.086065200281755415e-21 1.917270553067936935e-21 1.653350818839858065e-22
2.411879931670063237e-20 4.257779704197125886e-20 3.669247783338345333e-21
1.584399887931210070e-19 2.796998982504524141e-19 2.407568815025614791e-20
4.367192949978992621e-19 7.709565239127928441e-19 6.620491609142828390e-20
6.288066820052635006e-19 1.110055402766303987e-18 9.478909854408441042e-20
5.651151300918991707e-19 9.976183597037947206e-19 8.390325286610452787e-20
3.734364861997078827e-19 6.592410328191889528e-19 5.306417214316685905e-20
2.048203531871639024e-19 3.615768337493459276e-19 2.544641475685728779e-20
1.103462731663679734e-19 1.947983370633184273e-19 9.074332591110371786e-21
5.568195412634781166e-20 9.829743444250247185e-20 -1.172930969260002017e-21
-2.426870407114870008e-21 -4.284236897133716670e-21 -1.198867959636038894e-20
-6.456776430100445554e-20 -1.139838428443571266e-19 -2.355616311822259932e-20
-1.215813256011848048e-19 -2.146319514999505547e-19 -3.469225798208184145e-20
-1.635788177253172384e-19 -2.887716611160481702e-19 -4.543959830315102717e-20
-1.943648379795493079e-19 -3.431193477309175825e-19 -6.038415027580643302e-20
-2.191021065397704077e-19 -3.867889557462326011e-19 -8.317354339103532166e-20
-2.390147732617589284e-19 -4.219415252037974896e-19 -1.094262812366749701e-19
-2.550902895508133070e-19 -4.503202079751216742e-19 -1.297266742644142537e-19
-2.652970359463128110e-19 -4.683385089444881323e-19 -1.381138722338322264e-19
-2.709559759053524551e-19 -4.783284246508689783e-19 -1.359463174008858169e-19
-2.724507654596800315e-19 -4.809672693348990170e-19 -1.275090060658396028e-19
-2.705694997632546198e-19 -4.776462472311957881e-19 -1.161928028315334487e-19
-2.660732732049269249e-19 -4.697089024983794949e-19 -1.032923909215664231e-19
-2.588043973266502626e-19 -4.568768708040481469e-19 -8.882397623765051319e-20
-2.496184420834240484e-19 -4.406605519408136587e-19 -7.327898653026905014e-20
-2.385977258658752412e-19 -4.212052828731520357e-19 -5.773046758426990220e-20
-2.262379572337744484e-19 -3.993861334476872107e-19 -4.305945890812903863e-20
-2.127065834110962570e-19 -3.754986985220594780e-19 -2.925625915206362909e-20
-1.980818846425636293e-19 -3.496811995060777365e-19 -1.534350697952052524e-20
-1.827207992616911144e-19 -3.225637320675205902e-19 -5.236426724123238930e-23
-1.667569648602119935e-19 -2.943821729736208932e-19 1.629377401204658961e-20
-1.506622512559834730e-19 -2.659695582698188598e-19 3.106328354326986898e-20
-1.346504221015505609e-19 -2.377032875467366940e-19 4.189362178477981822e-20
-1.188878372814432406e-19 -2.098770312012350258e-19 4.865830233039235842e-20
-1.035051428454481825e-19 -1.827214148441219651e-19 5.271003876858872650e-20
-8.858439655700723415e-20 -1.563812969563064535e-19 5.546733881177321829e-20
-7.436135192927934274e-20 -1.312728304746066319e-19 5.769732022098978553e-20
-6.099923760835452022e-20 -1.076841810531587676e-19 5.966906293553393102e-20
-4.862596917491301630e-20 -8.584119688777315739e-20 6.159940899518530989e-20
-3.720929080890923383e-20 -6.568692121384052320e-20 6.350935855052493714e-20
-2.681120747246494585e-20 -4.733080079998909681e-20 6.413760115281672111e-20
-3.167402952108205596e-20 -5.591530588586266788e-20 -2.024439982291786537e-20
-3.778826042618181795e-19 -6.670899388173406071e-19 -2.091475228061382785e-18
-3.439034473931936221e-18 -6.071053305028356096e-18 -1.998760465884318450e-17
-1.476494222288799131e-17 -2.606509283167603130e-17 -8.604285720083977809e-17
-3.390501865947075618e-17 -5.985377060028672610e-17 -1.975530448967446101e-16
-4.565529937289824743e-17 -8.059697117862209893e-17 -2.658120932996797304e-16
-3.726050948749087606e-17 -6.577734001410263073e-17 -2.165331108089468789e-16
-1.538609875838716795e-17 -2.716164020629501927e-17 -8.874001445151784203e-17
5.096065763361455947e-18 8.996274461357705343e-18 3.078379885965100454e-17
1.647708717691490638e-17 2.908760560875868028e-17 9.713178828903775671e-17
2.055226566739636297e-17 3.628166514793278391e-17 1.208340119287988106e-16
2.216303094736946235e-17 3.912520782066519161e-17 1.301409217787650706e-16
2.368054090099008905e-17 4.180412431345776789e-17 1.388769317349786544e-16
2.464243679828239281e-17 4.350219481415331672e-17 1.443408042207418469e-16
2.379160887925416036e-17 4.200019718984191218e-17 1.392026939648431190e-16
2.139097428510664787e-17 3.776226888626772874e-17 1.250221538877508567e-16
1.907109963390871305e-17 3.366690917677748671e-17 1.113379998848099547e-16
1.882631622177204221e-17 3.323478407005817602e-17 1.097786015659449668e-16
2.140406920076165499e-17 3.778538549304054832e-17 1.246535329893233386e-16
2.378526300018557071e-17 4.198899412618191366e-17 1.382668311672148955e-16
2.174141842386781822e-17 3.838092065761928268e-17 1.259238300892391096e-16
1.517453666134432534e-17 2.678816392817516941e-17 8.715441208473446425e-17
7.619085368077895565e-18 1.345024951185572351e-17 4.271293485578897584e-17
2.028177100031192564e-18 3.580415231556313110e-18 9.884330146239254787e-18
-1.035487907670906026e-18 -1.827984245324583004e-18 -8.058077182370433276e-18
-2.293336003345663975e-18 -4.048509628915623375e-18 -1.536747127098626374e-17
-2.414001650732241169e-18 -4.261525459960257620e-18 -1.602241528236330929e-17
-2.257461873791901946e-18 -3.985180448392960392e-18 -1.513858730111905656e-17
-3.013876811037470426e-18 -5.320507398000988804e-18 -1.970690756424022499e-17
-4.934105713120771636e-18 -8.710357348095267213e-18 -3.111214781714635080e-17
-7.188801736998745039e-18 -1.269065433389796671e-17 -4.440112324025090103e-17
-9.259109435573846471e-18 -1.634544401095873493e-17 -5.653373043815339863e-17
-1.111548318254830654e-17 -1.962256846410079203e-17 -6.737124927081793337e-17
-1.231003575279632303e-17 -2.173135582168427060e-17 -7.427771795821709242e-17
-1.232483009421214344e-17 -2.175747294115588611e-17 -7.420772754743363116e-17
-1.156731677747638199e-17 -2.042020710548959854e-17 -6.959086171310815844e-17
-1.087211047476109289e-17 -1.919293395474113715e-17 -6.537057363452141109e-17
-1.044049247438896880e-17 -1.843098293709834591e-17 -6.273451900271773983e-17
-9.780128955360902600e-18 -1.726521907076321864e-17 -5.876444210132598716e-17
-8.650486882284549189e-18 -1.527102068287335127e-17 -5.203394000798969173e-17
-7.845926708647413323e-18 -1.385070132017817042e-17 -4.723439376895961544e-17
-8.136527163454023081e-18 -1.436370884855422487e-17 -4.889521658962823178e-17
-8.836687920053258087e-18 -1.559972827927704328e-17 -5.292631460898881153e-17
-8.547798030217130057e-18 -1.508974040840709842e-17 -5.104454501677750087e-17
-6.855186546826851100e-18 -1.210171143795053761e-17 -4.083652427575250833e-17
-4.715804083852097365e-18 -8.324981498191689464e-18 -2.804829465295215081e-17
-3.370490500190174327e-18 -5.950050220486311946e-18 -2.008571733093683209e-17
-3.224668193026045268e-18 -5.692624748328810403e-18 -1.931981062874924851e-17
-3.712448484308265254e-18 -6.553721029912041467e-18 -2.230266829486511397e-17
-3.954551619192194603e-18 -6.981114435759747372e-18 -2.376397578900599623e-17
-3.588787482998640464e-18 -6.335417693832043911e-18 -2.158737399711968394e-17
-2.888870013396960999e-18 -5.099827911302786905e-18 -1.744349120958969387e-17
-2.327087938697485212e-18 -4.108093629345180638e-18 -1.412232857382327975e-17
-2.127461134751121544e-18 -3.755685126877312266e-18 -1.290357920440157571e-17
-1.958565091720649320e-18 -3.457526783946224276e-18 -1.179109071625620503e-17
-1.344639248848749815e-18 -2.373741017822562202e-18 -7.988562973766369313e-18
-3.787938403461663822e-19 -6.686986207316980609e-19 -2.112526079914696335e-18
3.868683125588426512e-19 6.829528526345814809e-19 2.514302532373074794e-18
6.194089748039658342e-19 1.093465403496173233e-18 3.917523878532243966e-18
5.539444043241347022e-19 9.778983470697782176e-19 3.537768725078665281e-18
6.970640921046036934e-19 1.230552686879264988e-18 4.438200470218489917e-18
1.263957105629448357e-18 2.231309623557875543e-18 7.915172745420646928e-18
2.039577910168986602e-18 3.600541417629575557e-18 1.265815945317239691e-17
2.709417553575766032e-18 4.783033906794887134e-18 1.675128220739596077e-17
3.137973968809914070e-18 5.539580223035452540e-18 1.937071335146077646e-17
3.348496415854702582e-18 5.911223197336271892e-18 2.066482229868276805e-17
3.419589746007857189e-18 6.036726862204361215e-18 2.111439897367156199e-17
3.451379655594894879e-18 6.092846709324101832e-18 2.131990277674272509e-17
3.484378017005763881e-18 6.151099833287788851e-18 2.152170201072555069e-17
3.478266208116089023e-18 6.140310375592173887e-18 2.147970196653358411e-17
3.444962841176810213e-18 6.081518735663896002e-18 2.127205728792317137e-17
3.466360404665006287e-18 6.119292632507268950e-18 2.140170590371169267e-17
3.555870513148672942e-18 6.277308091549818356e-18 2.196235194100803075e-17
3.588193635485038538e-18 6.334369246510673277e-18 2.220314290243069799e-17
3.412876921030649425e-18 6.024876223782416436e-18 2.120188390752833160e-17
3.062495307869237953e-18 5.406334799489359778e-18 1.913111709739118734e-17
2.729709910642786234e-18 4.818856617067517125e-18 1.714080752592026751e-17
2.511183546464811096e-18 4.433084055311917639e-18 1.581885249425170995e-17
2.324859400549613367e-18 4.104159190189072636e-18 1.468258813425884022e-17
2.086329806443034305e-18 3.683074163973943221e-18 1.323608948643600486e-17
1.840754553481290882e-18 3.249551213252678056e-18 1.176380320929169205e-17
1.681767318356601439e-18 2.968885236699936803e-18 1.083417644518240430e-17
1.616578552094586755e-18 2.853805157225621431e-18 1.047954639232272360e-17
1.550028671627670030e-18 2.736322233745453016e-18 1.010835154909562652e-17
1.375480355932689645e-18 2.428185736940068302e-18 9.071094994151225353e-18
1.084131727606158646e-18 1.913857399261344812e-18 7.324938876714370693e-18
7.756110886624086316e-19 1.369214673852355682e-18 5.481915196562033760e-18
5.666819563485592474e-19 1.000384481120995401e-18 4.244070037507771881e-18
5.020730132870370989e-19 8.863279401594270960e-19 3.870753688068389326e-18
5.134185467164456713e-19 9.063565912140862524e-19 3.943386261309788940e-18
4.853664519464014266e-19 8.568351978184004022e-19 3.770521697085852718e-18
3.853500531798552156e-19 6.802726162234029397e-19 3.166622733418824620e-18
2.808175885952545329e-19 4.957376807966022485e-19 2.544895993044245413e-18
2.301603224479383476e-19 4.063105871547203960e-19 2.251416458970660085e-18
2.043653518784932719e-19 3.607737429177098746e-19 2.095174292935662289e-18
1.344028202689515375e-19 2.372662551371424210e-19 1.646956755961036584e-18
8.937882270632025272e-21 1.577841038166653964e-20 8.406582184498269799e-19
-1.075597352011495308e-19 -1.898790400901604359e-19 8.026484199536909353e-20
-1.474811210287513807e-19 -2.603537273945348125e-19 -2.129420654773608382e-19
-1.085012385009962897e-19 -1.915412055554869858e-19 -2.468031677351429513e-20
-1.791514894938995264e-20 -3.162632039865221099e-20 4.658051440997947540e-19
3.531379595447482719e-19 6.234073621076525357e-19 2.575989692685912979e-18
2.132242414748507788e-18 3.764125594530291325e-18 1.287814791316865394e-17
7.113655319546727772e-18 1.255799581844330305e-17 4.183461737911045663e-17
1.495014276433345996e-17 2.639203301602734895e-17 8.740181479370809709e-17
2.131790684277768050e-17 3.763327938587792556e-17 1.243374255164087457e-16
2.164839465663839061e-17 3.821670246349608150e-17 1.260031710648764803e-16
1.571778386945734044e-17 2.774717907763712573e-17 9.114069711515400823e-17
7.064637888110670207e-18 1.247146377899186068e-17 4.044116767748828320e-17
-7.126374049618164815e-19 -1.258044901766674726e-18 -5.081755146111377622e-18
-6.251862669037039699e-18 -1.103664154894706199e-17 -3.748948042093964383e-17
-9.993315214441766211e-18 -1.764156452706182692e-17 -5.937333917305126968e-17
-1.268373325643531860e-17 -2.239105807436148011e-17 -7.510742066732003101e-17
-1.452878050816259989e-17 -2.564818718433454886e-17 -8.589253179087996685e-17
-1.536700361545533302e-17 -2.712793288762335244e-17 -9.077952490655278670e-17
-1.524536664280662604e-17 -2.691320275593203758e-17 -9.004401792444998364e-17
-1.459704627148393147e-17 -2.576869926895956450e-17 -8.622319861655959486e-17
-1.400858984505072054e-17 -2.472987573066487779e-17 -8.274258124515360163e-17
-1.377966650470624337e-17 -2.432574901540849869e-17 -8.133887484756266269e-17
-1.357982229272147210e-17 -2.397295660461792350e-17 -8.006437991943539942e-17
-1.276072461077975213e-17 -2.252697335802222891e-17 -7.513060194186801912e-17
-1.105863238008998635e-17 -1.952220792442768453e-17 -6.502055445673846930e-17
-8.807800241478435339e-18 -1.554873183731030130e-17 -5.171900405616303068e-17
-6.559494581988890025e-18 -1.157971566400921527e-17 -3.846716790665503968e-17
-4.685066659273040530e-18 -8.270719388241447647e-18 -2.743873358529222968e-17
-3.276663222405550676e-18 -5.784413228804758757e-18 -1.916101188005819706e-17
-2.231093917385748851e-18 -3.938631542505064342e-18 -1.300910690179269912e-17
-1.341383798892974405e-18 -2.367993833409787579e-18 -7.752132156624484266e-18
-4.147617414531704846e-19 -7.321941281652384388e-19 -2.258581710836384559e-18
5.876744645992160951e-19 1.037443146545346607e-18 3.683322510217933567e-18
1.572177159656507108e-18 2.775421678946708598e-18 9.508103180201284964e-18
2.448702054210071609e-18 4.322783154532776550e-18 1.468666629530854707e-17
3.168619018546918953e-18 5.593678977240864439e-18 1.893828818686302628e-17
3.708627587723007555e-18 6.546975860229843666e-18 2.212384065455701084e-17
4.107855721743727247e-18 7.251747866966601101e-18 2.446890166994104699e-17
4.471953643288937629e-18 7.894503209626526629e-18 2.659853566584305035e-17
4.877218853135105668e-18 8.609932702209049641e-18 2.897136632370063015e-17
5.279510091420750608e-18 9.320112084781190020e-18 3.133216291558796803e-17
5.544493957982448515e-18 9.787897715391717666e-18 3.288509304672617539e-17
5.584732786364575499e-18 9.858932786810349655e-18 3.310869047959798249e-17
5.460723509103048706e-18 9.640014676290426731e-18 3.236008546914494854e-17
5.316684462654132449e-18 9.385737316699688662e-18 3.149447492602924297e-17
5.225838585346717313e-18 9.225363791498330499e-18 3.094444294185964068e-17
5.131991193954888725e-18 9.059691554827766485e-18 3.037357575053617331e-17
4.951752272831981071e-18 8.741509205813074750e-18 2.928793655543854160e-17
4.707763456659499424e-18 8.310786812922385802e-18 2.782986646698295279e-17
4.513058837488085594e-18 7.967067649876687405e-18 2.667953850851211514e-17
4.425528401345479685e-18 7.812546967638479740e-18 2.618218035208362553e-17
4.370524459321326186e-18 7.715446519543786461e-18 2.588767983992063067e-17
4.228490225500848396e-18 7.464708325033549102e-18 2.507905648549230382e-17
3.959877809469558634e-18 6.990516998359666278e-18 2.352065474499703037e-17
3.616484515326217537e-18 6.384312256858514428e-18 2.152154537112131252e-17
3.268732000804350739e-18 5.770412048097532756e-18 1.949663982119284644e-17
2.957729502198123462e-18 5.221387994309999723e-18 1.768201375941891543e-17
2.696721342436914057e-18 4.760620722806198326e-18 1.614969816030620629e-17
2.474695151679473689e-18 4.368669775772808617e-18 1.483434865452763304e-17
2.250483234800866116e-18 3.972860222905762949e-18 1.349730895455895104e-17
1.974818415653982731e-18 3.486218997370248156e-18 1.185242721457023489e-17
1.629213157176578711e-18 2.876109431823960096e-18 9.793295630404335969e-18
1.232797293429981300e-18 2.176302082142557173e-18 7.433880922421691610e-18
8.199580394647343729e-19 1.447501931711032762e-18 4.976946456106742025e-18
4.267995827748603933e-19 7.534449264768003249e-19 2.634620005964960648e-18
8.825833406838071950e-20 1.558056817616315095e-19 6.128107077925434367e-19
-1.755051171641421228e-19 -3.098255643047291708e-19 -9.682543578575444806e-19
-3.741689806458353775e-19 -6.605341262575313061e-19 -2.164337402769557626e-18
-5.395816687556071579e-19 -9.525431835212844427e-19 -3.164284108639285245e-18
-6.989221857816360439e-19 -1.233832839671750353e-18 -4.131511259156062227e-18
-8.621029849360195239e-19 -1.521901864232613534e-18 -5.126963656961045463e-18
-1.033921557586448611e-18 -1.825219469389614818e-18 -6.178915201491636562e-18
-1.216496916337489354e-18 -2.147526403634883148e-18 -7.297490076178676895e-18
-1.394176657884554991e-18 -2.461190918746540030e-18 -8.387233484176962635e-18
-1.535848853948350578e-18 -2.711290042023568595e-18 -9.262808429444619041e-18
-1.619419049356049155e-18 -2.858819613244034647e-18 -9.794019370525278978e-18
-1.648678366045585266e-18 -2.910472165067659364e-18 -1.000430889778848681e-17
-1.646476651241726210e-18 -2.906585378627374667e-18 -1.002906333218858879e-17
-1.637094365360920145e-18 -2.890022486824869081e-18 -1.001103056864303044e-17
-1.639001398514800936e-18 -2.893389041259891231e-18 -1.005853842422675898e-17
-1.665531121971546554e-18 -2.940222960081507252e-18 -1.025030107479646569e-17
-1.718272720815015133e-18 -3.033329653078759600e-18 -1.059531805412504078e-17
-1.779281498422837883e-18 -3.141030663597100137e-18 -1.098528440757272557e-17
-1.820593497537602134e-18 -3.213960208840846920e-18 -1.125159542736379806e-17
-1.825352413982572238e-18 -3.222361268619616772e-18 -1.129312950754684957e-17
-1.796121182230350584e-18 -3.170758334215241212e-18 -1.112694163492013734e-17
-1.747599984856748582e-18 -3.085102123145397429e-18 -1.084392003315069085e-17
-1.698306170002164183e-18 -2.998081968379170229e-18 -1.055709070256802952e-17
-1.663194767312695219e-18 -2.936098526295786262e-18 -1.035639961676058071e-17
-1.644717211650912659e-18 -2.903479400289592802e-18 -1.025594186838070323e-17
-1.628774931102199158e-18 -2.875335896406714834e-18 -1.017062780889720294e-17
-1.594640809930024428e-18 -2.815077682185608325e-18 -9.975716516346324664e-18
-1.533882206585163898e-18 -2.707818305607140222e-18 -9.620107790941878494e-18
-1.454627666237083807e-18 -2.567907378492877417e-18 -9.151662008923488694e-18
-1.365620039656431499e-18 -2.410778968857195260e-18 -8.621495198887871093e-18
-1.266400187562041005e-18 -2.235622524439379292e-18 -8.025838932524841321e-18
-1.157114142949668458e-18 -2.042695876071688929e-18 -7.366217190215401110e-18
-1.048925187570421427e-18 -1.851705966090173901e-18 -6.712409161524155314e-18
-9.570618281740746904e-19 -1.689536213223414345e-18 -6.158850899677372872e-18
-8.855708547071932920e-19 -1.563330591380725252e-18 -5.730322973800591768e-18
-8.230229129544943686e-19 -1.452912422363369097e-18 -5.355823724772188959e-18
-7.527739113026763722e-19 -1.328899291265434798e-18 -4.932706706508796491e-18
-6.686635193805783890e-19 -1.180416147565886117e-18 -4.423007294604922895e-18
-6.061743511022421417e-19 -1.070101732450238890e-18 -4.035919110575623978e-18
-7.540730265021543788e-19 -1.331192671105768156e-18 -4.876191588137076814e-18
-1.619304458515350787e-18 -2.858617312054240502e-18 -9.902263808888713529e-18
-3.823902801187788931e-18 -6.750475169355596073e-18 -2.273712894173542249e-17
-7.274900672433469351e-18 -1.284264754053041650e-17 -4.282431475799543149e-17
-1.065790863443431878e-17 -1.881479518548591270e-17 -6.248170528737982911e-17
-1.225690991871809382e-17 -2.163757091783204150e-17 -7.169697590381496258e-17
-1.128862564376807808e-17 -1.992822311134429435e-17 -6.591448579613807433e-17
-8.291708949029560468e-18 -1.463765599218461965e-17 -4.829506274916949329e-17
-4.433960229104451479e-18 -7.827431200232223998e-18 -2.566410904315491228e-17
-6.652049332075452422e-19 -1.174310520495425088e-18 -3.568891075773618345e-18
2.589249704024626421e-18 4.570896675349979801e-18 1.550592769743677422e-17
5.247501476506653778e-18 9.263605964933102750e-18 3.108015056762791677e-17
7.301313547679508233e-18 1.288927570811636888e-17 4.310518376667643081e-17
8.724143755231521642e-18 1.540104953759912261e-17 5.142810235981828410e-17
9.528435983736315328e-18 1.682089549439990212e-17 5.612514095312226772e-17
9.807279209419443429e-18 1.731314747101970771e-17 5.774289604175363732e-17
9.702830532495932681e-18 1.712876063368446981e-17 5.711262521194295207e-17
9.353184252793243249e-18 1.651151758349058250e-17 5.504038020056908926e-17
8.859115708738529170e-18 1.563932041792178966e-17 5.211419388319616938e-17
8.274076228790984014e-18 1.460652891334746577e-17 4.864693295592991001e-17
7.616037528917404728e-18 1.344486915318197943e-17 4.474601311511018308e-17
6.893711634825272264e-18 1.216972070528306322e-17 4.046596169209826748e-17
6.130059130326879129e-18 1.082161707400436391e-17 3.594510263095632542e-17
5.364608714194386889e-18 9.470339537439959055e-18 3.141857443246560660e-17
4.626191535569902685e-18 8.166784715593487721e-18 2.705669560655540540e-17
3.907839700245937549e-18 6.898652062287071622e-18 2.281597195143294094e-17
3.184054948552524661e-18 5.620928420886151919e-18 1.854245102908121762e-17
2.454979029726232457e-18 4.333864057413035871e-18 1.423605897846898228e-17
1.763206782785013156e-18 3.112653265974278976e-18 1.015108375941144618e-17
1.164336749270532278e-18 2.055446228117472279e-18 6.618329084478791708e-18
6.893835649641448376e-19 1.216994086848632363e-18 3.818606157081494805e-18
3.277778316996935481e-19 5.786382323636518254e-19 1.683776651045828691e-18
2.696093303121787449e-20 4.759513991307138788e-20 -9.913467477231528833e-20
-2.867629039717026280e-19 -5.062330117534126549e-19 -1.961185994421155560e-18
-6.687256745038241867e-19 -1.180525839342553277e-18 -4.222086649951397561e-18
-1.127187570686767915e-18 -1.989865360576940462e-18 -6.926707148761243197e-18
-1.626034089268432780e-18 -2.870497325957779189e-18 -9.862281192859672882e-18
-2.107102986422171763e-18 -3.719745800505782479e-18 -1.268735500675871950e-17
-2.508624488455889113e-18 -4.428566350258907396e-18 -1.503834609362295537e-17
-2.782393327783493841e-18 -4.911860483958465016e-18 -1.663124436980636114e-17
-2.922910782765819773e-18 -5.159921082678650583e-18 -1.743523257106099227e-17
-2.982582043962973027e-18 -5.265260934712939131e-18 -1.776297200020439352e-17
-3.040191901588484904e-18 -5.366961720925912551e-18 -1.808316424368591141e-17
-3.147945963940151807e-18 -5.557183904598488677e-18 -1.870567910760518809e-17
-3.307059140714396227e-18 -5.838072179218782583e-18 -1.963606911231293851e-17
-3.479498852832598941e-18 -6.142486271970632507e-18 -2.064577906651396066e-17
-3.613086408329380917e-18 -6.378313278935936724e-18 -2.142353707282840808e-17
-3.667760387355589138e-18 -6.474831247256593848e-18 -2.173339040656725686e-17
-3.634984752936686141e-18 -6.416971238409552910e-18 -2.152885475751838333e-17
-3.535558528134188898e-18 -6.241450497178484673e-18 -2.093640243287606449e-17
-3.396037470974396536e-18 -5.995148853750057439e-18 -2.011325721673509645e-17
-3.229773899724175533e-18 -5.701637713401810013e-18 -1.913589371780019349e-17
-3.046242633328057931e-18 -5.377643315454629535e-18 -1.805812072622477975e-17
-2.870049481703135365e-18 -5.066603155326916143e-18 -1.702538037815499727e-17
-2.729011436762797911e-18 -4.817623472982481362e-18 -1.620289851440444629e-17
-2.619154029088448175e-18 -4.623688125063834677e-18 -1.556591158264259174e-17
-2.497282195095772100e-18 -4.408543342189520324e-18 -1.485538139316511390e-17
-2.317220093822678864e-18 -4.090673216341688402e-18 -1.379526993501926243e-17
-2.070794149167780128e-18 -3.655648640782754357e-18 -1.233809516862584551e-17
-1.792508148675343539e-18 -3.164380221311624789e-18 -1.069216204658130976e-17
-1.530111714478593470e-18 -2.701162128516007870e-18 -9.143446662451488074e-18
-1.313922302396534904e-18 -2.319514961380369002e-18 -7.870937933196610179e-18
-1.147176438513744228e-18 -2.025152354665474053e-18 -6.890433638473375152e-18
-1.014125387470966269e-18 -1.790272494592911199e-18 -6.105382143801139528e-18
-8.932861845858282143e-19 -1.576950651767940427e-18 -5.386717281335124844e-18
-7.681067732418592535e-19 -1.355966972251886489e-18 -4.635361982565028516e-18
-6.301833170001620795e-19 -1.112485706856690841e-18 -3.800455158031486261e-18
-4.762316629842750314e-19 -8.407091150190184364e-19 -2.861755331497705785e-18
-3.082444578357242200e-19 -5.441551059055188588e-19 -1.831732227607434112e-18
-1.375960283373416652e-19 -2.429032792412110704e-19 -7.802702498149165748e-19
1.787757554704813991e-20 3.155987170649465275e-20 1.838352966656553796e-19
1.464194886694797270e-19 2.584796402095759077e-19 9.888969864128455365e-19
2.523153141702993225e-19 4.454215282179596559e-19 1.660195253344072129e-18
3.510224832923165037e-19 6.196730398993003296e-19 2.290429778569060173e-18
4.546152913346118397e-19 8.025491621768434209e-19 2.951754979971014955e-18
5.655109167692438084e-19 9.983170621200415296e-19 3.657698191856415993e-18
6.830674840723711251e-19 1.205843915871772437e-18 4.403088901106035029e-18
8.087017843826026949e-19 1.427630764102961585e-18 5.195226170484489950e-18
9.406942024142502814e-19 1.660641788764026190e-18 6.022403338559048987e-18
1.068232688127720999e-18 1.885790123389135649e-18 6.817744634699414138e-18
1.175982917922101372e-18 2.076005522669816289e-18 7.487298379146256811e-18
1.255844544939243464e-18 2.216988183368819524e-18 7.981982723248178178e-18
1.313924394014224318e-18 2.319518696549921206e-18 8.339951719845986394e-18
1.365825612593832886e-18 2.411141787916193669e-18 8.657194693486819334e-18
1.424123771813178032e-18 2.514057621455854850e-18 9.010650719667412176e-18
1.488489247414164475e-18 2.627684393642826611e-18 9.398302216134915819e-18
1.546070572513565969e-18 2.729334841601022019e-18 9.742263846163996067e-18
1.581945644450906848e-18 2.792666368497348899e-18 9.952711678874841176e-18
1.591053528502951711e-18 2.808744843866522174e-18 9.999924930878391596e-18
1.579856979852161573e-18 2.788979209747471427e-18 9.923415121395993847e-18
1.556754146918771159e-18 2.748194923364960930e-18 9.773346273308226244e-18
1.523878014068408439e-18 2.690157394251192773e-18 9.561612298057842973e-18
1.479696197468605442e-18 2.612161553370184412e-18 9.278946635157620831e-18
1.426641716390935519e-18 2.518502545992839544e-18 8.941762540750033970e-18
1.372201097190832832e-18 2.422396620187085875e-18 8.597841871596099836e-18
1.321815918773916013e-18 2.333449961137825316e-18 8.281586166442216719e-18
1.272752115928239557e-18 2.246835863041023781e-18 7.976051648092529615e-18
1.216725305926438363e-18 2.147929586244894920e-18 7.629708031897976922e-18
1.150966377237645680e-18 2.031842865060361366e-18 7.224246495090883222e-18
1.100721299963938009e-18 1.943143429140808037e-18 6.907493134852382862e-18
1.166853981123562957e-18 2.059889903347578585e-18 7.270071287356449721e-18
1.567296776354401072e-18 2.766806181139587611e-18 9.584677761357477747e-18
2.547787675677334849e-18 4.497702604774955335e-18 1.528278278815077902e-17
4.121186636067699873e-18 7.275281230313649874e-18 2.443306783216514626e-17
5.883969857673621163e-18 1.038718667176473321e-17 3.467357082620717915e-17
7.182202066854256872e-18 1.267900327495229949e-17 4.218474393110971727e-17
7.510192920640678309e-18 1.325801772682135152e-17 4.401791621169287510e-17
6.772159289902587096e-18 1.195514024208427659e-17 3.962035568095319621e-17
5.228886894594583063e-18 9.230745300122606815e-18 3.052079320282129457e-17
3.266032580571637174e-18 5.765647444819698414e-18 1.897574803295952184e-17
1.205836735970724268e-18 2.128708686332872569e-18 6.870693261147390163e-18
-7.459437211048081582e-19 -1.316841349420979286e-18 -4.589668497396716927e-18
-2.466669541708971174e-18 -4.354502361204430163e-18 -1.468723366308664273e-17
-3.878829826022440923e-18 -6.847440635692024904e-18 -2.296920368083541407e-17
-4.936691324424364237e-18 -8.714921898426725699e-18 -2.916962539622725062e-17
-5.621244187259491877e-18 -9.923387862982868381e-18 -3.317873534484445913e-17
-5.937840586686619450e-18 -1.048228691810341776e-17 -3.502875231872566395e-17
-5.928514389281625837e-18 -1.046582298081408440e-17 -3.496657038712217330e-17
-5.685708483044247008e-18 -1.003718879953265147e-17 -3.353446337898996808e-17
-5.333882433356745549e-18 -9.416097380982662407e-18 -3.146185317978446980e-17
-4.980743536124191447e-18 -8.792688400413964797e-18 -2.937917234020947246e-17
-4.679617101429046891e-18 -8.261098942837445918e-18 -2.759773102403776679e-17
-4.430813806882420427e-18 -7.821877492783952803e-18 -2.611860289067312521e-17
-4.206720232023533080e-18 -7.426276996104490042e-18 -2.478017274867464656e-17
-3.971453139582648480e-18 -7.010951369566553682e-18 -2.337290816772511179e-17
-3.691716407053468989e-18 -6.517121841060737591e-18 -2.170234697916496538e-17
-3.351391124089803232e-18 -5.916333112726909805e-18 -1.967488540191882529e-17
-2.965401083070008778e-18 -5.234930823282010884e-18 -1.738003864733157504e-17
-2.576127515484291640e-18 -4.547732041953986302e-18 -1.506931390815016967e-17
-2.231515840169096063e-18 -3.939376477203021396e-18 -1.302589127103817250e-17
-1.961147699898579648e-18 -3.462085687493683151e-18 -1.142235911911064288e-17
-1.762787244797406512e-18 -3.111912705918522640e-18 -1.024205167447395200e-17
-1.603364714036294658e-18 -2.830478275624074885e-18 -9.287353458373836832e-18
-1.434997304468316822e-18 -2.533253123549976395e-18 -8.276284589757601710e-18
-1.217827201177333063e-18 -2.149874826477662758e-18 -6.976809107501204765e-18
-9.344586261624975659e-19 -1.649633923703448275e-18 -5.289798585636059094e-18
-5.897844396060603642e-19 -1.041168009494191286e-18 -3.246349113793206544e-18
-2.052974689918505169e-19 -3.624191153039360262e-19 -9.741807298126337657e-19
1.831139470897430297e-19 3.232577514985088076e-19 1.314612054049395831e-18
5.315379079774245915e-19 9.383432926137749118e-19 3.360976395223019617e-18
8.089929140263719564e-19 1.428144758770984878e-18 4.983239816568069896e-18
1.019829551643194007e-18 1.800342347172290505e-18 6.209818001295027220e-18
1.201968735616784512e-18 2.121879307133119299e-18 7.268039334906103660e-18
1.398260336296954988e-18 2.468400090216967220e-18 8.413102598716375682e-18
1.625779410465593270e-18 2.870047861538023624e-18 9.745146417105772201e-18
1.866980964474222479e-18 3.295849764614323692e-18 1.115743708594659061e-17
2.085504852305344901e-18 3.681617927515775527e-18 1.243222114236222675e-17
2.251391045296452475e-18 3.974462883583225095e-18 1.339207005378628429e-17
2.356471749976854617e-18 4.159965671102605402e-18 1.399090832227425847e-17
2.411100299860975504e-18 4.256403453270099958e-18 1.429278684461447769e-17
2.429348779764250365e-18 4.288618165834130071e-18 1.438263568207084994e-17
2.418717585745537319e-18 4.269850489543526401e-18 1.430529932673615918e-17
2.383914854841899810e-18 4.208411959395498995e-18 1.408905607048322420e-17
2.336094681833661064e-18 4.123993277542988752e-18 1.380105299919503477e-17
2.291073455384114060e-18 4.044515707273535333e-18 1.353614532532076876e-17
2.255846524742715116e-18 3.982328352779729446e-18 1.333565680474535809e-17
2.220197346422202796e-18 3.919395553150628232e-18 1.313700950720269861e-17
2.165112552759742842e-18 3.822152332109459550e-18 1.282479201941271958e-17
2.080218392539669335e-18 3.672285515328683899e-18 1.233610238672120846e-17
1.972786857260747375e-18 3.482632683090665426e-18 1.171461142408911593e-17
1.861185257791427052e-18 3.285618322997031643e-18 1.107040314315008577e-17
1.761501188133205634e-18 3.109642420130337494e-18 1.049888008146320298e-17
1.679406747019791424e-18 2.964718124025505176e-18 1.003214369729794143e-17
1.610759683141584394e-18 2.843532934177797356e-18 9.643452724838169692e-18
1.546730436500584195e-18 2.730499724437004312e-18 9.278502603620123073e-18
1.478706042509957961e-18 2.610413758898956736e-18 8.884695917001800045e-18
1.400796716031990445e-18 2.472877589489396013e-18 8.425898098822627237e-18
1.310328244172691571e-18 2.313170291523157480e-18 7.885481890865597042e-18
1.208099188990049493e-18 2.132701615991189203e-18 7.268085777915549781e-18
1.098328109303044742e-18 1.938918736297570275e-18 6.599426108083526796e-18
9.865520663198761772e-19 1.741596394232033744e-18 5.913690251545351660e-18
8.758119435242102976e-19 1.546102801119915187e-18 5.230367872077084302e-18
7.642574605012707066e-19 1.349171596265085842e-18 4.539443723388368732e-18
6.470379823060570683e-19 1.142239770580691173e-18 3.812488986173634442e-18
5.210494603781459779e-19 9.198276291021461413e-19 3.031221233874460253e-18
3.873240264412997107e-19 6.837572342305707860e-19 2.202085240340351891e-18
2.486460719820124277e-19 4.389439810695905769e-19 1.342145355211708811e-18
1.063346382701270978e-19 1.877164082321135853e-19 4.599708433233793515e-19
-3.917445684994361784e-20 -6.915611551415625671e-20 -4.407526125919150645e-19
-1.853106397382183103e-19 -3.271356471952387295e-19 -1.343206043917929489e-18
-3.267621552583805622e-19 -5.768451643651684618e-19 -2.214145310185040255e-18
-4.587595111265080404e-19 -8.098649406907789428e-19 -3.024154607647211793e-18
-5.808442134117689668e-19 -1.025385549066275570e-18 -3.770506465523091432e-18
-6.967130609990379533e-19 -1.229933041911508101e-18 -4.475893749182820772e-18
-8.099744612750601094e-19 -1.429877485181470920e-18 -5.162477496775789394e-18
-9.201425726072860702e-19 -1.624361245385284311e-18 -5.827569242059893595e-18
-1.022365417005193066e-18 -1.804818979519431195e-18 -6.442076459072083263e-18
-1.110799121764687619e-18 -1.960934265096342875e-18 -6.971099395953020728e-18
-1.182743972039322650e-18 -2.087941163265034062e-18 -7.398942771365945076e-18
-1.239875907731632263e-18 -2.188798269559067690e-18 -7.736263535673727174e-18
-1.285696123840150857e-18 -2.269686372134180665e-18 -8.004408259971702356e-18
-1.322290546359293404e-18 -2.334287837231021503e-18 -8.215974200698931995e-18
-1.349699922741366147e-18 -2.382674602442418325e-18 -8.371408030474529485e-18
-1.367631886604325519e-18 -2.414330550038472264e-18 -8.469666903906835932e-18
-1.376797295212421148e-18 -2.430510580475680073e-18 -8.516170203519536303e-18
-1.378238984560771373e-18 -2.433055637740553590e-18 -8.518207715551153329e-18
-1.371792095590989356e-18 -2.421674688980644848e-18 -8.475186980066367354e-18
-1.356325194709332009e-18 -2.394370401811853523e-18 -8.379990566597048277e-18
-1.333758560474050629e-18 -2.354532713549360943e-18 -8.243113686199017216e-18
-1.319731966159976996e-18 -2.329771051425011585e-18 -8.155652971837595088e-18
-1.362949289384280436e-18 -2.406064166993436647e-18 -8.402252964532183721e-18
-1.557390429892498756e-18 -2.749318241587670919e-18 -9.531580491868004711e-18
-2.009395952270950362e-18 -3.547260104981923453e-18 -1.216314692388806191e-17
-2.750404848857496795e-18 -4.855390104475896132e-18 -1.647759703701858833e-17
-3.662334856968445338e-18 -6.465253377814422310e-18 -2.178194791789630077e-17
-4.499633304627152308e-18 -7.943367001923629202e-18 -2.663989302780279386e-17
-5.004809631667175670e-18 -8.835173424387272803e-18 -2.954755153790019628e-17
-5.026720908281894459e-18 -8.873854372604166984e-18 -2.962418870892280354e-17
-4.561122909734305767e-18 -8.051917191952336602e-18 -2.684816027932428476e-17
-3.711004816918387391e-18 -6.551172171675451636e-18 -2.182434257580268316e-17
-2.619324708616500443e-18 -4.623988986999944550e-18 -1.539083802420153124e-17
-1.421246380957855890e-18 -2.508977703714921803e-18 -8.339857626644683212e-18
-2.269921111713211675e-19 -4.007174745695112129e-19 -1.317258157394405076e-18
8.777815409105792657e-19 1.549579632714368389e-18 5.175501867944426110e-18
1.826628212842809837e-18 3.224613612593572466e-18 1.074980589384397382e-17
2.567068977584964305e-18 4.531740869885317289e-18 1.509887023650986541e-17
3.062129796380538607e-18 5.405689726787593427e-18 1.800686315077563234e-17
3.304093281361832649e-18 5.832836482158353107e-18 1.942967073228240204e-17
3.329952628568286173e-18 5.878486698713365995e-18 1.958519268982159453e-17
3.217705116490207503e-18 5.680332175334574719e-18 1.893109649794574641e-17
3.058181755555107343e-18 5.398719983772484719e-18 1.799948413470892858e-17
2.921141697177653688e-18 5.156798303018511619e-18 1.719831873135836487e-17
2.837446575468062958e-18 5.009048257137563416e-18 1.670725307862149885e-17
2.801515916116126249e-18 4.945618452391330244e-18 1.649236717617098663e-17
2.784666684725891557e-18 4.915873846132295013e-18 1.638467138719347873e-17
2.751791301737019441e-18 4.857837792134131891e-18 1.617817557649193884e-17
2.678180159985554750e-18 4.727889386109804381e-18 1.572884547636819321e-17
2.560863537627091395e-18 4.520786031770767974e-18 1.502122751855256896e-17
2.418142393738280100e-18 4.268835012949081482e-18 1.416516085185171372e-17
2.278036052046022554e-18 4.021499867376453221e-18 1.332679396661743611e-17
2.163198601474473635e-18 3.818773039324079931e-18 1.263902397284416067e-17
2.080195291738221737e-18 3.672244405549979098e-18 1.213870159458845313e-17
2.017681878355541817e-18 3.561887338936829378e-18 1.175724178131917400e-17
1.953259496593393901e-18 3.448160207187054607e-18 1.136210442108943391e-17
1.863921735316145354e-18 3.290449014059199802e-18 1.081841044708060627e-17
1.733537095724783667e-18 3.060276289434461239e-18 1.003241853907091870e-17
1.555088001978602390e-18 2.745253605005618984e-18 8.964182360409773706e-18
1.331117696989503769e-18 2.349870712693702502e-18 7.630061418969505373e-18
1.075007863599633404e-18 1.897750695754345195e-18 6.110251667287407740e-18
8.093931813191510254e-19 1.428851335917642910e-18 4.539182374243601435e-18
5.571019149435545436e-19 9.834723349149797058e-19 3.051551143614959724e-18
3.286394302369138161e-19 5.801591358723642271e-19 1.708096926091440277e-18
1.171936461509440530e-19 2.068861017224088715e-19 4.665201442799059116e-19
-9.325850885373659627e-20 -1.646327280409868937e-19 -7.695143488696644289e-19
-3.133292829919968518e-19 -5.531315911562429667e-19 -2.062975522990987988e-18
-5.391406789681914541e-19 -9.517647061323430093e-19 -3.389808600971435194e-18
-7.551744292830299979e-19 -1.333137033548063265e-18 -4.656792375583690245e-18
-9.450957189716778127e-19 -1.668411973647618663e-18 -5.766559736313572026e-18
-1.100890066698208336e-18 -1.943441314617989796e-18 -6.671971402836755401e-18
-1.223932453992370732e-18 -2.160652474289096465e-18 -7.382142686234817380e-18
-1.319633116944173331e-18 -2.329596408468517013e-18 -7.930221071530369474e-18
-1.392303320027923896e-18 -2.457883883717282212e-18 -8.342714957704452102e-18
-1.444877813775604512e-18 -2.550695582918175579e-18 -8.638021278835770981e-18
-1.481737902796338659e-18 -2.615766004609154046e-18 -8.843397095319332935e-18
-1.509425369536518247e-18 -2.664643695531237465e-18 -8.998959200285307723e-18
-1.533447423422109343e-18 -2.707050683774743548e-18 -9.138064001242486529e-18
-1.554730707688521391e-18 -2.744622806457123391e-18 -9.265836520375074176e-18
-1.570022064919518672e-18 -2.771617243390393324e-18 -9.361819588705654901e-18
-1.576177553334207051e-18 -2.782483818987951012e-18 -9.406142891210671781e-18
-1.573997842213372051e-18 -2.778635887256981784e-18 -9.402783116052472015e-18
-1.568042662751193272e-18 -2.768122913520737952e-18 -9.378389355131690404e-18
-1.563283030146331060e-18 -2.759720524915299289e-18 -9.362045890175489500e-18
-1.561978932559592014e-18 -2.757418405101858768e-18 -9.366476041969647690e-18
-1.562882122183045926e-18 -2.759012842468651800e-18 -9.383259731702524596e-18
-1.562485499070268988e-18 -2.758312625826225477e-18 -9.390376929768198353e-18
-1.556828047023302794e-18 -2.748325353754741669e-18 -9.363102997241948879e-18
-1.542794877696610442e-18 -2.723552128229117341e-18 -9.281893850076830627e-18
-1.518821401139178154e-18 -2.681230869539060097e-18 -9.136777120766085281e-18
-1.485012773740321482e-18 -2.621547241295063123e-18 -8.928155608319154334e-18
-1.442563652205291746e-18 -2.546610256929844529e-18 -8.663174712545238455e-18
-1.392602402690998789e-18 -2.458411857650953942e-18 -8.348733610547225496e-18
-1.335034894378333030e-18 -2.356785802036744379e-18 -7.984802968375326811e-18
-1.268282042985380425e-18 -2.238944483714518511e-18 -7.562888216387347095e-18
-1.190302253992981629e-18 -2.101283915471819371e-18 -7.071647073193166754e-18
-1.100279359629997912e-18 -1.942363338103779201e-18 -6.506639761393097391e-18
-9.995255835241084944e-19 -1.764499116526227924e-18 -5.876054716933392946e-18
-8.906557562891581678e-19 -1.572307215825278351e-18 -5.196094675069182072e-18
-7.760465589608586011e-19 -1.369983326727050371e-18 -4.481590711124314046e-18
-6.571980160914946947e-19 -1.160175539378806848e-18 -3.742034507873277795e-18
-5.352447510121849661e-19 -9.448869213669264687e-19 -2.984827780766736284e-18
-4.115808201191186026e-19 -7.265785888764377918e-19 -2.219174882457931291e-18
-2.876342080394024206e-19 -5.077713157970372678e-19 -1.454532408448042915e-18
-1.641628048159269116e-19 -2.898027535518803595e-19 -6.959942328989088310e-19
-4.119160487899912422e-20 -7.271711593774861887e-20 5.622545801530970730e-20
8.110797036609469442e-20 1.431827497982431968e-19 8.012498705208352962e-19
2.015272724197688095e-19 3.557632452412554235e-19 1.531877058503214499e-18
3.178208418856813142e-19 5.610605631406257723e-19 2.234566695178128429e-18
4.274700270729122513e-19 7.546284285580640365e-19 2.894293595096167712e-18
5.287139690503171847e-19 9.333581006805232053e-19 3.500925994563535037e-18
6.211923911172962920e-19 1.096613568233594391e-18 4.052930948360526992e-18
7.056895489940185797e-19 1.245779508181149665e-18 4.555491927852562134e-18
7.832524301160406534e-19 1.382704136993832417e-18 5.015074025204571201e-18
8.544356333836183017e-19 1.508366328910990014e-18 5.435121878845262790e-18
9.191465931214378204e-19 1.622602860007712440e-18 5.815418121931320768e-18
9.768744441469928678e-19 1.724512065752802784e-18 6.153513919501616975e-18
1.026929713957132074e-18 1.812876593384316762e-18 6.445973331833273114e-18
1.068573980169911370e-18 1.886392771517080125e-18 6.688919387846190266e-18
1.101517566140235500e-18 1.944549274685357237e-18 6.880884085231849639e-18
1.127781462728894365e-18 1.990913848493469991e-18 7.033725008558818717e-18
1.156199793859861856e-18 2.041081766870628544e-18 7.198992220233940265e-18
1.209881511328198011e-18 2.135848094132630086e-18 7.511522927077970627e-18
1.330601569434532805e-18 2.348959604220155608e-18 8.214972297819030024e-18
1.567513014211090727e-18 2.767187968305885992e-18 9.595685054892353098e-18
1.946441419462119543e-18 3.436124092795998202e-18 1.180318590533187000e-17
2.438217797289886725e-18 4.304274953534788599e-18 1.466535514765081001e-17
2.953798070840828489e-18 5.214447706503467660e-18 1.766048554112536768e-17
3.374797986958220407e-18 5.957654289236888213e-18 2.009625846012772749e-17
3.599374643075472438e-18 6.354107663058486797e-18 2.137798629937751342e-17
3.574571327362506609e-18 6.310321370655302734e-18 2.119741000936416942e-17
3.301609012970545430e-18 5.828450993856117342e-18 1.956333531249624475e-17
2.821069198523621134e-18 4.980136459691702286e-18 1.671476725198763138e-17
2.193017488133830359e-18 3.871413727158600179e-18 1.300451413743916306e-17
1.482158811954008759e-18 2.616508927314745365e-18 8.812303564290323668e-18
7.502092208621489187e-19 1.324371565689555668e-18 4.500145629812806397e-18
5.364542432403547364e-20 9.470211706618612191e-20 3.991412778593580400e-19
-5.564155195923498577e-19 -9.822606112857010470e-19 -3.191272982920780266e-18
-1.037024870307402106e-18 -1.830697790613305154e-18 -6.019851367058031405e-18
-1.362198086687673517e-18 -2.404737934059735479e-18 -7.935075948807590721e-18
-1.533722997638168277e-18 -2.707537161554306170e-18 -8.947976706601349494e-18
-1.584868507322389412e-18 -2.797826258277718299e-18 -9.247902044276186969e-18
-1.576022172722453536e-18 -2.782209503739090237e-18 -9.135895943294049317e-18
-1.596541360025112141e-18 -2.818432664761813266e-18 -8.899970282601918598e-18
-1.768321314035997844e-18 -3.121681995824100899e-18 -8.704089131482490567e-18
-2.180044698385931127e-18 -3.848512424101458266e-18 -8.583920215950227996e-18
-2.710189420552107389e-18 -4.784396398916116945e-18 -8.580559188261008300e-18
-2.920237419477113869e-18 -5.155201837941117123e-18 -8.868717144511890511e-18
-2.283399449464868191e-18 -4.030968504840196615e-18 -9.673301312062462820e-18
-6.377105301862396500e-19 -1.125773793983373990e-18 -1.102194864978935558e-17
1.615521940408608901e-18 2.851939755336322842e-18 -1.263600778085260585e-17
3.782892506611166601e-18 6.678078314211540640e-18 -1.409940560632056534e-17
5.317464853162386133e-18 9.387115056083502442e-18 -1.511325307409782592e-17
6.053610433480053903e-18 1.068665981378812434e-17 -1.561035244896153205e-17
6.159064738503750244e-18 1.087282223505279449e-17 -1.570054230626081745e-17
5.970679479488899372e-18 1.054025884697323412e-17 -1.556716941983621686e-17
5.860807045598698022e-18 1.034629701616262452e-17 -1.540020959577764235e-17
6.107199679798522968e-18 1.078126305188928831e-17 -1.532718434965989503e-17
6.796607791685256986e-18 1.199830043026920350e-17 -1.535769073868645025e-17
7.875185504959085914e-18 1.390235214313126739e-17 -1.542817771556586919e-17
9.186584125298361552e-18 1.621741102613122135e-17 -1.543969784547152620e-17
1.032259413491037947e-17 1.822285111600734207e-17 -1.515756379357781706e-17
1.062210890697178599e-17 1.875159565437637167e-17 -1.419542537805237451e-17
9.670722566997121100e-18 1.707207902081226429e-17 -1.233184835399203032e-17
7.852527367659663848e-18 1.386235416711523584e-17 -9.867024834459212368e-18
6.119839313519637142e-18 1.080357778304880043e-17 -7.459020855874233523e-18
5.008568892045257359e-18 8.841811347995023863e-18 -5.463164084401957918e-18
3.979248226145321853e-18 7.024712876003107269e-18 -3.508506362202704756e-18
1.871256028773818728e-18 3.303395723745245211e-18 -8.302013218701581596e-19
-2.032109364000739838e-18 -3.587358276504336509e-18 3.004613474360356324e-18
-7.421972722856918735e-18 -1.310227976616916821e-17 7.723804667048876169e-18
-1.328608862902513975e-17 -2.345441650068508815e-17 1.259602141877256197e-17
-1.865131040043005721e-17 -3.292583854747718507e-17 1.694590176841787337e-17
-2.306383980304017765e-17 -4.071543898864345909e-17 2.047382311823726041e-17
-2.653570206266063792e-17 -4.684444493822181394e-17 2.320792997470243136e-17
-2.919007376526276843e-17 -5.153030382500063940e-17 2.525610309695670530e-17
-3.104251065207259605e-17 -5.480047793272988213e-17 2.665570927619118772e-17
-3.211985318480510482e-17 -5.670235021474985175e-17 2.745429400589960741e-17
-3.266524717187553288e-17 -5.766515422974798378e-17 2.784533833726737042e-17
-3.301818490670030994e-17 -5.828820801970888236e-17 2.807923516549105006e-17
-3.319083002333062427e-17 -5.859298492709646934e-17 2.817180241954637443e-17
-3.264495746588670852e-17 -5.762933615333368268e-17 2.775823590649744328e-17
-3.057294591696657569e-17 -5.397153808387822696e-17 2.629330438607659099e-17
-2.642627662879934688e-17 -4.665127124336372896e-17 2.341599342234539391e-17
-2.028740929768788443e-17 -3.581410446746859007e-17 1.920142485259022366e-17
-1.291023819533856397e-17 -2.279091492419699186e-17 1.418304115543125091e-17
-5.442642993286861133e-18 -9.608096634066249773e-18 9.157058901510542236e-18
1.037577681495200209e-18 1.831673769460056219e-18 4.860683788978180957e-18
5.923092947957550359e-18 1.045625245402458060e-17 1.697258080736946856e-18
9.189830771353004293e-18 1.622314388393397796e-17 -3.372029432608154431e-19
1.121914528149846765e-17 1.980556668316811013e-17 -1.526247389770056311e-18
1.252466904933412745e-17 2.211025538930581240e-17 -2.242103206618801004e-18
1.357544700662303077e-17 2.396523236763164815e-17 -2.823716994590273894e-18
1.475551100571722994e-17 2.604844284974788186e-17 -3.548825660111991615e-18
1.636457422742268593e-17 2.888898116295691942e-17 -4.633403019874897155e-18
1.854760916905471782e-17 3.274277244603439826e-17 -6.181121549422287947e-18
2.115776404031697281e-17 3.735057406309278649e-17 -8.087619859131472920e-18
2.371662932378204393e-17 4.186783219538427527e-17 -1.001528749461503219e-17
2.562321528078754016e-17 4.523359777619721568e-17 -1.154110698761417873e-17
2.650969472907193528e-17 4.679853230593358881e-17 -1.240400713807845735e-17
2.643731047269092871e-17 4.667074998566800232e-17 -1.264058948824133805e-17
2.576040155407454046e-17 4.547577807179979105e-17 -1.249184985633560275e-17
2.482193677872447685e-17 4.381907175913518267e-17 -1.219336363410971758e-17
2.377343696322668404e-17 4.196811647189262070e-17 -1.185019560910931183e-17
2.260659423791024100e-17 3.990824632722306635e-17 -1.145715715081229583e-17
2.125391045485947704e-17 3.752030441511687246e-17 -1.096653517407460257e-17
1.963383106336597303e-17 3.466031912552517615e-17 -1.031836860197352364e-17
1.766306478509634569e-17 3.118125327595860896e-17 -9.449762873520601339e-18
1.530221768093032850e-17 2.701356358716406500e-17 -8.327409305150533716e-18
1.263122167597473867e-17 2.229835696235825325e-17 -6.999986023939602352e-18
9.892706120043948274e-18 1.746395548067444377e-17 -5.628580247371746050e-18
7.442444055601512624e-18 1.313841828987930699e-17 -4.452924174288002761e-18
5.594972612156877196e-18 9.877009360935706058e-18 -3.685718792945859676e-18
4.444867026395943849e-18 7.846686020673068289e-18 -3.390792579265411571e-18
3.808124859123711068e-18 6.722622243524969868e-18 -3.442540867041918279e-18
3.351855524146406781e-18 5.917153421395245439e-18 -3.612665227908880633e-18
2.807772734935412579e-18 4.956664062306652328e-18 -3.714132361950122421e-18
2.094129313829254827e-18 3.696842551277304967e-18 -3.684546907451567461e-18
1.281832498338260952e-18 2.262864631731660030e-18 -3.564597903842909006e-18
4.813415302045742067e-19 8.497291221672982567e-19 -3.423606494081956563e-18
-2.498898451221035245e-19 -4.411393956118126795e-19 -3.304033011944964157e-18
-9.392390937685934179e-19 -1.658072426235652079e-18 -3.214905284802295838e-18
-1.677438974733478979e-18 -2.961244146256952864e-18 -3.166452218300558475e-18
-2.565647723339306559e-18 -4.529231826579369604e-18 -3.216412976898215606e-18
-3.659615474058527440e-18 -6.460452880433250318e-18 -3.481810526237227620e-18
-4.941233098656577624e-18 -8.722939204630755554e-18 -4.085035417852071160e-18
-6.327562816309831371e-18 -1.117027798957125858e-17 -5.059713963407040080e-18
-7.701034823829694409e-18 -1.359491879829901009e-17 -6.287453546187993424e-18
-8.943011217289100253e-18 -1.578742489697104159e-17 -7.515267397229373776e-18
-9.965657853746908945e-18 -1.759273966434863281e-17 -8.438000015612274621e-18
-1.073515776519833740e-17 -1.895116556789643114e-17 -8.791345847604426270e-18
-1.127303893088622695e-17 -1.990070677402477441e-17 -8.413241627868563969e-18
-1.163485162681325412e-17 -2.053942817870022838e-17 -7.263541447992146629e-18
-1.188085317937191785e-17 -2.097370388602051607e-17 -5.412800522617004178e-18
-1.205094691461108379e-17 -2.127397654783297168e-17 -3.017903733282719349e-18
-1.214869799725620631e-17 -2.144654015609023982e-17 -2.984291115156783118e-19
-1.214044322151236977e-17 -2.143196761457548689e-17 2.484013534722067105e-18
-1.197414887355782506e-17 -2.113840202438268343e-17 5.051330415429647403e-18
-1.160962989136081194e-17 -2.049490352449094877e-17 7.148359408605708015e-18
-1.104159948736606530e-17 -1.949213879613832388e-17 8.594547929111354810e-18
-1.030400864292656579e-17 -1.819004285081257473e-17 9.331595225282015849e-18
-9.457444615336437169e-18 -1.669557249318550934e-17 9.441471315597453516e-18
-8.563963137400220637e-18 -1.511827675606633967e-17 9.114342502049681886e-18
-7.653077348658216258e-18 -1.351025686873110238e-17 8.571744893567826512e-18
-6.698637531941669960e-18 -1.182534963219085581e-17 7.984806268755255557e-18
-5.645003065463789089e-18 -9.965330358660156945e-18 7.441937268507519209e-18
-4.490938820430388004e-18 -7.928018553846317975e-18 6.986525695861925819e-18
-3.360804387797543173e-18 -5.932950770379746652e-18 6.676569274854553065e-18
-2.468972932822657780e-18 -4.358568081555160067e-18 6.593082503721040774e-18
-1.984150002973442040e-18 -3.502692354746384833e-18 6.786423564614772105e-18
-1.912561514849072842e-18 -3.376314535137656358e-18 7.223614890079520022e-18
-2.097066075613097606e-18 -3.702027368982547777e-18 7.793012182499419369e-18
-2.316082647148347428e-18 -4.088665343741558625e-18 8.358302169739803631e-18
-2.397946638899439807e-18 -4.233182573712781544e-18 8.816287246133800696e-18
-2.284160740749299378e-18 -4.032312117352185504e-18 9.126620703820613311e-18
-2.030475167045081493e-18 -3.584471889688070951e-18 9.310609570347019008e-18
-1.763856282048492407e-18 -3.113799975150946530e-18 9.427945555941552492e-18
-1.616615754949831343e-18 -2.853871025350807268e-18 9.539014476622185362e-18
-1.675818785362068529e-18 -2.958384190492385441e-18 9.674362356747753524e-18
-1.972610581070583573e-18 -3.482321365827144377e-18 9.831073737318813012e-18
-2.471429597802343752e-18 -4.362904904420273791e-18 9.971167682234979030e-18
-3.029457139819494239e-18 -5.348011410895909862e-18 9.998989051197684121e-18
-3.406150056837565516e-18 -6.013001053671266980e-18 9.767748536701820875e-18
-3.405355089952970484e-18 -6.011597540043888520e-18 9.170581080507361058e-18
-3.047799077821631909e-18 -5.380391100083039626e-18 8.248929766980184563e-18
-2.553586672987608925e-18 -4.507940730366992578e-18 7.172916003263403231e-18
-2.093447713122701492e-18 -3.695640647784334614e-18 6.072156466041138466e-18
-1.555435060078741237e-18 -2.745865861741008929e-18 4.884343994038226442e-18
-5.855729134150688284e-19 -1.033732684608730859e-18 3.389566556437383526e-18
1.131648835305133653e-18 1.997740293389944558e-18 1.402252922560523868e-18
3.624091444122818250e-18 6.397741061381919031e-18 -1.064667932828817888e-18
6.618342266585036556e-18 1.168360305069645736e-17 -3.799456422406140811e-18
9.724255896039173514e-18 1.716658541892142405e-17 -6.523138057937758524e-18
1.263222435170895566e-17 2.230012727439858944e-17 -9.023162523604677032e-18
1.518502884673087446e-17 2.680668531245185829e-17 -1.119780559011483241e-17
1.733103396979402910e-17 3.059510570152586221e-17 -1.302046180318054097e-17
1.905887296408844661e-17 3.364532293128986111e-17 -1.449359060775084430e-17
2.038620436263013656e-17 3.598850996929260060e-17 -1.564197666706553601e-17
2.137579615192028638e-17 3.773547302438295419e-17 -1.652453517878846018e-17
2.210205731450166964e-17 3.901756879410277012e-17 -1.720853062421493821e-17
2.255812512215813594e-17 3.982268224050414671e-17 -1.770259659110234376e-17
2.258974156054315454e-17 3.987849607091520701e-17 -1.791117136398603708e-17
2.193466683733565492e-17 3.872206866682305549e-17 -1.766193077926436375e-17
2.035326662542339845e-17 3.593036503841832844e-17 -1.679548576649318500e-17
1.777180191044709742e-17 3.137321082857757438e-17 -1.526458399689450089e-17
1.436096525374518311e-17 2.535193661921922336e-17 -1.318859809919032587e-17
1.050675068593161309e-17 1.854795117471651989e-17 -1.083285900321920610e-17
6.683815119909891525e-18 1.179918314955116899e-17 -8.520287986347622380e-18
3.296282435838453958e-18 5.819048061112092972e-18 -6.521523314639005402e-18
5.675303751909545722e-19 1.001882145157734498e-18 -4.980516686533675473e-18
-1.477860424377588315e-18 -2.608920956975418949e-18 -3.903727231165137443e-18
-2.958671437496857151e-18 -5.223050540109076380e-18 -3.198393348433894738e-18
-4.064705123644933823e-18 -7.175572266825594836e-18 -2.721924100062156305e-18
-5.011258837460923218e-18 -8.846558186309060271e-18 -2.314075154453185672e-18
-6.014707322223040805e-18 -1.061798258944842971e-17 -1.815453104621633619e-18
-7.251701041259609338e-18 -1.280169271064149103e-17 -1.097502211409283312e-18
-8.793218663406404125e-18 -1.552298997900141173e-17 -1.094874629706131885e-19
-1.056175547882730887e-17 -1.864505252699649531e-17 1.092219450650746453e-18
-1.236481924134736925e-17 -2.182806685799622491e-17 2.369120592084457212e-18
-1.399181619760580302e-17 -2.470026407200789218e-17 3.569132392523041175e-18
-1.530155926042642752e-17 -2.701240132017436617e-17 4.588033816278513087e-18
-1.624435141735931464e-17 -2.867674674739488779e-17 5.386398807671688231e-18
-1.682942929812505343e-17 -2.970960601215962330e-17 5.968105927490651972e-18
-1.708543631453593068e-17 -3.016154447720081198e-17 6.352051055621780783e-18
-1.704050483520528079e-17 -3.008222512771993340e-17 6.557515982396777530e-18
-1.671482476523627184e-17 -2.950729010440500627e-17 6.598612896877683012e-18
-1.611484956727322258e-17 -2.844813216618165265e-17 6.479407361870214919e-18
-1.523473268540536980e-17 -2.689442989461232916e-17 6.194304809866277998e-18
-1.407519971689198405e-17 -2.484746405757478085e-17 5.741543765250618451e-18
-1.267498159578976169e-17 -2.237560791812611009e-17 5.145785789522261477e-18
-1.113333952404948847e-17 -1.965409102321368412e-17 4.473250135172187845e-18
-9.601003972896429069e-18 -1.694900323964886924e-17 3.824490986947198263e-18
-8.234587576414737236e-18 -1.453681847934662519e-17 3.303887256881449634e-18
-7.136918468227397876e-18 -1.259906312325288104e-17 2.979885387767937009e-18
-6.320805442736675403e-18 -1.115834905608637345e-17 2.859429657294413119e-18
-5.719286437574035101e-18 -1.009646544407575306e-17 2.894229070441002957e-18
-5.232178139698353621e-18 -9.236555176847681520e-18 3.012430168140001042e-18
-4.775769856272392339e-18 -8.430840928686562655e-18 3.151974641765196792e-18
-4.306924136860406370e-18 -7.603170498024747250e-18 3.277710715031853395e-18
-3.815921066047181693e-18 -6.736384642943744296e-18 3.378748665481882558e-18
-3.302424221124578137e-18 -5.829889547790328208e-18 3.455331992551997686e-18
-2.754128026837416282e-18 -4.861962246208346561e-18 3.510594405456145266e-18
-2.140924135621832857e-18 -3.779451297874782841e-18 3.555755008339653754e-18
-1.426236271409872158e-18 -2.517786977036222061e-18 3.623336010794233328e-18
-5.871114822082083386e-19 -1.036449807271054918e-18 3.772527205356295948e-18
3.703662123125491118e-19 6.538202975161595317e-19 4.072687271365945141e-18
1.410168976422975481e-18 2.489422523741079993e-18 4.566580963220743172e-18
2.478931731733560065e-18 4.376149088171305509e-18 5.233505122515366179e-18
3.522523152303646136e-18 6.218439318613482643e-18 5.977985664181599091e-18
4.497921186351927084e-18 7.940344693117625340e-18 6.651989796841111212e-18
5.379140265471942161e-18 9.495992451549481279e-18 7.095529100255247963e-18
6.160365086775519365e-18 1.087511695956295706e-17 7.174675931193452015e-18
6.856169577927633021e-18 1.210344623228994866e-17 6.804461007783806158e-18
7.494850671424183580e-18 1.323093373844937182e-17 5.957301998142891679e-18
8.103756462608839371e-18 1.430585760224410037e-17 4.664567958596827243e-18
8.692256536281990264e-18 1.534475816544649793e-17 3.015093076945069176e-18
9.241494218893766024e-18 1.631434740997405358e-17 1.149836191825612648e-18
9.706676561351243372e-18 1.713555071601728555e-17 -7.510487133102180380e-19
1.003080115906844755e-17 1.770773960715396439e-17 -2.492890485966550893e-18
1.016337853416766572e-17 1.794178326482790761e-17 -3.901487263800266487e-18
1.007549278853464585e-17 1.778663543309256914e-17 -4.860850429612681227e-18
9.764928194011364558e-18 1.723838479471704265e-17 -5.339365679667186648e-18
9.250141693059240846e-18 1.632961343402936065e-17 -5.390040207378153258e-18
8.556530843384348519e-18 1.510515644764942078e-17 -5.123891088146242790e-18
7.704226050888171127e-18 1.360055142867852594e-17 -4.669399923113386040e-18
6.710098149250711836e-18 1.184558094290381115e-17 -4.139467310084444042e-18
5.607764996270560374e-18 9.899592113366244020e-18 -3.621959787115210399e-18
4.468590256872686394e-18 7.888565827541465474e-18 -3.187896198394836275e-18
3.397066310417004490e-18 5.996965693952275380e-18 -2.896943521693921717e-18
2.495247453528976698e-18 4.404951877021814540e-18 -2.789813061346849305e-18
1.822195757532914033e-18 3.216789170652079515e-18 -2.877789945052488066e-18
1.378773733497533918e-18 2.434000187319667972e-18 -3.142625040915418573e-18
1.123299168380944595e-18 1.983001360213024647e-18 -3.545957598315587661e-18
9.995802890911338268e-19 1.764595162890980790e-18 -4.041500647151070459e-18
9.582962077300911734e-19 1.691714343451906006e-18 -4.584940669927967176e-18
9.662535690672549553e-19 1.705761916743269997e-18 -5.139278073272199664e-18
1.005590918064603693e-18 1.775205951071244550e-18 -5.675906903072474554e-18
1.066923464713705484e-18 1.883479007728905817e-18 -6.171854940916472819e-18
1.143898112333366454e-18 2.019365243877642266e-18 -6.606706461898448498e-18
1.232550312617634244e-18 2.175865676036191481e-18 -6.962541126924745765e-18
1.326435547500385353e-18 2.341604631392991350e-18 -7.222330652029446431e-18
1.403102400727940057e-18 2.476948136988803059e-18 -7.363421197515633823e-18
1.421806961165879348e-18 2.509968849635570146e-18 -7.357301751623886015e-18
1.352491590243988344e-18 2.387603928278619514e-18 -7.188788249615289895e-18
1.212758105249592503e-18 2.140926231549134493e-18 -6.880055411118773186e-18
1.058996103879533350e-18 1.869483337657637960e-18 -6.482039846544638762e-18
9.175311884480912263e-19 1.619749685668188758e-18 -6.025215712717924914e-18
7.160905019993041228e-19 1.264139511345613680e-18 -5.474235532346679164e-18
2.914801830750281314e-19 5.145612013738682606e-19 -4.735414056451336614e-18
-5.203974600125060994e-19 -9.186740622108170168e-19 -3.717372099171520577e-18
-1.783389533705208271e-18 -3.148280707713426445e-18 -2.396696673865681815e-18
-3.424642653579366377e-18 -6.045647027627449443e-18 -8.394183741259142124e-19
-5.277565256719237506e-18 -9.316680064966947638e-18 8.297943436938610914e-19
-7.159594696139659538e-18 -1.263909494006655789e-17 2.480878128482733957e-18
-8.931022013777061026e-18 -1.576625979568470210e-17 4.017820235574441174e-18
-1.051305935290451249e-17 -1.855908879380829087e-17 5.389475106034325245e-18
-1.187701889820961276e-17 -2.096693686843996370e-17 6.581386344056543300e-18
-1.302549009358541727e-17 -2.299437376602138290e-17 7.602348308998125870e-18
-1.397310137681088328e-17 -2.466722542101986541e-17 8.470755781610458485e-18
-1.472298668922376856e-17 -2.599102593424425219e-17 9.199020336739068198e-18
-1.524201773731467720e-17 -2.690729136729314893e-17 9.775397850149392816e-18
-1.544975121991119834e-17 -2.727401103136287616e-17 1.015434829514671597e-17
-1.523414770676076566e-17 -2.689339775988165811e-17 1.026656343105549421e-17
-1.449217968902022857e-17 -2.558357382267270934e-17 1.004584987605295697e-17
-1.317882292865188437e-17 -2.326505707059211380e-17 9.462332049504194852e-18
-1.134264275180131646e-17 -2.002358134018583486e-17 8.547648221052547834e-18
-9.129994056236611834e-18 -1.611751208913943133e-17 7.399397168363751894e-18
-6.752896831177606025e-18 -1.192113555734588998e-17 6.159788732772584244e-18
-4.433540304381344013e-18 -7.826690560101318007e-18 4.976562240016241579e-18
-2.349860299876073031e-18 -4.148294188835727323e-18 3.965349161843164729e-18
-6.039510179734175186e-19 -1.066176675850257069e-18 3.188499941584211736e-18
7.807617818631641357e-19 1.378307527292337077e-18 2.653341081050178638e-18
1.844750071939933503e-18 3.256604947765328964e-18 2.322605678734546713e-18
2.675001707609516879e-18 4.722278491921605572e-18 2.126832908657925005e-18
3.388563086418584128e-18 5.981954411169492018e-18 1.976512314217790166e-18
4.109024836857454576e-18 7.253811834081492152e-18 1.779734977437873712e-18
4.932684151904467291e-18 8.707847670757287522e-18 1.466149418810722933e-18
5.897593568676150607e-18 1.041123753655448460e-17 1.007953001043923342e-18
6.974657503023342058e-18 1.231261788000099431e-17 4.262222415620531956e-19
8.085591428747700910e-18 1.427379002225286379e-17 -2.217375993669498713e-19
9.134351116267768805e-18 1.612520373488752702e-17 -8.655275543926108569e-19
1.003466713283103097e-17 1.771456451171621695e-17 -1.442287293862119142e-18
1.072562977818338692e-17 1.893434612301213625e-17 -1.908257173706110033e-18
1.117654596709679314e-17 1.973036501458381440e-17 -2.241550809515247230e-18
1.138395564767466267e-17 2.009651294184242762e-17 -2.439392868405159915e-18
1.136260296410491983e-17 2.005881828252065433e-17 -2.511983475245778375e-18
1.113406825405669760e-17 1.965537759963711863e-17 -2.474189532289399598e-18
1.071928271255039853e-17 1.892314136750953025e-17 -2.339528355122259383e-18
1.013951251887830574e-17 1.789965174854817897e-17 -2.121173125394527665e-18
9.424480509362084597e-18 1.663737976969551105e-17 -1.838555793842919673e-18
8.620573578658935582e-18 1.521821374642829846e-17 -1.523007449439151758e-18
7.791227160661393073e-18 1.375413815773886688e-17 -1.217048994675276437e-18
7.006417550067678029e-18 1.236868486278940055e-17 -9.668896724148524579e-19
6.325554300593976323e-18 1.116673204592078182e-17 -8.108889328369875910e-19
5.782407178364016583e-18 1.020789464862769137e-17 -7.696923230215688065e-19
5.379545263713825694e-18 9.496707797332984132e-18 -8.427639988048821859e-19
5.094199855356397493e-18 8.992977151460455915e-18 -1.011607985259370373e-18
4.890849688112615702e-18 8.633995765190343152e-18 -1.248041315943164246e-18
4.733063786499729195e-18 8.355450518644965005e-18 -1.523246210302293514e-18
4.589355735626911984e-18 8.101757377665482530e-18 -1.812871611159783225e-18
4.432630848952959183e-18 7.825085235718127775e-18 -2.097557542123803638e-18
4.236758614664532426e-18 7.479304814703581253e-18 -2.363449151621222674e-18
3.975083264069348718e-18 7.017359668667574894e-18 -2.605823812411774749e-18
3.623692809843769716e-18 6.397037072166286343e-18 -2.833840480464986506e-18
3.167954231775599790e-18 5.592504988315482369e-18 -3.073096512181541582e-18
2.608055235213984370e-18 4.604094914044482554e-18 -3.360344349528582944e-18
1.959649355653843739e-18 3.459440550101031919e-18 -3.727460668947057928e-18
1.248767659074949900e-18 2.204495321002724339e-18 -4.181856495465299840e-18
5.041436223097960171e-19 8.899834590150048114e-19 -4.694983595789302434e-18
-2.487864333156520944e-19 -4.391913425304501987e-19 -5.204784413197020927e-18
-9.906774709633559472e-19 -1.748878855216162078e-18 -5.629388803733613363e-18
-1.709299914800500257e-18 -3.017489626238760630e-18 -5.885367499233181721e-18
-2.400042039968426090e-18 -4.236882289657130827e-18 -5.904169852515714316e-18
-3.065116501633292980e-18 -5.410962670496554199e-18 -5.642887664144125824e-18
-3.710319970582823400e-18 -6.549963613180366910e-18 -5.089784949663576879e-18
-4.339739116760865990e-18 -7.661099983836355618e-18 -4.267004027913307794e-18
-4.950323192154426388e-18 -8.738986398943356530e-18 -3.230906964198094332e-18
-5.528697134804032428e-18 -9.760011130109557460e-18 -2.068083460908886236e-18
-6.052000884404738848e-18 -1.068381836135810222e-17 -8.852590777876386949e-19
-6.492918197927402855e-18 -1.146218576554299207e-17 2.061148582786352706e-19
-6.826432718444658539e-18 -1.205095109321624430e-17 1.109690786833275608e-18
-7.034863367109987514e-18 -1.241890125231507333e-17 1.764497575625684680e-18
-7.109422317066632657e-18 -1.255052287220136781e-17 2.156011553745217210e-18
-7.048544910336982016e-18 -1.244305381896654551e-17 2.312795272034405162e-18
-6.855462160248565940e-18 -1.210219777247707324e-17 2.292372863725455286e-18
-6.539073529545323006e-18 -1.154366540611913388e-17 2.163855041396767638e-18
-6.119515260013001777e-18 -1.080300396956944695e-17 1.994786079456234221e-18
-5.633608724905178834e-18 -9.945215410916154522e-18 1.844837958712218470e-18
-5.132537123625094038e-18 -9.060655258246610682e-18 1.762523066036732750e-18
-4.669436594047766654e-18 -8.243126816647219525e-18 1.781305230876202485e-18
-4.283492704175523424e-18 -7.561806001761171497e-18 1.916931091855795486e-18
-3.990687090861592314e-18 -7.044905689432949944e-18 2.167471196319539194e-18
-3.785636099193393465e-18 -6.682921668130116156e-18 2.515672984425565867e-18
-3.650380683144557517e-18 -6.444150436744242543e-18 2.935169773978041321e-18
-3.563755716479348682e-18 -6.291228364448603962e-18 3.398289459255739824e-18
-3.507735626385909169e-18 -6.192333968621948292e-18 3.880283139903450676e-18
-3.469406210456590906e-18 -6.124669446616539652e-18 4.359935057203197813e-18
-3.439322363717972417e-18 -6.071561449378010349e-18 4.819040516731992289e-18
-3.409180111398871464e-18 -6.018350611497419860e-18 5.241575113331017641e-18
-3.370817257209296834e-18 -5.950627367198432258e-18 5.612451784680105769e-18
-3.315097049807440056e-18 -5.852262299243992192e-18 5.916234422686070230e-18
-3.229780461009263075e-18 -5.701649675300483412e-18 6.136570886011117268e-18
-3.100684811602732922e-18 -5.473752531396596414e-18 6.257932993385889443e-18
-2.919996908063862280e-18 -5.154777116013168209e-18 6.271671629088473188e-18
-2.695204089481263706e-18 -4.757940730303626612e-18 6.182757042788746250e-18
-2.444508036949695445e-18 -4.315377466899331298e-18 6.007398777187457404e-18
-2.174382786184733587e-18 -3.838516855136015633e-18 5.757344704384469727e-18
-1.855321591246988512e-18 -3.275267691155759867e-18 5.422063960892286562e-18
-1.419458763488433279e-18 -2.505823389937595209e-18 4.966755976589643920e-18
-7.878388127955272884e-19 -1.390801431657919850e-18 4.350843251728230987e-18
8.957662730928873296e-20 1.581324433324451305e-19 3.553771875017396514e-18
1.207798160248725165e-18 2.132170253196829148e-18 2.591168842927078518e-18
2.508470942507766846e-18 4.428295790487289790e-18 1.512242616717978082e-18
3.903102451185851087e-18 6.890289580207334664e-18 3.825496032622785380e-19
5.301529667259479227e-18 9.358984063784600497e-18 -7.350334549488348612e-19
6.632154493711859442e-18 1.170798495864382301e-17 -1.792400962888014144e-18
7.849357441460449482e-18 1.385675760150572022e-17 -2.760415535675283130e-18
8.930327895170281481e-18 1.576503358818777470e-17 -3.627272224998999585e-18
9.865583608186907197e-18 1.741607470290840641e-17 -4.392057357925623131e-18
1.064678578080412921e-17 1.879516008229177352e-17 -5.055913491988683552e-18
1.125568428692652015e-17 1.987007096485384062e-17 -5.614041343952345257e-18
1.165870164960471223e-17 2.058153153994095849e-17 -6.050813816689898048e-18
1.181007682639100998e-17 2.084875950313791311e-17 -6.341077919953636120e-18
1.166362724328046844e-17 2.059022721337840765e-17 -6.457827705420527657e-18
1.118999607679851207e-17 1.975410882920714793e-17 -6.383179247668279482e-18
1.039321212052612247e-17 1.834751696644896743e-17 -6.119161313422612376e-18
9.319258367061992654e-18 1.645162720186521031e-17 -5.694610751495385481e-18
8.051973399972581876e-18 1.421444270883717090e-17 -5.163645390949991747e-18
6.696994613830005760e-18 1.182244929787808590e-17 -4.594573631732776994e-18
5.359593194049767769e-18 9.461485770056704258e-18 -4.054673694323636933e-18
4.124682634635143538e-18 7.281453095777002222e-18 -3.596663655814261016e-18
3.044733625420206730e-18 5.374979621574636940e-18 -3.250298921360899265e-18
2.135923938681605878e-18 3.770624683227251977e-18 -3.019833154367401887e-18
1.379859751871497653e-18 2.435916969856926140e-18 -2.885177471848195582e-18
7.293923018439607185e-19 1.287622778313659886e-18 -2.806594212982977306e-18
1.197583444181420258e-19 2.114135598777461237e-19 -2.733873225761023132e-18
-5.144730037930345013e-19 -9.082180610003590993e-19 -2.618098011959847549e-18
-1.221137762404652709e-18 -2.155719041494331274e-18 -2.423538831846515443e-18
-2.018186483819943815e-18 -3.562778266764410747e-18 -2.136112003296927112e-18
-2.891808689423402921e-18 -5.105015511795661792e-18 -1.764867824181353062e-18
-3.804123349281808288e-18 -6.715557931376688262e-18 -1.336795801512154541e-18
-4.705856203363297393e-18 -8.307419855607642983e-18 -8.874672122921460696e-19
-5.549022738218381220e-18 -9.795892584302075357e-18 -4.513669571460963029e-19
-6.295982445983400789e-18 -1.111452790126298657e-17 -5.548175834611277444e-20
-6.922824140456968915e-18 -1.222111442807679051e-17 2.829600663564242495e-19
-7.417259080692957736e-18 -1.309395846582678367e-17 5.554585749034302244e-19
-7.773793680087432390e-18 -1.372336184621951885e-17 7.589664117959088759e-19
-7.990060806494910682e-18 -1.410514613239358861e-17 8.925270811343061421e-19
-8.066736884703337246e-18 -1.424050546396492961e-17 9.567148038138657384e-19
-8.010587075310120628e-18 -1.414138201106001520e-17 9.563787792286055393e-19
-7.837957768383543304e-18 -1.383663297921941473e-17 9.035013413129420345e-19
-7.575706699076013183e-18 -1.337367159246443820e-17 8.166298203821642529e-19
-7.257704730940003390e-18 -1.281229120639915475e-17 7.184569382262303385e-19
-6.918020214425320066e-18 -1.221263374080463295e-17 6.318490490540685822e-19
-6.583846942980302293e-18 -1.162270534562680662e-17 5.741517125497510992e-19
-6.270668712693168038e-18 -1.106984034926316756e-17 5.544002887615740033e-19
-5.981636427057949924e-18 -1.055960108463707442e-17 5.735740629468492813e-19
-5.711078211170174505e-18 -1.008197482704768135e-17 6.267122007608027830e-19
-5.449740219243939916e-18 -9.620625299908687113e-18 7.064601632863603089e-19
-5.189045832875979781e-18 -9.160411873678906408e-18 8.052870356399911841e-19
-4.922427830205667643e-18 -8.689741448726214989e-18 9.166911683090613145e-19
-4.643916795262400807e-18 -8.198075866344818015e-18 1.036725690299637806e-18
-4.346074906115224867e-18 -7.672284810161946659e-18 1.165673387488507820e-18
-4.019480777479043481e-18 -7.095736386883470470e-18 1.308864453284871897e-18
-3.654403712350183952e-18 -6.451252480577267475e-18 1.476179512900432938e-18
-3.243329781539606961e-18 -5.725568632617957243e-18 1.681073491910131547e-18
-2.782944897046472796e-18 -4.912834377454125224e-18 1.936576952405606687e-18
-2.274999575796734111e-18 -4.016139987740492432e-18 2.246828150400269781e-18
-1.725750392409515621e-18 -3.046530479769873999e-18 2.600615776558476740e-18
-1.144700740010163421e-18 -2.020782284495771756e-18 2.971061979758339535e-18
-5.435803774728047716e-19 -9.596026503311602432e-19 3.319252319357096002e-18
6.481808335354908134e-20 1.144252612760571689e-19 3.600529581442575775e-18
6.684728635936476426e-19 1.180079398708596128e-18 3.772235947259804380e-18
1.258188862420923206e-18 2.221126974670037236e-18 3.800762769523469157e-18
1.828759177465477854e-18 3.228375692134515373e-18 3.666280652800881096e-18
2.378420872628994974e-18 4.198713443408077198e-18 3.365315662025694257e-18
2.906727059353982349e-18 5.131351680589723969e-18 2.912417491529079029e-18
3.411681497504388351e-18 6.022766307476315365e-18 2.340429546068155030e-18
3.887576684731173470e-18 6.862881438455149553e-18 1.698718471669550953e-18
4.324637087765773619e-18 7.634440069163230906e-18 1.048420034160518524e-18
4.710180540340531761e-18 8.315053937654554539e-18 4.521979923842275276e-19
5.030602792119675573e-18 8.880707011141522165e-18 -3.887816862977505099e-20
5.273646942009997055e-18 9.309761628785076345e-18 -3.941754493047009118e-19
5.429993852138907360e-18 9.585766497668369491e-18 -6.064287506223501348e-19
5.494032467507929156e-18 9.698816301531244437e-18 -6.904123937928598451e-19
5.465023797675533883e-18 9.647606240319134240e-18 -6.775378036762067319e-19
5.349341884697464685e-18 9.443388742717024134e-18 -6.074627978646126000e-19
5.162291956467363376e-18 9.113182614859536245e-18 -5.202925302241138116e-19
4.926966330965101819e-18 8.697753644585658058e-18 -4.519314132867041852e-19
4.669587888882595045e-18 8.243394125549444282e-18 -4.304444130538955281e-19
4.413194362257559066e-18 7.790773238726212912e-18 -4.732047525310081230e-19
4.172710013670852291e-18 7.366237409792260517e-18 -5.863852365542256279e-19
3.953772181529726666e-18 6.979738450304014385e-18 -7.656398136400547216e-19
3.754808588718620723e-18 6.628500761157678527e-18 -9.990288477120617610e-19
3.570494371136935669e-18 6.303124157346336197e-18 -1.271494810642662112e-18
3.395031190678775616e-18 5.993372583565066794e-18 -1.567714038915882844e-18
3.223887976642389355e-18 5.691247210958490184e-18 -1.873907843922716314e-18
3.053898627592920389e-18 5.391158685479672046e-18 -2.178734226687132676e-18
2.882642304961420843e-18 5.088833495829660680e-18 -2.472882427616580653e-18
2.707905440655641603e-18 4.780364280355294183e-18 -2.747874877382257445e-18
2.527260384386781400e-18 4.461465014460674592e-18 -2.994827978643745576e-18
2.337605917444094598e-18 4.126660754879934451e-18 -3.204813052168297161e-18
2.135849435951458211e-18 3.770492609170583825e-18 -3.370058548074886973e-18
1.921508272251516997e-18 3.392108700107326288e-18 -3.485365636148287838e-18
1.698943614808594986e-18 2.999207650777275509e-18 -3.550013321206489229e-18
1.475258766382872875e-18 2.604329003834649952e-18 -3.567221861475989436e-18
1.252456524672697681e-18 2.211008257532685874e-18 -3.539435327237634647e-18
1.018260890842293583e-18 1.797573638856404145e-18 -3.462379738790329321e-18
7.434263945804588133e-19 1.312396963256984072e-18 -3.322637392843023330e-18
3.896640387281160738e-19 6.878863901817542908e-19 -3.101999517297199758e-18
-7.537771916576392582e-20 -1.330688574640435117e-19 -2.786511316123052986e-18
-6.646742892825302374e-19 -1.173374964130869547e-18 -2.374956574153250312e-18
-1.366797806363342712e-18 -2.412858209057965762e-18 -1.881512767257252800e-18
-2.150385808923297170e-18 -3.796154178943582247e-18 -1.331398333072585155e-18
-2.974574169640121441e-18 -5.251124027084430193e-18 -7.544753527363295715e-19
-3.799696271114581456e-18 -6.707742746532680211e-18 -1.788839183546947949e-19
-4.594008036948980157e-18 -8.109970863182045651e-18 3.746831727500193301e-19
-5.335613398097394095e-18 -9.419153496735712346e-18 8.939703170039136802e-19
-6.010206181225465611e-18 -1.061003634413632277e-17 1.372475392496416514e-18
-6.606188886314192258e-18 -1.166214667300192522e-17 1.806942918498535702e-18
-7.110015488834878030e-18 -1.255157030228148512e-17 2.193901317006749802e-18
-7.503747077622022347e-18 -1.324663866962139468e-17 2.526066981784215156e-18
-7.765303400020347064e-18 -1.370837329683640504e-17 2.792308621922807673e-18
-7.871636815934480445e-18 -1.389608773011861803e-17 2.980665256309849815e-18
-7.804602886760250553e-18 -1.377775030167346385e-17 3.081509482829558508e-18
-7.557823532991916458e-18 -1.334210138452489759e-17 3.090951195655650223e-18
-7.141882162670449552e-18 -1.260782501725130194e-17 3.015117079068784261e-18
-6.585794309642783380e-18 -1.162614319262999146e-17 2.872208354475238599e-18
-5.933871200570686965e-18 -1.047527967375470330e-17 2.689781625729672884e-18
-5.238409998182193612e-18 -9.247556643038828195e-18 2.499493060297822451e-18
-4.550327971972282576e-18 -8.032860073515880724e-18 2.331931508359781574e-18
-3.910661420825557549e-18 -6.903633039745467942e-18 2.211073254149274401e-18
-3.344548008098206337e-18 -5.904252361246074716e-18 2.149301398137567009e-18
-2.857932091759056153e-18 -5.045211624435684650e-18 2.145240084649331183e-18
-2.437390733863077228e-18 -4.302814578429134932e-18 2.184444529996828373e-18
-2.053795131511395495e-18 -3.625639177065322562e-18 2.242451734441974939e-18
-1.669839784150074408e-18 -2.947828907274126748e-18 2.289789047149036399e-18
-1.249723243567627789e-18 -2.206182003558970802e-18 2.298684346547395365e-18
-7.681351196554448073e-19 -1.356016920108708023e-18 2.249494919681516400e-18
-2.158772137453687411e-19 -3.810957011532189999e-19 2.134518771529385924e-18
3.993826382213122166e-19 7.050452026488240412e-19 1.958892694366548113e-18
