-7.902273397650374959e-09
3.042111260431123001e-09
8.980311867931031696e-09
9.771005665047978309e-09
7.494998534473582317e-09
8.588817855421527704e-09
1.732681917909300556e-08
2.734244678771361942e-08
2.751446656621416580e-08
1.703995838577768057e-08
5.809447256075109293e-09
3.076857598616728425e-10
-1.248056890020654629e-09
-2.374877706207004150e-09
-4.853581169450586787e-09
-9.209846100005714157e-09
-1.420155159545839434e-08
-1.648193383239546695e-08
-1.370893230663602880e-08
-7.974039298601570198e-09
-4.057918476991969112e-09
-4.818139225966983888e-09
-7.588927653453179876e-09
-6.607555822621998627e-09
-1.098891003161087694e-09
4.704445374006566421e-09
8.373285767801900407e-09
9.171492179328742859e-09
6.249584967132493470e-09
9.460904651213845059e-10
-3.470148504613079563e-09
-4.713881253199486060e-09
-2.822128009748904445e-09
8.183753175118683328e-11
1.326709344267562111e-09
-4.020659910058515855e-10
-4.306129414677193880e-09
-7.920887674211586464e-09
-9.504348154914961195e-09
-9.036902855244126320e-09
-5.941039219042699565e-09
2.167457109555016900e-11
6.037778053996100035e-09
8.537067213123505491e-09
7.088983164114368318e-09
3.369005280824181045e-09
-9.679061258303218576e-10
-2.675831622063233740e-09
1.052146538241376406e-09
8.226034220623494994e-09
1.340983182755391225e-08
1.164391577643743719e-08
4.238130786354369500e-09
-6.334908696695162192e-10
1.612799252328199326e-09
5.280455574107107351e-09
9.793624745350032933e-10
-9.359698877980497497e-09
-1.055778348650959555e-08
1.607918245066500880e-09
1.007809025232417317e-08
3.721018097609752280e-09
-5.421884326284359645e-09
-4.137661070365356959e-09
9.114502902141188452e-10
-6.006447161675199600e-10
-2.478799777248678183e-09
2.755505749806311544e-09
7.707373686752362489e-09
4.305521792252161085e-09
-5.166321206070214024e-09
-1.572647103671228986e-08
-2.288924332391478461e-08
-2.026901211189775558e-08
-6.618101479291276308e-09
6.897852056153997058e-09
9.144173755402887984e-09
4.157532569699990160e-09
1.186493756791501341e-09
4.976062402671979514e-10
-1.439585842873809978e-10
1.605558212479564125e-09
6.350979702178179377e-09
1.010468791212541388e-08
1.010009538277799881e-08
8.272580199737202287e-09
7.583012073367609620e-09
6.357502844974605736e-09
1.445691019642598825e-09
-5.199652718355369777e-09
-9.212764711193721332e-09
-8.265014371863320290e-09
-2.904282089206506141e-09
2.616411534492195867e-09
3.740023834832875082e-09
5.461295807313352421e-10
-3.735965404649025588e-09
-5.625728086747631443e-09
-2.063597552675620984e-09
6.582932293723696836e-09
1.445443453223719166e-08
1.471191278488956748e-08
7.265499522145454340e-09
-3.351464516598926658e-10
-2.178597689719785693e-09
-5.190449286185881508e-10
-1.008567337882152627e-09
-5.282050842839323502e-09
-1.025849398583432877e-08
-1.196275158451302781e-08
-8.082391692520603090e-09
-6.638915945525501322e-10
2.992954266712964866e-09
-2.562968252151188392e-09
-1.284735590654798501e-08
-1.792828090559539907e-08
-1.482407712801615804e-08
-8.543102458911022717e-09
-2.640067538403307497e-09
3.382684527501826314e-09
9.967811629721398286e-09
1.487816715922624232e-08
1.379052945363743304e-08
6.241408084973138869e-09
-9.436254888235537704e-11
2.041960681843335163e-09
9.653553802744851620e-09
1.458611746457390423e-08
1.276015152096357254e-08
5.829442264755666296e-09
-1.351641692712785326e-09
-6.050458939681439970e-09
-9.236508558427054628e-09
-9.844726593852101209e-09
-4.089734512591475931e-09
6.826111847850259627e-09
1.454527009074788951e-08
1.273809909216729423e-08
4.580012322154853247e-09
-1.643219861842309104e-09
-1.335018101200137348e-09
4.311459281487361749e-09
1.170373109053018365e-08
1.556870949600846678e-08
1.125150645580096910e-08
1.371008334418721707e-09
-6.036912937000391902e-09
-6.851059694453088551e-09
-4.326281519435102048e-09
-4.315196473626169078e-09
-8.357767026190334471e-09
-1.324513077041464213e-08
-1.582851478748377779e-08
-1.562516934347520876e-08
-1.429534525530085791e-08
-1.274343914028046457e-08
-1.048197529205141261e-08
-8.557668574649643765e-09
-7.788122732127967359e-09
-5.502177030389242165e-09
7.239116739931221560e-11
5.679519633953708730e-09
7.589271476763988557e-09
6.360508213185270788e-09
4.268025945579532482e-09
1.014651645237828688e-09
-4.472164621402996233e-09
-8.655185193987946970e-09
-6.045701250604526654e-09
1.446335396511571500e-09
5.909304933975923121e-09
4.575834410069428481e-09
2.489929924689830307e-09
5.012658738820476541e-09
1.043931649965991463e-08
1.071856195558633950e-08
2.395557123374029538e-09
-7.115877043365297144e-09
-9.781041545362670848e-09
-7.267987709438233706e-09
-5.460880137758463034e-09
-5.316233348599441968e-09
-5.404610605915110035e-09
-6.550787757194690808e-09
-7.552480704272668874e-09
-4.294182516425890102e-09
3.053420429991767114e-09
9.424522065808004536e-09
1.181876409011765409e-08
1.087239436325146698e-08
6.992194379285736257e-09
1.333100068039795960e-09
-2.894394166087679862e-09
-5.305246167128870731e-09
-6.365759257924754969e-09
-3.149964043855523115e-09
2.235346099146137164e-09
2.363050963299985933e-09
-2.567252209897158208e-09
-5.892395624014032858e-09
-4.695498597880805598e-09
-7.185467862014921586e-10
3.044088349714794610e-09
4.804142793807109251e-09
5.717196730603602149e-09
7.481732830409288103e-09
8.461712253270698639e-09
7.043265862160316154e-09
5.767969391499486813e-09
6.804933337795423028e-09
8.386354259860993177e-09
7.522631676855495383e-09
3.044620817333875404e-09
-3.191357091054939927e-09
-7.994108607529896443e-09
-8.843645683176983544e-09
-4.322828738338612106e-09
3.765247060559749123e-09
1.008126601850319799e-08
1.053195273722941687e-08
5.960254895498770427e-09
6.687967257342548289e-10
-1.408113691089840347e-09
2.915002233705587756e-10
2.073152837469588184e-09
-5.519127833364345381e-10
-6.319500305778394284e-09
-8.317953857309808093e-09
-3.558928850920915767e-09
3.071109019767832254e-09
6.680417683785130899e-09
7.296090866500897101e-09
6.774188236473153921e-09
5.655788466257401855e-09
3.295158733599030535e-09
1.187316854580386207e-10
-2.433439765617785540e-09
-3.995275304366756383e-09
-5.123188125528168665e-09
-5.401382965326863820e-09
-2.709718313298370435e-09
2.878813610607296217e-09
6.796893479871708299e-09
5.441448587145448290e-09
-1.364376710158133175e-10
-5.184873567936047562e-09
-3.909672543014658860e-09
4.092712314914651192e-09
1.149147448845365302e-08
1.099148211857884426e-08
3.553198215407675658e-09
-3.559725918626551061e-09
-6.008642519319950935e-09
-5.807969110140932261e-09
-5.601514025960075932e-09
-4.876376202152333980e-09
-3.673863216702300808e-09
-4.659094692741088255e-09
-8.309003100873545229e-09
-1.061308865570332242e-08
-8.619232677872725731e-09
-4.908058534442538888e-09
-3.136175661365415376e-09
-2.217544760523074984e-09
3.232191431454267520e-10
2.479780047488380539e-09
6.363215114435276070e-10
-3.951593403623972405e-09
-6.441522938710173310e-09
-5.001493002112491473e-09
-2.245577936304904318e-09
-1.911411599828385058e-10
1.774336722840099781e-09
1.576591257950070521e-09
-4.492544041128893587e-09
-1.217543750029103059e-08
-1.299700996562787985e-08
-7.481181645523263905e-09
-2.327745986052348846e-09
1.248448472511904095e-09
5.194728565257424012e-09
6.958029273979707443e-09
4.185589341351237761e-09
-2.641335558892627022e-10
-3.429197075883745296e-09
-4.781428211083108421e-09
-3.396745616785400581e-09
2.106654129348723432e-09
1.033999593161595371e-08
1.539989417504589151e-08
1.162630324839231085e-08
1.876505536235958206e-09
-3.886782808462443708e-09
-1.976654806594397656e-09
7.339493725329017089e-10
-8.607854502193432550e-10
-3.697846115615700068e-09
-2.965863776967047384e-09
2.596387812905137235e-09
9.261907937341463272e-09
1.076751776168495864e-08
5.590278846601561023e-09
-8.068539333411486456e-10
-2.375498013922548308e-09
1.740500790131646560e-09
7.413497492128058483e-09
1.003401649526317108e-08
8.291490510769101235e-09
4.284302618171752867e-09
1.513327971713616969e-09
1.305973659721100090e-09
7.512510707963781394e-10
-2.762297658112007177e-09
-6.371747621033922197e-09
-5.704225315172576112e-09
-1.254889689860556643e-09
2.809694419377682956e-09
2.799937149626460613e-09
-1.821121518685031975e-09
-7.677551082361872457e-09
-1.044101203759896486e-08
-8.649631975269633841e-09
-5.760441467080406209e-09
-7.275630525066551842e-09
-1.208637616737889737e-08
-1.271167287766677518e-08
-6.897913294091280587e-09
5.707642941538319796e-10
5.693541071429172239e-09
7.332221146261909696e-09
6.287932845915004008e-09
5.068218018014547295e-09
5.399142923307582399e-09
6.247194653042274802e-09
6.458757025556144979e-09
6.849773436794447688e-09
6.307843286910418352e-09
2.347880839649570291e-09
-1.993318742586515266e-09
-6.186920618998883203e-10
6.655563638840113492e-09
1.288244499294790681e-08
1.068067393140426774e-08
4.139753456953935731e-10
-8.978174507603317232e-09
-1.023507490626436390e-08
-5.680269397448333187e-09
-1.925830496296904625e-09
-1.928583514821226021e-09
-3.997316330025729034e-09
-4.654980622372426229e-09
-2.765255958047275366e-09
-7.805092610504759904e-10
-5.346282687004135309e-10
-7.911189144788707127e-10
-3.403121439303663679e-10
8.499750305675238444e-10
2.985484075533662985e-09
4.213097695771948138e-09
2.797938370785303700e-09
2.549095956997742188e-09
6.222191248358835595e-09
8.688125719806105373e-09
5.156224089850140129e-09
-4.259572959087056120e-10
-6.582138719104476758e-10
3.827834492112605170e-09
4.287195630316576511e-09
-1.551185450049416901e-09
-4.192162997305094629e-09
1.179125500381605149e-09
5.113760225856808980e-09
-1.917118828244790313e-10
-8.935106150304263690e-09
-1.293692114164534097e-08
-1.173034732781784711e-08
-8.361209540375739697e-09
-4.800686408935816660e-09
-2.096447529173289735e-09
-1.301442759563506817e-09
-2.242760590385436966e-09
-1.243034046417309382e-09
4.418618455821233631e-09
1.059512939564843421e-08
1.064663882194379304e-08
2.828280144660836720e-09
-7.821938020956879480e-09
-1.285895800113784422e-08
-8.799587001765555893e-09
-9.384863507755686859e-10
4.015653356653331011e-09
3.970717132935051001e-09
2.462048951028098408e-10
-3.402836283984934929e-09
-4.124805915252052322e-09
-3.872963048108121279e-09
-4.727231203275437520e-09
-5.047036967385126079e-09
-3.170199999285371447e-09
9.528592167330499590e-10
6.033992577948065250e-09
8.054488326624327383e-09
4.076465527317028339e-09
-2.118982381442784876e-09
-4.921880236983423887e-09
-4.241755624858669050e-09
-2.796002801601116359e-09
-1.317448544555337343e-09
1.141946337105618939e-09
4.685468709619666278e-09
7.392053821812374627e-09
8.357846135731279247e-09
9.028717254720067291e-09
8.848181138844036657e-09
6.169808621999672602e-09
3.358452468365776652e-09
3.003714151243296550e-09
2.220626856653688069e-09
-2.408039305024676861e-09
-7.352733391389623009e-09
-6.649089153049694128e-09
-1.387373342952410190e-09
3.256656560762191700e-09
6.160562125631862930e-09
8.400354040184580861e-09
8.606700843627162672e-09
5.439510329820912076e-09
1.460103192077302702e-09
1.241073396058601359e-10
-1.079471700807438469e-10
-3.246270801158883394e-09
-8.088873264018030292e-09
-1.024379701088347547e-08
-9.581332265147363568e-09
-8.843707868807481505e-09
-8.071285348199259981e-09
-4.935428559434793259e-09
2.458112025702326374e-11
1.626598370199634380e-09
-2.436475034550726938e-09
-6.139275249418772088e-09
-3.932036514392477081e-09
5.355217099139988534e-10
1.338154778192066045e-09
-7.609250256632802996e-10
-2.083001934447799845e-09
-2.119182412820243243e-09
-1.807532141024740999e-09
-5.693402901626240909e-10
2.709618209894079610e-09
7.288414842004913455e-09
1.039283533333055251e-08
9.724455244876139169e-09
5.950802432803129016e-09
1.709208613489596396e-09
-2.179213856914370017e-09
-4.672288835399840169e-09
-1.874303388353934606e-09
4.717708152951970274e-09
6.927219892074126142e-09
2.397468474841334686e-09
-2.873769571154376495e-09
-3.643912283752545284e-09
-1.035223423603396241e-09
7.636673294642954057e-10
1.749277027361186712e-09
4.184520241427837168e-09
5.250367967189338910e-09
1.013933244869220794e-09
-4.437253937674794812e-09
-3.681514605283107297e-09
1.940925016111113315e-09
4.963888932860062477e-09
3.566888135891681199e-09
1.189564646665923646e-09
-7.890844864212272468e-10
-2.453233757750858293e-09
-2.334856643543827306e-09
7.634983273004600940e-10
5.117740223138440184e-09
6.076436707937463383e-09
1.096986460130443179e-09
-5.292311867205472203e-09
-6.411130771967762883e-09
-1.878038530055989505e-09
2.262947806179128562e-09
1.044214734919479298e-09
-3.864947223057472543e-09
-6.919824598386693831e-09
-5.079959409841344236e-09
-1.129264369855651517e-09
2.389748892424269156e-10
-9.179438226067917620e-10
-1.889417424498854158e-09
-2.608775371686790855e-09
-4.094369870353691094e-09
-5.173106656787773283e-09
-3.226322687956703280e-09
1.331935051450675783e-09
4.590172816475363796e-09
5.473121545706291861e-09
6.404678096659080442e-09
7.489132267243249948e-09
6.091798599238742749e-09
9.935436273683878533e-10
-5.730736963597581887e-09
-1.024950533583380189e-08
-9.812458600449100565e-09
-4.983005714458177446e-09
5.443784474202090179e-10
3.366099571032225592e-09
2.579181730240243270e-09
-4.160698739890697994e-10
-2.690245599288905639e-09
-3.368845333490202241e-09
-4.051242202166322786e-09
-4.407869028858987498e-09
-3.146537883036219626e-09
-7.542173579826300804e-10
1.173538551184364662e-09
1.488720209661990540e-09
2.362115722529711116e-09
5.795673522676525751e-09
7.157849724641569369e-09
2.403177570119867672e-09
-3.941887078217349412e-09
-7.754637692208388044e-09
-1.133263188207827648e-08
-1.447678382437921140e-08
-1.242304796844625111e-08
-5.007216717114655752e-09
2.117075048484100090e-09
6.486236413116830675e-09
1.080925256517367673e-08
1.451351778143960589e-08
1.426590825454526965e-08
1.099812940185028905e-08
6.719836716344851516e-09
2.423641628362512164e-09
9.519030141296400222e-10
4.066478454405666642e-09
9.637739879904599747e-09
1.358425955190511302e-08
1.283343209680475211e-08
7.260055345225719077e-09
1.270325403504887741e-10
-3.248092554704711831e-09
-3.089885830082251223e-10
5.065730016079118533e-09
6.267960769501840249e-09
4.811893423083674679e-10
-8.238224423547897542e-09
-1.148024413478439492e-08
-5.322439667302342808e-09
4.057612767037024307e-09
7.025122861898789948e-09
-6.780432645344188425e-10
-1.510822853995123580e-08
-2.520851095396737963e-08
-2.158467876511541252e-08
-7.498794728694479131e-09
4.170524220458669963e-09
5.791473469273164263e-09
2.315526900115970732e-09
2.224045249961933689e-09
6.577107931678192225e-09
9.689486040715026859e-09
6.152780990868634345e-09
-1.082573796578033719e-09
-1.832802206986869342e-09
4.685777467550156990e-09
6.463830832840689781e-09
-1.361701673573102771e-09
-1.060465527495873382e-08
-1.440299249972127248e-08
-1.253804866523476698e-08
-6.702912651439033687e-09
2.147716994009702221e-10
3.034282187409242637e-09
-1.346698864387117816e-09
-7.608337506220986581e-09
-6.618323647104235764e-09
1.575094728637757985e-09
7.660880012110388752e-09
6.823969950270297752e-09
3.144680861456962065e-09
1.070403713189759329e-09
6.671434581127172675e-10
-2.552377766928061022e-10
-2.213299562028441562e-09
-1.216963993857767401e-09
6.377072791922238707e-09
1.579007751479668058e-08
1.740769260722907950e-08
8.241098751601871674e-09
-4.877995992470337296e-09
-1.211426591472416782e-08
-9.409738393798093129e-09
-8.555803197149045869e-10
7.124932676654302235e-09
1.013862057487306920e-08
5.956090188443278010e-09
-3.786097126445541857e-09
-1.476464936855365130e-08
-2.913262151108781050e-08
-6.090524821711817005e-08
-1.227441200138742035e-07
-2.022256171206737804e-07
-2.576107782167542540e-07
-2.494949052688294089e-07
-1.763848633877492437e-07
-6.764182449899217946e-08
5.076892890020906000e-08
1.655240334050948381e-07
2.615549756544588458e-07
3.211046510885811376e-07
3.381663760868724927e-07
3.234349785714167215e-07
2.917126750516192187e-07
2.468343864096774599e-07
1.855690012373933342e-07
1.177460149044750942e-07
6.546686751871121817e-08
3.633371289655645615e-08
1.709727541936065452e-08
-4.840051131514184633e-09
-3.086073878598733244e-08
-5.928886650853886752e-08
-9.074876236322595000e-08
-1.224392846966663878e-07
-1.443050498241315982e-07
-1.498270951044657209e-07
-1.464485165156605106e-07
-1.453510971491772690e-07
-1.455677007919469740e-07
-1.370901683739032055e-07
-1.161861194194214801e-07
-9.118839331192870245e-08
-7.446378065094922086e-08
-7.108196918148082661e-08
-7.387349814616284972e-08
-7.025330603835466971e-08
-5.558528348691326203e-08
-3.714922327356732842e-08
-2.385130481970609993e-08
-1.708940170401826047e-08
-1.295764320361884376e-08
-7.979524516371733998e-09
-1.704883860458339165e-09
4.684685379023428477e-09
1.053974589244747918e-08
1.440019413471526210e-08
1.554447573378385073e-08
1.741263494525528911e-08
2.359180806771762270e-08
3.287798899813075525e-08
3.971873696241697480e-08
3.763565376717087485e-08
2.480635238095071581e-08
6.310052336651573937e-09
-1.058930032026465727e-08
-2.063749624145686702e-08
-2.029887819329980018e-08
-9.215207901819046494e-09
6.714055772740757753e-09
1.825440086044303490e-08
2.120371729538480536e-08
1.984349258680546927e-08
2.035628195960774928e-08
2.435975986773782428e-08
2.991157510286950806e-08
3.516228590252833142e-08
3.966508882367249300e-08
4.238716274514791974e-08
4.273596174203928645e-08
4.372811555609076823e-08
4.878228267526096228e-08
5.757374963103967736e-08
6.526172435624111707e-08
6.434042017667558198e-08
5.147820279557627572e-08
3.200095136046460902e-08
1.488937660181329517e-08
4.756066080140344021e-09
1.027651206121845254e-09
8.576924052891353210e-10
-1.024548061570202407e-09
-8.476344630116003251e-09
-1.877096293832899812e-08
-2.467740198222960179e-08
-2.066272340067744667e-08
-1.084197874369566223e-08
-6.859137090714763063e-09
-1.095359948857926095e-08
-1.125557345859564455e-08
-3.265512801683488726e-10
1.304806920037256314e-08
1.748142449992891953e-08
1.371638152201096116e-08
9.679141061711512274e-09
9.267684123132785003e-09
8.890622516022780071e-09
4.525712270329160868e-09
-2.401933877457684596e-10
-5.368066988092160324e-10
1.211356431437758048e-09
1.079595746092603063e-09
5.465515539721051896e-10
6.712930108148831593e-10
-2.568034328317382624e-09
-1.018240632767190491e-08
-1.850865483589039697e-08
-2.602288487114110990e-08
-3.036602835538194180e-08
-2.860898224680979938e-08
-2.444418353289926026e-08
-2.265760797853099464e-08
-2.163197776451342988e-08
-1.851208439814972704e-08
-1.386109796515218673e-08
-9.170202505889303041e-09
-4.860599439556528140e-09
-6.288381480778351240e-10
3.270478960562343003e-09
4.814473884694001138e-09
1.379753181107570870e-09
-7.292059174364718972e-09
-1.725184614114075104e-08
-2.383196824610618480e-08
-2.702888130738628636e-08
-2.750905298879419951e-08
-2.209189350647562746e-08
-1.096841713786245046e-08
-2.765679576114509697e-13
7.292506730499911349e-09
1.073133687812646449e-08
9.214439880968711795e-09
2.920389046281869666e-09
-3.829697661266289067e-09
-7.798366365687457054e-09
-9.831525331085433373e-09
-1.018784080967174861e-08
-9.334996961821951560e-09
-9.963484057196851064e-09
-1.056191506929891193e-08
-5.145583718877613884e-09
5.410185809811352007e-09
1.052236009828275534e-08
4.071114859582194955e-09
-5.084603860485745921e-09
-3.936039519795714015e-09
6.794084113416158819e-09
1.367488457570598629e-08
8.482733352897564842e-09
-3.006520346828044195e-09
-1.017252128999336363e-08
-8.145886575729335512e-09
1.271224060737808475e-09
1.270055038715514372e-08
2.047755189703164672e-08
2.304112229797780671e-08
2.293255591521379699e-08
2.138152049357411706e-08
1.695197108438373091e-08
1.092209937562323257e-08
8.498401800916762714e-09
1.082103664237933459e-08
1.231719485552712370e-08
9.909555475518457842e-09
6.363993250251913166e-09
2.949178686396843542e-09
-1.384340929983296334e-09
-3.868796018919630747e-09
-1.614729804298313156e-09
1.947497065493601368e-10
-4.549161751457331947e-09
-1.122575163989569283e-08
-1.094493462338286934e-08
-4.146773919823198654e-09
1.774479979656610570e-10
-2.672454316716027643e-09
-7.196031644881129806e-09
-7.887891703724310674e-09
-7.322117876580807588e-09
-8.267364251236598607e-09
-8.147965000200718681e-09
-5.861126988825791929e-09
-4.487822349609790618e-09
-5.468483750504144329e-09
-6.267260361907339607e-09
-4.437229573084352539e-09
-4.377753539235304152e-10
3.817438717031255490e-09
5.800722209107528289e-09
3.750874992226767720e-09
5.643046690569274805e-11
-1.321644146982009281e-09
-7.071183841338471622e-10
-1.681903060217468612e-09
-5.069034850896663076e-09
-6.688270922247374521e-09
-3.284606138292688528e-09
3.037917799660123803e-09
8.495174177477437188e-09
1.094949279949376305e-08
1.113649478890052674e-08
1.153124748881062393e-08
1.178466660437901533e-08
9.521589244079532279e-09
5.712937220009926111e-09
3.737998050791235805e-09
3.617983062354596843e-09
2.870340428668306514e-09
1.972988006836142780e-09
2.719953056354477609e-09
4.482423940493996905e-09
5.564785729277465568e-09
4.554329252026294403e-09
1.842206330662463495e-09
7.599231590964374390e-10
3.476508710487913171e-09
7.380043855604499035e-09
7.514382771117064809e-09
1.692558077911930116e-09
-5.862369787554505440e-09
-8.513808385224628062e-09
-5.380070953217116649e-09
-2.015282419803914064e-10
4.754463648666172570e-09
8.169712611985816377e-09
7.678674368578044829e-09
2.588427082081790826e-09
-4.432820796008742545e-09
-9.900728178640935793e-09
-1.202398595454376629e-08
-1.177523939488284378e-08
-1.024781546397647715e-08
-5.559206971912913713e-09
2.000280464564730476e-09
7.171283477550171302e-09
6.488722190094793596e-09
3.864545000568185003e-10
-8.827537384678314975e-09
-1.601422968045033971e-08
-1.611435235588831519e-08
-8.889410727790583171e-09
8.661935803937718941e-10
6.186890719481035803e-09
3.429565242657841395e-09
-4.848776878916173821e-09
-1.276637411814973902e-08
-1.451660795641562787e-08
-8.860854667631063481e-09
-1.960496632976623583e-09
-1.615819723809401178e-10
-1.483789581588400284e-09
-6.412776946456295717e-10
1.712164995512412571e-09
2.139723659334478498e-09
1.162646967073693340e-09
7.295140702999981747e-10
1.230080458972029708e-09
3.173712008202125268e-09
6.199580265383522343e-09
8.534561674660135124e-09
1.004779903842694882e-08
1.093310484787174588e-08
8.606266416045621386e-09
2.440081171527201392e-09
-1.013577022907786860e-09
3.221956638386717217e-09
8.493613646317277681e-09
8.232714352860230849e-09
7.575716989005199929e-09
1.019450781655520757e-08
9.841756181992954458e-09
2.609077033464276716e-09
-6.912190969087060063e-09
-1.289786977361541730e-08
-1.348609866989599988e-08
-1.023575721443312395e-08
-6.177228942737531088e-09
-3.376001153838795792e-09
-1.977847667297558247e-09
-1.553957605893547443e-09
-1.549817270472271087e-09
-1.999856073080395607e-09
-4.067395489773353965e-09
-6.814303305675900519e-09
-6.802186261618377986e-09
-2.469400253203556206e-09
4.633774559384703626e-09
1.017655324901004821e-08
8.888199529957890045e-09
7.863188967647533057e-10
-6.836001861520709913e-09
-6.106365499338797406e-09
2.475922907405874543e-09
8.613297393372966031e-09
4.282118439599935517e-09
-5.014337362857937245e-09
-8.287407530861649625e-09
-4.600259830577195322e-09
-1.987779284167229254e-09
-4.173133340910475251e-09
-6.752615317047983091e-09
-4.765143616340897846e-09
9.378023739690359371e-10
5.143875918229086800e-09
5.573669442447077185e-09
4.897692445414927758e-09
5.058992544005375062e-09
5.670639572431007431e-09
6.331001092348080642e-09
6.747223928724960357e-09
6.883480641216511213e-09
6.818590271847044147e-09
4.991991200912892049e-09
-5.154801821352847962e-10
-6.614285367349170035e-09
-7.576761533223230227e-09
-5.014200060843405111e-09
-5.433855932707017992e-09
-9.008096447430047910e-09
-9.248073572944885688e-09
-1.812575832844607947e-09
8.344417858769494390e-09
1.159566342961336733e-08
6.908818042794616556e-09
1.953797936766589387e-09
1.295379654405482899e-09
3.898086802564870298e-09
7.761642817568865142e-09
1.030462111872269247e-08
7.790612617055148027e-09
-1.498511530400394521e-09
-1.334553433676752109e-08
-1.921337627228766995e-08
-1.465884124165563256e-08
-4.571761040331391322e-09
2.479882218195113292e-09
2.178126923273617045e-09
-3.281721607798032028e-09
-6.479262668839558578e-09
-2.114416772542725191e-09
4.904174023804518950e-09
6.327011568326392160e-09
2.965497801684022131e-09
1.588174805395399476e-09
3.985443347339407137e-09
6.689594006380424039e-09
7.717208968659490778e-09
6.547021983580814963e-09
2.427346637064799871e-09
-1.437204955662973688e-09
-4.787932079389992545e-10
3.004618670087849457e-09
3.623972690900364628e-09
8.620192154825054167e-10
-2.856854009369288835e-09
-6.364677201419046460e-09
-9.227181564974532991e-09
-9.960275207431094057e-09
-7.582988630255375459e-09
-3.944927951337841507e-09
-1.184855763150678545e-09
5.293742888209186454e-10
1.074771952457761018e-09
-6.786688437856318005e-11
-1.401772768603195255e-09
1.870802500749063653e-10
3.367809158170720015e-09
2.370681054394526717e-09
-1.729890058715352493e-09
-6.604852544619956480e-10
6.452653381562008791e-09
1.144400196445188381e-08
9.631696441142635870e-09
3.205133818680855509e-09
-3.566958939193583780e-09
-6.678492290788022946e-09
-5.455974333327442152e-09
-3.264343238659401904e-09
-2.199649737267532953e-09
-1.674468316237253074e-09
-1.382708061377211173e-09
-1.710232595460115987e-09
-3.042910089322107681e-09
-4.557181728579793989e-09
-4.201598368129856330e-09
-2.194948233623586609e-09
-1.487997451491645952e-09
-2.924799233842331446e-09
-4.023307773226101199e-09
-2.419669842784872577e-09
1.452781511345029516e-09
3.139609930179845584e-09
-6.511108581864320912e-10
-5.255944596123227566e-09
-4.271160792295105220e-09
1.229987019680870794e-09
5.117242510252720857e-09
3.185415219024644615e-09
-1.995570342126355685e-09
-3.388547719832596868e-09
5.446585053969813654e-10
4.845961206159290294e-09
7.163763492388973419e-09
8.682091388595193313e-09
9.040786667791214369e-09
6.739951977279650505e-09
3.057809165286545407e-09
1.781868309558531938e-09
3.004224053363326960e-09
2.635839878122439547e-09
8.946967704470906104e-10
2.706280185850968862e-09
7.153052413225349684e-09
6.735474457689727688e-09
-4.993070984032349591e-10
-6.842348529226849088e-09
-4.515025630854854398e-09
3.466473165183521041e-09
6.387926545327443271e-09
