3.334982205510466180e-09
1.081391662647466904e-09
-1.257938064368137890e-09
2.687353748100610492e-10
5.651502280605001966e-09
9.379746520384324869e-09
7.563101823693664506e-09
2.719371362538757247e-09
-8.505553939137202265e-10
-1.950742890985836416e-09
-2.625010070696385488e-09
-4.977557087130304060e-09
-8.012541129590667182e-09
-8.820388493082996931e-09
-5.759693039307034289e-09
-6.771811889424290720e-10
1.761863084544072672e-09
-3.050867321975808042e-10
-2.932069972122337270e-09
-1.760207630424582558e-09
2.630179460196960992e-09
6.302422877305996248e-09
6.336304036362120809e-09
3.261425878275206648e-09
2.187530001289899443e-10
-6.409373160298985859e-10
-8.931200059110881437e-11
4.061035161330956991e-10
1.264370115238412316e-09
3.384446881632751948e-09
4.502678324796912570e-09
7.936339960914462999e-10
-6.273132690970431356e-09
-9.435529037684541813e-09
-5.152664194172725547e-09
1.209872088724177390e-09
2.941328984937717170e-09
-2.319225562355783899e-10
-3.640629128462081943e-09
-2.788872883095227253e-09
2.432057198484823403e-09
7.122044680194301943e-09
7.399172002271199751e-09
4.166134757438665500e-09
-2.325346295249969304e-10
-3.332075890651900657e-09
-3.395105307322580003e-09
-1.565940961548442824e-09
3.906866515231946157e-10
1.054440515895461114e-09
-2.009094327666800796e-09
-1.164074452425371172e-09
3.475262496869168016e-08
1.171356050630941945e-07
1.701949710761358182e-07
8.898449690314986987e-08
-1.074170070550359001e-07
-2.546255146738922962e-07
-2.254385285418584838e-07
-8.442888084142092646e-08
1.073512034564118763e-08
1.029601849509221430e-08
-9.671030594638032499e-09
1.412003398165083044e-08
5.902505950252374616e-08
7.262068885198470721e-08
4.382342682624860321e-08
3.741322076932421194e-09
-1.563646252848467449e-08
-6.898254154043743475e-09
1.419969908646679724e-08
2.402035606134358222e-08
1.239597358834180130e-08
-6.950672582406642973e-09
-1.120846560851371149e-08
3.619827936475198767e-09
1.599120802318908950e-08
1.038764966400183026e-08
2.278028934961943646e-09
1.201654693457088096e-08
3.157363691934177278e-08
3.718295553710014917e-08
2.066872796034140850e-08
-3.485858565332913224e-09
-1.502491459069972692e-08
-8.528196667524771857e-09
2.023763619494619989e-09
2.267974024835547000e-09
-3.605327541180755863e-09
-2.152146795053236258e-09
7.187817969173396712e-09
1.135455793972651967e-08
2.996663047686111967e-09
-9.863374675773068391e-09
-1.476304713860140539e-08
-9.162197078694551705e-09
-1.815862130802104374e-09
-1.733533815695479030e-09
-8.809475057635823076e-09
-1.516074633642706492e-08
-1.320426051020640023e-08
-2.589541260124611411e-09
9.950231301287829925e-09
1.660497105098085786e-08
1.369479528143608394e-08
3.370898039971848942e-09
-7.100586131959543008e-09
-1.055199821060233146e-08
-6.641490721614407872e-09
-7.490457125313130167e-10
2.349573067093046629e-09
1.258685311162503004e-09
-2.390259152119649196e-09
-5.033365203057139686e-09
-4.102280210593138883e-09
-1.765245423793719689e-09
-3.046090962863784387e-09
-8.211782050839436307e-09
-1.213281418689760850e-08
-1.160310989014654351e-08
-7.503415819139360881e-09
-2.590229413625482287e-09
-4.128310113391707856e-10
-1.836815355859054942e-09
-3.358991680830461456e-09
-2.472012536314886972e-09
-8.072466496471215931e-10
-5.352845025652715652e-10
-1.828475586459545049e-09
-2.905167214684023530e-09
-9.340730365852602495e-10
4.449344382856314142e-09
9.025017344271078917e-09
8.753464803942207104e-09
5.186617796079870459e-09
3.052021196269788023e-09
4.382956230519282366e-09
6.359847220428554146e-09
4.904914239054527637e-09
3.127605762201068131e-11
-5.389403119072687791e-09
-9.460407679244778737e-09
-9.983864245673684101e-09
-5.346931890029063616e-09
6.069576510138573026e-10
1.864329412743313038e-09
-4.116974442678322760e-10
6.483884417855048699e-10
6.583043258147061342e-09
1.203715498771574450e-08
1.349173284650580316e-08
1.121518357270662360e-08
5.323719334230827425e-09
-2.155893580873949312e-09
-5.534292083597701394e-09
-1.775597937124520297e-09
3.963655976610320371e-09
3.121996578110860349e-09
-5.206812879674304397e-09
-1.192970308147181563e-08
-8.700460141245259784e-09
2.271416220522964381e-09
1.021626570042920975e-08
7.325259196481949721e-09
-2.377698151372409681e-09
-7.735060876062507122e-09
-2.555138704615651200e-09
8.751446860818008089e-09
1.615598252580675986e-08
1.341936064390347134e-08
2.962147057622593879e-09
-7.072674702536347918e-09
-9.998827401932418292e-09
-5.880295864121312646e-09
-5.533670971199044784e-10
2.422402369367263535e-10
-4.403803389765916611e-09
-1.074858047047581077e-08
-1.384691959179631785e-08
-1.077827918269360840e-08
-2.447811787218425237e-09
5.801741197767148189e-09
7.547701028022837476e-09
2.172006802875621065e-09
-4.153840008356618400e-09
-5.867423646003986326e-09
-3.185224882073636860e-09
3.746398063225849447e-10
3.291276185514524638e-09
7.202091921679209488e-09
1.193062370159224517e-08
1.301633485503450138e-08
7.355822458891550825e-09
-1.769401944304164078e-09
-7.883414545795961219e-09
-8.092855146217529101e-09
-4.876577546639198850e-09
-1.843110708245247500e-09
-1.770917545849044490e-10
8.196254833063956099e-10
2.376473640186277193e-09
5.475502083062002726e-09
8.824045058221934185e-09
8.523060926331819948e-09
3.307365361476718744e-09
-2.999402232297390764e-09
-7.207907671541994469e-09
-8.940231727406060762e-09
-7.959846537354548875e-09
-4.980905297693615796e-09
-1.359246229219572249e-09
2.495439124428968632e-09
5.821878831946944644e-09
7.250031371778043067e-09
5.103235011481756497e-09
-1.533240319161161673e-09
-9.640526201471376911e-09
-1.313359834337465770e-08
-8.797155246088724433e-09
-1.428709617412570704e-10
5.938321179984220813e-09
6.784214915161607270e-09
6.025734390143968664e-09
6.160298483053592412e-09
4.351644804614838940e-09
-5.635285326886110939e-11
-2.515402554266575892e-09
-1.376126145384985961e-09
3.086596230056229080e-10
8.262067408931534762e-10
9.202629178897384541e-10
1.405712925309818844e-09
2.843754275483398917e-09
5.478808248359859546e-09
8.721987939493860500e-09
1.053308706951585868e-08
7.466957014965025222e-09
-5.927323868724880854e-10
-6.957043942641095023e-09
-6.069941886529489886e-09
-1.135282825883472221e-09
2.778215242244435726e-09
5.511215321389000193e-09
6.417386428918663930e-09
2.912084293129223865e-09
-3.442989779628581605e-09
-8.115820979618829407e-09
-9.232540748750577474e-09
-8.598072466273920994e-09
-8.879707968305642101e-09
-1.038175602934591461e-08
-1.094217058470963695e-08
-8.241575606651980345e-09
-2.384118403639829760e-09
3.248901660145096755e-09
5.338429182019230807e-09
4.017894809961121882e-09
2.355563440259533812e-09
2.647815518831531658e-09
2.801557266944389471e-09
-3.319626783112492120e-10
-4.959945483845899895e-09
-7.241394092850144451e-09
-7.084018034307047786e-09
-6.117029736480050362e-09
-4.273157783983747937e-09
-1.259497529122009614e-09
2.391853951526576073e-09
6.203942288997079540e-09
8.777194105912937269e-09
7.623664163599326343e-09
3.263764291078042769e-09
-6.912949818923685431e-11
1.040306467806029896e-10
1.954464557025911746e-09
2.139339557906247342e-09
-3.229817773605950066e-10
-3.121276300111711837e-09
-3.192229508190905477e-09
-6.650219764841537737e-11
2.733657688926818454e-09
1.931081437908862719e-09
-8.765842063678489215e-10
-2.538263137700234213e-09
-2.541242655099854497e-09
-1.645499357679299087e-09
-8.978400574271111927e-10
-1.373506935456158924e-09
-1.774647094259628325e-09
-6.590193899681892310e-11
1.744296231522072941e-09
5.551644687267765441e-10
-2.348225414812794772e-09
-4.008773178505865007e-09
-3.802068047267060688e-09
-2.321253156718689113e-09
2.143345523357279137e-10
3.374651241179006445e-09
6.124472677021226240e-09
7.231073552233420561e-09
5.920336316998957713e-09
3.147187711699271032e-09
1.116573674192715909e-09
7.193320968633016324e-10
1.013596087510759437e-09
1.508279916071366625e-09
2.950701408902865303e-09
4.932535838687250808e-09
5.175530193694185754e-09
2.782233761655880773e-09
3.235452480137275600e-10
6.279202520293526122e-10
1.863100128686190964e-09
-1.887868808000843828e-10
-4.404134634514546144e-09
-5.141626510408553315e-09
-6.103899338064908917e-10
5.299696319077500838e-09
7.737435832601535496e-09
5.048376822052423483e-09
7.916323916694426736e-10
-2.565758621339238079e-10
1.058774102255924106e-09
6.741955388827388237e-10
-2.027405755216405279e-09
-4.961250412303916353e-09
-6.540738589231681583e-09
-6.366683243389348716e-09
-5.243412644209374450e-09
-3.766529558929075239e-09
-1.499403882736553275e-09
6.559058632116620347e-10
1.070103228855364009e-10
-2.737031368591314426e-09
-3.284424541070270462e-09
4.769357720981689407e-10
4.109433342906128615e-09
2.707731949013320682e-09
-2.198425916688684182e-09
-4.850940068657386917e-09
-2.950537125994404626e-09
3.742893233210233263e-10
1.634368623509238338e-09
8.629413888662221105e-10
1.765037689009580810e-10
1.061071477213530761e-09
3.296377825821308741e-09
3.761121514774614130e-09
-5.104851324192509817e-10
-5.892307795297756580e-09
-6.232069748043390174e-09
-1.994625501640012516e-09
1.469534484070203511e-09
-1.501218946284289270e-10
-7.123626130503758023e-09
-1.361689100183050481e-08
-1.189920851871373200e-08
-2.407025879680224341e-09
5.408237224928401184e-09
5.789780712791202170e-09
3.383803823277982657e-09
4.191561064988220987e-09
7.221770734029553400e-09
7.909559600615785931e-09
5.317913494334279925e-09
2.933938479117336408e-09
3.212030523855480110e-09
4.107594960993842666e-09
2.602476363282785592e-09
-9.768455411770408946e-11
-5.946824602800104150e-10
1.345652729164536169e-09
3.528017020239192038e-09
4.485290843913572988e-09
4.184073749769850192e-09
3.469461920051574300e-09
2.494693214061125754e-09
4.372043249603226102e-10
-1.781853734147480566e-09
-1.415812729457024849e-09
7.764094267572318180e-10
6.214073435436204107e-10
-1.848064500775228617e-09
-2.259320970579090938e-09
1.233366576827032951e-10
1.046924098911744853e-09
-1.685754090390720123e-09
-4.640228657357978960e-09
-3.558115890602494996e-09
8.824181184819317107e-10
3.829861140859548974e-09
2.496959834658951591e-09
-5.424105073328403722e-10
-1.335255578487048564e-09
9.238866305299283816e-10
3.911755406624641708e-09
4.333751052763977876e-09
7.379360533823526086e-10
-4.077478239172280359e-09
-5.098243501604197109e-09
-1.328970602764073025e-09
2.485376877582053991e-09
1.719955506808402995e-09
-3.091239575033447913e-09
-7.221364355025575631e-09
-7.054944309488243630e-09
-4.202530094727693458e-09
-2.687047353222697035e-09
-3.929920193258710934e-09
-6.253281515773561076e-09
-6.445954034019700750e-09
-2.376505482457788749e-09
3.550955170755049325e-09
5.832542229958745205e-09
2.573788164275937021e-09
-1.808435881155816225e-09
-2.904528291049120338e-09
-1.916085214378674483e-09
-1.972388487939590023e-09
-3.369360943772234021e-09
-4.548009586425595747e-09
-4.200432116428831002e-09
-2.237335591664620798e-09
3.200828917268580699e-10
1.954259260866282105e-09
8.669240097496827565e-10
-2.421152356454879905e-09
-3.927818288745540711e-09
-1.667090619482779421e-09
1.275378223916366150e-09
2.192616744475017106e-09
2.758643339512675112e-09
5.105939022118147774e-09
8.201214048467351476e-09
9.210872275675349088e-09
5.879542940000238654e-09
-5.516652241581387373e-10
-5.283484459690432260e-09
-5.426423285097398466e-09
-2.771591052140771823e-09
-7.709768729174028178e-10
-1.039853133113414941e-09
-1.980176885090610357e-09
-9.489377248790320023e-10
1.664613978113087958e-09
2.784329984431427765e-09
1.385884654565670963e-09
-1.554774481812405480e-11
1.202710090032477865e-09
4.617230262764154410e-09
7.310796898882326655e-09
7.039091844935100016e-09
4.282678559797770198e-09
1.551581137670182984e-09
2.680884370549595320e-10
-8.928786588214791257e-10
-1.977994344918923820e-09
-4.173656368773032244e-10
2.976406133875563670e-09
3.821702768743062126e-09
1.706867621438288070e-09
8.480531840662603314e-10
2.432022302775887806e-09
2.146567056417773274e-09
-2.285185298018766978e-09
-6.178851809568528548e-09
-4.839477073954468335e-09
-7.022140563424451348e-10
1.152965234890358835e-09
8.493063298853648905e-10
2.106444469865578058e-09
4.896634992312818059e-09
5.822661689474943087e-09
4.334611802296623897e-09
2.811071314036994737e-09
2.212783647978629293e-09
1.192300212568257676e-09
-1.442891749239279532e-09
-4.304872910485039873e-09
-4.179724818323438574e-09
-9.575409957892986054e-10
1.111330173172902351e-09
-3.313733037439796997e-10
-2.945216841522021711e-09
-4.138756002717110316e-09
-4.503298127797304979e-09
-6.517359473101291028e-09
-1.116678964949188276e-08
-1.551907277592529365e-08
-1.414680337757823494e-08
-5.162337573724713143e-09
6.332771358766848346e-09
1.236788048768036761e-08
9.908976188490892131e-09
4.365893149014797158e-09
2.628761054383660461e-09
4.712532365835308644e-09
6.197008100059177432e-09
5.180378726678685567e-09
2.227268414057515760e-09
-2.326500022366081761e-09
-6.470737551426776103e-09
-7.189445664690323687e-09
-4.600368026239909098e-09
-8.525880466280935121e-10
2.417155855433568990e-09
3.273808131238631864e-09
9.858343093757322359e-10
-1.772194614478176255e-09
-2.230196406648695889e-09
-3.744326175562774868e-10
2.870939266996632378e-09
6.166549099206690048e-09
7.546746237339619255e-09
6.344135200142723081e-09
3.856313983122079320e-09
2.613645883554078505e-09
4.479948056220851731e-09
7.386126691351151503e-09
6.757513753255580770e-09
2.063713924718261984e-09
-2.341560558909040941e-09
-4.377100416511164266e-09
-6.037881092287843781e-09
-7.888158644871780642e-09
-8.422904065836879463e-09
-6.898001847166505770e-09
-4.331884623704234353e-09
-3.760548290902515093e-09
-6.192254638220201369e-09
-7.521978676570794998e-09
-5.258597297187949034e-09
-2.472813403985130487e-09
-7.425908640364388562e-10
1.460718362061691048e-09
3.091251443151802002e-09
2.448981353405635728e-09
1.956546169208263177e-09
4.608559748922513272e-09
7.647649482499238036e-09
5.873813890482246881e-09
8.870545564765300873e-10
-1.380262441452973207e-09
-3.543889933842912174e-11
1.833932434655355285e-09
2.683583517488134462e-09
2.631773303284382370e-09
2.012369111970062684e-09
1.453625637844319234e-09
1.218818447022302676e-09
4.240100077566437444e-10
-1.344698723250970359e-09
-3.174071852396743159e-09
-4.606131993279499058e-09
-5.507933653842358117e-09
-4.654639943657729501e-09
-2.094806406670908289e-09
-4.089454757113830032e-10
-1.247022604257280137e-09
-3.553274035349683529e-09
-4.942214588806012361e-09
-4.308784638602853145e-09
-2.936500989725400447e-09
-1.823343015149113494e-09
-8.489176957919699846e-10
-8.350983456100056980e-10
-1.810492169867858899e-09
-1.111951601927928842e-09
2.335488300944093124e-09
5.268709353795027615e-09
4.215404080457876025e-09
-2.709275391739077795e-11
-3.149132687388566457e-09
-2.597932305014146208e-09
3.560307672758385689e-10
3.703043321436289499e-09
5.277300121174264855e-09
2.991431301171332290e-09
-1.134848235424956761e-09
-1.586277455056070812e-09
3.281796688920951906e-09
8.236993486794427948e-09
7.701198707987276921e-09
3.055640640953342990e-09
-3.201244552141637508e-10
-1.052170512925540228e-09
-1.420058759903407445e-09
-2.222453992659861404e-09
-2.528569838033513541e-09
-1.499708579271719859e-09
5.770954671272558985e-10
1.718744466633655797e-09
1.213509703896768444e-09
1.486606343456026701e-09
4.235190897430493305e-09
7.854800124060896314e-09
9.185838447152516060e-09
6.417998580056745260e-09
1.031330659881220005e-09
-3.449793399737403433e-09
-5.662364369551495749e-09
-8.311318474555644498e-09
-1.291823034362367171e-08
-1.490060568360442224e-08
-9.322842912901583711e-09
5.964409788250859778e-10
6.798201952309145566e-09
7.420548083475038807e-09
8.161886322747507261e-09
1.190930146737655693e-08
1.418700632621677179e-08
1.073805924321343948e-08
2.918952380226018820e-09
-4.696545974287392421e-09
-8.161510823527753061e-09
-7.194283567209117095e-09
-5.087009771315892776e-09
-4.385416449665853407e-09
-3.841602070241434136e-09
-1.971863828134027521e-09
-7.027751606296756280e-11
1.039324965501926760e-09
1.793860518780090873e-09
2.228644300439197331e-09
1.961158418777299949e-09
-1.997704014233530966e-10
-4.177269652628470499e-09
-6.850516459057033112e-09
-5.547854350880480996e-09
-1.931131552813485910e-09
-3.193702679570514167e-10
-1.786947141575884528e-09
-2.973779520226373664e-09
-1.801855733948987152e-09
5.534491145030826970e-10
3.095582935198205007e-09
4.801571795994059160e-09
3.607518425177382970e-09
-1.536974591577980239e-10
-2.997379550045184849e-09
-3.110017584499888954e-09
-2.159823944136451760e-09
-1.248826125556086770e-09
3.507128133373335709e-10
2.436941092542068048e-09
3.756155244467017543e-09
2.776434262935453114e-09
-1.819349611246785192e-09
-8.026962129833244045e-09
-1.026978675578562314e-08
-5.920781735034262519e-09
1.137439696998370276e-09
5.534786724081897207e-09
5.282402580584189890e-09
1.800305229105266039e-09
-1.800367184756598621e-09
-2.821228020688548509e-09
-6.011099930007712376e-10
3.076398796804597443e-09
5.085008027320897770e-09
3.818619342877332612e-09
1.316191724177981318e-09
9.051480054182942001e-10
2.890917151163062369e-09
4.890075734240233633e-09
5.295127395138947909e-09
4.134017694519444386e-09
2.640305877482604644e-09
2.842631335234318334e-09
4.711475640007959509e-09
5.070264732507454514e-09
2.148996565855224335e-09
-1.472229472072414904e-09
-2.290047438451559808e-09
-2.183779693920856881e-10
1.394865611531584098e-09
-7.822488457530383322e-10
-7.511322245565117017e-09
-1.560710496098228336e-08
-1.861993618624912170e-08
-1.372449952047033432e-08
-5.037775945634813122e-09
3.167152390609666299e-09
9.311310103930343104e-09
1.128926394920700839e-08
7.748202216776502534e-09
1.601798926980291127e-09
-1.628154182060447986e-09
-3.895304802216223047e-11
2.470118591216660539e-09
2.011378138783904833e-09
-6.270419074982563094e-10
-2.250815587371414700e-09
-1.395711147874457555e-09
-2.377796654676300018e-10
-1.766206487234862104e-09
-4.633835996759194210e-09
-4.746002614963763405e-09
-1.263744528381187625e-09
3.124296040013232610e-09
5.837747621222960246e-09
5.817814559103447719e-09
3.517494816789501924e-09
3.725553125107576996e-10
-2.284814948709187155e-09
-3.335271537504126055e-09
-2.485220162668699429e-09
-8.428379888611296650e-10
7.535773333273629592e-10
1.977826652044466789e-09
2.209800214636951862e-09
1.387968756914230821e-09
-7.154705396908927773e-10
-4.725054037893212484e-09
-8.895475070887383785e-09
-9.567727833873286925e-09
-5.314391264673740981e-09
1.624858725266812606e-09
7.106311002957847270e-09
8.127301193191165996e-09
5.522809839110164580e-09
2.603549749960796698e-09
8.317660831772474939e-10
-1.155069311499382786e-09
-4.478232672582393203e-09
-8.954789175093344019e-09
-1.460587229727757908e-08
-2.132841590649180877e-08
-2.732520798992463405e-08
-2.878285543849063688e-08
-2.140222250103648886e-08
-4.245235925540113017e-09
1.651824178308133783e-08
3.063805218452137903e-08
3.354472975297877598e-08
3.032730878894771891e-08
2.810553185644835347e-08
2.842252665993330555e-08
2.836913825659510376e-08
2.619522948487808889e-08
2.416635368882505269e-08
2.403227608656165692e-08
2.191944060309522789e-08
1.347723942708809452e-08
1.710210394615215259e-09
-5.890997630607273008e-09
-7.048383967389534741e-09
-7.000064259158282797e-09
-9.661587688341532834e-09
-1.284533463027410334e-08
-1.474115712445424310e-08
-1.610168581846209220e-08
-1.579694443719611309e-08
-1.284315119814008917e-08
-9.791291625136075044e-09
-9.258054344459649347e-09
-1.099514490851615864e-08
-1.302462892947753238e-08
-1.345182161097480704e-08
-1.242198014285125512e-08
-1.184579414819542316e-08
-1.197231372196111786e-08
-1.063211615033591505e-08
-7.065853192985818333e-09
-3.521586581904937498e-09
-2.133346614864199894e-09
-3.078232449311253009e-09
-5.104060246540200382e-09
-6.383224393742269855e-09
-6.715665507427022742e-09
-6.743218111175917749e-09
-4.705958494259171426e-09
4.755941916630191802e-10
5.380084923327517951e-09
6.310132494851672510e-09
3.731090980384867295e-09
9.754210378507666090e-10
8.907640457801381895e-10
3.086443409690561696e-09
4.847937131026865266e-09
5.413519294214761993e-09
6.372821991486033999e-09
7.401191422198335748e-09
6.091645689353049409e-09
2.463010216962524036e-09
-1.203495554721671281e-09
-3.458506432759312295e-09
-3.992372041315059933e-09
-4.839280063965288914e-09
-7.820808231050116311e-09
-7.800380237708876935e-09
2.479094501355558105e-09
1.817237972514659747e-08
2.302017286874095800e-08
1.085788384414386125e-08
-3.390249494498934803e-09
-3.189284220065102995e-09
8.576276890281851126e-09
1.568504224121372283e-08
8.917623479934346940e-09
-5.241361935086806215e-09
-1.319821161769268333e-08
-9.255617002467956854e-09
-8.285174166644001082e-10
2.846172909338919573e-09
1.059860761246500150e-09
-2.206738346676395395e-09
-4.039871370300109534e-09
-3.127602077150993511e-09
-3.987996944638650512e-10
1.575941206632063259e-09
1.990360506928991616e-09
2.085144990200739981e-09
1.592268232566770493e-09
-1.124508699228949875e-09
-5.317757529848118066e-09
-7.042367117338484695e-09
-3.788372206962420675e-09
1.082229936564291301e-09
4.055143808221094257e-09
8.117048614632742085e-09
1.472986195999648106e-08
1.635767552120272435e-08
6.252571575234576153e-09
-9.941687004085312799e-09
-1.789996772562888378e-08
-9.679577415130889286e-09
6.358802919830019123e-09
1.450597380589916352e-08
9.803948786382115517e-09
1.648743964886269922e-09
-3.901473195228555934e-10
2.059642371511784388e-09
2.248911804039711467e-09
-6.206441917865816940e-10
-2.312506319102344484e-09
-1.121269510435172364e-09
5.048185466525277291e-10
1.984335184981372979e-10
-1.854318332332140268e-09
-4.299899732374113664e-09
-5.442483146949175279e-09
-3.266209393256399975e-09
1.829371022468740862e-09
5.638805809511003122e-09
4.681242254174546616e-09
9.148742552503083661e-10
-4.968282370677391792e-10
1.496330638621452326e-09
2.208467487955131886e-09
-1.162745764878716293e-09
-5.118549854235934659e-09
-5.388975256659489531e-09
-3.115126229322813013e-09
-2.451167641746460918e-09
-3.911625931459317755e-09
-5.010338023547725285e-09
-5.139597813715131050e-09
-4.720104618923480857e-09
-3.594229619774345406e-09
-2.686592955073951969e-09
-2.691221853062340406e-09
-1.774611105452602829e-09
1.092256048352203376e-09
3.251622027950550981e-09
2.445751163948850182e-09
1.616001258755545006e-10
-9.689649235123136523e-10
-3.857715797462980035e-11
1.476690539094311388e-09
1.071020013890215048e-09
-1.198453561780827907e-09
-2.426612516276425189e-09
-1.162114447004088103e-09
3.114667413009564414e-10
-1.408109746569252831e-09
-5.911187392191262954e-09
-8.822830696875364567e-09
-7.436353806023986487e-09
-3.228739910009143625e-09
3.908138854516127545e-11
-9.098562081916379031e-11
-1.200526701867423277e-09
6.461047641448439336e-10
4.210875093335709721e-09
5.185994813249785749e-09
3.535877541145240860e-09
3.109788708353195187e-09
4.876813917724399173e-09
6.010808087967726650e-09
5.557373655594613466e-09
5.848252065453552580e-09
7.059467894210471052e-09
6.088208002113650565e-09
3.025977671051181215e-09
1.922662904442688378e-09
3.656664457147235717e-09
4.581130650543111983e-09
2.874509018400721157e-09
6.104158882211877356e-10
-1.724835289984162510e-09
-6.509460262284106128e-09
-1.183097688653365459e-08
-1.030985215679618145e-08
3.334384785957360987e-10
1.133978205632069896e-08
1.262456332165681298e-08
5.316470722543054552e-09
-8.690448940803937607e-10
-5.278070383576310406e-10
2.766960740984493527e-09
3.070979491040301299e-09
-3.961997342813720519e-10
-3.730022362563469607e-09
-4.514685502749013234e-09
-4.069591316150851807e-09
-4.865734599657521715e-09
-7.165925880335770950e-09
-8.229560007745980917e-09
-6.297234987430203653e-09
-3.043951245633000877e-09
-2.471704783058244043e-10
1.635933149112891937e-09
1.341109190835040322e-09
-1.567306061845172627e-09
-4.526172687842798249e-09
-4.990517275296029959e-09
-2.904275581089223553e-09
-1.811461721371898462e-10
6.624854832957464482e-10
-4.971416504951422604e-10
-1.564236049449453348e-09
-1.987866844396527064e-09
-1.932182785726307322e-09
-5.754526311221881094e-10
8.505121502814888959e-10
-1.108540357661555244e-10
-2.223737074066550991e-09
-2.434051771400157571e-09
-9.256472114792471757e-10
3.535405308001625514e-10
1.583017443017647881e-09
3.961700233015760792e-09
6.573238099080144712e-09
7.304655573025080353e-09
5.924533919127841546e-09
3.211701303277534416e-09
-1.021004124845181115e-09
-4.988731232599046873e-09
-4.252303627831566008e-09
1.936678885826252797e-09
7.987752321100365533e-09
8.470453752106202640e-09
4.799681893219517284e-09
2.379106360724094454e-09
2.689442880264274877e-09
3.359383637973550722e-09
3.336221845823482425e-09
2.687475050264933524e-09
1.340224764070904097e-09
2.894146691437746527e-10
2.494394644868040826e-10
-3.552401468247943253e-10
-2.550651276526871671e-09
-3.712790724753210024e-09
-1.432685709040241629e-09
2.003470492241239067e-09
2.674123471522762388e-09
-1.117303275551414332e-10
-3.568012033326401071e-09
-3.624899331014611754e-09
6.380327350823909127e-10
3.847868008546515344e-09
1.728554496635022009e-09
-1.313119059140732494e-09
-4.679777301306289736e-11
2.903238335679062056e-09
3.092997755514404596e-09
1.116487998367240309e-09
-7.704159760051437362e-10
-2.608245896290733433e-09
-5.013074892919329665e-09
-6.676133561733266728e-09
-5.261160198703239416e-09
-1.036782672079546240e-09
1.641157343864537660e-09
-4.735884162128126139e-10
-3.875767376301587861e-09
-3.420978592003166781e-09
-1.068662565595383780e-09
-2.134832270043937083e-09
-5.688149207213736865e-09
-5.817728131717027676e-09
-1.224374527008566557e-09
2.459026448101320271e-09
1.272513136154285866e-09
-2.106084441459401123e-09
-3.926091410852842970e-09
-3.772250512409202488e-09
-2.142020945754259661e-09
1.052298554420041390e-09
3.539801941774761164e-09
1.947979017254256164e-09
-1.305383711102254229e-09
-2.595713439665033360e-10
5.189130789519972876e-09
9.109190544393986289e-09
7.120533903817255741e-09
1.553232219308610997e-09
-2.337193949863752485e-09
-4.395234819414512356e-09
-7.098729889699183029e-09
-7.512509275506463994e-09
-1.782077079001295766e-09
6.164441791446340372e-09
9.620302934800722580e-09
8.077256742829192859e-09
5.295063169428165463e-09
2.687792006380286115e-09
-5.984387194288089762e-10
-3.004365276917672026e-09
-1.916782361676766487e-09
9.827860328209050614e-10
1.693730228948138825e-09
