-2.467108954890010798e-09
-2.312366619398717229e-09
-2.569794581127492470e-09
-2.023970771551259685e-09
6.565531983115148437e-10
3.182247234408765248e-09
3.187110038364398757e-09
1.650143499715803830e-09
-1.415461915120630790e-10
-1.863490844431441629e-09
-2.660175099265197573e-09
-1.882248715027233632e-09
6.479430660755795828e-10
4.658744088073189680e-09
8.212314013299148685e-09
8.623605280360151365e-09
5.399533137962087319e-09
1.333974614160382395e-09
-6.131783691996140666e-10
-8.904645764717111168e-10
-1.197203484692686971e-09
-1.759305836908794075e-09
-2.790066280335480092e-09
-3.800595557798844636e-09
-2.864721613976849409e-09
-5.369105382315803771e-10
5.762226624309940315e-10
1.225340669829059524e-09
3.453852238468828375e-09
5.586525840621707520e-09
5.364990889185869127e-09
3.015667525744009904e-09
-1.530346708429009554e-10
-1.155836359436285646e-09
1.985944890801224861e-09
5.566629816635497724e-09
5.611824542093474730e-09
3.963688930680543389e-09
3.491633452048272627e-09
4.056026382780564017e-09
5.183420693585963869e-09
6.736749087068691738e-09
6.970748141624492696e-09
4.088103240865042257e-09
-7.916707051873243083e-10
-4.800543980309293581e-09
-6.271006470223964560e-09
-4.736859586637086209e-09
-1.130995840192582536e-09
9.774163892134641152e-10
-1.222069068100449096e-09
-5.282359294780901578e-09
-3.771593289253142115e-09
7.023388252490558873e-09
1.744743092813082845e-08
1.971867966176773349e-08
2.099830081950912796e-08
1.760366431471386280e-08
-3.394634826992002888e-09
-2.761926309701460278e-08
-3.395891856804347555e-08
-3.066022887677249023e-08
-2.978854643453594921e-08
-2.524767297489884745e-08
-1.479387523568823760e-08
-8.453502395505700420e-09
-8.321636071972956753e-09
-4.185736731348443545e-09
7.022969518888999790e-09
1.602901172163882932e-08
1.598793106076154630e-08
8.647645103014916275e-09
2.205421791916167955e-09
4.716787078413999900e-09
1.240294867539202080e-08
1.490132969771685886e-08
1.073372566374338892e-08
4.773857379837072516e-09
-1.246251339176339750e-09
-5.902504308540341174e-09
-5.765036186074776493e-09
-9.182886497171890413e-10
4.694035382978548915e-09
7.614500256916767853e-09
7.672827879020582100e-09
7.852544563338473141e-09
9.395444090745283315e-09
9.464682256488971683e-09
5.596518136623932652e-09
-1.549526338153465027e-09
-9.203278632098989400e-09
-1.323419488791137458e-08
-1.150130343889124876e-08
-6.899706199762372908e-09
-3.723818592758873364e-09
-3.333506239971062948e-09
-4.222757477681576471e-09
-4.312545233995238116e-09
-3.701400676208933840e-09
-4.032877835118587722e-09
-4.791822943617804244e-09
-4.348472269125912413e-09
-3.452428149397829542e-09
-2.425008384453491102e-09
5.993920451645614262e-10
3.972081215965591848e-09
3.331378252870126876e-09
6.514263324470658616e-10
1.744677441760746152e-09
5.479985191969477843e-09
6.139513142066444777e-09
2.669328143189833343e-09
-1.668194538181806933e-09
-4.128392353079283201e-09
-4.216858314249506366e-09
-3.302396743527089907e-09
-2.303926003178260652e-09
-7.622650856275360428e-10
6.829382123554390935e-10
1.453775203394742863e-09
3.678240641872785984e-09
7.700488727647972393e-09
9.437111451876138627e-09
6.331007461223276355e-09
1.314583350518286822e-09
-4.410221451814992818e-10
2.364785104505440365e-09
5.119593123587443791e-09
3.008536662679767446e-09
-2.813691099843446938e-09
-6.257640721282028842e-09
-2.719437123000196760e-09
5.287634304961564140e-09
9.466113362451446292e-09
4.721950922357740795e-09
-4.552151895872186379e-09
-9.760692495809327757e-09
-7.518068887186784059e-09
-1.914172081451250727e-09
1.219921517115319707e-09
5.623066646466316754e-10
-1.695443492099926741e-09
-3.662116051791256047e-09
-3.807881465034036102e-09
-1.844865451139723214e-09
1.831168345216682304e-10
7.053573381020280587e-10
4.241951297300214952e-10
5.277514435908382570e-10
1.120956862258682730e-09
1.567890940423050461e-09
8.773412367085878904e-10
-1.217832301774300791e-09
-2.160268947840698884e-09
7.747823226957468558e-10
4.996700159303519933e-09
5.119835607615579981e-09
1.405795995028255756e-09
-4.414123372244938479e-10
1.082887285216045073e-09
1.876997126969617898e-09
1.210138927037329294e-09
2.427937237401913276e-09
4.314740796138835236e-09
1.612949806481575559e-09
-4.777461613549905258e-09
-7.617740652183095074e-09
-4.348860888213879086e-09
4.411359731117459839e-11
1.318004055188861224e-09
9.497182390577684093e-10
1.849623790968568317e-09
3.617044221633779248e-09
4.641089151656358334e-09
4.457034103361697503e-09
2.630893041639188352e-09
-2.529028262182770824e-10
-1.467003399776702644e-09
7.411336783357794627e-10
3.755960371786570452e-09
2.907671531407622494e-09
-2.282695896451314442e-09
-6.743284547219523470e-09
-5.950911664177953234e-09
-1.712608917652332888e-09
-2.765944990940797657e-10
-4.643540787617546415e-09
-1.026526412450069377e-08
-9.881183539219966247e-09
-2.473020454951493164e-09
4.488489242273487718e-09
4.020413005043310166e-09
-1.277823158252600036e-09
-3.457476900480428341e-09
2.921565323963501987e-10
5.527384624319872475e-09
6.145958499555519543e-09
4.628695580726820762e-10
-7.015369244852429106e-09
-1.009279170840986544e-08
-6.396124555917646625e-09
1.014988672541915163e-09
5.613564745703581779e-09
3.534908301950843046e-09
-1.381187951298715574e-09
-2.718420274657602536e-09
2.732868192471986346e-10
3.642741778192456759e-09
3.612026255028173308e-09
-9.633131680331730698e-10
-5.944824969150111381e-09
-4.327148906680263430e-09
4.287196896960265607e-09
1.121903245598829364e-08
9.009213475331541874e-09
6.584915069786892843e-10
-4.501132542344481618e-09
-2.180215224317083277e-09
3.565898073528406055e-09
6.203514748142374524e-09
2.726777372570664796e-09
-3.353186128483240689e-09
-5.191490627153061407e-09
-6.378161076170196446e-10
5.337740706566036071e-09
6.272765967731819143e-09
5.601210494758529197e-10
-6.314090681617094039e-09
-6.636810677170759086e-09
-5.583027126507634498e-11
5.350806265141824522e-09
4.110165944278862405e-09
-2.331831253553458089e-10
-2.468027384574402795e-09
-2.427559831783645531e-09
-1.551447632930146744e-09
-7.283518090464082716e-10
-2.217822268404482417e-09
-7.335751254301956687e-09
-1.238311701877139991e-08
-1.064953760401763203e-08
-2.183538302027040383e-09
3.488827257271344192e-09
9.206754759872233873e-10
-3.143769571594837038e-09
-7.403512022936453858e-10
6.136944479269640679e-09
9.907465709578333133e-09
7.556235515409875783e-09
2.480614480536526178e-09
-5.536519891201211783e-10
4.047282945754086172e-10
3.791004377040324513e-09
5.723080690045883319e-09
2.826735674303182605e-09
-3.119551574773439503e-09
-5.362295524586483108e-09
-3.567591637575593334e-10
7.300511732165575082e-09
1.043332242233287239e-08
6.623053035504464132e-09
-8.421238590641615766e-10
-5.845525879062046282e-09
-3.910831591227224676e-09
2.944732934504087820e-09
7.878152032058299450e-09
6.713315042808922518e-09
1.767415049917412796e-09
-1.218194128286218154e-09
1.699532071961598481e-10
2.033279076403449168e-09
-2.724123032204826506e-10
-6.113223938203681641e-09
-1.098480117582917196e-08
-1.078303066709778887e-08
-5.371682901517691857e-09
-3.182627338567891700e-10
-1.322627820990985555e-09
-5.855017085768028982e-09
-5.261915052946177084e-09
2.591610955141240802e-09
8.909149507196054675e-09
6.995022509543337074e-09
8.340488957080815647e-10
-2.883697970809974566e-09
-1.664119049928220932e-09
3.124443095851447456e-09
6.890531663077647621e-09
5.343425192846733290e-09
2.318581217090330701e-11
-2.613856357378221917e-09
1.362901408107235802e-09
8.133174875494533084e-09
1.023299824060819958e-08
5.012147263049053189e-09
-3.523224502421669623e-09
-8.859662907105070852e-09
-6.854941070912840870e-09
2.370015122009586211e-10
4.924720685075808601e-09
2.491919622591182329e-09
-3.358771243692069085e-09
-5.859452417736454677e-09
-2.936932606696017662e-09
2.226309595609142310e-09
3.937640959772593778e-09
-1.235567808656436659e-09
-9.431773027046370931e-09
-1.260603124306241773e-08
-8.377228694727705903e-09
-2.887493686187294209e-09
-1.919005026316935270e-09
-4.132492390815866604e-09
-5.027137594658483813e-09
-2.842390453146498976e-09
5.287987412833391277e-10
1.854862147431656317e-09
-1.599649630029584227e-10
-2.950146367763355274e-09
-2.800095757426822278e-09
2.877714803084648592e-10
2.973794630952362479e-09
2.767799524938221757e-09
-6.065578464120965030e-10
-5.240488168673207137e-09
-6.927018657679832578e-09
-2.057917559263062053e-09
6.968481387259530468e-09
1.162187425711130669e-08
7.253047074800734041e-09
1.096990992247750579e-10
-8.900347491692253300e-10
4.258817293992135047e-09
7.752870983515015247e-09
4.837431463143767543e-09
-6.681862440530482543e-10
-2.229115387535929654e-09
1.288445271087368262e-09
4.783448127472756230e-09
3.442201818654414756e-09
-9.122560588442797262e-10
-2.171734176097664116e-09
1.372543130319985497e-09
4.505376581014616506e-09
2.497554807525954948e-09
-2.392574110786783642e-09
-4.734291353659824857e-09
-3.378321987441192407e-09
-5.264270413367870027e-10
2.680460064083707888e-09
5.048051084400140128e-09
4.720580600536848524e-09
1.966400907659814513e-09
-2.266483589299786732e-10
5.700484147871918461e-10
2.798632401179622649e-09
3.262988923518693012e-09
9.814624514698647887e-10
-2.629489637406222817e-09
-3.963949371979654170e-09
-9.305521821048324639e-10
2.535553310094284173e-09
1.279087891470534070e-09
-3.954121789706910369e-09
-7.882835074000703085e-09
-6.321440623834468016e-09
-5.422397424056296746e-10
3.024023917069236384e-09
4.027219303950337976e-10
-4.511066634558562470e-09
-5.707276400576192356e-09
-2.713878397961208702e-09
7.297044043740733104e-10
2.065532086198490495e-09
1.152491970893944330e-09
-7.497254514053876697e-10
-1.819045663678861106e-09
-1.618167000788910773e-09
-1.280696554233299309e-09
-1.390655971838679473e-09
-1.861986648534049080e-09
-2.399820922061380879e-09
-1.676161300922687021e-09
1.390036122431333395e-09
5.314396912911678505e-09
7.190933209677310776e-09
6.042220407283544051e-09
3.424977535395746961e-09
1.018440458254124715e-09
-5.516485820240435797e-10
-1.255004281331323981e-09
-1.597437808802648600e-09
-1.956406895466852664e-09
-1.838107525026753928e-09
-1.220959324357178799e-09
-1.180102392354690987e-09
-1.337724088663577874e-09
4.137773178109137573e-10
3.280067206275297939e-09
3.239375472493589226e-09
-1.196893410901679374e-10
-2.230806097586644387e-09
-1.868077930646320526e-10
3.842113216011722159e-09
6.032850389706089273e-09
5.956941972017153744e-09
5.461052692157046809e-09
3.315857286259023452e-09
-2.112213395019576899e-09
-7.060686040322600940e-09
-7.000034088703221604e-09
-3.380861710143763798e-09
-1.101123879303826738e-09
-2.291814699292556695e-09
-4.499734978941026822e-09
-4.357460081634130362e-09
-1.580026214923513675e-09
1.179033896480113243e-09
8.804015722562224335e-10
-3.101248944574655842e-09
-7.713370992559771902e-09
-8.826715519474131708e-09
-5.623390089728672087e-09
-1.617921709897073813e-09
4.272601406250684357e-11
6.500919122701447734e-10
2.054744936733391344e-09
3.235615481147224822e-09
4.334320442756775305e-09
7.143846365039853288e-09
9.330559424553456378e-09
6.444777592343572627e-09
1.007491878508552309e-09
-3.064824903700279644e-10
2.030960808612708795e-09
2.264523390062499242e-09
-1.181691592565083906e-09
-4.687821247099238515e-09
-3.779005505460658017e-09
1.739031421583176811e-09
6.528413255694153347e-09
6.499742137145762171e-09
3.249992114223666877e-09
4.952874148535819136e-10
1.195240163363863695e-10
1.431588453098105038e-09
2.766309826166315648e-09
3.284390916502590240e-09
2.896308148600221527e-09
1.484043844892292235e-09
-9.138246119260196584e-10
-3.126926571672238975e-09
-3.348989310013798675e-09
-1.600728692813577170e-09
9.685984244893228430e-11
4.521002379526580914e-10
-5.196098380126921039e-10
-2.341062404509603535e-09
-3.409497345936168198e-09
-2.440830712532994329e-09
-7.610467272250594585e-10
-5.454900201673425381e-12
3.236094429290004540e-10
1.415200536932510465e-09
2.604897106886481544e-09
1.210123926285183864e-09
-2.911859980357120988e-09
-5.573684494386349026e-09
-4.026532695326016139e-09
-3.799978417940472733e-12
3.018939828841702904e-09
2.172724514536912314e-09
-1.816655935801496859e-09
-3.519908056903667069e-09
-1.501219251505546916e-10
3.259656731995414826e-09
1.950556501753889721e-09
-1.323093824134598481e-09
-1.839946437919499417e-09
-1.054131884091576994e-12
8.122758304956254737e-10
3.223655074902253508e-10
3.372035153519554529e-10
4.731486946599688545e-11
-1.763309985869392073e-09
-3.426582842371950545e-09
-2.600485201882057684e-09
7.245559468450017042e-10
3.739162361223296633e-09
4.246401930686104807e-09
3.004066362204268690e-09
5.660474200998358497e-10
-3.155268246356643974e-09
-6.098625262007850283e-09
-6.032568775236204325e-09
-3.885304618620698371e-09
-2.648501576795626500e-09
-3.474655041305675133e-09
-4.611629526730638838e-09
-4.484263591203597886e-09
-3.218111491472800028e-09
-2.006045935627581416e-09
-2.040045119664078207e-09
-2.783756267167681099e-09
-2.768437137335743978e-09
-1.596518846017244081e-09
3.095981830949341105e-10
2.428584179016434598e-09
4.064639145675048401e-09
4.595468583867132990e-09
4.049066772459689217e-09
2.771104387454316084e-09
1.649798801225228878e-09
2.534837373928062328e-09
5.645141546535024669e-09
7.895237116005038294e-09
6.460455120432749068e-09
2.347467979892145635e-09
-1.115905985830989292e-09
-2.137164595552631496e-09
-1.604010033468886801e-09
-1.087753969689577310e-09
-9.907364696761625382e-10
-7.248068627240045786e-10
1.143306578769489606e-10
1.404035165629795996e-09
2.336575942660113918e-09
1.975754667590939291e-09
1.556310231053703575e-09
3.398500141592177926e-09
5.701620074770396610e-09
3.852667741835708950e-09
-1.115753265555405010e-09
-2.653322742453679395e-09
1.273442735450402720e-09
5.432162697119249237e-09
5.326240608941142261e-09
2.496617625373385271e-09
9.717480014079636245e-10
1.769707655911164136e-09
2.707799684373483312e-09
2.305869567168991277e-09
1.171035762883997521e-09
9.865282989856626189e-11
-4.610106863039837971e-10
-2.311068186657719830e-10
3.919422642504022353e-11
-7.697939223015496883e-10
-2.501030822919184001e-09
-3.730061198058703686e-09
-3.722462511647705523e-09
-3.559185837636471677e-09
-3.499291476256183646e-09
-1.980338377737775619e-09
8.174372696540581375e-10
2.363390000589128004e-09
1.132973347226677542e-09
-1.923353874883977968e-09
-4.774106355129841884e-09
-6.080120894296106776e-09
-5.844210450267017379e-09
-5.130010283025859516e-09
-5.174020565855443947e-09
-5.907965108102233592e-09
-5.617152170860512821e-09
-3.344826399485947790e-09
-6.614881704522277820e-10
1.827694870601549269e-10
-9.292406475108367155e-10
-1.195817740508945180e-09
1.750094221947717607e-09
5.316015370119508433e-09
5.011507364996864513e-09
1.128742381213017175e-09
-2.631937877997265847e-09
-4.054868557929952263e-09
-3.115400937612906332e-09
-7.667058784278269052e-10
1.747701210795317084e-09
2.379934123493222419e-09
2.150172880902104720e-11
-2.421060762951269156e-09
-2.009344223665391762e-09
-7.520118836578547807e-10
-1.332027693220332048e-09
-1.990512913995543667e-09
5.496316749128234453e-10
5.688834853215807718e-09
8.664359477086160144e-09
6.012023339008995933e-09
5.609518602640362842e-10
-1.765517130782916477e-09
4.935188768142214481e-10
4.076663697179627823e-09
6.451521868892094063e-09
6.981827472764854683e-09
5.134858377665458920e-09
1.799143242138167804e-09
-1.845909511211075835e-10
1.376483694564810360e-10
1.035515102211900445e-09
1.369696782851827029e-09
8.817446663786018482e-10
-5.393180700410805187e-10
-2.360330994597427991e-09
-3.758196014748350813e-09
-3.887614044295083409e-09
-2.147359691609227749e-09
9.324800682143705587e-10
3.405908821827861112e-09
3.068989474650035191e-09
2.052016058521039154e-10
-2.019849739048063893e-09
-1.866518963161984954e-09
-9.748129603518936133e-10
-1.535421807546239702e-09
-3.661098395248336668e-09
-5.153380848126256109e-09
-4.202027460049398060e-09
-2.122186649712278724e-09
-2.114585685938483497e-09
-4.747906321302264499e-09
-6.418483455668046089e-09
-4.888740532273646843e-09
-2.153236239733941597e-09
3.741226767895116507e-10
2.797705903696502845e-09
4.208800104411043822e-09
4.462465183764923551e-09
4.248309215403651010e-09
2.595309249392450703e-09
-8.053573336340221812e-10
-3.129005400138565072e-09
-2.752027742627897717e-09
-2.162375629380172376e-09
-3.040485861494735505e-09
-3.596817753986759606e-09
-2.713864942537053161e-09
-1.022323148185719133e-09
1.732630592891363906e-09
4.631658133237048339e-09
4.239540655545990639e-09
9.482629927606773194e-10
6.133566194071970616e-10
4.867359494965621915e-09
7.758050576722249471e-09
5.959233466444677903e-09
3.858123086912246674e-09
5.422644073197191555e-09
7.800673956719030255e-09
6.363153574593675851e-09
1.749303145943113281e-09
-1.916652604677543818e-09
-2.998921418680050462e-09
-3.340729453890674340e-09
-4.248919604969946506e-09
-4.199472205938438034e-09
-1.820950510998058550e-09
1.531694292786897829e-09
4.096748161905695107e-09
5.612205913838918938e-09
5.387500119218523571e-09
2.333395842096970583e-09
-1.768780840437292945e-09
-3.240488920650563067e-09
-1.390469704684459430e-09
4.867130243903677853e-10
-1.002496972857837411e-09
-5.047141984049198545e-09
-7.231829338635736178e-09
-5.630581790949657235e-09
-3.242547834800348490e-09
-2.472219317024552175e-09
-1.899699878071128392e-09
-7.885800879949450780e-10
-5.546961274829768541e-10
-4.589730945989955076e-10
1.183330106996348750e-09
3.274414308218997047e-09
3.964139036345469511e-09
2.574546942077521994e-09
-4.340109327216619679e-10
-2.426171687251322240e-09
-7.731118423343151226e-10
2.911821366475066273e-09
4.282625842442148399e-09
1.576144808332016993e-09
-2.577988212512300337e-09
-4.462818467760979773e-09
-3.402618260423692752e-09
-1.675910386000102941e-09
-1.568453466466629612e-09
-3.271105601401180401e-09
-4.735966003196154854e-09
-3.673946114303095244e-09
2.531907878577254478e-10
4.477752543082278773e-09
4.957634705624815572e-09
1.069002116844068214e-09
-2.847439739050410225e-09
-3.299973194046556879e-09
-1.532160073144765029e-09
2.835163294061394390e-10
3.192609432765241983e-09
8.494945282566862601e-09
1.343116071772530219e-08
1.347339482781298631e-08
7.292298131729076602e-09
-1.651028823124378996e-09
-8.324677226086756699e-09
-1.108341713588293582e-08
-1.201996668920831096e-08
-1.304168460988371872e-08
-1.328256444433117395e-08
-1.076448602606539487e-08
-6.658310853880315625e-09
-4.161633383008706929e-09
-2.580796425920409780e-09
8.761209686141706037e-10
4.176794379711424062e-09
2.296642404684817203e-09
-4.833171781708197281e-09
-1.201337148072607539e-08
-1.616857007500778434e-08
-1.929436610899652866e-08
-2.384707722546507926e-08
-2.713494193618720375e-08
-2.039669054214167538e-08
4.569693340257975046e-09
4.658876054594808894e-08
9.387598597269691385e-08
1.295578865909589107e-07
1.393080979669204821e-07
1.191468326506178793e-07
7.680656615290774564e-08
2.617677127308107287e-08
-1.878067199476915719e-08
-4.916020043722317637e-08
-6.481780207465753844e-08
-7.312062774532282606e-08
-8.033943702701157557e-08
-8.532926614812459024e-08
-8.469528455733181355e-08
-7.903757261842944060e-08
-7.176928332507583298e-08
-6.441531816747372665e-08
-5.484918094298377557e-08
-4.259985016710707644e-08
-3.049304123076598402e-08
-1.775431124336103068e-08
-8.343409446495616318e-10
1.824804691189872750e-08
3.267504502482740675e-08
3.861592274698436834e-08
3.779844270490238107e-08
3.420479478979340684e-08
3.090587123314315936e-08
2.912011380190045266e-08
2.836423176127257122e-08
2.757615984761948378e-08
2.613042918169837506e-08
2.367110637017666295e-08
2.007583986556966330e-08
1.576121726083152174e-08
1.140164750800440701e-08
7.226482090927365061e-09
3.122876043202553833e-09
-9.447175843867011172e-10
-4.973523457066229952e-09
-7.488618807321628063e-09
-5.082646020926728566e-09
2.340995850283858196e-09
8.171421093752534205e-09
7.096995072788114368e-09
2.766952870513122477e-09
1.249269723915419479e-09
2.381104509678067104e-09
2.701515754010117309e-09
1.885455720652506725e-09
2.285265421785424040e-09
3.734306350918293498e-09
3.016722211920309741e-09
-5.477413908274126380e-10
-3.884917428150850344e-09
-4.439325401525007129e-09
-2.352452890809631076e-09
3.324640154718554150e-10
1.753573093327828965e-09
1.838743347111322175e-09
2.045342481064831852e-09
3.272537544677343805e-09
4.154963441076348829e-09
3.698712836068833006e-09
3.425380953816841206e-09
4.092422285644939864e-09
4.678444380544986600e-09
4.743777526197486178e-09
4.722906673429861431e-09
4.809684217628360338e-09
4.039619815118060446e-09
1.971888152006810198e-09
4.113089912956260711e-10
8.776649742795860506e-10
1.667277653517873756e-09
-4.934404663124255504e-10
-5.277211222803979192e-09
-7.849234088324348816e-09
-5.425997417838726534e-09
-2.056073947443845987e-09
-4.030702248001451447e-09
-1.136775134668790325e-08
-1.702524048730525995e-08
-1.624023084164942656e-08
-1.197137680445269782e-08
-8.739146035571479415e-09
-7.426958960884616811e-09
-6.806051387852720889e-09
-5.409137387765332648e-09
-3.011219475646836738e-09
-1.229425002868767852e-09
-1.102857617434967102e-09
-1.224442150471699977e-09
2.157242662035950496e-10
1.988701286903149654e-09
7.396270377439729362e-10
-3.792371128122711608e-09
-8.303064249688407451e-09
-1.112872623401206570e-08
-1.321102385466388597e-08
-1.390233484144927788e-08
-1.114857274819260183e-08
-6.652707410905570158e-09
-5.248895350090466372e-09
-7.764534830064300550e-09
-8.825096758459187199e-09
-4.104521632515871726e-09
3.521847338823813206e-09
8.845486730859950135e-09
1.097684263881083366e-08
1.137611462191424672e-08
1.032346339869918041e-08
7.732776698126173315e-09
4.315464376513721965e-09
1.190195599375315816e-09
-7.252105388049449211e-10
-8.985617454809903940e-10
5.857791983818970697e-10
2.580829469803210823e-09
3.655144256181283281e-09
3.329670965488860638e-09
2.135184263278276844e-09
1.582696122220470203e-09
2.872510403311438666e-09
4.899809329843522215e-09
5.568576655393943014e-09
3.867805865301404960e-09
6.248901878487194503e-10
-1.375749259995081731e-09
-7.789920404605246421e-10
3.328421013994507933e-10
3.575329768289059215e-10
-1.088771129096646624e-10
-1.820467880488093055e-10
7.738434377626651520e-10
2.336628014414368920e-09
3.149094191423870844e-09
2.826406552811537788e-09
1.704510533894800411e-09
3.859188341505772018e-10
4.725593539488268298e-10
2.695431147568395492e-09
5.030688345749173857e-09
5.355287381600324756e-09
4.002448755045475809e-09
2.306280417659587821e-09
1.475826625186584463e-09
2.489420475517116115e-09
4.767893888335158730e-09
7.036431997405654390e-09
8.961155048034033814e-09
9.413883744362601295e-09
7.258698760024439491e-09
4.737223307697939362e-09
4.031394466584229140e-09
2.519324915709323937e-09
-2.050280814868248831e-09
-5.810156197800231191e-09
-4.178438186735929896e-09
1.073835272340418526e-09
4.107722472956892756e-09
1.949009156442548946e-09
-2.647564583252134650e-09
-4.969360407038574560e-09
-4.206173173150915436e-09
-3.649875595841934760e-09
-5.162289004732373550e-09
-6.737996084660128371e-09
-6.376355347837800604e-09
-5.294881326069596054e-09
-5.467121698944974309e-09
-6.466427167389092884e-09
-6.661541411689482082e-09
-5.203793611260322191e-09
-2.747511340313771454e-09
-1.220080660469801399e-09
-7.077406036365294361e-10
1.711837118237522905e-09
6.365825480269973404e-09
7.755248292218589917e-09
2.293274270111377883e-09
-4.546838824898776693e-09
-5.311405996703676916e-09
-4.229651644686972477e-10
4.042396135475302806e-09
3.805798663801140232e-09
-3.063855129647815471e-10
-3.920693837778856456e-09
-3.617173000341309564e-09
2.430896091385862644e-10
3.890956122906276394e-09
3.341915410882163308e-09
-4.022043935919961690e-10
-2.138633498930476939e-09
2.286996857527982200e-10
3.755333553653016519e-09
4.591875972048912011e-09
1.368353061019542414e-09
-2.618276620672860988e-09
-2.136138958438723423e-09
2.657159736483462518e-09
5.951094257412840356e-09
4.195722846626194299e-09
-6.382867072499954289e-11
-2.152081278430709535e-09
-2.806989231101511987e-10
2.498153309855728288e-09
1.289664116144476238e-09
-4.011987656422003622e-09
-8.078905312001309069e-09
-7.738037603492096759e-09
-5.415971954559012216e-09
-4.301905457687930643e-09
-4.857182831075254523e-09
-5.711529165939426050e-09
-5.418408012588091937e-09
-4.153473517009482449e-09
-2.823769142569991387e-09
-1.150589978033980041e-09
9.011666073272875164e-10
2.370838935145063869e-09
2.900209025363434165e-09
2.623043842383795368e-09
1.883676841953369479e-09
1.815465480809646518e-09
2.958278977415239101e-09
3.930498835389898100e-09
3.210370746922334924e-09
1.228693796080228059e-09
-4.431331434424565936e-10
-1.252351185449209042e-09
-2.281632941723400589e-09
-4.261426706169764433e-09
-5.875341615370775394e-09
-5.219734073424869218e-09
-1.347612041010633402e-09
4.541678430803230231e-09
8.358312980605519676e-09
7.543462127233300572e-09
4.887310796533348916e-09
4.188831889680978608e-09
5.363378275039103319e-09
5.564029137437254422e-09
3.065780607805228614e-09
-3.765299047514642608e-10
-1.812665247937208879e-09
-1.294324232367460766e-09
-8.870491070348987347e-10
-7.066205975043487059e-10
7.302298688572228007e-10
3.488783187768550808e-09
5.571007628205947167e-09
5.134692291230836319e-09
2.542498967595248669e-09
-5.215499469981901028e-10
-2.583867412718249427e-09
-3.007603367074057606e-09
-2.954158799014618709e-09
-3.716316083765233252e-09
-4.281722705090771419e-09
-3.290904867306452454e-09
-5.645327230152486249e-10
3.390254940439135335e-09
5.815140394905437170e-09
3.007846592610237098e-09
-3.923414093993898920e-09
-8.988990072151803758e-09
-8.430885108074825594e-09
-4.057018330824707262e-09
1.031044166650052372e-10
1.573319707661191540e-09
6.191942345920637366e-10
-1.326825584437232981e-09
-3.811421351389763180e-09
-6.333080875326438643e-09
-6.095854648449342026e-09
-1.145282300551133183e-09
4.490877168833346649e-09
4.882856001297516540e-09
1.249108605157398131e-09
1.541301648855898837e-10
2.945307265411989457e-09
4.581907759739288697e-09
2.910150111209388306e-09
1.310039537614422875e-09
1.716610897492800889e-09
1.714869858078334626e-09
-3.496194199333371314e-10
-1.689366267515847848e-09
1.193907851025293681e-09
6.361420288999112275e-09
7.612301289496184994e-09
2.552898758946664074e-09
-3.919961638819283264e-09
-5.275306019677428210e-09
