7.465306761756693581e-09
1.127662986553491070e-09
-5.616245663191027905e-09
-1.109823245006847732e-08
-1.508970716892647136e-08
-1.564042551719392981e-08
-1.177423122610724222e-08
-6.763677408405877992e-09
-1.980015858339163726e-09
3.044059580046621680e-09
6.447490309288209811e-09
8.758858660493722097e-09
1.217782294346527869e-08
1.347778444775329963e-08
8.421323030674113823e-09
9.064805099506775246e-11
-3.354322720866473937e-09
1.923611455162906301e-09
1.046394323865058688e-08
1.508670629797736676e-08
1.589820336653279169e-08
1.652448845355730408e-08
1.708404927199494024e-08
1.596572784603390944e-08
1.295846509343076020e-08
7.591430416394707994e-09
1.602855825030080059e-10
-5.920199113200679276e-09
-7.544831947229933524e-09
-5.531265829074361632e-09
-3.457022618144119181e-09
-3.550836302516403129e-09
-4.113055426327694419e-09
-3.440465917783966836e-09
-3.203956358389018696e-09
-4.045856876764390890e-09
-3.929615308956627376e-09
-3.044459142835558953e-09
-3.492050942380237651e-09
-5.115281622686285500e-09
-5.918284669536783694e-09
-4.397889421915411052e-09
-5.743346036088969257e-10
3.951800183414791735e-09
7.480492625127438850e-09
1.016382691133943220e-08
1.175520364826088050e-08
9.030181120945690738e-09
1.152274922961443687e-09
-6.941248568176231598e-09
-9.474501259309143029e-09
-4.459557890058423522e-09
3.423971817395604012e-09
7.153132638644939876e-09
7.499412103368582724e-09
9.489584266183345245e-09
1.161568266966826899e-08
1.054266453179196994e-08
7.894446359095641872e-09
1.330020440844883746e-09
-1.521113835925668040e-08
-3.379346134214351554e-08
-3.713808129598620124e-08
-2.481881909192263988e-08
-1.294415208772320255e-08
-8.925902744168786557e-09
-6.627577560905148865e-09
-4.287813130968043254e-09
-5.540928118847838854e-09
-6.145047585035099225e-09
-9.431299632155571566e-10
4.562271702233309411e-09
3.797356189829742646e-09
-1.652869397390378515e-11
-7.016737252316845690e-10
2.533931016669306444e-10
-5.757079057423346751e-10
7.515794266078029783e-10
7.817641520916998005e-09
1.529331432126321627e-08
1.596289451827251223e-08
1.068526956216347761e-08
6.037508808269842191e-09
4.372183182175726747e-09
2.940963515913870578e-09
1.362350043862735069e-09
1.946310293110736277e-09
3.822250948819742309e-09
4.400906262739831199e-09
4.603276160050164478e-09
5.554430269377800515e-09
3.708685873952942238e-09
-3.134063604159807487e-09
-8.452611632204137985e-09
-4.549205918652111541e-09
5.790895631656763050e-09
1.248875356243683443e-08
9.005398151048013614e-09
-1.486583115140627910e-09
-8.430588435634228429e-09
-5.902701762139902885e-09
4.038591261978218733e-11
1.155757375632414050e-09
-1.034532403156580861e-09
9.968419945109730323e-10
8.338077982313488840e-09
1.230068445273105749e-08
4.827761844343549190e-09
-9.548202763844303350e-09
-1.711213443206301721e-08
-1.170124007291355771e-08
-1.257037400380140190e-09
4.298610624152636697e-09
4.257058966442911549e-09
3.510039187453711758e-09
4.084294859250407176e-09
3.869133193483692037e-09
3.541634602442302477e-10
-5.789640926487787896e-09
-9.897969137938625991e-09
-8.354078741160717553e-09
-3.651966399002304215e-09
-5.464142929993567571e-10
1.305300702712030180e-10
-2.253680850355356718e-10
-1.877059209119419218e-09
-5.220788658350081094e-09
-9.029548302174603634e-09
-1.233198046727638714e-08
-1.410476330571753714e-08
-1.086338464107633958e-08
-1.600724024560322145e-09
7.150620783786676533e-09
9.862767813446622368e-09
8.723142022035643544e-09
6.757971792939233581e-09
3.617001956800579401e-09
-2.591751017472624150e-10
-1.903516300052463639e-09
-1.381481936542954376e-10
1.918710847003900275e-09
8.029231412152167067e-10
-3.158425565866650997e-09
-6.568776116235622028e-09
-6.724585131991900812e-09
-3.310726642448591228e-09
2.548608583499643422e-09
8.128837115762494566e-09
9.900146117227883742e-09
6.701701635111568127e-09
1.736062526226421071e-09
1.106135683550358690e-10
2.269509013453315160e-09
3.398708289745889056e-09
2.200128753900279368e-09
2.513046172234263040e-09
4.986637394413792542e-09
6.775097227319459361e-09
5.931215597107439106e-09
2.867723848535369280e-10
-8.951401703080471109e-09
-1.443250947669575300e-08
-1.187557565993016378e-08
-6.125540512284521810e-09
-4.442059597723837326e-09
-5.579434952789849796e-09
-3.007594705669135786e-10
1.247034710818644436e-08
2.081762434777506620e-08
1.722556328340311032e-08
7.849457828745777009e-09
1.894745400698693075e-09
2.134571397198656937e-09
6.213518440282589654e-09
1.066264215753551298e-08
1.209179282976109170e-08
8.098361178375531867e-09
3.759133719536674478e-10
-5.734520533242814609e-09
-7.703745025775393381e-09
-8.306699147250688637e-09
-9.804012699140735091e-09
-1.014780302576534533e-08
-8.478893742631813654e-09
-8.473132172404230673e-09
-1.074361635238574051e-08
-1.006187419401161832e-08
-3.760069482630205615e-09
3.525028672804747200e-09
5.474589101934642210e-09
3.954335952197854215e-09
5.541877948729847691e-09
7.984824415510738595e-09
5.123027051607801017e-09
-1.129662250433520291e-09
-5.492693004056557115e-09
-6.085480369139473415e-09
-4.236224328828568047e-09
-2.031321602744884779e-09
1.315475860611517467e-10
1.086061978029592710e-09
-1.863674285813314582e-09
-7.784587936069714416e-09
-1.196635200574894740e-08
-1.161661371992358308e-08
-8.458806839372061201e-09
-5.214286879933560389e-09
-7.548164269569203009e-10
6.878317785532569733e-09
1.273274914109124085e-08
9.187177445175168940e-09
-7.939000451726273334e-10
-5.675152398583229998e-09
-1.428222492470575474e-09
4.356081800981620889e-09
4.976980385851218761e-09
4.330940432316422929e-09
9.176362869432761832e-09
1.681131792637941629e-08
1.964879845315659291e-08
1.549657669953812100e-08
7.231753804117595017e-09
-7.860155613540080539e-11
-2.838645539628299670e-09
-3.202577171033665083e-09
-4.020864026359968628e-09
-3.221818155896299511e-09
-1.928942244892305977e-10
-9.828133251551167763e-11
-5.038990793657243619e-09
-8.958737962913062972e-09
-7.298200453464002061e-09
-2.954466745947517101e-09
7.702853966624948866e-10
3.074002262454083236e-09
2.872872175499501385e-09
6.128946964693997809e-10
-2.478313543733779907e-09
-6.137214896679959710e-09
-7.685126828879189352e-09
-5.201608254149128079e-09
-2.206936910910434189e-09
-6.351938485942642888e-10
2.634460059822127504e-09
7.225896996754827264e-09
7.065965560928706924e-09
6.877971564273053022e-10
-4.502381813470228136e-09
-3.723004897422252897e-09
-2.685821220307757295e-09
-6.862157706563407984e-09
-1.087532822160225200e-08
-6.480955365360476061e-09
3.674269413137960141e-09
7.703169083940457676e-09
5.589116671883337597e-11
-1.136775840350099267e-08
-1.582676310314832779e-08
-1.051474469449716596e-08
8.654592556182423305e-11
8.937661147171625346e-09
1.102732260308557593e-08
7.499258671411689679e-09
3.541805826758868989e-09
2.075962321286003150e-09
2.334424730401333628e-09
2.004614574067220661e-09
7.922784397412385505e-11
-1.257221556735049309e-09
-8.048582139793734401e-10
-8.153850297131082260e-10
-2.332746952835584749e-09
-3.556009561366534333e-09
-2.097760366012626518e-09
2.221017183504794136e-09
5.326988344386140991e-09
3.381301324625227528e-09
-2.163964635893902769e-09
-6.576625855757690520e-09
-5.816000923534950288e-09
-8.121735148528640514e-10
1.597844256131156633e-09
-1.877533006501297527e-09
-4.571130533244146730e-09
-7.933819694892879278e-10
4.240675036172463782e-09
3.153441941449424931e-09
-2.845294381613812702e-09
-6.778848845482544640e-09
-4.636943527803402159e-09
-5.316330086854934998e-10
-9.162905777627440831e-10
-3.228437616906200803e-09
-2.720895442010629297e-10
6.067053965433027639e-09
7.703301227240762838e-09
3.809001354459932037e-09
2.210416304908324281e-09
7.762086839292625755e-09
1.586099998322431947e-08
1.827740219487445935e-08
1.120064710391804902e-08
1.676042503369487195e-10
-4.310537597048201379e-09
-8.001280510127008929e-10
1.626516445770881736e-09
-1.259088568226067420e-09
-4.035853172350191898e-09
-3.073627006172163381e-09
-9.410749033211211108e-10
7.337984737757605123e-10
2.722014123773517245e-09
4.006390582005467503e-09
3.227000880809479272e-09
1.355977511999246507e-09
1.933528563326969318e-10
1.313151465842273113e-09
5.439480231702696189e-09
1.012835042069051248e-08
1.087757950398826108e-08
7.071469588226413322e-09
2.751049291248750180e-09
2.549794354801595771e-10
-1.891932626664418200e-09
-5.614631659942180105e-09
-9.211652048418810306e-09
-7.828894208526802267e-09
-2.727778076628711668e-09
-1.859105721786174280e-09
-6.435115245306075664e-09
-9.174753445633038351e-09
-6.832327067454964706e-09
-5.107040389878702706e-09
-8.676420034859147230e-09
-1.268848414412800084e-08
-1.109537084469636542e-08
-5.733892532854402843e-09
-9.228803947004470087e-10
1.628209218064981506e-09
1.142775720158821178e-09
-1.339016325114616277e-09
-1.802880642330251165e-09
2.245092320325831969e-09
6.640524941737620905e-09
4.144824833982719111e-09
-4.908628430117345156e-09
-1.183015123918369214e-08
-1.114112708656991654e-08
-4.828759331110063452e-09
2.979250153120083985e-09
8.638164586570451954e-09
1.017003969129307420e-08
9.237067856978991865e-09
8.269318795195510183e-09
5.294404408279147348e-09
-1.694455574161856964e-09
-6.765905240287105859e-09
-3.067572870924700400e-09
5.816041474084625559e-09
1.045419723586161028e-08
6.906181265608233741e-09
-2.355141035143252333e-10
-4.126517066424897176e-09
-3.168553566401728522e-09
-5.951653981743874746e-10
4.446779714637061887e-10
-5.192297109255833887e-10
-1.408738461966866341e-09
-6.993347624977364944e-11
3.134686578343947732e-09
5.024353966604958801e-09
2.870092810141231440e-09
-1.275257215434863221e-09
-2.144270964108775484e-09
1.853993909630841256e-09
5.250225560674875616e-09
2.004675038449520645e-09
-5.019947574635722761e-09
-7.253451148263250309e-09
-2.829386330694627273e-09
1.465430544609131748e-09
2.429686294317732280e-10
-4.360234968572773430e-09
-6.622149134368143512e-09
-3.535453949357212262e-09
2.640961138532251196e-09
6.701288459196956406e-09
5.983552663171610172e-09
2.387941770235778892e-09
-1.411893252891675742e-09
-4.564687510199227437e-09
-6.461338138287602469e-09
-6.312787356979645015e-09
-4.859791865635728586e-09
-3.444672810637536391e-09
-1.551891637942563144e-09
1.899583838791134175e-09
5.203814944446543842e-09
5.871245736369646580e-09
5.178214609157588211e-09
4.921999921333429847e-09
3.470830337839912917e-09
4.799094552686846020e-10
-1.376940782004658529e-09
-1.076964376171241963e-09
1.911817639711137832e-10
1.325035030758820126e-09
2.077030079811267739e-09
1.910719482326458247e-09
-1.317366399757641934e-09
-6.793644509960657794e-09
-7.959657416486933621e-09
-2.325692365528681475e-09
3.263304590596076344e-09
3.857994518728116446e-09
2.253798526184707676e-09
1.135985868993006587e-09
-4.299650555423446501e-10
-3.554270599014652689e-09
-6.663710231698920544e-09
-6.316532357537136801e-09
-2.836207744837957237e-09
4.900058931668237928e-10
3.507698879353541570e-09
6.356632028324767297e-09
7.369613495888909904e-09
6.756080863095496180e-09
5.519458733759081568e-09
4.228054418159927150e-09
3.987555222740280663e-09
3.989364474131199944e-09
1.320141279697805143e-09
-2.760413255229998094e-09
-1.792881615284196071e-09
5.783761888389128865e-09
1.232396450704490733e-08
1.061612633802642032e-08
2.073770395922309037e-09
-6.352418268476048159e-09
-1.026414862152989290e-08
-9.770057506723685598e-09
-5.394579300679944512e-09
1.340871283160278952e-09
5.977166838192169407e-09
5.827964656826363879e-09
2.056208092875407037e-09
-3.023380214325158535e-09
-5.948756172567093551e-09
-4.989607108270839156e-09
-2.971230503084839855e-09
-2.422006085151980610e-09
-3.149658261718179618e-09
-4.174530407150034423e-09
-4.442326269129645970e-09
-3.978759597125822716e-09
-3.301818274543541004e-09
-2.822958933349203356e-09
-3.630761137706733252e-09
-5.227993848438522311e-09
-6.047992541863311247e-09
-7.627194945351634901e-09
-1.128444665191296065e-08
-1.293350758641517351e-08
-8.426596584577739005e-09
-4.506689463937708054e-10
4.914097743133316404e-09
6.295518582432230781e-09
7.106160871972635244e-09
7.049784076626407159e-09
1.970487049972262335e-09
-5.369891690681818337e-09
-6.465673883837549338e-09
-6.611920032592533121e-10
4.399901427551033400e-09
4.555402587576124608e-09
1.535521822276769895e-09
-2.059656656160338759e-09
-2.291531272924157826e-09
4.064830464660900427e-09
1.178781513542372356e-08
1.246867371811493370e-08
6.266280605222404571e-09
-1.271632993579845955e-09
-4.714117367191251900e-09
6.839156611158910005e-10
1.214486061209998721e-08
1.854830218210994494e-08
1.322743315393144869e-08
1.645061053101079052e-09
-5.287320661292735171e-09
-3.211564837766219926e-09
1.801785508320530013e-09
3.100877407822539671e-09
1.701124478932066108e-09
3.616586276510792211e-10
-7.503214934959519586e-10
-4.644644742709716530e-10
6.046444857228878356e-10
-1.356942420810819080e-09
-5.497856165055611409e-09
-6.528463455785021078e-09
-2.895820229598285552e-09
2.414064227475663828e-09
5.702627483228524526e-09
4.554914733370016243e-09
-6.101309658329521607e-10
-5.877491689113696672e-09
-6.808657946436484525e-09
-2.887394878711186140e-09
2.130187783971124650e-09
4.318063771705149617e-09
3.334676853923126293e-09
1.583537044019073253e-09
6.821248687522319596e-10
2.904555946702129848e-10
-7.628528721955085432e-10
-2.747531913692688474e-09
-4.218239884969648994e-09
-4.152662869305903415e-09
-3.148629751864519318e-09
-1.148960350930885733e-09
1.895123489774037420e-09
3.445776159889495207e-09
1.690692934988202363e-09
-1.900099466885698495e-09
-5.890946080173462382e-09
-8.314801903199723265e-09
-5.765704581141959837e-09
1.800158645497157032e-10
2.701999898306464685e-09
-4.854667861434585259e-10
-3.995565755699514692e-09
-2.283479805585638412e-09
3.322400165123980555e-09
6.519964227140454321e-09
4.766297537536315517e-09
2.256422250094054824e-09
2.246865595266942391e-09
2.146447292599261934e-09
-8.999751359988981052e-10
-5.003791652580250390e-09
-5.685465392250060049e-09
-5.683695082172424165e-10
6.239863016000275484e-09
6.817581254521092878e-09
5.187888853249246309e-10
-4.555644075689073559e-09
-4.094530472504650109e-09
-2.226227554798378076e-09
-2.539214292510356514e-09
-3.238405919101136959e-09
-1.410750233273067351e-09
2.895512905064286490e-09
5.801918987013380447e-09
4.239860552996133841e-09
1.956217144568166735e-09
3.996575199048058617e-09
7.919166283856412006e-09
7.287039715447467661e-09
2.076395590317524172e-10
-9.088176354928979863e-09
-1.541736594138309250e-08
-1.622347446960824258e-08
-1.170171079271215164e-08
-4.884368430999339640e-09
5.220855280844197337e-10
2.219011219497336226e-09
2.437073158639921260e-10
-1.892282701088223962e-09
-1.650219345006694986e-09
-1.092739709859859932e-09
-8.988535923935910524e-10
2.018267563565789286e-09
6.828320456472036051e-09
7.879539629015795766e-09
3.136925602813320348e-09
-4.121092186610967327e-09
-9.040123437098649965e-09
-7.370748895817306297e-09
3.952275217878044877e-10
7.954880959233368876e-09
1.007154118707386375e-08
7.790400099966392409e-09
5.035047877797700239e-09
4.116365970661170386e-09
5.939037079273642795e-09
9.369917596757578457e-09
1.001685235130978231e-08
4.119388021670017737e-09
-5.750454380067644142e-09
-1.153268691590882812e-08
-9.886022852632670866e-09
-7.657293836682149485e-09
-1.035487525177454215e-08
-1.348171093481603368e-08
-1.123738932965937976e-08
-4.056932969839709112e-09
3.108177373386151501e-09
4.539714916702148593e-09
-6.701330853169232213e-10
-6.469315657442893820e-09
-6.669984118401146635e-09
-1.673559939538569807e-09
5.574704519382350922e-09
1.830222768977528215e-08
4.610943346521037530e-08
9.723797722252889225e-08
1.708258328309604937e-07
2.506992585245148260e-07
3.003029670186387733e-07
2.712249057976406772e-07
1.399296192394536241e-07
-5.618058319152093361e-08
-2.375279203418554123e-07
-3.433474217168505238e-07
-3.641918688922819574e-07
-3.248197761110590435e-07
-2.565310818590603770e-07
-1.864433042764466872e-07
-1.348342825351869073e-07
-1.066682082181805989e-07
-8.911196862225257203e-08
-6.554694716071387831e-08
-3.226855283881225305e-08
-1.193434455486689474e-09
1.564303479543000350e-08
1.913655469832212689e-08
1.720056818813023710e-08
1.758661923591219680e-08
2.673045367758483725e-08
4.491270444571353268e-08
6.633222931147555931e-08
8.612450648717788834e-08
1.008634474875192640e-07
1.068243536898487000e-07
1.026203998369676480e-07
9.121771430594285913e-08
8.002463427562223078e-08
7.381252442069709244e-08
6.658348312622304968e-08
5.035608975484669512e-08
2.960729189734568041e-08
1.807199759904538115e-08
2.188730695240022712e-08
3.233868081654553140e-08
3.944875837119561941e-08
4.512631876738077999e-08
5.470247219996627490e-08
6.522046094031197287e-08
7.024219489723615682e-08
6.731537387862757467e-08
5.855495512048140338e-08
4.853514219257046210e-08
3.944713464383356692e-08
3.082190404612059208e-08
2.291908649299789070e-08
1.411855847068988942e-08
2.101018057362550634e-09
-1.071090096981155117e-08
-2.164724372426596710e-08
-3.043743469787971881e-08
-3.166406148996497197e-08
-1.813429172024177213e-08
4.908633239897102241e-09
2.033583757986745499e-08
1.756101840474141925e-08
6.021780172319927284e-09
1.650098099914715749e-09
2.583724074434019350e-09
-5.159965053846442779e-09
-2.423414138537711691e-08
-4.551850661711579331e-08
-6.203804118174650214e-08
-7.214939253701764344e-08
-7.658915471276394590e-08
-7.826546740594210798e-08
-8.010992949551390477e-08
-8.156812756385140044e-08
-8.027613924745760334e-08
-7.564515473745039188e-08
-6.841763472460070739e-08
-5.842053409257264886e-08
-4.603658254077306067e-08
-3.452179063844781059e-08
-2.765742227447915675e-08
-2.663102051935697623e-08
-2.862459815582711685e-08
-2.771660395407075890e-08
-2.062722897321771840e-08
-1.018473523759950617e-08
-8.450327294913801745e-10
5.959229486145182328e-09
1.083818430695578165e-08
1.296240958181340728e-08
9.793541900249649168e-09
1.950739166775456051e-09
-4.638364159243377914e-09
-5.198999575165295714e-09
-1.764894002715287906e-09
7.436078903983197136e-10
1.626353188855379953e-09
4.471360179009566329e-09
1.041908957445577194e-08
1.581720245532216060e-08
1.794823119854217083e-08
1.765862334178017825e-08
1.667028662541558267e-08
1.640398385185915939e-08
1.647264181694402025e-08
1.478441723201682389e-08
1.204416208499755815e-08
1.101945337358804516e-08
1.132084126480901859e-08
1.075367856929552715e-08
8.856602891565742525e-09
6.755799179632318470e-09
6.483056295795669874e-09
8.262284723145376680e-09
9.383347076753811253e-09
9.515561683215084164e-09
1.137064695348141841e-08
1.437153830793528719e-08
1.528571533302302761e-08
1.434169086536725905e-08
1.488906117394402726e-08
1.870625986596602164e-08
2.465100572799554436e-08
2.994288720126848739e-08
3.081678100836294516e-08
2.478773062780661613e-08
1.537509263795634387e-08
1.068645662163321039e-08
1.378709649156812347e-08
1.913106983216278412e-08
2.048360559861445924e-08
1.797272766590830271e-08
1.558434472491739137e-08
1.380577927758458542e-08
9.246046263348795445e-09
2.397919515755294004e-09
-1.402440546017735332e-09
-1.348176905596831447e-09
-3.054245776861621432e-09
-8.264836774065488128e-09
-1.235713500445076383e-08
-1.216766600394881424e-08
-7.435057023309359925e-09
-8.403018810579762645e-11
4.077494430248154840e-09
6.517902774823422021e-10
-6.840149151268370564e-09
-9.260499278672926557e-09
-2.847176445125005467e-09
3.491835217601471130e-09
3.820432493854792077e-10
-7.853421428192730218e-09
-1.149240811689448142e-08
-9.991445464288857346e-09
-9.825442761833088308e-09
-1.193157769863208972e-08
-9.895599224109141155e-09
-1.894697893237024080e-09
4.998150888789412681e-09
5.744199970617590154e-09
3.048813200070533409e-09
-3.719831730274698739e-10
-4.879401337059685697e-09
-8.657617808557621277e-09
-8.051631868443144029e-09
-2.256347446277486635e-09
4.395573467590205638e-09
6.227323765061700724e-09
4.087844302826768091e-09
2.077754432902199856e-09
-7.586067000709550484e-10
-5.616474441045516251e-09
-8.995403671710252774e-09
-8.323527711463129097e-09
-5.766027793265355098e-09
-4.565074209538899099e-09
-3.734767768919969413e-09
1.327723856684399979e-10
5.743877599335140225e-09
8.047255291737125288e-09
4.614849422032754938e-09
-3.423282451805177082e-09
-1.169894612614613072e-08
-1.376870812620508049e-08
-7.509529050759970871e-09
1.538562154481440158e-09
5.940903520589164762e-09
3.336900388727973447e-09
-2.714784857969196473e-09
-5.808998852851508029e-09
-3.258874484724182787e-09
-4.284181472350914012e-10
-1.243573838755544427e-09
-1.706445967549278367e-09
-6.935795200548843949e-10
-2.269601304761680603e-09
-5.275589255253267885e-09
-6.192401423597875383e-09
-7.992050689116697971e-09
-1.296033131721219221e-08
-1.356583219733526574e-08
-3.921108354277384664e-09
7.029335138391806938e-09
7.427068574730411123e-09
-1.024618416802819668e-09
-8.398414687354327496e-09
-8.737912539432919521e-09
-2.425608149638183023e-09
5.399758725266778963e-09
7.695854699386102844e-09
1.674622113441384688e-09
-8.494957680991534164e-09
-1.675747748335752059e-08
-1.992755402762379411e-08
-1.669973841070723758e-08
-7.704803592422801028e-09
1.754280449543139880e-09
5.379978234093090718e-09
3.974579954957238119e-09
4.092466223211964392e-09
7.259134012493144092e-09
8.375629685113418559e-09
6.638762262263500412e-09
6.169282143874220795e-09
5.786582102893739932e-09
1.215780618632959738e-09
-5.115829941794109920e-09
-6.143255487278134598e-09
-3.912925332224818276e-11
7.492445377069686425e-09
1.066423195146102171e-08
9.478980995289165657e-09
6.945903769327011866e-09
3.973880588237924840e-09
9.443468052111226375e-10
1.122230487774876575e-09
6.659395347103199170e-09
1.370255284228286240e-08
1.500726054543250005e-08
7.835913100634839860e-09
-1.036733722688925554e-09
-3.316801004131369566e-09
-6.359020607755410931e-10
5.284897045873458875e-10
2.361969750098431273e-10
2.975156728551325923e-09
8.738776087872371981e-09
1.152046842292620768e-08
6.579244266878637593e-09
-3.159940925024194654e-09
-9.670825833541541972e-09
-8.056249177433590917e-09
-1.453413610038311492e-09
4.008627178341494902e-09
6.625269935614797062e-09
7.060124615829132552e-09
4.571508733003288898e-09
2.235828132975230695e-10
-2.139609771573173682e-09
-1.902408628601564473e-09
-2.645001237953422825e-09
-5.046659957046792592e-09
-5.763925043080606510e-09
-3.040313043569378762e-09
1.212664614869021545e-09
3.374838252995530117e-09
2.562786135244071475e-09
2.340072841075273586e-09
4.262694760534537345e-09
4.350274696295883522e-09
2.182977250035053945e-10
-4.848554252602648816e-09
-7.653220339301752889e-09
-8.678322224156560903e-09
-9.446611707289822423e-09
-9.941308745095903697e-09
-8.368289133837744064e-09
-4.310745749623086590e-09
-1.383929818742086406e-09
-2.295052621910448007e-09
-3.688512433022324794e-09
-1.586234415935760613e-09
2.003163211382816408e-09
3.934305063290872048e-09
6.158893752220284259e-09
9.899224390226437775e-09
1.051804370844936473e-08
4.809754435128197557e-09
-4.502546744435098718e-09
-1.172918588741720980e-08
-1.059904714340799632e-08
-5.933821739380788087e-10
9.206142701642553065e-09
9.335197806290677854e-09
7.054063629057141258e-10
-7.429782776008920481e-09
-8.610879160036450879e-09
-3.786801411094116416e-09
2.485667830732627469e-09
4.678833847907463058e-09
6.875421288405678833e-10
-4.547065886911162617e-09
-6.562138563954867598e-09
-7.418340446290070122e-09
-7.984021314408128766e-09
-4.562507128679043465e-09
2.163351712739919919e-09
6.825960648948211801e-09
7.789972240344923753e-09
5.983897659641734329e-09
1.598765068219023078e-09
-2.580679228408072618e-09
-2.483601765469121722e-09
6.966978945726987762e-10
1.246091283680844435e-09
-2.380525740622925209e-09
-4.978103548100052882e-09
-2.767283691886429723e-09
2.049962549518496726e-09
5.921005246720016021e-09
7.116681406266503090e-09
5.057756711734996179e-09
6.430418990461651835e-10
-3.679129901767034661e-09
-5.265040949437768792e-09
-3.349154115702397923e-09
-9.585876076018878044e-10
-1.778390012270962479e-09
-4.945674908068081316e-09
-6.476801559926026199e-09
-3.931119724832602097e-09
7.893398886943524908e-10
2.712719472915521353e-09
3.107763611726051399e-10
-2.061818880077316773e-09
-9.936756273259713707e-10
7.954132482978726602e-10
4.809009261612741564e-10
1.411478088327343960e-09
6.548934527741725546e-09
1.279438894351415559e-08
1.599475758108488487e-08
1.411418818197413498e-08
7.047092023214692088e-09
-9.947372759176406498e-10
-2.539149944239009065e-09
4.777379341758551918e-09
1.325292721250611183e-08
1.298184674712585012e-08
3.943065516372536747e-09
-3.444155328073008633e-09
-1.673910916507312402e-09
4.771107338565890315e-09
7.846180642845549539e-09
6.062241393736504006e-09
2.280765979961201150e-09
-7.251915738962559343e-10
-9.340610174005327847e-10
7.999106157867050430e-10
5.131619107490940834e-10
-3.134552432287863252e-09
-5.971543435244223357e-09
-4.603095426153667297e-09
-2.709850842268244346e-09
-5.892388954639837037e-09
-1.126068002699062508e-08
-1.043266029481847853e-08
-3.670669603090995256e-09
1.187025100844912029e-10
-2.168950556524633799e-09
-5.109706220774183401e-09
-4.469407723646239389e-09
-1.723353870752154837e-09
-7.961594224246152371e-10
-2.173050616381621587e-09
-2.914879690561732805e-09
-2.243382033436413399e-09
-3.996473483430537768e-10
2.668521325579561834e-09
2.777589813146602807e-09
-3.571479459349253527e-09
-1.117983688530639950e-08
-1.338879456136760882e-08
-1.128839627323628557e-08
-9.736838254429181928e-09
-1.029766544451742774e-08
-9.954602293361608656e-09
-4.682553854104724675e-09
4.331861871234412203e-09
9.784739027971497006e-09
6.853928786040376069e-09
-1.292772627859516314e-10
-3.422640248211696477e-09
-1.737228657488844925e-09
-2.239581354886296603e-10
-1.985982427583818325e-09
-3.686354387568866246e-09
-1.265336745088692552e-09
3.137826774051947533e-09
4.751741241885906154e-09
4.164442846407642097e-09
5.666813079572217618e-09
9.498497801617468917e-09
1.113606804451608266e-08
7.579427590968374111e-09
8.077041736636145500e-10
-4.324842464110440713e-09
-3.952469917578730839e-09
4.357037314094771188e-10
2.568441569066638801e-09
-4.088396855305293459e-10
-5.240717337824604131e-09
-8.074184582600144297e-09
-7.033320345057795578e-09
-3.314592732621966282e-09
-2.842914601705800978e-10
1.974463030310361762e-09
5.227246309972421819e-09
7.878515713539284075e-09
8.172775284644747811e-09
