7.786604897345557398e-35 -2.641679686386950345e-35 -7.588756684577562642e-35
3.212038801712277825e-27 -1.089714653778931365e-27 -3.130063158774621503e-27
5.415142350307487354e-24 -1.837138387305074079e-24 -5.276162250528619793e-24
6.675062736093042154e-22 -2.264578259079145282e-22 -6.502627797506332220e-22
1.484890633675786953e-20 -5.037632011136895046e-21 -1.446107526933532308e-20
9.781270909167196412e-20 -3.318388660477686725e-20 -9.521063148150594893e-20
2.708861699447152145e-19 -9.190069368224430061e-20 -2.634388265854622265e-19
3.935522771279724506e-19 -1.335163306027217767e-19 -3.820110376335592969e-19
3.601543703902548501e-19 -1.221857790287133597e-19 -3.481217763325844699e-19
2.469162571458981696e-19 -8.376868054667771949e-20 -2.363780602883604874e-19
1.456785199210885724e-19 -4.942281640979856651e-20 -1.364700660001205219e-19
8.803493376233694440e-20 -2.986667793869604922e-20 -7.918695948996981708e-20
5.352039726034519358e-20 -1.815729206659259479e-20 -4.441892533295324137e-20
1.600971773855042109e-20 -5.431442176294101316e-21 -6.426495012146077361e-21
-2.455189562413520445e-20 8.329463208008763098e-21 3.518918854705926605e-20
-6.224439540674944786e-20 2.111699541000262721e-20 7.493584434324749707e-20
-9.084623525529005124e-20 3.082043819082797218e-20 1.067591232635341761e-19
-1.128661864399032874e-19 3.829091636003942270e-20 1.327237093870135513e-19
-1.320613309664132895e-19 4.480305320914023962e-20 1.557707759530134824e-19
-1.499677512343169417e-19 5.087797817475512570e-20 1.765457721822935674e-19
-1.679137581658104289e-19 5.696633228532437399e-20 1.955804094291944312e-19
-1.851355217201966427e-19 6.280897844498656369e-20 2.115799089604669266e-19
-2.026515577618713452e-19 6.875145749865118190e-20 2.252125909687486100e-19
-2.206820183686402700e-19 7.486845881340013027e-20 2.365480577872510507e-19
-2.394990847722044425e-19 8.125232527091643160e-20 2.458309315889755269e-19
-2.592144661918301074e-19 8.794095638489543809e-20 2.532516603570818052e-19
-2.792475597671230434e-19 9.473737549637969084e-20 2.584312099356444093e-19
-2.994921902242814334e-19 1.016055597151236281e-19 2.615502253766598322e-19
-3.192403041081620328e-19 1.083052938231121379e-19 2.623212930731958691e-19
-3.379294837536275214e-19 1.146457732100943848e-19 2.607781330250285739e-19
-3.546542025430766759e-19 1.203197920260291579e-19 2.568412129421487178e-19
-3.682960217514463639e-19 1.249479089797508417e-19 2.504216100072072101e-19
-3.778138090336633034e-19 1.281769102798762439e-19 2.416202728474406023e-19
-3.820596900786037303e-19 1.296173680740688932e-19 2.304047375453361320e-19
-3.803177568562055059e-19 1.290263996185875177e-19 2.169303286898751825e-19
-3.721836586287513352e-19 1.262668273937262019e-19 2.012370603969044551e-19
-3.578159713074136183e-19 1.213924532020352585e-19 1.834016998050312465e-19
-3.378416187437834989e-19 1.146159661357625115e-19 1.635046127829903328e-19
-3.131192916069177688e-19 1.062286860728399466e-19 1.416180157102330873e-19
-2.846037984738476841e-19 9.655454254714828133e-20 1.179429078559860963e-19
-2.530367444443902995e-19 8.584512288809669287e-20 9.269923126234282327e-20
-2.193173627170732955e-19 7.440549007237824675e-20 6.535015026562897343e-20
-1.941410909561408990e-19 6.586418576282347043e-20 1.115181271992428446e-20
-2.703085313544586301e-19 9.170471308428002457e-20 -2.936584914958551327e-19
-7.226273435259385610e-19 2.451581657117814949e-19 -1.515588280082841233e-18
-1.652149168489706945e-18 5.605072537698653929e-19 -3.908091306598770897e-18
-2.384827199150296064e-18 8.090752158323492222e-19 -5.850734106535369776e-18
-2.106330977880662230e-18 7.145927288957885245e-19 -5.365353358531143673e-18
-9.658815105977530536e-19 3.276844255710804384e-19 -2.786180061377607375e-18
2.500828426730190311e-19 -8.484300311439523974e-20 5.287058632947706430e-21
1.013741329336815458e-18 -3.439213573450874149e-19 1.734194180201428699e-18
1.329934197975036204e-18 -4.511927604342147854e-19 2.402336140546696427e-18
1.456078446593978818e-18 -4.939883813514668012e-19 2.622985930046093034e-18
1.559671058663247722e-18 -5.291331723244111287e-19 2.797971186332028419e-18
1.643389277636896432e-18 -5.575353966123563396e-19 2.933944124827214111e-18
1.638653754186717515e-18 -5.559288335505901847e-19 2.864706000269577053e-18
1.541658912103555081e-18 -5.230224043490492908e-19 2.579337920450977962e-18
1.429316513062780672e-18 -4.849091621139338144e-19 2.262586949400346860e-18
1.404071797999076310e-18 -4.763446319454215478e-19 2.162609324131246115e-18
1.525909496224095406e-18 -5.176792127225886849e-19 2.426749852988063328e-18
1.670916307646718683e-18 -5.668741494746573180e-19 2.757679383037436277e-18
1.609856342460410485e-18 -5.461589808792972306e-19 2.599742361666141077e-18
1.297232052613370523e-18 -4.400982277060530518e-19 1.838502160689274721e-18
9.003023921840518939e-19 -3.054360724117615252e-19 8.751399659413217563e-19
5.894554456882714393e-19 -1.999783010515067472e-19 1.217842710845241328e-19
4.136209213696657641e-19 -1.403247867604895333e-19 -3.008363608034934513e-19
3.350125532053420838e-19 -1.136561607166867798e-19 -4.822551593482335938e-19
3.110348750637021465e-19 -1.055214990958239790e-19 -5.256001012544965980e-19
3.006662289969659693e-19 -1.020038393656002884e-19 -5.313331194885721743e-19
2.511934998803827591e-19 -8.521976570545068396e-20 -6.280859466595454205e-19
1.484130992126391821e-19 -5.035054183850250649e-20 -8.502520559382460504e-19
2.550046899700668215e-20 -8.651257282093267106e-21 -1.117097879328155353e-18
-9.445175248326723381e-20 3.204366637044570043e-20 -1.372993523491163634e-18
-2.057231646739120377e-19 6.979353314683603847e-20 -1.604338437676199691e-18
-2.841849377424860718e-19 9.641242005482916507e-20 -1.751882131185588510e-18
-3.121034561544883647e-19 1.058840470188447113e-19 -1.771610798983683147e-18
-3.855734367314729279e-19 1.308094501681746134e-19 -1.896191268511604142e-18
-8.856218509956876132e-19 3.004556017453728072e-19 -3.050284105650575610e-18
-2.452498971088599070e-18 8.320334735514062957e-19 -6.794339162542660556e-18
-5.172900167673526742e-18 1.754955358506732626e-18 -1.336513708159863679e-17
-7.775365004800187404e-18 2.637866245401167749e-18 -1.971477442230289868e-17
-8.606627643958190987e-18 2.919879953132896842e-18 -2.183919781875352274e-17
-7.443222918051919815e-18 2.525183803251142220e-18 -1.915299244963422437e-17
-5.650103657620099128e-18 1.916851009853056271e-18 -1.490934746694186742e-17
-4.529294324243125981e-18 1.536605818981555764e-18 -1.224520352883319501e-17
-4.026760422388658671e-18 1.366116554349731119e-18 -1.105070011635795964e-17
-3.347470415119086463e-18 1.135660969541481894e-18 -9.421526084887654847e-18
-2.129652200471373581e-18 7.225045251690043332e-19 -6.480318890811709136e-18
-5.452027584017010573e-19 1.849652465283158365e-19 -2.630231416760426984e-18
1.158902014824282835e-18 -3.931682137487771075e-19 1.541349884829284639e-18
2.873951461821722242e-18 -9.750150652298925249e-19 5.776310169921526804e-18
4.590917199911907394e-18 -1.557512157290778590e-18 1.005485523478156757e-17
6.317663484724881849e-18 -2.143327237675038451e-18 1.439777711825769708e-17
7.926155518064387420e-18 -2.689023321343525161e-18 1.849609444508453443e-17
8.957501159626464658e-18 -3.038917035065853550e-18 2.123452493329988518e-17
8.864269465377400381e-18 -3.007287286775642918e-18 2.127111324700809796e-17
7.615457827334093992e-18 -2.583616163422058465e-18 1.850113856287582699e-17
5.798619125750038209e-18 -1.967236487708525308e-18 1.431844704857793994e-17
4.166451971858157262e-18 -1.413508345615037769e-18 1.053561311747976776e-17
3.283999756462610597e-18 -1.114128060239995533e-18 8.533506083822591250e-18
3.401408757081364207e-18 -1.153960142459663125e-18 8.942043428952906783e-18
4.486562932004700527e-18 -1.522108952870687941e-18 1.170520377602398742e-17
6.320646830773045035e-18 -2.144339243670553655e-18 1.630640754002918735e-17
8.398107662329829755e-18 -2.849137486345712816e-18 2.152874496519772144e-17
9.879573785840930242e-18 -3.351738930129239043e-18 2.534108762981590337e-17
1.005457229615833513e-17 -3.411108840783039210e-18 2.601251563668207738e-17
8.913701927281385408e-18 -3.024057741392736133e-18 2.349780356622496746e-17
7.058996016180365684e-18 -2.394831195144692960e-18 1.923180480894962794e-17
5.053805977664963649e-18 -1.714551506252265302e-18 1.456508545774084743e-17
3.041987746042697258e-18 -1.032023117215548373e-18 9.839582280701868056e-18
1.039865850981087533e-18 -3.527843384294598799e-19 5.089701432256823990e-18
-6.947696275546185283e-19 2.357071556724337815e-19 9.381724536540802405e-19
-1.832957899944278084e-18 6.218483145521443606e-19 -1.810282841539056841e-18
-2.363411756387425354e-18 8.018098043532732588e-19 -3.111939280448840411e-18
-2.637670161145832375e-18 8.948545785687976255e-19 -3.802936820780762131e-18
-3.051156256945698950e-18 1.035133644491537839e-18 -4.834940927522856978e-18
-3.718240735171379164e-18 1.261448358263048404e-18 -6.487044836726013171e-18
-4.442016324988984469e-18 1.506996074790472402e-18 -8.286100751879387322e-18
-4.969136046649475440e-18 1.685826424850948969e-18 -9.620765125267288214e-18
-5.236813947101551337e-18 1.776638693237467922e-18 -1.034127019389162263e-17
-5.345831635649971834e-18 1.813623978673128051e-18 -1.069416415144960603e-17
-5.362473789984244553e-18 1.819269996315752666e-18 -1.083856071279705215e-17
-5.242381466538818138e-18 1.778527558882273045e-18 -1.065907911890913961e-17
-4.946108310841771332e-18 1.678014082636854063e-18 -1.004955180757110980e-17
-4.597857293231989335e-18 1.559866618273610895e-18 -9.306035458749723729e-18
-4.519051707606109738e-18 1.533131092939782206e-18 -9.213849695074591326e-18
-5.044233068244459915e-18 1.711303860434159987e-18 -1.059852863536072306e-17
-6.200444189146763754e-18 2.103559430974656014e-18 -1.353891074598921410e-17
-7.545512727387268219e-18 2.559886637571430609e-18 -1.696464929592019194e-17
-8.424327584277962879e-18 2.858032844957528634e-18 -1.927479892591855675e-17
-8.457408232225491220e-18 2.869255751814187730e-18 -1.953104901558397287e-17
-7.758310150683652106e-18 2.632080140709154503e-18 -1.799681873599277865e-17
-6.716293169818808702e-18 2.278566025595422521e-18 -1.561527794125112365e-17
-5.690813241731651363e-18 1.930662241762962485e-18 -1.326546041083230555e-17
-4.909921274221028456e-18 1.665737262430875190e-18 -1.150940104400417052e-17
-4.467709886195619618e-18 1.515712854302376809e-18 -1.057939003714877851e-17
-4.294811766838732626e-18 1.457055531624169792e-18 -1.030329241455152920e-17
-4.195639286472711185e-18 1.423410339018072534e-18 -1.019820640330765415e-17
-3.971135468976850059e-18 1.347245290172025445e-18 -9.774291612610318668e-18
-3.512856257226623197e-18 1.191769735455833719e-18 -8.765897225163976935e-18
-2.834099993894625857e-18 9.614952438900541343e-19 -7.206853699647122820e-18
-2.055250874001068729e-18 6.972633118110898883e-19 -5.393885614379165558e-18
-1.321022883017428289e-18 4.481695254097434457e-19 -3.683764032922712605e-18
-6.684916874142566939e-19 2.267921394522049394e-19 -2.169879312376054172e-18
1.432410866448760865e-20 -4.859579096226345452e-21 -5.790528941697798654e-19
8.033192434194695988e-19 -2.725336414652566710e-19 1.279453645450245719e-18
1.531449856193034390e-18 -5.195588451002567995e-19 3.007691293727998092e-18
1.937490536300173639e-18 -6.573119859158943314e-19 3.973303359866413783e-18
1.998256394132800423e-18 -6.779273680004411284e-19 4.114629463177415747e-18
1.965094780292289871e-18 -6.666769802907816970e-19 4.034435127030777451e-18
2.094958995405619786e-18 -7.107346609929708042e-19 4.350675324386511538e-18
2.414695150024365637e-18 -8.192081851243555823e-19 5.123444564975117664e-18
2.730669751245054944e-18 -9.264055536224779378e-19 5.877084690269826004e-18
2.822556252062913721e-18 -9.575789136558981660e-19 6.072046400684249518e-18
2.624579148316132844e-18 -8.904133002153823244e-19 5.547792702141645382e-18
2.251665479950241530e-18 -7.638988191533305252e-19 4.587457012391843726e-18
1.882744726906038180e-18 -6.387389785250239340e-19 3.632516424450899116e-18
1.632714468242716602e-18 -5.539138461684350350e-19 2.968240722920226541e-18
1.512043237777795890e-18 -5.129749872762719462e-19 2.623138286787368268e-18
1.474626319464904736e-18 -5.002809423175754852e-19 2.485240975039960333e-18
1.483620327896391601e-18 -5.033322457159210847e-19 2.463401734656519266e-18
1.519584706565222183e-18 -5.155335026735380929e-19 2.508219344002665457e-18
1.545585996284596659e-18 -5.243546872490501247e-19 2.527893837774851380e-18
1.508776609707017369e-18 -5.118667537145683395e-19 2.393063822444572824e-18
1.394750797657712763e-18 -4.731824128851608646e-19 2.070446383473783669e-18
1.263625477200112387e-18 -4.286969061827067054e-19 1.711073757110563011e-18
1.210710351299891077e-18 -4.107449525012038518e-19 1.552746376561379253e-18
1.286724846692085648e-18 -4.365335925021303499e-19 1.722486589194943827e-18
1.462844645552403096e-18 -4.962839014938177978e-19 2.149322926455181257e-18
1.667670972557023142e-18 -5.657731662011661659e-19 2.655376479556936630e-18
1.841819948484256291e-18 -6.248548525412905737e-19 3.091856256862814343e-18
1.958978015308925627e-18 -6.646018366265891332e-19 3.392664723015981143e-18
2.014732761947534483e-18 -6.835171606762613837e-19 3.547458727960807410e-18
2.010994608848536395e-18 -6.822489579142783881e-19 3.562509219969458002e-18
1.956672732239857878e-18 -6.638197441418408902e-19 3.461201430775522860e-18
1.879332315231868269e-18 -6.375812655102705269e-19 3.312203090239114036e-18
1.815780521500272512e-18 -6.160207112322900826e-19 3.206687926865873103e-18
1.763160612664561752e-18 -5.981689112912343310e-19 3.138564170418377332e-18
1.649632119555383127e-18 -5.596533063169432423e-19 2.930991939086964764e-18
1.408933114643728955e-18 -4.779939045438579686e-19 2.416021319620266798e-18
1.095961051248446887e-18 -3.718151865199281650e-19 1.717993275164446449e-18
8.773379449454512347e-19 -2.976452344061567339e-19 1.236902149561429131e-18
8.905389031844760503e-19 -3.021237825784281947e-19 1.310095731846646779e-18
1.135982945850614910e-18 -3.853929868126855629e-19 1.947586418886899662e-18
1.503798460759536187e-18 -5.101778573983556867e-19 2.891172971346653850e-18
1.878313662833221998e-18 -6.372356690448552467e-19 3.864521715297287229e-18
2.206450876309399394e-18 -7.485593282045893936e-19 4.739218226953936453e-18
2.484525096238307439e-18 -8.428986473103805374e-19 5.504054806097609187e-18
2.707347622338735258e-18 -9.184932998844417009e-19 6.142395553780250588e-18
2.846569597241935648e-18 -9.657256675629860975e-19 6.580452762806280221e-18
2.879719613213950100e-18 -9.769721160663684688e-19 6.759258254471718022e-18
2.834636039479128782e-18 -9.616770884994564237e-19 6.744039218408542984e-18
2.793302089115746176e-18 -9.476541609432367267e-19 6.734029989761839366e-18
2.824848244083984751e-18 -9.583564958637822298e-19 6.899085618692409208e-18
2.900453845194527810e-18 -9.840064182851330687e-19 7.171240595599112103e-18
2.890399553945348103e-18 -9.805954076509210413e-19 7.235291589409797601e-18
2.649311076243887448e-18 -8.988038571380457586e-19 6.734661730632998572e-18
2.106356279469994908e-18 -7.146013009708794044e-19 5.491238853829300402e-18
1.314783204824030425e-18 -4.460526384573630680e-19 3.627591625946131868e-18
4.478567479781722907e-19 -1.519396335570404007e-19 1.559324404037041333e-18
-2.747354069023833660e-19 9.320658934646378145e-20 -1.814007121430095412e-19
-6.952351767129119564e-19 2.358651142892670237e-19 -1.207693520944482974e-18
-7.861972831281506385e-19 2.667248665438952108e-19 -1.444825073491398907e-18
-6.432445472533849189e-19 2.182267994787193037e-19 -1.115534884904984399e-18
-4.220666518007867518e-19 1.431901078975281885e-19 -5.905660850240391708e-19
-2.640456139665368321e-19 8.957996948568196539e-20 -2.102261641726863711e-19
-2.521894845383217968e-19 8.555765430217316412e-20 -1.771017525952406918e-19
-4.110782622314622940e-19 1.394621806973826433e-19 -5.540388643007352890e-19
-7.299561560736486073e-19 2.476445468140947064e-19 -1.318546383957793533e-18
-1.172113353969142300e-18 3.976505678596877983e-19 -2.384882586080768131e-18
-1.650618768960497766e-18 5.599880452150856051e-19 -3.544562455326757835e-18
-2.009250451905176749e-18 6.816572246995830151e-19 -4.418707967264837171e-18
-2.079484881585857900e-18 7.054849147813134678e-19 -4.594888098810393343e-18
-1.806000984976525157e-18 6.127029115412093133e-19 -3.932067693000918470e-18
-1.324181108793509078e-18 4.492409551721899113e-19 -2.751928568829671982e-18
-8.929418443346493713e-19 3.029389561047105729e-19 -1.679994992705095881e-18
-7.296127171934593307e-19 2.475280121862529552e-19 -1.246451380565637983e-18
-8.885253073302570631e-19 3.014406235352266575e-19 -1.589363308860584910e-18
-1.269186870942113764e-18 4.305836807910295046e-19 -2.471073545568052264e-18
-1.713346424915777417e-18 5.812690017049908779e-19 -3.511858433352470904e-18
-2.094192474472635402e-18 7.104745970351145813e-19 -4.406404529019001077e-18
-2.347716743386297776e-18 7.964850974910222023e-19 -5.000356695560322119e-18
-2.460250573775658730e-18 8.346632660731254023e-19 -5.260003754304796851e-18
-2.450057494963036176e-18 8.312051935035850174e-19 -5.227719933204709488e-18
-2.368804725163322660e-18 8.036394456972762171e-19 -5.026827906016604252e-18
-2.308646705809317183e-18 7.832302632555666014e-19 -4.880690200870512715e-18
-2.374285653339231405e-18 8.054988926566965824e-19 -5.045620153083657710e-18
-2.614212267112918422e-18 8.868962660566075387e-19 -5.642554765003382212e-18
-2.967120431000222294e-18 1.006623699934672694e-18 -6.524318401238895086e-18
-3.285663431826215206e-18 1.114692419036598677e-18 -7.331610858093302791e-18
-3.427645788767149170e-18 1.162861264410445746e-18 -7.715175002283348887e-18
-3.335985286150767480e-18 1.131764567705982854e-18 -7.532330244301124602e-18
-3.049687367788296618e-18 1.034635305956275016e-18 -6.875517979873920958e-18
-2.663043242216216309e-18 9.034626411355042401e-19 -5.973490936886638235e-18
-2.277390443121406112e-18 7.726262701901557232e-19 -5.073147136071945436e-18
-1.961915682291522263e-18 6.655984530351002435e-19 -4.342965452272198664e-18
-1.729471182816674968e-18 5.867394585561404022e-19 -3.813444982920433064e-18
-1.541348130312639269e-18 5.229169513418942825e-19 -3.388831592629815165e-18
-1.337794371939383364e-18 4.538594216319270284e-19 -2.921954557411109404e-18
-1.071042483285140375e-18 3.633613179317818731e-19 -2.295189096773266090e-18
-7.252755008654925261e-19 2.460565809940310413e-19 -1.469555218165145454e-18
-3.225393551263122024e-19 1.094245173983094987e-19 -4.994024156684585484e-19
8.235504102839809139e-20 -2.793973783526052225e-20 4.801738155763950115e-19
4.175356845533164005e-19 -1.416529347630817744e-19 1.292127290062813590e-18
6.301771898068319822e-19 -2.137935814446426314e-19 1.805695669977733401e-18
7.434623321579005343e-19 -2.522266505751765260e-19 2.075006724258583035e-18
8.793869826657804983e-19 -2.983403746968952820e-19 2.395538922666585255e-18
1.190116815392124031e-18 -4.037584030063521651e-19 3.139549203842547391e-18
1.747727976740390908e-18 -5.929332641310652906e-19 4.489028187413359889e-18
2.496732738413829410e-18 -8.470402106348923998e-19 6.317524545259527095e-18
3.297156483592554179e-18 -1.118591526924080262e-18 8.289886543154835089e-18
4.001609734853073101e-18 -1.357583967275220377e-18 1.004665259917709208e-17
4.505594217427828686e-18 -1.528565474364027002e-18 1.132771530796576980e-17
4.758104066933001712e-18 -1.614231836166793415e-18 1.200211490545840770e-17
4.752696607349743820e-18 -1.612397358238749674e-18 1.204953157585991660e-17
4.515901855315464114e-18 -1.532062565669157395e-18 1.153259818758768354e-17
4.094193389690044617e-18 -1.388994008199426726e-18 1.056369791513669777e-17
3.536577932723252706e-18 -1.199817634857879765e-18 9.260873693053827487e-18
2.879091286584848889e-18 -9.767589610994226250e-19 7.709321608927807919e-18
2.141529077141070712e-18 -7.265339073510144811e-19 5.953699856389172736e-18
1.337393267285608871e-18 -4.537232078933694112e-19 4.022991034720336717e-18
4.878430117373936325e-19 -1.655053279327893790e-19 1.964870382984297203e-18
-3.697027745247578720e-19 1.254251740010978012e-19 -1.330143021247007448e-19
-1.181111786135891960e-18 4.007034363226563675e-19 -2.140967517596432738e-18
-1.882449756030468831e-18 6.386389865542004466e-19 -3.902528997633959177e-18
-2.415645513941748135e-18 8.195306787303889262e-19 -5.271813393027924704e-18
-2.752571967057944833e-18 9.338362111601267375e-19 -6.173343351549947419e-18
-2.915485582599762011e-18 9.891062370935139735e-19 -6.654637728227769963e-18
-2.975708938476227363e-18 1.009537567643977419e-18 -6.885549064595042482e-18
-3.026426604503414823e-18 1.026743921133224811e-18 -7.092708034247454767e-18
-3.145088614227744857e-18 1.067000996040283294e-18 -7.466932845365110289e-18
-3.364612963851089199e-18 1.141476637683715956e-18 -8.091540787340080938e-18
-3.663709731640321173e-18 1.242948088008617673e-18 -8.917494021785304830e-18
-3.978716858921584467e-18 1.349817291251484030e-18 -9.791272461787916705e-18
-4.230196984224243247e-18 1.435134305982073439e-18 -1.051904810974118507e-17
-4.347502871277945593e-18 1.474931457642821451e-18 -1.092647887296784009e-17
-4.277857966700032498e-18 1.451303792686796459e-18 -1.088141150755692183e-17
-3.985481570945458901e-18 1.352112334858902624e-18 -1.029257646731764691e-17
-3.461032899571666975e-18 1.174188135032958615e-18 -9.133080984169450189e-18
-2.746622971059759109e-18 9.318177967169767506e-19 -7.501399726344855334e-18
-1.946021229869109707e-18 6.602061080089297415e-19 -5.646494974024713300e-18
-1.190000595511877762e-18 4.037189563963570952e-19 -3.884294739278822616e-18
-5.764109926763790545e-19 1.955528535490585159e-19 -2.452710573406873306e-18
-1.344179122225135614e-19 4.560252184734891079e-20 -1.424661312872892517e-18
1.658057190356605657e-19 -5.625117111404705475e-20 -7.306957626376813600e-19
3.782960454044588109e-19 -1.283405045000134269e-19 -2.423075594901635866e-19
5.513125675848850526e-19 -1.870379836607376704e-19 1.559061495682324841e-19
7.145676810937574790e-19 -2.424238186420806709e-19 5.351050404770256378e-19
8.788748194343383717e-19 -2.981665678218300903e-19 9.207977706068153147e-19
1.039724867520919663e-18 -3.527364957622867923e-19 1.301160930514708484e-18
1.181471760528073270e-18 -4.008255039535114724e-19 1.637333115461920111e-18
1.283683804201770359e-18 -4.355019135736200706e-19 1.879245153626356425e-18
1.333071941229440063e-18 -4.522572848166570119e-19 1.994814776381098807e-18
1.340361649196563244e-18 -4.547303726120724689e-19 2.010775651776164996e-18
1.349726967696005668e-18 -4.579076497012762550e-19 2.035274863500173312e-18
1.426744176796776629e-18 -4.840364747279759481e-19 2.228451308021572420e-18
1.629603617545023263e-18 -5.528584647825496148e-19 2.732620729065317424e-18
1.980882621796524263e-18 -6.720331880691820575e-19 3.603905183468166784e-18
2.450235716075100466e-18 -8.312656661128509681e-19 4.770093686419564516e-18
2.954622808531273327e-18 -1.002383764225822789e-18 6.030617313891325133e-18
3.383990578867088409e-18 -1.148050849242054774e-18 7.118234573412305365e-18
3.646610361925386668e-18 -1.237147095429534579e-18 7.809011939361578903e-18
3.708441569062575156e-18 -1.258123898113900863e-18 8.018436050440756764e-18
3.601060634984528706e-18 -1.221693875981313617e-18 7.821209467605482793e-18
3.395422466484129952e-18 -1.151929175168783743e-18 7.387645821712202824e-18
3.162809499716501397e-18 -1.073013032514437368e-18 6.888764213604593286e-18
2.949239018861167258e-18 -1.000557228902831031e-18 6.434325703349925229e-18
2.773878835008256949e-18 -9.410646260310100778e-19 6.069474366169022576e-18
2.641233940259254167e-18 -8.960636042974514435e-19 5.804815770817818704e-18
2.547351512329998608e-18 -8.642131075538908359e-19 5.631621077087516065e-18
2.470703586220687049e-18 -8.382095679393093292e-19 5.499218413382677601e-18
2.362314565805708581e-18 -8.014375681718095530e-19 5.290018792646215028e-18
2.159945318533409163e-18 -7.327818882670052646e-19 4.852982697755788980e-18
1.827995278863879940e-18 -6.201647011743514191e-19 4.100245838762164866e-18
1.390813643968339038e-18 -4.718466976439820209e-19 3.088659085930075261e-18
9.257178603339311444e-19 -3.140585468001385914e-19 2.003913614756634478e-18
5.190808096160791085e-19 -1.761030740345416679e-19 1.054686433537457144e-18
2.223042305682195272e-19 -7.541880926810596363e-20 3.659707619001439854e-19
3.882572021752574352e-20 -1.317198704563478314e-20 -5.251031944878242560e-20
-5.916591333074227608e-20 2.007259929347223100e-20 -2.658990241172171546e-19
-1.069360376249131637e-19 3.627906488617377195e-20 -3.568939007672613278e-19
-1.333607336683968677e-19 4.524389272224888888e-20 -3.928887964494288968e-19
-1.576677068155357970e-19 5.349026188453485017e-20 -4.187675780692784648e-19
-1.886579454000496823e-19 6.400399303974991133e-20 -4.552539627658925935e-19
-2.213940535760329101e-19 7.511002862448083357e-20 -4.905294681019534819e-19
-2.354996762394793754e-19 7.989549722882277096e-20 -4.754949123623056884e-19
-2.033530074311952154e-19 6.898943675686594009e-20 -3.432526411605207770e-19
-1.084287497218090846e-19 3.678548399464106210e-20 -5.368503806356931377e-20
3.892531837546960764e-20 -1.320577638050790113e-20 3.678837198578985548e-19
2.027860105460238622e-19 -6.879706467501998401e-20 8.335587181710063480e-19
3.400162503907377545e-19 -1.153537215855347562e-19 1.237494544144765216e-18
4.205541758039150056e-19 -1.426769772199334034e-19 1.505407998485733192e-18
4.361307287618258780e-19 -1.479614717035145955e-19 1.615953542481832690e-18
3.971497720363969373e-19 -1.347368107526263006e-19 1.593225220725887112e-18
3.241305340729681148e-19 -1.099643420831443882e-19 1.485978657446447481e-18
2.373714150061648322e-19 -8.053049394233413588e-20 1.342455308643110484e-18
1.475181900335803318e-19 -5.004694439287377705e-20 1.187325243245079624e-18
5.186141184341898746e-20 -1.759448326566753570e-20 1.012612550134797557e-18
-6.112012054887034126e-20 2.073556558389402372e-20 7.888859803533632017e-19
-2.024577604135207115e-19 6.868569811745048697e-20 4.882296668672474784e-19
-3.748626099357092786e-19 1.271756788222514431e-19 1.036104387484464153e-19
-5.700043335320299081e-19 1.933793492002275617e-19 -3.444860982811235129e-19
-7.698259507373398165e-19 2.611707212492466918e-19 -8.115610957207685339e-19
-9.493331804284781875e-19 3.220702673800531616e-19 -1.236237658585418258e-18
-1.082694197651002879e-18 3.673142858476826368e-19 -1.555146385397465798e-18
-1.155570395875005848e-18 3.920382375840213601e-19 -1.732664785995902317e-18
-1.176575502542788919e-18 3.991644125284521326e-19 -1.788686441450074940e-18
-1.175712809451788726e-18 3.988717211863440288e-19 -1.795199216716517686e-18
-1.189784492249813961e-18 4.036456504818414706e-19 -1.841352852621449176e-18
-1.246360425369820219e-18 4.228395592765728518e-19 -1.994588148227062936e-18
-1.355202498979188039e-18 4.597652685601158730e-19 -2.279306457613545780e-18
-1.508192783046139699e-18 5.116686818979326070e-19 -2.676112170855046531e-18
-1.685204477822330837e-18 5.717215722906333695e-19 -3.135942917708986871e-18
-1.862728232608929441e-18 6.319481840780528907e-19 -3.601374450510736465e-18
-2.021641112996936909e-18 6.858608808144941877e-19 -4.025897457824224967e-18
-2.151134995675580376e-18 7.297928868644212832e-19 -4.383512992858642933e-18
-2.247991536447891211e-18 7.626523810774299021e-19 -4.666671204224603929e-18
-2.313088233239113176e-18 7.847370707494376727e-19 -4.877446886318717998e-18
-2.348733622764634380e-18 7.968301210071662732e-19 -5.020944147803405186e-18
-2.358924874266077220e-18 8.002876076588507676e-19 -5.106014265422481840e-18
-2.350282408169529207e-18 7.973555663333919714e-19 -5.147693275476691054e-18
-2.329667248023507286e-18 7.903616679400860719e-19 -5.161552136193357709e-18
-2.298724028923924996e-18 7.798638823961900772e-19 -5.150534021568655870e-18
-2.250414126323449581e-18 7.634742853724407293e-19 -5.096622392530412893e-18
-2.171397688328048697e-18 7.366672107635746667e-19 -4.966699931968342719e-18
-2.048661098125792761e-18 6.950276672740889541e-19 -4.728600920139098407e-18
-1.875852153437638531e-18 6.364005900174541564e-19 -4.366298205916831091e-18
-1.656718274199397344e-18 5.620573373882443774e-19 -3.888042719060305957e-18
-1.405592972723312470e-18 4.768607027203984109e-19 -3.327559191658554321e-18
-1.144830697860444425e-18 3.883946346206898286e-19 -2.738130857553804364e-18
-8.988479740915039318e-19 3.049426704419861648e-19 -2.178513882003325663e-18
-6.864948129773779408e-19 2.328998529703456574e-19 -1.694581336930171353e-18
-5.155539551097935319e-19 1.749065503369866299e-19 -1.305872175173703345e-18
-3.820800136898801718e-19 1.296242451397496488e-19 -1.003786251033910816e-18
-2.742432992860254537e-19 9.303960814678487023e-20 -7.607355279390483805e-19
-1.785861673420606181e-19 6.058702451452578289e-20 -5.451679103046733272e-19
-8.678018052906428205e-20 2.944099040006371467e-20 -3.377895455190426380e-19
-7.756919821639436286e-22 2.631656685083263986e-22 -1.439431767341056730e-19
6.728539982199086144e-20 -2.282720352093559512e-20 6.508345419517211097e-21
1.026332016011027235e-19 -3.481928503738271514e-20 7.722844801207881069e-20
9.877444690628620772e-20 -3.351016992283530691e-20 5.161595905873708478e-20
6.377461279901167153e-20 -2.163614514772919016e-20 -5.185994978645624917e-20
1.829724038991325757e-20 -6.207514119679206453e-21 -1.839924493093438572e-19
-1.172618316101148224e-20 3.978217955389266821e-21 -2.821723889489157479e-19
-3.149828644336710648e-21 1.068609791859121928e-21 -2.897685460162132116e-19
5.843009895086960449e-20 -1.982296273390049831e-20 -1.707643558944673555e-19
1.758868322341373028e-19 -5.967127260015261338e-20 8.314252211727729273e-20
3.411219745945407082e-19 -1.157288646706584367e-19 4.536363494122289930e-19
5.383741997438502588e-19 -1.826485592899614898e-19 9.037019447101734321e-19
7.489847994629706775e-19 -2.541001957140963308e-19 1.389143640434115295e-18
9.562409767959782753e-19 -3.244137961292552389e-19 1.870245246062355083e-18
1.149292223004756552e-18 -3.899082489615953976e-19 2.321172363156653492e-18
1.325005531765082187e-18 -4.495206629423736870e-19 2.734507693370927009e-18
1.486414508982640001e-18 -5.042801989190240396e-19 3.117685866731382765e-18
1.637693605334479744e-18 -5.556030609502845826e-19 3.480999451802821656e-18
1.777692530054639052e-18 -6.030990095921639977e-19 3.821891361513339518e-18
1.895507482224157190e-18 -6.430688405272665204e-19 4.113920968138915567e-18
1.972116414903330563e-18 -6.690591443126319001e-19 4.310381253284185974e-18
1.989746929213520012e-18 -6.750404640452165205e-19 4.366922893624589633e-18
1.944301008504873529e-18 -6.596225139400477543e-19 4.272001023799026366e-18
1.851711960688317271e-18 -6.282108067679491495e-19 4.062858080315930050e-18
1.742782997506987591e-18 -5.912556205618259661e-19 3.813477982637667327e-18
1.649720327172992117e-18 -5.596832263591087124e-19 3.602050659548382815e-18
1.592913782636946968e-18 -5.404110705499272763e-19 3.478705461672993622e-18
1.574903492386714978e-18 -5.343009164829773313e-19 3.450503397451287915e-18
1.582642503903703046e-18 -5.369264499015614450e-19 3.486511506353188814e-18
1.594105967034041659e-18 -5.408155345947642869e-19 3.533504496698657781e-18
1.584600949979815971e-18 -5.375908631219653107e-19 3.531136721357222238e-18
1.531632604806306813e-18 -5.196208515814525511e-19 3.423835285621258732e-18
1.420598141613803289e-18 -4.819513610274917560e-19 3.174876392071433137e-18
1.252110331442980797e-18 -4.247902766515777522e-19 2.784507491437815334e-18
1.046188785375718272e-18 -3.549294460929264103e-19 2.300466526405589220e-18
8.363654692171604915e-19 -2.837449014482900618e-19 1.803931420372635720e-18
6.533278106709982791e-19 -2.216476438798911440e-19 1.369881753248696550e-18
5.077380935025243966e-19 -1.722549534050024104e-19 1.025227630671916397e-18
3.843790831595614148e-19 -1.304042386012259298e-19 7.341124110805996409e-19
2.514592714012498078e-19 -8.530993286490625830e-20 4.194978683697195593e-19
7.756033676920261115e-20 -2.631307212648994804e-20 4.036654995378639630e-21
-1.545781895057418900e-19 5.244212146649732460e-20 -5.554647043196235968e-19
-4.426172166997379686e-19 1.501620848932775510e-19 -1.254500144716770672e-18
-7.669085668396371781e-19 2.601809874697458543e-19 -2.046445243371719511e-18
-1.097169759229419101e-18 3.722252194807791397e-19 -2.858464934371121039e-18
-1.400510806985883650e-18 4.751365479726491298e-19 -3.610852305016706043e-18
-1.649276830036209225e-18 5.595327897218822509e-19 -4.236037979560383189e-18
-1.827157522856440978e-18 6.198805006040669221e-19 -4.693676045355544726e-18
-1.931476815928506920e-18 6.552718110839578717e-19 -4.976465714055415559e-18
-1.970138551460325513e-18 6.683881630582218617e-19 -5.102816316465991408e-18
-1.954383901690406295e-18 6.630432209477587744e-19 -5.099186289364000437e-18
-1.891557535715737917e-18 6.417287876257401218e-19 -4.982330619447172589e-18
-1.782294840850617535e-18 6.046603980443305604e-19 -4.752373192016080124e-18
-1.623308211429590785e-18 5.507226718426349073e-19 -4.399596774372873519e-18
-1.413036169054920437e-18 4.793858845023972596e-19 -3.918362089582194627e-18
-1.156332295243983244e-18 3.922966534739094671e-19 -3.318816555789259384e-18
-8.659281520666130603e-19 2.937742579384759842e-19 -2.630751299912399100e-18
-5.602036206170116528e-19 1.900542647518646512e-19 -1.898339673464678759e-18
-2.580757588054591165e-19 8.755455786793511055e-20 -1.167625192649049572e-18
2.685310689944221507e-20 -9.110145109637690484e-21 -4.720306646785321301e-19
2.899329119315924364e-19 -9.836239437815397753e-20 1.767859832805455317e-19
5.349580167746985688e-19 -1.814895166636025459e-19 7.878903612897562042e-19
7.699671637382086461e-19 -2.612186316028958371e-19 1.380890521576940930e-18
1.001698762043040688e-18 -3.398357688476196793e-19 1.972343944353289125e-18
1.231170915338815125e-18 -4.176863754698943171e-19 2.564837005162326238e-18
1.451510644913527401e-18 -4.924387096119383074e-19 3.141569813874450024e-18
1.648194815087277869e-18 -5.591656478020704036e-19 3.666859056663773377e-18
1.802324125173657254e-18 -6.114554870757606656e-19 4.094041981248336637e-18
1.897193178536331805e-18 -6.436407560050187795e-19 4.381423478375431837e-18
1.925493756380479419e-18 -6.532419783183432233e-19 4.509873955259660311e-18
1.892584803635325074e-18 -6.420772695662555734e-19 4.491014110995301181e-18
1.813865861914579774e-18 -6.153711640297785916e-19 4.361094705034888061e-18
1.708585437041295473e-18 -5.796538285863839793e-19 4.166080185474208342e-18
1.593910679065956158e-18 -5.407493366585325570e-19 3.947178134316300310e-18
1.481466581616457867e-18 -5.026015955722290832e-19 3.732270697100926527e-18
1.376448112163867446e-18 -4.669730402872240623e-19 3.533663356010386879e-18
1.278509962611864121e-18 -4.337465775698980358e-19 3.350263839160072218e-18
1.183655841139139112e-18 -4.015664285161533091e-19 3.172215939884221325e-18
1.086479407505021893e-18 -3.685984169796598873e-19 2.986350768202489608e-18
9.821040205468634697e-19 -3.331880900519207282e-19 2.780870430887105042e-18
8.674039906322664228e-19 -2.942750184248155886e-19 2.548271290000134678e-18
7.416971186824533038e-19 -2.516277821621869525e-19 2.286963173074391447e-18
6.072025662652319775e-19 -2.059992420365221612e-19 2.002327325585363522e-18
4.687844214698186541e-19 -1.590395698043045123e-19 1.706084586828464195e-18
3.321767729191653403e-19 -1.126941192035572355e-19 1.412000177992189116e-18
2.010119562300970143e-19 -6.819520424214967105e-20 1.128698292120724883e-18
7.439482805055698109e-20 -2.523913408108167857e-20 8.538135349724899978e-19
-5.328783791081220659e-20 1.807842659038321564e-20 5.735443235746612910e-19
-1.901179142590099597e-19 6.449931466817764708e-20 2.680876238819673495e-19
-3.430793976271478928e-19 1.163929334323583601e-19 -7.974625072957015324e-20
-5.146231803338863151e-19 1.745907855613115590e-19 -4.762028637250509169e-19
-7.006545461814149207e-19 2.377036941622138175e-19 -9.116593833984475111e-19
-8.909479419945614028e-19 3.022625292478871204e-19 -1.361575234490485279e-18
-1.072133522859929934e-18 3.637314432984814954e-19 -1.793682665483827187e-18
-1.231998601401606555e-18 4.179671807393322780e-19 -2.178383711094661030e-18
-1.363047974914406615e-18 4.624269268394198010e-19 -2.497369926562449940e-18
-1.463811803021235502e-18 4.966120146413146731e-19 -2.746797316760609011e-18
-1.537680450185377866e-18 5.216726504974451431e-19 -2.934484305019070756e-18
-1.590070006418168787e-18 5.394463001100946903e-19 -3.073078383153882989e-18
-1.625054640476380459e-18 5.513151716372500045e-19 -3.171950162950958806e-18
-1.642714291312226434e-18 5.573063767584324725e-19 -3.230819644514780243e-18
-1.638613551160781724e-18 5.559151559804326225e-19 -3.238493384002743062e-18
-1.606179870890428898e-18 5.449117164407273685e-19 -3.178569947699248241e-18
-1.540937049330396989e-18 5.227774732840867674e-19 -3.039650352555657173e-18
-1.444123132003500723e-18 4.899324435761354909e-19 -2.824140920757776020e-18
-1.323721889220207594e-18 4.490851841026900962e-19 -2.550880317886069666e-18
-1.192715565468739762e-18 4.046400458842629937e-19 -2.251053649306312893e-18
-1.065736832952373637e-18 3.615613044195889127e-19 -1.960163808976703203e-18
-9.556073316495909019e-19 3.241988273092921568e-19 -1.709629858090654207e-18
-8.708554469770009145e-19 2.954459519111339381e-19 -1.520685892702040337e-18
-8.147144772934888863e-19 2.763995988177396998e-19 -1.401839597829673330e-18
-7.855727511703382250e-19 2.665129934343693755e-19 -1.349864743657645863e-18
-7.784635981067870523e-19 2.641011458756708976e-19 -1.353357102065119681e-18
-7.870380609274364413e-19 2.670101171311144653e-19 -1.397487867629727861e-18
-8.054849890775049699e-19 2.732684200152727957e-19 -1.468643934337221527e-18
-8.298501242491603176e-19 2.815345130885903527e-19 -1.557631056476894310e-18
-8.582367510119038679e-19 2.911649166024720592e-19 -1.660162707006437327e-18
-8.896796799525792303e-19 3.018322164306869916e-19 -1.774102949843178001e-18
-9.220780935564963724e-19 3.128236989946158223e-19 -1.894412761387867418e-18
-9.503227527565794151e-19 3.224059859833331723e-19 -2.008581416658673479e-18
-9.662569448509411651e-19 3.278118209539554954e-19 -2.096495348362927974e-18
-9.614241193439887520e-19 3.261722365634498408e-19 -2.137051804697183909e-18
-9.314954923139158610e-19 3.160186612801817559e-19 -2.118919262776089417e-18
-8.795386494387437102e-19 2.983918054652275177e-19 -2.048626039112220997e-18
-8.157377612011152286e-19 2.767467546342246211e-19 -1.950115912904294528e-18
-7.535308369346072141e-19 2.556424774829254071e-19 -1.855530042142598787e-18
-7.043467823451906687e-19 2.389563245816375000e-19 -1.792431228106309914e-18
-6.736204099228916225e-19 2.285321045233556187e-19 -1.774006699882780124e-18
-6.595308189773951665e-19 2.237520621091495315e-19 -1.795839458493922930e-18
-6.541383826160666564e-19 2.219226186840847134e-19 -1.838536632894042017e-18
-6.456749497525675174e-19 2.190513212881029676e-19 -1.873214059408123573e-18
-6.211961654331451224e-19 2.107466674250931734e-19 -1.867908489282951728e-18
-5.697476661636464174e-19 1.932922809505268752e-19 -1.795285320153025390e-18
-4.860621974725242121e-19 1.649011980398760953e-19 -1.641700511567404147e-18
-3.734298986929954098e-19 1.266896294087133328e-19 -1.414322071606268410e-18
-2.435319784814201333e-19 8.262053118936699617e-20 -1.140899671201475309e-18
-1.123002688765448883e-19 3.809893210422220114e-20 -8.598480359924534604e-19
6.416686697915220902e-21 -2.176918297838949573e-21 -6.049039414465666823e-19
1.059601610583424130e-19 -3.594798556716829872e-20 -3.926185387717161621e-19
1.882661492460217279e-19 -6.387107304021866087e-20 -2.187402021183600721e-19
2.615728905278305144e-19 -8.874107996876307571e-20 -6.359131566592789896e-20
3.362884689165994784e-19 -1.140890455531146176e-19 9.798174294198818067e-20
4.210526423165123495e-19 -1.428460920361259010e-19 2.870293375383467491e-19
5.201945903164422000e-19 -1.764809357726428447e-19 5.142775410848954704e-19
6.329989207163649210e-19 -2.147508736807568475e-19 7.782558103313162474e-19
7.546850049474154331e-19 -2.560340331528048440e-19 1.067568269825388322e-18
8.786267777627548205e-19 -2.980824553417808969e-19 1.366259662693276538e-18
9.989766486021409772e-19 -3.389122871314686194e-19 1.660239110016255402e-18
1.112603469181233768e-18 -3.774612576380755233e-19 1.942046718225829098e-18
1.219487828947407848e-18 -4.137227857295383329e-19 2.211818856814367482e-18
1.321514570122736711e-18 -4.483363203534250524e-19 2.474294972326026951e-18
1.420483285906706972e-18 -4.819123911454787701e-19 2.733899093357044577e-18
1.516463556069791338e-18 -5.144746077834107084e-19 2.990678546298259529e-18
1.607178119612576230e-18 -5.452503838434978847e-19 3.238794460749910235e-18
1.688381038847811227e-18 -5.727992435314438331e-19 3.467481345964036399e-18
1.754809973821504707e-18 -5.953358896212007411e-19 3.663420520720447123e-18
1.801303791539805478e-18 -6.111093593036842561e-19 3.813502918738500463e-18
1.823772442068082947e-18 -6.187320614923646954e-19 3.907216750453495841e-18
1.819803018803345752e-18 -6.173853942228647963e-19 3.938120065150196500e-18
1.788854722603767404e-18 -6.068858896391264767e-19 3.904281361132431319e-18
1.732193267420472318e-18 -5.876629560938832814e-19 3.808097392056276822e-18
1.652745101872243580e-18 -5.607094188211320700e-19 3.655965443601644833e-18
1.554878471963265786e-18 -5.275072369864997529e-19 3.457869587147327894e-18
1.443988290736148077e-18 -4.898866886660741584e-19 3.226612673328866205e-18
1.325894087305952377e-18 -4.498221155179314874e-19 2.976623214248582870e-18
1.206320301348561988e-18 -4.092555774507806098e-19 2.722759170857926546e-18
1.090638645185275984e-18 -3.700094804037321872e-19 2.479362325469451525e-18
9.835469752494684701e-19 -3.336776225092705376e-19 2.258849952579788079e-18
8.882245899743637017e-19 -3.013386022824639681e-19 2.069098846716353283e-18
8.052491974400348281e-19 -2.731884125936150470e-19 1.910684267988787875e-18
7.322701318785223435e-19 -2.484295717656217358e-19 1.776419519700399179e-18
6.650130226182546711e-19 -2.256119667372590134e-19 1.654302406142350301e-18
5.990326001959110858e-19 -2.032274936712639989e-19 1.532155399501742811e-18
5.310480730045998303e-19 -1.801631022148725429e-19 1.401042414970668422e-18
4.592367633998032843e-19 -1.558004273491074491e-19 1.256007372591519411e-18
3.827899326211425406e-19 -1.298651052060345581e-19 1.094957695915667611e-18
3.014120197077305233e-19 -1.022568731469268921e-19 9.173733222012664442e-19
2.151540811801245298e-19 -7.299305420738971507e-20 7.237873885992550481e-19
1.245361377905863867e-19 -4.225006639183594704e-20 5.159556744850553478e-19
3.074593676413627611e-20 -1.043085284133602380e-20 2.972198222811706247e-19
-6.428581253884836313e-20 2.180957403746866402e-20 7.261639112910576486e-20
-1.581494532442359641e-19 5.365370645307212189e-20 -1.517489460491323850e-19
-2.486618786822800256e-19 8.436090632582760911e-20 -3.703307305549715054e-19
-3.347177953146430876e-19 1.135561868528305578e-19 -5.801363575735212803e-19
-4.166822989262681318e-19 1.413634118064397931e-19 -7.816863378727314766e-19
-4.959466743581307608e-19 1.682546069653358815e-19 -9.780214595495379710e-19
-5.738382233292026008e-19 1.946800675964154101e-19 -1.172155682124471620e-18
-6.504492011643347562e-19 2.206710681744599157e-19 -1.364286434460379985e-18
-7.239653221793463650e-19 2.456120944556968291e-19 -1.550145028355085935e-18
-7.908783861168256009e-19 2.683129702796163895e-19 -1.721420180127394582e-18
-8.471294031474100070e-19 2.873966549776575445e-19 -1.868400594121210344e-18
-8.897601427375317632e-19 3.018595420683612476e-19 -1.983873951213143715e-18
-9.182733259011438161e-19 3.115329149895075856e-19 -2.066387880581486327e-18
-9.349697120844241926e-19 3.171973228686281246e-19 -2.121106056391018828e-18
-9.440749416035864947e-19 3.202863554277414175e-19 -2.157785689233301267e-18
-9.501249297698602303e-19 3.223388782601935569e-19 -2.186942082993137476e-18
-9.563811772963104959e-19 3.244613837069120996e-19 -2.216033432213621730e-18
-9.639198419612891164e-19 3.270189526091458173e-19 -2.247264705550262424e-18
-9.717047205304988879e-19 3.296600398551328751e-19 -2.277783210864817739e-18
-9.775539873096516469e-19 3.316444478494573752e-19 -2.302027014170884363e-18
-9.796059909022702975e-19 3.323406094625851244e-19 -2.315005184248234535e-18
-9.780227010386044915e-19 3.318034705715837148e-19 -2.314506900421333684e-18
-9.771809643357813619e-19 3.315179042474092331e-19 -2.300362262273389590e-18
-9.867340738791444030e-19 3.347588762354236246e-19 -2.271339115359827350e-18
-1.014762421430927365e-18 3.442677422977875218e-19 -2.224295721283187694e-18
-1.049917698060195927e-18 3.561945000496288728e-19 -2.159114358644419785e-18
-1.049198663401177508e-18 3.559505698967597532e-19 -2.083398407970417891e-18
-9.560323511609371247e-19 3.243430196370612429e-19 -2.006135144706285878e-18
-7.428544193366843188e-19 2.520203771391492230e-19 -1.922260335257628689e-18
-4.364690540724398025e-19 1.480762411853347099e-19 -1.805688065004711280e-18
-9.948967102026307385e-20 3.375280619155985100e-20 -1.621454969062677788e-18
2.099924532067509263e-19 -7.124192021863226406e-20 -1.345924321346807996e-18
4.636662498489681845e-19 -1.573031479328255032e-19 -9.781071707460136636e-19
6.623047923439548260e-19 -2.246931731978252548e-19 -5.374981861794374546e-19
8.229510941673899605e-19 -2.791939635723717618e-19 -5.530361717096876601e-20
9.703246424355332136e-19 -3.291918305855559316e-19 4.327295313852916633e-19
1.130768703686623585e-18 -3.836240091651318930e-19 8.917576412938513416e-19
1.319194821498149820e-18 -4.475493755482555325e-19 1.295007679803640979e-18
1.530058852413678820e-18 -5.190870115545191397e-19 1.627282985654871835e-18
1.743881260057035460e-18 -5.916282772073916833e-19 1.880520665085086626e-18
1.930410898823628646e-18 -6.549101861930199443e-19 2.052014376926079833e-18
2.040077222406477118e-18 -6.921155065471366400e-19 2.150550593099131338e-18
2.017079142243977289e-18 -6.843131784933491385e-19 2.194704497205632498e-18
1.848173839161425999e-18 -6.270104106525237909e-19 2.194595994498280943e-18
1.594079204476452413e-18 -5.408063719262286275e-19 2.138836655975324642e-18
1.345647079512327406e-18 -4.565234552316416580e-19 2.011867469040450170e-18
1.135443642504665971e-18 -3.852099997954719309e-19 1.828381079198629533e-18
9.025512370381340516e-19 -3.061990364154802232e-19 1.642310081462689203e-18
5.513847893848198155e-19 -1.870624865328053079e-19 1.514366122457600470e-18
3.891121444955432356e-20 -1.320106167612126252e-20 1.469843150230469406e-18
-5.939320925476147357e-19 2.014969871978125291e-19 1.485235220452478445e-18
-1.260254819519506738e-18 4.275533879399286526e-19 1.509008581679047465e-18
-1.885767105261865914e-18 6.397644532432844568e-19 1.493400315477954564e-18
-2.437094006737267485e-18 8.268072978785967776e-19 1.413326308773602297e-18
-2.909505723466143922e-18 9.870773362145276958e-19 1.266177508347861548e-18
-3.304132264862637555e-18 1.120958053643321112e-18 1.063898781106142899e-18
-3.628347555577739173e-18 1.230951178779963605e-18 8.309831679331503166e-19
-3.913474717011372696e-18 1.327683344507606977e-18 6.062573499631035193e-19
-4.203758942590262349e-18 1.426165053060527559e-18 4.304214502866560132e-19
-4.493444395876038294e-18 1.524443551274417999e-18 3.122782861402084331e-19
-4.668876814086484515e-18 1.583960611511096329e-18 2.012908325175426827e-19
-4.540827502646338099e-18 1.540518656012195800e-18 4.595525518367256534e-21
-3.964462017863918554e-18 1.344981235580204354e-18 -3.545647979539186625e-19
-2.941803359884048888e-18 9.980346275240916718e-19 -8.864541344555991173e-19
-1.617178435178036828e-18 5.486430663855282078e-19 -1.534044383479872036e-18
-1.852944116623012918e-19 6.286283588136556686e-20 -2.213328527190946823e-18
1.200264074596224986e-18 -4.072009613174137444e-19 -2.855171237529216312e-18
2.462101557856221491e-18 -8.352912160892440021e-19 -3.422989888353652070e-18
3.590688801386223904e-18 -1.218175071006491423e-18 -3.911174373143509486e-18
4.627037846659208159e-18 -1.569766232018465160e-18 -4.338668036446250597e-18
5.639983964732599030e-18 -1.913417767185198045e-18 -4.738729591053774932e-18
6.691286564336191711e-18 -2.270082174435742043e-18 -5.142109434795697847e-18
7.808502410391492522e-18 -2.649108348345743922e-18 -5.563550821204614435e-18
8.975386347978379668e-18 -3.044984899297867523e-18 -5.996567825364125560e-18
1.008193411604668754e-17 -3.420391642588939211e-18 -6.389956895688150677e-18
1.071158145966853852e-17 -3.634005251295325224e-18 -6.549526509622934250e-18
9.670498189953922389e-18 -3.280807744602554343e-18 -5.920928029386597160e-18
4.492023985310879439e-18 -1.523961385260237242e-18 -3.360786379198025159e-18
-8.260041063212779393e-18 2.802297126034300035e-18 2.723357588089060127e-18
-3.117131612739387616e-17 1.057516376907345274e-17 1.353162689266503723e-17
-6.343461639891963021e-17 2.152079366718749442e-17 2.869498591856045391e-17
-9.977050009372982812e-17 3.384808598939348634e-17 4.577297817006308360e-17
-1.321411711320256787e-16 4.483014223630659473e-17 6.104305973996348364e-17
-1.531689958091589279e-16 5.196403120707879843e-17 7.108045596336295769e-17
-1.588710269522189252e-16 5.389850062686378567e-17 7.402482693532666991e-17
-1.492628316690729060e-16 5.063882947647011498e-17 6.986343867865444583e-17
-1.271874304701262626e-16 4.314953800525922759e-17 5.989328711840540903e-17
-9.662985650310680349e-17 3.278258938284561184e-17 4.594408610740668429e-17
-6.146619571039705071e-17 2.085298525791853932e-17 2.980127243681882723e-17
-2.488291764692503107e-17 8.441764657213561619e-18 1.293835117574405919e-17
1.072124450890842925e-17 -3.637282007493695017e-18 -3.528964209060838031e-18
4.361680785961572425e-17 -1.479741347248848815e-17 -1.879047363276560324e-17
7.260523197934944188e-17 -2.463201241787608578e-17 -3.228120714337506135e-17
9.694444514748172904e-17 -3.288932055932731932e-17 -4.364974641141480853e-17
1.163220952430989040e-16 -3.946337011062737726e-17 -5.274620860878259406e-17
1.308295432770244481e-16 -4.438515880009891198e-17 -5.960831817155323683e-17
1.409044291917656797e-16 -4.780316027399582190e-17 -6.443208891136572582e-17
1.472115620173713922e-16 -4.994291550420684767e-17 -6.751489624740971853e-17
1.504529771327374147e-16 -5.104259584686313664e-17 -6.916819621960623917e-17
1.511920546573195103e-16 -5.129333432709652743e-17 -6.963934469477680130e-17
1.498377414643322730e-16 -5.083387034450385689e-17 -6.910842109013307633e-17
1.468028909055221045e-16 -4.980426879882156480e-17 -6.776427611030057036e-17
1.426214345354406030e-16 -4.838567157664611133e-17 -6.585897968454777246e-17
1.378029251570228438e-16 -4.675094735898736969e-17 -6.363841955339305274e-17
1.325053815063974459e-16 -4.495370490930641867e-17 -6.118734110796039225e-17
1.263648550160684161e-16 -4.287047259248684329e-17 -5.834640934853934429e-17
1.186974346693248710e-16 -4.026922769156361985e-17 -5.480249822303200173e-17
1.089247370264761594e-16 -3.695374776716155521e-17 -5.028485312247698440e-17
9.687713878073943776e-17 -3.286648629776100045e-17 -4.470784616418426218e-17
8.278293461780188366e-17 -2.808489427304664763e-17 -3.817030264578960011e-17
6.705574053982615978e-17 -2.274929463802189268e-17 -3.086049634562356256e-17
5.012850280290515772e-17 -1.700656898227356342e-17 -2.297943200385694682e-17
3.245396684830472801e-17 -1.101031530949488004e-17 -1.473825806202684192e-17
1.458862214246625916e-17 -4.949327868330334728e-18 -6.394134346555029017e-18
-2.778628644177700949e-18 9.426761114731839492e-19 1.737221276139912504e-18
-1.890056584941582460e-17 6.412195611851444074e-18 9.314114401357386004e-18
-3.311266960957764203e-17 1.123378631180468702e-17 1.603145320980679566e-17
-4.499479036553912977e-17 1.526490851297310959e-17 2.169334300922942661e-17
-5.450610802735474943e-17 1.849171316536904079e-17 2.627456988669421607e-17
-6.202526817148737163e-17 2.104265913959974985e-17 2.993983994780597084e-17
-6.823961043240237998e-17 2.315093314467369718e-17 3.299478814315315785e-17
-7.389912113622084207e-17 2.507097560907454987e-17 3.577529579031160999e-17
-7.953616120602284861e-17 2.698339527688969872e-17 3.852068248605311980e-17
-8.528788193668463406e-17 2.893472110504170248e-17 4.129290607327999215e-17
-9.091246486380238277e-17 3.084291363163315761e-17 4.398322630435055056e-17
-9.597724036495303793e-17 3.256118638176736425e-17 4.639646373070525879e-17
-1.000880065551083653e-16 3.395580296690049582e-17 4.835381968942501347e-17
-1.030179005777145349e-16 3.494979783757281516e-17 4.975049166452734866e-17
-1.046962635617571174e-16 3.551919864881157749e-17 5.055065457820674422e-17
-1.051320193340683872e-16 3.566703247356775486e-17 5.075376852351465501e-17
-1.043650768703830996e-16 3.540683955129829057e-17 5.037414677575589160e-17
-1.024711022695048549e-16 3.476429040312443419e-17 4.944443378207454077e-17
-9.958107982096529182e-17 3.378382309895032701e-17 4.802488239374808836e-17
-9.587434215440738364e-17 3.252627802586344955e-17 4.619967835203217797e-17
-9.154169558707730652e-17 3.105638662982035115e-17 4.405934160580155774e-17
-8.674459030019578370e-17 2.942892302388880225e-17 4.168160763859356145e-17
-8.159507004420479192e-17 2.768189970112359767e-17 3.912211262552554103e-17
-7.616486336008269556e-17 2.583965075438887567e-17 3.641840611874622794e-17
-7.051781075918840511e-17 2.392383452385537397e-17 3.360454262034924394e-17
-6.474492801239230527e-17 2.196532924650004575e-17 3.072697586784206404e-17
-5.897086422090539426e-17 2.000642362234014084e-17 2.784760952645734745e-17
-5.331799092942399430e-17 1.808863300114506113e-17 2.502748339745979031e-17
-4.785500061457539713e-17 1.623526187273476369e-17 2.230286142732178074e-17
-4.257425853420212406e-17 1.444372015662170358e-17 1.967367324272158555e-17
-3.741244930840015628e-17 1.269252741331733111e-17 1.711151862569951987e-17
-3.228934859074695769e-17 1.095446702358094803e-17 1.457686159977482314e-17
-2.713517372271642782e-17 9.205864410128764901e-18 1.203252832852786465e-17
-2.190111510634781016e-17 7.430160601327504612e-18 9.450573522926002967e-18
-1.656371155593953550e-17 5.619395998714903169e-18 6.816303967624076919e-18
-1.113035060515419802e-17 3.776076787311241557e-18 4.131993251955203184e-18
-5.644496771923416706e-18 1.914949000466379029e-18 1.419624750103324979e-18
-1.850747190625744798e-19 6.278834318664877112e-20 -1.279574484376258329e-18
5.144458930250014074e-18 -1.745306346377785233e-18 -3.910862530522470884e-18
1.023639999214494112e-17 -3.472795484541960491e-18 -6.416736810128721625e-18
1.500176393237571128e-17 -5.089490338882691817e-18 -8.749519885755375474e-18
1.938799715231499105e-17 -6.577561491044277728e-18 -1.088145975779261246e-17
2.338607481518080819e-17 -7.933947215904304874e-18 -1.280895106237457949e-17
2.702481967400613129e-17 -9.168425803607171293e-18 -1.454933224205725395e-17
3.035383673152887698e-17 -1.029782626291259058e-17 -1.613116870094038473e-17
3.342094179302291136e-17 -1.133837066908927920e-17 -1.758162387570669939e-17
3.625261864812577593e-17 -1.229904385831695980e-17 -1.891575602699464667e-17
3.884426945013878702e-17 -1.317828596707623926e-17 -2.013136784978976028e-17
4.116325872374660285e-17 -1.396502507576108060e-17 -2.121083011658389391e-17
4.316424058295702545e-17 -1.464387707932531348e-17 -2.212930550978720100e-17
4.481082158177517025e-17 -1.520249518635161625e-17 -2.286612146934588509e-17
4.609206972997625623e-17 -1.563717068389044275e-17 -2.341352086243567127e-17
4.702484819428608486e-17 -1.595362460607638717e-17 -2.377827961935013368e-17
4.764422332076126319e-17 -1.616375356529415946e-17 -2.397708109477581079e-17
4.799280938677680350e-17 -1.628201473189349927e-17 -2.403088097492650812e-17
4.811612242159665678e-17 -1.632384982788295925e-17 -2.396202677543655923e-17
4.805989503834009336e-17 -1.630477415551675075e-17 -2.379264551463117824e-17
4.786135949353282655e-17 -1.623741909568405260e-17 -2.354066280783290514e-17
4.753489963136624619e-17 -1.612666446339404855e-17 -2.321345663156080242e-17
4.706250448041779978e-17 -1.596639988246676789e-17 -2.280376106845514081e-17
4.639924233648208318e-17 -1.574138195313451125e-17 -2.229244538158191268e-17
4.549431105222115817e-17 -1.543437549465898692e-17 -2.165838017803591535e-17
4.431821609035116104e-17 -1.503537414380380840e-17 -2.089105597851236072e-17
4.288235074109167547e-17 -1.454824316075755113e-17 -1.999973768147106271e-17
4.123961666986771071e-17 -1.399093006457345048e-17 -1.901381816422097119e-17
3.946330508436896428e-17 -1.338829962634178792e-17 -1.797284108297120404e-17
3.761424905678585074e-17 -1.276098988332715819e-17 -1.691075088177091265e-17
3.571537875799102946e-17 -1.211678022636896836e-17 -1.584331756434871160e-17
3.374875454416838846e-17 -1.144958439198959489e-17 -1.476595732265690847e-17
3.167455339649976032e-17 -1.074589194155685466e-17 -1.366199640104564662e-17
2.945757909369143101e-17 -9.993762451893519939e-18 -1.251482200591920460e-17
2.708527124597675471e-17 -9.188934653516485800e-18 -1.131649697474893350e-17
2.457094313120786761e-17 -8.335925011362521945e-18 -1.006988628991645273e-17
2.194758013516759287e-17 -7.445924264172020879e-18 -8.786633268420298354e-18
1.926094956463210910e-17 -6.534459452389809902e-18 -7.484863545548846618e-18
1.656454715702944859e-17 -5.619679404306675755e-18 -6.187628817483141900e-18
1.391232390050621578e-17 -4.719887543527888509e-18 -4.920062718287989405e-18
1.134702766311310780e-17 -3.849586489302253756e-18 -3.704059015379488324e-18
8.889308269694644708e-18 -3.015781926464184938e-18 -2.552794247876317226e-18
6.535710823728315666e-18 -2.217301708697861163e-18 -1.469084017646904594e-18
4.268919844130382678e-18 -1.448271446648669335e-18 -4.493942376099132592e-19
2.075807314337043804e-18 -7.042372907589164733e-19 5.084367775496140487e-19
-3.670935501330668601e-20 1.245398860132849569e-20 1.398328154986952687e-18
-2.038439720094443822e-18 6.915599284019509047e-19 2.204811669482299042e-18
-3.889356707777733261e-18 1.319501028297960500e-18 2.909553808163258572e-18
-5.562407335386146151e-18 1.887099290785165882e-18 3.502031189518182391e-18
-7.060759917127204925e-18 2.395429585311815405e-18 3.987342318905199076e-18
-8.418487458407970771e-18 2.856051509555319563e-18 4.386120318383985138e-18
-9.685864548946577205e-18 3.286021183597503986e-18 4.727182834423771695e-18
-1.090957614318572100e-17 3.701176939749566282e-18 5.037798908320968338e-18
-1.211772901801208681e-17 4.111054249363854574e-18 5.336275464483415414e-18
-1.331316113165632134e-17 4.516615864723173162e-18 5.628720556101011113e-18
-1.447383278012603384e-17 4.910384675119578575e-18 5.909557409875353746e-18
-1.555922311360946643e-17 5.278613648116428936e-18 6.165101206378294009e-18
-1.652311906985323207e-17 5.605624487134040738e-18 6.379966484458468853e-18
-1.733090147872208178e-17 5.879672323354249326e-18 6.545054686935880877e-18
-1.797368792370748828e-17 6.097743708536790712e-18 6.663485721468253488e-18
-1.846948718574867430e-17 6.265948323826972090e-18 6.750068156762483216e-18
-1.884838082422994567e-17 6.394491565986023452e-18 6.823302295516856485e-18
-1.913020954177779706e-17 6.490104569846465578e-18 6.894277046465938053e-18
-1.930884735718330359e-17 6.550709153358375211e-18 6.959264865349877281e-18
-1.935241378780812120e-17 6.565489499570058446e-18 7.000423723504421399e-18
-1.921880691985607327e-17 6.520162089696188394e-18 6.994035155076692413e-18
-1.887800938017103471e-17 6.404543280786927862e-18 6.921837832822402522e-18
-1.833036127480954910e-17 6.218748491020279313e-18 6.780114672365652971e-18
-1.761327439134706235e-17 5.975470022583630471e-18 6.582880321612567116e-18
-1.679454087959119373e-17 5.697706937003153318e-18 6.358414414036770834e-18
-1.595478321969030630e-17 5.412811182163523177e-18 6.140670066446367268e-18
-1.516406136576883390e-17 5.144551289377510363e-18 5.958230808414601157e-18
-1.445973612413066649e-17 4.905602295852428004e-18 5.824286986465508133e-18
-1.383421839439498507e-17 4.693389494956341271e-18 5.731539621455029345e-18
-1.323971342895337735e-17 4.491698034437208943e-18 5.654988715273973227e-18
-1.261088583298408125e-17 4.278362337712012539e-18 5.562650127882316282e-18
-1.189733896822243487e-17 4.036284819937841728e-18 5.430319441339021978e-18
-1.109084940068513073e-17 3.762675589186516642e-18 5.253689128470847901e-18
-1.023315747796065181e-17 3.471695463719456186e-18 5.051551686985397434e-18
-9.400332100444599556e-18 3.189151580591628342e-18 4.858298822722901326e-18
-8.673084186146121723e-18 2.942425866059798261e-18 4.710095491960585971e-18
-8.109188566081759632e-18 2.751118943415791035e-18 4.632156611192079624e-18
-7.729900555790811377e-18 2.622441916740571232e-18 4.632470027700116340e-18
-7.521973108680414544e-18 2.551900551008056997e-18 4.702723497534829420e-18
-7.449713485226894052e-18 2.527385789256194383e-18 4.823925555677208804e-18
-7.470684457720416329e-18 2.534500399065758340e-18 4.973813467966823082e-18
-7.550071072230281444e-18 2.561433047555269198e-18 5.133686073991193755e-18
-7.669268244520692513e-18 2.601871806781844651e-18 5.292427782654825896e-18
-7.825795894210115700e-18 2.654975283356862310e-18 5.446454574471007955e-18
-8.025010383233433131e-18 2.722560692837102289e-18 5.596000564153163118e-18
-8.265168278930284469e-18 2.804036534073305442e-18 5.738561551716009904e-18
-8.513936007034218727e-18 2.888433357774811965e-18 5.858584418423173906e-18
-8.671472152625364609e-18 2.941878981050521792e-18 5.910907254712311268e-18
-8.521608518558668343e-18 2.891036295461991460e-18 5.798407949944993539e-18
-7.692373458742297925e-18 2.609710498727403602e-18 5.353531119165786273e-18
-5.668676180489687896e-18 1.923152090703665451e-18 4.343430810795256961e-18
-1.896853514271436199e-18 6.435255451173446291e-19 2.517261470825579483e-18
4.024031879659433096e-18 -1.365190865817969418e-18 -3.064150146466977167e-19
1.213398982909503419e-17 -4.116570796529510024e-18 -4.144017337766381815e-18
2.198942987828180246e-17 -7.460122042809331342e-18 -8.790289610722538209e-18
3.269546487556558309e-17 -1.109224572674551662e-17 -1.383282691027437515e-17
4.308469610600184874e-17 -1.461689070662209718e-17 -1.873401108670040015e-17
5.196632343331756369e-17 -1.763006673645725539e-17 -2.294524758410180246e-17
5.835216784926831941e-17 -1.979652478907375130e-17 -2.601050118583674888e-17
6.159726217752249218e-17 -2.089745380633641890e-17 -2.763059876330396215e-17
6.144120851594049289e-17 -2.084451160914525725e-17 -2.768213623081126783e-17
5.797264761795201085e-17 -1.966776983537042853e-17 -2.620137876658748057e-17
5.155163281981702027e-17 -1.748937891111478760e-17 -2.334917423918506944e-17
4.271916505838864005e-17 -1.449287936917062759e-17 -1.937017969127170670e-17
3.211154185142178483e-17 -1.089414277578291103e-17 -1.455424657616555460e-17
2.038792166730404000e-17 -6.916794948486380044e-18 -9.203611553076831852e-18
8.174210926591978412e-18 -2.773179380142143069e-18 -3.607165419479450008e-18
-3.976875598351910921e-18 1.349191411401172656e-18 1.978277038696505666e-18
-1.561115564016708743e-17 5.296231592197214279e-18 7.340196626104889792e-18
-2.638442862268897465e-17 8.951166333455805068e-18 1.231615090304810115e-17
-3.606004173439118827e-17 1.223370933214491533e-17 1.679302940440368479e-17
-4.449476210278723704e-17 1.509526883610681128e-17 2.070081852698662445e-17
-5.161965148838897921e-17 1.751245576678758663e-17 2.400400638252978297e-17
-5.742293096768506644e-17 1.948127338010680374e-17 2.669387140193754231e-17
-6.193460422075882136e-17 2.101190077151321130e-17 2.878148488094389204e-17
-6.521227045357872719e-17 2.212387953031383206e-17 3.029121065050519722e-17
-6.732826204865696168e-17 2.284175015451048560e-17 3.125482757131473524e-17
-6.835566375817096674e-17 2.319030602121248739e-17 3.170504648418436040e-17
-6.835695006081683446e-17 2.319074195589486892e-17 3.167016288316992562e-17
-6.738056859133573412e-17 2.285949515725913343e-17 3.117237072622303963e-17
-6.546667594130660026e-17 2.221018888705706151e-17 3.023037795748433894e-17
-6.265855314586858135e-17 2.125750673478223114e-17 2.886473245950900282e-17
-5.901271400680125638e-17 2.002062141193926677e-17 2.710256017427676321e-17
-5.460315543565104919e-17 1.852463688241420506e-17 2.497955706450995733e-17
-4.951964730214462258e-17 1.680000835337500254e-17 2.253904280239169507e-17
-4.386392416320518966e-17 1.488125064174151192e-17 1.982986618585633566e-17
-3.774782427906200980e-17 1.280630598512525990e-17 1.690520116720835597e-17
-3.129376723139107943e-17 1.061670615149730875e-17 1.382257144271793616e-17
-2.463438793523440426e-17 8.357448958345776730e-18 1.064365928567609740e-17
-1.790722870926937732e-17 6.075196695860910069e-18 7.431942778484124890e-18
-1.124369691941035938e-17 3.814530488154183211e-18 4.247823150368599133e-18
-4.756021787422252995e-18 1.613525324339680518e-18 1.142933946400738197e-18
1.472026281103523853e-18 -4.993988624657557456e-19 -1.843794571334582912e-18
7.386909900500405575e-18 -2.506079005122083817e-18 -4.686650265110031186e-18
1.296000739182549373e-17 -4.396805022901083749e-18 -7.370519153061967460e-18
1.817833793290641986e-17 -6.167173023059257733e-18 -9.886657901988323912e-18
2.303486774792524552e-17 -7.814796697060640753e-18 -1.222849177867703048e-17
2.752090546076478191e-17 -9.336727399061019601e-18 -1.438849821917064081e-17
3.162177635043433496e-17 -1.072798658888710565e-17 -1.635657378915783486e-17
3.531591024900837276e-17 -1.198125645054124234e-17 -1.811986672333005091e-17
3.857696308258502702e-17 -1.308759949979656849e-17 -1.966394408371415874e-17
4.137861101642791619e-17 -1.403808512841481072e-17 -2.097518073628572294e-17
4.370133957709643808e-17 -1.482609277746090302e-17 -2.204407520392636756e-17
4.553945526928720013e-17 -1.544969091148479447e-17 -2.286861330677866296e-17
4.690560286934745279e-17 -1.591316953607149502e-17 -2.345628656382327705e-17
4.783063049190851817e-17 -1.622699388369543399e-17 -2.382375791627909809e-17
4.835870830524454477e-17 -1.640614914768770375e-17 -2.399421733264723703e-17
4.853956955446220697e-17 -1.646750798895986886e-17 -2.399331560760448337e-17
4.842025259555095321e-17 -1.642702861060435987e-17 -2.384488089360279233e-17
4.803811450665146872e-17 -1.629738472599515849e-17 -2.356747435235054497e-17
4.741645115408108969e-17 -1.608647946592882466e-17 -2.317252575315190290e-17
4.656415387606880701e-17 -1.579732945460553707e-17 -2.266457917364750582e-17
4.548043610531999174e-17 -1.542966803934927621e-17 -2.204388315375408496e-17
4.416372399421716196e-17 -1.498296108933618650e-17 -2.131070869522071617e-17
4.262099917671237435e-17 -1.445957719471114774e-17 -2.046961973400768023e-17
4.087259209625538719e-17 -1.386641363094635505e-17 -1.953147878838093535e-17
3.894946495605737919e-17 -1.321397454239007406e-17 -1.851192956598283245e-17
3.688436105206926916e-17 -1.251336840482844998e-17 -1.742706326225930996e-17
3.470172517095456999e-17 -1.177288843673360519e-17 -1.628867976700176491e-17
3.241182981413701480e-17 -1.099601978642723451e-17 -1.510175560024368928e-17
3.001212170286857203e-17 -1.018189613160229381e-17 -1.386535190312703086e-17
2.749500801231903025e-17 -9.327941505651476595e-18 -1.257639190790412202e-17
2.485820509472384584e-17 -8.433381220602163560e-18 -1.123451806987518997e-17
2.211289847151534858e-17 -7.502010074713645300e-18 -9.845850865574032811e-18
1.928633434285962999e-17 -6.543071408560048212e-18 -8.424010525324548466e-18
1.641791723847407730e-17 -5.569933688535897185e-18 -6.988074049739004527e-18
1.355035024491386242e-17 -4.597084467070239345e-18 -5.558373395585761468e-18
1.071917797472960732e-17 -3.636582480639082754e-18 -4.151730024875115505e-18
7.944856739953501155e-18 -2.695367805488360009e-18 -2.777983630678469502e-18
5.230703703386375822e-18 -1.774565744340376698e-18 -1.439284103037791892e-18
2.567783583928594476e-18 -8.711448762158037328e-19 -1.325094173471607683e-19
-5.518164830579414358e-20 1.872086877235741107e-20 1.146198327687287341e-18
-2.641157109866241050e-18 8.960375247950352024e-19 2.396754267849689575e-18
-5.178041842709036449e-18 1.756699676669846229e-18 3.612283345843353370e-18
-7.638406900663321233e-18 2.591401783388646676e-18 4.779166862378947117e-18
-9.985058617741496393e-18 3.387525578412071163e-18 5.879712933036797311e-18
-1.217942005743874316e-17 4.131983451428836061e-18 6.896081035115753263e-18
-1.418941475166235593e-17 4.813893191931233936e-18 7.813901193294585268e-18
-1.599465543063372521e-17 5.426338174029925702e-18 8.624637409916530167e-18
-1.758810759258490188e-17 5.966931895910928282e-18 9.326331874213671941e-18
-1.897437443131617116e-17 6.437236025419912600e-18 9.922707479024910153e-18
-2.016552584798609903e-17 6.841345383997098009e-18 1.042107143478858987e-17
-2.117611693779636272e-17 7.184197959196510263e-18 1.082992265136053555e-17
-2.201919800595818178e-17 7.470221183953735975e-18 1.115712288574967422e-17
-2.270444658989641972e-17 7.702698268771970925e-18 1.140898042593070129e-17
-2.323854033015947151e-17 7.883894622366688137e-18 1.159022361954287556e-17
-2.362709441657678216e-17 8.015715261232707819e-18 1.170463311476768242e-17
-2.387685895688856320e-17 8.100450284197954728e-18 1.175580800054700052e-17
-2.399654700821876307e-17 8.141055563383260349e-18 1.174740812551457426e-17
-2.399542599378971471e-17 8.140675230793784089e-18 1.168253379608385137e-17
-2.388060495302954357e-17 8.101721123136869711e-18 1.156271078536605482e-17
-2.365528308832044615e-17 8.025278518312902540e-18 1.138753060587515931e-17
-2.331966099868080251e-17 7.911415578494197946e-18 1.115555990463985955e-17
-2.287408087761071953e-17 7.760248306309572102e-18 1.086613757991005094e-17
-2.232225500454987454e-17 7.573036169027037365e-18 1.052112905491571828e-17
-2.167268334478634275e-17 7.352662826862434524e-18 1.012577784968232536e-17
-2.093791977250861530e-17 7.103387307973504201e-18 9.688274369295130004e-18
-2.013257606390260171e-17 6.830166850965798547e-18 9.218410936747708415e-18
-1.927121452754675415e-17 6.537941780273237240e-18 8.726076806741417063e-18
-1.836697761863004192e-17 6.231170872856757925e-18 8.220115320272102828e-18
-1.743130861557119209e-17 5.913736300647097254e-18 7.707773880032619193e-18
-1.647455042880280156e-17 5.589147011748741920e-18 7.194753836875652472e-18
-1.550673975898615293e-17 5.260808112194913813e-18 6.685605135025317472e-18
-1.453782418007812949e-17 4.932094360288547213e-18 6.184110758234869534e-18
-1.357701214691255212e-17 4.606129807772838731e-18 5.693465713333382996e-18
-1.263171807388661755e-17 4.285429836357158014e-18 5.216313170956986835e-18
-1.170685006820683232e-17 3.971659628344328132e-18 4.754783622353893994e-18
-1.080474006114693346e-17 3.665610250423874814e-18 4.310570342831232606e-18
-9.925421257216977575e-18 3.367292988156171535e-18 3.884944307938527433e-18
-9.066889901760602451e-18 3.076028138010138627e-18 3.478625509025443123e-18
-8.225364973647045578e-18 2.790532849329784590e-18 3.091612440849451187e-18
-7.395818074682160663e-18 2.509101231739115510e-18 2.723178829660734842e-18
-6.572893552129449323e-18 2.229916330767672979e-18 2.372098573979426764e-18
-5.751969513848743004e-18 1.951410068357231816e-18 2.036966894925655621e-18
-4.929940530197405673e-18 1.672528942736863893e-18 1.716474515517678054e-18
-4.105507109135843128e-18 1.392832090014864654e-18 1.409576919482201401e-18
-3.279190357476588716e-18 1.112496321047626093e-18 1.115632460736395349e-18
-2.453536116792848653e-18 8.323852960810915457e-19 8.346500449948390828e-19
-1.633660163991119479e-18 5.542346125642141620e-19 5.675744294621866772e-19
-8.276158618594104989e-19 2.807765115183679015e-19 3.163698069291769173e-19
-4.569156114472630288e-20 1.550137016534066340e-20 8.362231702666032101e-20
7.017294708436223989e-19 -2.380682558318103909e-19 -1.284609119465737518e-19
1.406845901816017843e-18 -4.772857120834648962e-19 -3.192584256115969407e-19
2.065863983607034909e-18 -7.008638372308217428e-19 -4.903827510718272488e-19
2.677975000231470391e-18 -9.085282295381513415e-19 -6.451175311775264874e-19
3.242411022938762220e-18 -1.100018500176137601e-18 -7.867622757463751503e-19
3.755486112955099122e-18 -1.274084192024269190e-18 -9.169140280309468093e-19
4.209542202714199383e-18 -1.428127094160265013e-18 -1.034716220696317741e-18
4.594414024018356395e-18 -1.558698467927438943e-18 -1.137357086453990456e-18
4.900503347503849406e-18 -1.662542093548946033e-18 -1.221403019896398982e-18
5.121972349149308919e-18 -1.737677560477714510e-18 -1.284317629597637972e-18
5.259002487636277627e-18 -1.784166419131265415e-18 -1.325658359334421993e-18
5.318737462145123802e-18 -1.804432113042934159e-18 -1.347696330101689415e-18
5.314810389714455838e-18 -1.803099781503448550e-18 -1.355418389569528114e-18
5.265407228860020380e-18 -1.786339218595483554e-18 -1.355915925734300090e-18
5.190132892865278762e-18 -1.760801602631462767e-18 -1.357175165087086249e-18
5.106526497678808283e-18 -1.732437324981460190e-18 -1.366555263402777016e-18
5.027479285272796931e-18 -1.705619883361993122e-18 -1.389544173497544732e-18
4.960628308796727686e-18 -1.682940084525556637e-18 -1.429334760627125391e-18
4.909956435788735029e-18 -1.665749118829315084e-18 -1.487399122256112895e-18
4.878674788689862295e-18 -1.655136515733440036e-18 -1.564697483429047530e-18
4.871664402386811159e-18 -1.652758206920955144e-18 -1.662709827798340964e-18
4.895951795029279836e-18 -1.660997941349128927e-18 -1.783527084628907101e-18
4.958876431341007868e-18 -1.682345739233940391e-18 -1.928885103308773289e-18
5.065051681378295035e-18 -1.718366713056739485e-18 -2.098790478874068426e-18
5.213940879946316113e-18 -1.768878753715249686e-18 -2.290587528490437190e-18
5.399387761170584105e-18 -1.831793299242448347e-18 -2.498943610189317476e-18
5.611233400010380791e-18 -1.903663906448568074e-18 -2.716793615656390830e-18
5.838211474494875116e-18 -1.980668395787989404e-18 -2.936923372235412014e-18
6.071104771535410819e-18 -2.059679701457990172e-18 -3.153611920318470592e-18
6.305232455113432091e-18 -2.139109764514992413e-18 -3.363784444341285993e-18
6.541374780499294025e-18 -2.219223285236667043e-18 -3.567296415449219933e-18
6.784365307063960246e-18 -2.301660141515928819e-18 -3.766104268656029795e-18
7.039048255645490005e-18 -2.388063767208131288e-18 -3.962238472031960503e-18
7.304035076731876689e-18 -2.477963062844552578e-18 -4.154799571890266217e-18
7.564242279975487919e-18 -2.566240805504962428e-18 -4.336497313918839389e-18
7.783412756524492193e-18 -2.640596415220803248e-18 -4.490297873571652524e-18
7.898145861166086159e-18 -2.679520671326417122e-18 -4.586829378239125503e-18
7.815796546174379013e-18 -2.651582905174292368e-18 -4.583508351484686452e-18
7.419355518654657723e-18 -2.517086556772904098e-18 -4.426741974864199894e-18
6.581709301502367225e-18 -2.232907147167121307e-18 -4.058410450308916055e-18
5.188909234984843769e-18 -1.760386551428294826e-18 -3.426490080999244446e-18
3.168110255110024201e-18 -1.074811378231361551e-18 -2.497848019436020826e-18
5.128096525539698311e-19 -1.739755288730019788e-19 -1.269888414990472910e-18
-2.702101261041882361e-18 9.167134329838801232e-19 2.224377345714244029e-19
-6.320017534202684836e-18 2.144125789723916877e-18 1.906344333992730348e-18
-1.011703466823906360e-17 3.432299748357083490e-18 3.677788799934269270e-18
-1.382720335365738629e-17 4.691009532952846144e-18 5.413215072666957868e-18
-1.717294068264822713e-17 5.826082611873342557e-18 6.983660031104311268e-18
-1.989514346383383144e-17 6.749615763120582927e-18 8.268718179612192941e-18
-2.177888435765484712e-17 7.388692497640652254e-18 9.168508195075136920e-18
-2.267209762701364865e-17 7.691723187404720982e-18 9.612367940780866665e-18
-2.249593724579685487e-17 7.631959302891243378e-18 9.563631529868387511e-18
-2.124647247112744483e-17 7.208066901767323927e-18 9.020333764751992977e-18
-1.898838527568549720e-17 6.441989525447030983e-18 8.012226434465880829e-18
-1.584242869918914475e-17 5.374694325165373081e-18 6.594951361312917791e-18
-1.196920268978852975e-17 4.060665811815217236e-18 4.842501168598809068e-18
-7.551954514223198537e-18 2.562072317301155923e-18 2.839221476256431313e-18
-2.780735216060702356e-18 9.433913225520653111e-19 6.724494286104145871e-19
2.160477429079847688e-18 -7.329616033264716090e-19 -1.573399945211437916e-18
7.102895203366532824e-18 -2.409724034246073727e-18 -3.820918784238365107e-18
1.189819820677308024e-17 -4.036576649830115565e-18 -6.002089316329752270e-18
1.642067340440283474e-17 -5.570869642169777690e-18 -8.059278441534463441e-18
2.056735060990840379e-17 -6.977669232714571751e-18 -9.945235941255016172e-18
2.425719493828816479e-17 -8.229483723302602576e-18 -1.162265108793582254e-17
2.743010729410322571e-17 -9.305923961470222771e-18 -1.306365226075738327e-17
3.004608760384970928e-17 -1.019341962624935524e-17 -1.424935574520309887e-17
3.208441673129633519e-17 -1.088494180823909749e-17 -1.516942736905873172e-17
3.354226031849462034e-17 -1.137952901777278496e-17 -1.582139262294494528e-17
3.443216007511303536e-17 -1.168143614338300324e-17 -1.620947174175938587e-17
3.477852896981651773e-17 -1.179894528605855726e-17 -1.634305700414284625e-17
3.461391823916234186e-17 -1.174309972561288903e-17 -1.623520245601776669e-17
3.397599107794284232e-17 -1.152667697704097000e-17 -1.590149087448126090e-17
3.290566813840031092e-17 -1.116355942405237801e-17 -1.535940254920289828e-17
3.144616584925164494e-17 -1.066840917503820888e-17 -1.462808022351854570e-17
2.964237139938161386e-17 -1.005645499088527385e-17 -1.372821825244000515e-17
2.754016947745073409e-17 -9.343263160581661165e-18 -1.268179832488019426e-17
2.518562484962991151e-17 -8.544461395896456653e-18 -1.151158455490183041e-17
2.262414619872652234e-17 -7.675455372939010492e-18 -1.024050511219875690e-17
1.989982284545324526e-17 -6.751203149464239286e-18 -8.891085557677764386e-18
1.705508317171615890e-17 -5.786098482377555669e-18 -7.484974672521241417e-18
1.413059711139265494e-17 -4.793938974032999133e-18 -6.042618365264472471e-18
1.116518999711018832e-17 -3.787896497885479779e-18 -4.583106188545849931e-18
8.195583312891341547e-18 -2.780429012000232161e-18 -3.124097046084528125e-18
5.255929646363529936e-18 -1.783123552395652001e-18 -1.681754281771890236e-18
2.377307603714516319e-18 -8.065238915338668681e-19 -2.706950850635743427e-19
-4.126695258991601143e-19 1.400021826096748742e-19 1.096004992433102185e-18
-3.090156768191155835e-18 1.048365092876244863e-18 2.406774780781224807e-18
-5.635421949641136763e-18 1.911870480221080388e-18 3.651579760742289642e-18
-8.033287734439870844e-18 2.725369114598967966e-18 4.822125500234829997e-18
-1.027350115877623108e-17 3.485382539417478954e-18 5.912197699007628913e-18
