-2.328350800802323541e-35 2.404886310429328381e-34 -2.129722621053471026e-34
-9.600091498514892331e-28 9.915657261966914241e-27 -8.782961933444387007e-27
-1.617509539577008966e-24 1.670678879128388804e-23 -1.480211174082497992e-23
-1.992485286939824032e-22 2.057980464507308972e-21 -1.823885417469135448e-21
-4.427236616149992919e-21 4.572764648737497922e-20 -4.054543860048979007e-20
-2.910684572088948727e-20 3.006361865900738550e-19 -2.667710071970962499e-19
-8.032858842135011150e-20 8.296907408347046918e-19 -7.372126647481580297e-19
-1.158819316013944654e-19 1.196910941603976365e-18 -1.066229435069392375e-18
-1.044146000186858802e-19 1.078468208351209685e-18 -9.658121834604665357e-19
-6.910587245674252580e-20 7.137745754601099190e-19 -6.464768644843166846e-19
-3.760542842452536694e-20 3.884155727680857246e-19 -3.606789809226206546e-19
-1.936720951572175234e-20 2.000382462248566209e-19 -1.951798114735799105e-19
-8.213262146443184243e-21 8.483236341286171860e-20 -9.384453733996121339e-20
3.699968876564929480e-21 -3.821591018941335305e-20 1.501885124692987922e-20
1.640486487350165174e-20 -1.694410876244314256e-19 1.318203963330464271e-19
2.813514334967254688e-20 -2.905997241967532529e-19 2.404731671097636626e-19
3.698202460295987212e-20 -3.819766098714507197e-19 3.234791647484144396e-19
4.355993513723148111e-20 -4.499179803737049608e-19 3.863460120640319577e-19
4.876868063400924720e-20 -5.037176170563842021e-19 4.372157118794783974e-19
5.281679589424260550e-20 -5.455294033805145551e-19 4.779278356707469073e-19
5.588785108815636897e-20 -5.772494178665912023e-19 5.101037041140824436e-19
5.761929363925679119e-20 -5.951329843650314528e-19 5.303490002256518134e-19
5.826831032986696487e-20 -6.018364911046619547e-19 5.409133732658652013e-19
5.792435330615633600e-20 -5.982838629591766998e-19 5.425103270537509565e-19
5.674869127722083182e-20 -5.861408062807874231e-19 5.365057929836851557e-19
5.489928431351330991e-20 -5.670388278226529644e-19 5.242376534367667156e-19
5.236774114973353141e-20 -5.408912516985275796e-19 5.055344157094964441e-19
4.932552931092336278e-20 -5.094691192493600178e-19 4.818833943449526181e-19
4.580691406165651369e-20 -4.731263565615425282e-19 4.535088568811167024e-19
4.194056035368387532e-20 -4.331919113211992987e-19 4.214962671420477460e-19
3.780376720640400225e-20 -3.904641773948314513e-19 3.864922480560573175e-19
3.345129526827685823e-20 -3.455087575159626728e-19 3.489616710748520741e-19
2.897556273391016331e-20 -2.992802031165224700e-19 3.097206201042300566e-19
2.440783482508910221e-20 -2.521014566670677780e-19 2.690405591989935922e-19
1.982401841031359657e-20 -2.047565505878389850e-19 2.276148112060184542e-19
1.525947684919769269e-20 -1.576107312694898359e-19 1.857736094596663932e-19
1.075964507369586043e-20 -1.111332748620923956e-19 1.439542383553268703e-19
6.367271635685170343e-21 -6.576571422498771478e-20 1.025720154780709000e-19
2.108123132961351894e-21 -2.177419054325185818e-20 6.188318171560222399e-20
-1.978067887815761898e-21 2.043090811711155686e-20 2.228365654085384221e-20
-5.872608732703590245e-21 6.065650014846221941e-20 -1.601632807671633328e-20
-9.541878732056474575e-21 9.855532432675565005e-20 -5.280272271494955447e-20
-1.266729608123242562e-20 1.308368568973746135e-19 -9.203040317419261378e-20
-1.048855172410233150e-20 1.083332385690374521e-19 -1.996355873065786240e-19
2.310871702944169875e-20 -2.386832374454401544e-19 -7.394608255034631381e-19
1.340322253501067278e-19 -1.384380064395187994e-18 -2.352701732409589843e-18
2.995940455690673700e-19 -3.094420201205541431e-18 -4.725873561611761037e-18
3.844477122174614870e-19 -3.970849195736230407e-18 -5.973419891295471459e-18
2.977731604328209111e-19 -3.075612863023890932e-18 -4.824960842744815504e-18
1.035415448402362891e-19 -1.069450691748319954e-18 -2.165237478366082507e-18
-7.758898265161545891e-20 8.013941554530963538e-19 3.276736803925839909e-19
-1.832848898554378316e-19 1.893096580841639090e-18 1.784007538686217289e-18
-2.264081365112509084e-19 2.338504095840595599e-18 2.379757514598575737e-18
-2.449297107946088709e-19 2.529808092913123793e-18 2.641474043592820459e-18
-2.583821926210350962e-19 2.668754903060851176e-18 2.840072844514478755e-18
-2.631693271953360400e-19 2.718199841373105025e-18 2.924685923771743092e-18
-2.521997041884788418e-19 2.604897767067237415e-18 2.795686066107633527e-18
-2.308218090403863652e-19 2.384091668619124224e-18 2.526786515983776743e-18
-2.130551559127266758e-19 2.200585056494056549e-18 2.312779140639926373e-18
-2.139059733439255816e-19 2.209372920742669201e-18 2.362603350271090847e-18
-2.303735013631877337e-19 2.379461263811818514e-18 2.633934035774972115e-18
-2.321687015288819921e-19 2.398003341961631647e-18 2.702933665040688704e-18
-1.965286642959113029e-19 2.029887669753723467e-18 2.250536400341085612e-18
-1.350537329649545015e-19 1.394930865801830168e-18 1.438046324649811672e-18
-7.625132227680773065e-20 7.875777683944077663e-19 6.637971803840936955e-19
-3.686094397192962219e-20 3.807259591438327173e-19 1.620327414819711447e-19
-1.375854285844548536e-20 1.421079779350401843e-19 -1.113975986311144889e-19
1.548337161407621298e-21 -1.599233310791284072e-20 -2.763834181102242194e-19
1.363104830170331300e-20 -1.407911250070336919e-19 -3.976767329436659871e-19
2.665728455408254791e-20 -2.753353048563719220e-19 -5.338178378176381170e-19
4.372589307885304091e-20 -4.516320296959502566e-19 -7.282513021483141254e-19
6.412095405401264467e-20 -6.622867471086581409e-19 -9.712109618914912096e-19
8.461281074460745299e-20 -8.739412282960503807e-19 -1.217532596955743806e-18
1.018359846711321478e-19 -1.051834412669872793e-18 -1.419657127006579589e-18
1.134720665271868983e-19 -1.172020121362238618e-18 -1.544982643632713420e-18
1.187424676597090421e-19 -1.226456560183906601e-18 -1.583360562316382109e-18
1.221948200106745436e-19 -1.262114916111226334e-18 -1.599078694595225613e-18
1.513452301028146722e-19 -1.563201075917157022e-18 -1.976155335327338006e-18
2.868355428056827749e-19 -2.962641342134155681e-18 -3.840242888111970890e-18
6.236700284025385241e-19 -6.441707425132203197e-18 -8.521425431138295338e-18
1.111055246374286167e-18 -1.147576846259941672e-17 -1.532168603267094999e-17
1.495115062071490319e-18 -1.544261088714252421e-17 -2.070823667263210837e-17
1.547153991131119626e-18 -1.598010541014800008e-17 -2.148614593522822795e-17
1.307023842783325610e-18 -1.349987069989743336e-17 -1.819399589314476216e-17
1.021905570897007766e-18 -1.055496685406651226e-17 -1.426523642396565559e-17
8.611468306287230549e-19 -8.894536294824253334e-18 -1.206223851666100821e-17
7.740599012750884358e-19 -7.995040590215551077e-18 -1.088671799502793575e-17
6.367819238160709250e-19 -6.577135972083403935e-18 -9.014926771108266263e-18
4.112280915561579212e-19 -4.247455666614075431e-18 -5.912353840866423323e-18
1.304279562217770495e-19 -1.347152431627015548e-18 -2.035250577837545081e-18
-1.727061292127939405e-19 1.783831797120387886e-18 2.160268249153526124e-18
-4.891563100466420194e-19 5.052354159578881575e-18 6.551318669836112397e-18
-8.210186536395862674e-19 8.480064211150188318e-18 1.117083607373784102e-17
-1.157689366783115223e-18 1.195743845166080825e-17 1.587423821891812851e-17
-1.446528480075932246e-18 1.494077397980840280e-17 1.992771121916493425e-17
-1.592752361188679754e-18 1.645107810400595954e-17 2.200549272037828437e-17
-1.526468706562460255e-18 1.576645339095966788e-17 2.112570554122372427e-17
-1.277684933789927540e-18 1.319683760866528149e-17 1.769791050444982945e-17
-9.701284872997924961e-19 1.002017622408082680e-17 1.344091431078161896e-17
-7.458830007656650365e-19 7.704009842716678255e-18 1.033756418988006657e-17
-6.892283396095749851e-19 7.118839695865054842e-18 9.572754627737733701e-18
-8.028874529564477778e-19 8.292791418514839090e-18 1.119501440986807711e-17
-1.044918907889166089e-18 1.079266461122075097e-17 1.462440511495602783e-17
-1.358378838786290071e-18 1.403030177738855604e-17 1.906552050199203477e-17
-1.652235556741159805e-18 1.706546283949514332e-17 2.324420239656461151e-17
-1.810216437282677075e-18 1.869720144144019357e-17 2.553402830557787345e-17
-1.768835666041603628e-18 1.826979133240831717e-17 2.504683728210580278e-17
-1.563468564879577002e-18 1.614861421765414379e-17 2.227471886355517174e-17
-1.272780321001656011e-18 1.314617978284840736e-17 1.831132522284339494e-17
-9.412207505962532041e-19 9.721596860946827899e-18 1.376926544416978873e-17
-5.823852599503665113e-19 6.015288719846856144e-18 8.830822199600728666e-18
-2.347350315996292117e-19 2.424510023817963887e-18 4.030252615383097102e-18
3.585942406913699772e-20 -3.703817451853047747e-19 2.896420296316708478e-19
1.941537353323230808e-19 -2.005357672561262735e-18 -1.894646280865294244e-18
2.694508394198108167e-19 -2.783079680843049767e-18 -2.928410055668489168e-18
3.249690276793595910e-19 -3.356511029790457171e-18 -3.691910754305961165e-18
4.037653535582489963e-19 -4.170375460094031469e-18 -4.784030117478149112e-18
5.075755689556522583e-19 -5.242601183730063232e-18 -6.228327638406446117e-18
6.181587792722101148e-19 -6.384783300731450877e-18 -7.773913206546197909e-18
7.221166710418950113e-19 -7.458534359034953651e-18 -9.240719097355931670e-18
8.089314389487435807e-19 -8.355218896643740028e-18 -1.048532130578698751e-17
8.622625535020023432e-19 -8.906060424451873438e-18 -1.127527670665470077e-17
8.689531147625018682e-19 -8.975165107364588539e-18 -1.141928933562101517e-17
8.355179808475475652e-19 -8.629823187268317032e-18 -1.100492640557921762e-17
7.948212576484416661e-19 -8.209478479629044371e-18 -1.049459974141452567e-17
7.974538075435386001e-19 -8.236669360848247875e-18 -1.060212799430470025e-17
8.857728512068429595e-19 -9.148891416643204590e-18 -1.192424466817846194e-17
1.056817409947809623e-18 -1.091556130590132916e-17 -1.441667623268502944e-17
1.246726640167237169e-18 -1.287707866776713300e-17 -1.717544240686653954e-17
1.368640054984473595e-18 -1.413628681874762933e-17 -1.897360834988466178e-17
1.376349592895816515e-18 -1.421591631932663569e-17 -1.916018106588946764e-17
1.289292213324045253e-18 -1.331672587613504264e-17 -1.801152073805708839e-17
1.162851489010324204e-18 -1.201075631730031482e-17 -1.631086143925804726e-17
1.045769357522394505e-18 -1.080144892235252522e-17 -1.474712146474964433e-17
9.590445798470343280e-19 -9.905693782903728053e-18 -1.361633901399707792e-17
8.966648735177675491e-19 -9.261391792664208991e-18 -1.282993501273851941e-17
8.392321063612800050e-19 -8.668185379804178941e-18 -1.210699723062951640e-17
7.705340895453556096e-19 -7.958623516776256759e-18 -1.121180645559830280e-17
6.854410218010157739e-19 -7.079721854667854422e-18 -1.006944555595698691e-17
5.873969390787516079e-19 -6.067052932829151516e-18 -8.731625025723725616e-18
4.832677949565246200e-19 -4.991533164502379489e-18 -7.301260173725275924e-18
3.806715795187502494e-19 -3.931846589635757650e-18 -5.890145773971999523e-18
2.855620721005004148e-19 -2.949487990992684173e-18 -4.582475416719483249e-18
1.969065260269619632e-19 -2.033790418132196997e-18 -3.361874568118061288e-18
1.010300749597780436e-19 -1.043510323069692416e-18 -2.035342860619945780e-18
-1.987879908328850918e-20 2.053224172483334491e-19 -3.527636943088156979e-19
-1.596776734335599873e-19 1.649264508526272281e-18 1.602133616599828406e-18
-2.807435965060035129e-19 2.899719356829782396e-18 3.306534205236001195e-18
-3.507008740752944895e-19 3.622287819514952008e-18 4.308646917705332900e-18
-3.729345876791589501e-19 3.851933433514443248e-18 4.651640763721843040e-18
-3.737224275970917378e-19 3.860070870232474572e-18 4.695194724276718182e-18
-3.714924912733817639e-19 3.837038495441727650e-18 4.689630503324825123e-18
-3.635582557460663009e-19 3.755088027272589963e-18 4.593532264984939355e-18
-3.379105397602651588e-19 3.490180173861395814e-18 4.239446501152102440e-18
-2.919942230303137210e-19 3.015923793648915562e-18 3.595352880224625621e-18
-2.387538568583216185e-19 2.466019432330274263e-18 2.847137490033917511e-18
-1.967133931835378830e-19 2.031795649040038294e-18 2.258038003295023639e-18
-1.764646372506479456e-19 1.822652106326859268e-18 1.978788847283767351e-18
-1.753003972891993985e-19 1.810627014173139299e-18 1.972163573804155639e-18
-1.815923015442926058e-19 1.875614269407430261e-18 2.073998521956530300e-18
-1.845343810514832643e-19 1.906002156346542501e-18 2.130012847538192563e-18
-1.804371103330869826e-19 1.863682639590397440e-18 2.085421551782260393e-18
-1.712713889900240810e-19 1.769012572125194002e-18 1.966483537653437895e-18
-1.613099656148682300e-19 1.666123921401375101e-18 1.834543557992522511e-18
-1.562370356517745286e-19 1.613727085045214333e-18 1.772708880856536403e-18
-1.620657682096731149e-19 1.673930376428731299e-18 1.868192193359322985e-18
-1.814120337783627610e-19 1.873752309382794441e-18 2.157944738226868833e-18
-2.105462841832396884e-19 2.174671492251485904e-18 2.587386748920500971e-18
-2.416410195359185406e-19 2.495840061880243477e-18 3.043766271705194500e-18
-2.680821294947914013e-19 2.768942747651181564e-18 3.432323980691611355e-18
-2.875735442607769275e-19 2.970263981145397130e-18 3.720325066211498065e-18
-3.014119444347114436e-19 3.113196818188924962e-18 3.926621920469736384e-18
-3.118211351083258772e-19 3.220710289185015845e-18 4.083801902078592963e-18
-3.201046774895517587e-19 3.306268505603885150e-18 4.211780686201989748e-18
-3.271455328731643622e-19 3.378991395508654495e-18 4.324398226585671915e-18
-3.347178302640098985e-19 3.457203412683367053e-18 4.447432767030733219e-18
-3.442578350932710478e-19 3.555739406776611601e-18 4.600957065590630189e-18
-3.518929200227645563e-19 3.634600115292061261e-18 4.729668440704385212e-18
-3.445746057823421410e-19 3.559011470529082437e-18 4.649443449657833332e-18
-3.076316509702247447e-19 3.177438496484995871e-18 4.153847539164374097e-18
-2.433077223130806320e-19 2.513055291042601362e-18 3.273640983693489806e-18
-1.782135154439855196e-19 1.840716003474666553e-18 2.380835546153458657e-18
-1.453801413900502535e-19 1.501589454173217935e-18 1.937834019014106382e-18
-1.595703551340359420e-19 1.648155900702992065e-18 2.152447142097365381e-18
-2.110850293674213579e-19 2.180235983341800208e-18 2.891114681100185661e-18
-2.787440184696458755e-19 2.879066180144695006e-18 3.859651618797505140e-18
-3.449899496356313866e-19 3.563301381136164610e-18 4.813613148043038701e-18
-4.010954535362865360e-19 4.142798861317164064e-18 5.630914584256525825e-18
-4.438644425707867593e-19 4.584547219927232728e-18 6.266203577245089248e-18
-4.715287127961280208e-19 4.870283482531242021e-18 6.694093744738160677e-18
-4.836597545750742013e-19 4.995581601810143063e-18 6.908171200515718121e-18
-4.840248527807246447e-19 4.999352572396994509e-18 6.960774716088598755e-18
-4.819989398626429903e-19 4.978427469973958766e-18 6.982447594473134439e-18
-4.875292972583251830e-19 5.035548919326861283e-18 7.111401137353457959e-18
-5.005097812532224136e-19 5.169620582348851535e-18 7.345040374141679993e-18
-5.057652204814109430e-19 5.223902522307685937e-18 7.469983591347309363e-18
-4.809758824494140295e-19 4.967860618685296072e-18 7.172951371252854401e-18
-4.099106867733920000e-19 4.233848806404544885e-18 6.225878895144713614e-18
-2.918798599204757442e-19 3.014742556051929107e-18 4.618163734619808682e-18
-1.452920498699455422e-19 1.500679464329222904e-18 2.606455312895448800e-18
-2.657313485758863712e-21 2.744657654899270641e-20 6.449089784921730799e-19
1.038340749563619192e-19 -1.072472117657912864e-18 -8.163211561653056571e-19
1.577193757580440416e-19 -1.629037758811959014e-18 -1.546589031349575132e-18
1.639547207989887643e-19 -1.693440855654875587e-18 -1.614527518482095631e-18
1.427723674898418420e-19 -1.474654497113145805e-18 -1.302252052218496176e-18
1.178003959672273795e-19 -1.216726213173264448e-18 -9.393004499581547554e-19
1.065742427314819541e-19 -1.100774492798533167e-18 -7.701625247651805781e-19
1.181265237850306038e-19 -1.220094643974094533e-18 -9.209670960701883952e-19
1.555594636920744028e-19 -1.606728641401235370e-18 -1.435772201754805630e-18
2.172033227270324173e-19 -2.243430218071698615e-18 -2.292544861331400337e-18
2.928478292049892633e-19 -3.024740438187930981e-18 -3.349604707364554705e-18
3.600298236634451599e-19 -3.718643811071006093e-18 -4.292910784025427674e-18
3.902732424738587312e-19 -4.031019335072275925e-18 -4.723456026024884345e-18
3.667821296384620221e-19 -3.788386436663663167e-18 -4.405642968097106519e-18
2.995883449117884346e-19 -3.094361279734760130e-18 -3.479703553874512003e-18
2.218458252946554608e-19 -2.291381282537332534e-18 -2.409400736940289156e-18
1.688019266125415485e-19 -1.743506145993463293e-18 -1.687144273164650138e-18
1.582693554060904102e-19 -1.634718234841985902e-18 -1.561007016141996618e-18
1.869740967407180434e-19 -1.931201217478776178e-18 -1.984760670640412979e-18
2.393874335642914500e-19 -2.472563432579167214e-18 -2.742101048314394469e-18
2.976973699965697766e-19 -3.074829947020190961e-18 -3.585505649567735196e-18
3.473990735526058740e-19 -3.588184513231123848e-18 -4.313326784655333292e-18
3.795828209982631390e-19 -3.920601130940402444e-18 -4.801369754140934521e-18
3.922724720966391429e-19 -4.051668829586189189e-18 -5.022000601235650561e-18
3.915393305068936504e-19 -4.044096378177094112e-18 -5.060273131031659154e-18
3.905593614020368793e-19 -4.033974552071721889e-18 -5.100845620053591095e-18
4.037633684885546841e-19 -4.170354936173515478e-18 -5.345594543259360836e-18
4.371147585618158334e-19 -4.514831823998379563e-18 -5.876725210076365205e-18
4.819774732836217453e-19 -4.978205822296151540e-18 -6.570712269091654763e-18
5.196510364598897070e-19 -5.367325122383632834e-18 -7.162763064941337454e-18
5.335944835580838486e-19 -5.511342935805666435e-18 -7.419480355063460225e-18
5.185179813118072029e-19 -5.355622121455894870e-18 -7.266858935453163003e-18
4.801912462979024368e-19 -4.959756402750209095e-18 -6.787014401730361385e-18
4.295436021493194089e-19 -4.436631542662416640e-18 -6.134446734157714909e-18
3.768032941373449372e-19 -3.891892158128919629e-18 -5.453057951482592590e-18
3.276982194307725651e-19 -3.384700064049145491e-18 -4.822435857918058210e-18
2.821615425165293893e-19 -2.914364920664056747e-18 -4.239798853879531869e-18
2.360451567677208256e-19 -2.438042144755640568e-18 -3.644763120280499953e-18
1.848068245894079819e-19 -1.908816223764500783e-18 -2.972073292282537496e-18
1.266153815107794817e-19 -1.307773604808672236e-18 -2.195813690447643926e-18
6.319483563321771479e-20 -6.527211300250140101e-19 -1.341134936777594387e-18
-1.100406514936336381e-21 1.136587490941615353e-20 -4.705641150714991169e-19
-6.059036628275204794e-20 6.258204861319695203e-19 3.350612933703806084e-19
-1.091117890136648174e-19 1.126984134383972995e-18 9.888234206807456606e-19
-1.413180910534562276e-19 1.459633605788116635e-18 1.415963828254104693e-18
-1.576351587799788386e-19 1.628167834788768901e-18 1.622991142796438411e-18
-1.715543965498607416e-19 1.771935661704457548e-18 1.799475795803518487e-18
-2.081294508290025613e-19 2.149708862922294091e-18 2.297112458566997594e-18
-2.879010974657731210e-19 2.973647111641598164e-18 3.404957264119173130e-18
-4.096746680398391657e-19 4.231411062733239521e-18 5.107941483749095720e-18
-5.495191255002716159e-19 5.675823977020993456e-18 7.071866449460236628e-18
-6.763343530939406666e-19 6.985661748840957948e-18 8.860842000933072399e-18
-7.688843581733871854e-19 7.941583915759216691e-18 1.017637360927090549e-17
-8.212828539340868786e-19 8.482792842613289585e-18 1.093523584578977972e-17
-8.373904693295173766e-19 8.649163868910919692e-18 1.119150073698700149e-17
-8.231295790921463642e-19 8.501867425392055349e-18 1.102856521062455528e-17
-7.828941343246782996e-19 8.086287190561523591e-18 1.050822619436152399e-17
-7.193582583762659413e-19 7.430043273694058803e-18 9.667563195499437313e-18
-6.338426721185059074e-19 6.546777282409732867e-18 8.523892708623552024e-18
-5.265362595429526115e-19 5.438440274865056239e-18 7.077831229903375511e-18
-3.974259478941869511e-19 4.104897381286808442e-18 5.326462316232546346e-18
-2.484978157002215170e-19 2.566661915780432116e-18 3.294648091887080462e-18
-8.659706436409803544e-20 8.944358039514845128e-19 1.075891678885194512e-18
7.506551571300402924e-20 -7.753301680259461977e-19 -1.145781916599210779e-18
2.192166196264602896e-19 -2.264224960901820597e-18 -3.127888761347777445e-18
3.308989493177649319e-19 -3.417759166150626893e-18 -4.659523818894500104e-18
4.043217391986888518e-19 -4.176122056248923845e-18 -5.658416093027230135e-18
4.452744086684444235e-19 -4.599110574425437945e-18 -6.205363259774435702e-18
4.676607535485416401e-19 -4.830332641435098904e-18 -6.495559587100063929e-18
4.872801005691786160e-19 -5.032975091709086150e-18 -6.751054998137616358e-18
5.165948306361181308e-19 -5.335758172216751385e-18 -7.147174640648290440e-18
5.615441257751434571e-19 -5.800026220327131714e-18 -7.767734280090636739e-18
6.201262945925326800e-19 -6.405104711503700592e-18 -8.585020257499070361e-18
6.833209533261463948e-19 -7.057824445976625724e-18 -9.472617698679344335e-18
7.386488582542422082e-19 -7.629290500451534209e-18 -1.025537742357440627e-17
7.745452176478869032e-19 -8.000053582330446622e-18 -1.077091259077859187e-17
7.828746336891293969e-19 -8.086085661258305887e-18 -1.090503124380265085e-17
7.587851936048386112e-19 -7.837272675522382862e-18 -1.058971177122519938e-17
6.998789262227971430e-19 -7.228846842056474150e-18 -9.791180345566937967e-18
6.075790991953486091e-19 -6.275508679815033136e-18 -8.528466238711326899e-18
4.903773590777537627e-19 -5.064965840785541683e-18 -6.918476128437104822e-18
3.643725133063081527e-19 -3.763498266185400979e-18 -5.183940814626493227e-18
2.480139578403062838e-19 -2.561664346893902716e-18 -3.580914428492700027e-18
1.542698176683038544e-19 -1.593408191953508540e-18 -2.290054881177852212e-18
8.629201336452295003e-20 -8.912851405180857404e-19 -1.356010612133418983e-18
3.909052752562690381e-20 -4.037547675113848518e-19 -7.102026813250074548e-19
4.621667818180292366e-21 -4.773597921127789684e-20 -2.412508738482589119e-19
-2.385473049270737289e-20 2.463885524165130169e-19 1.445457161696501382e-19
-5.014179277215458207e-20 5.179000630696088250e-19 5.004486474603683449e-19
-7.552187682825454194e-20 7.800436241668284287e-19 8.449143156814942032e-19
-9.969482981486792537e-20 1.029719036170446518e-18 1.174470777283606071e-18
-1.214644680757022207e-19 1.254571304514724956e-18 1.473177488251701185e-18
-1.394570725941264171e-19 1.440411715648027576e-18 1.722598123079466642e-18
-1.535394949450297948e-19 1.585864981276368423e-18 1.921494640595018456e-18
-1.665647958748768964e-19 1.720399562382061858e-18 2.110031718138534201e-18
-1.846783583122247084e-19 1.907489335759943177e-18 2.373926748945313170e-18
-2.152081336205256495e-19 2.222822549441919272e-18 2.815007716928558575e-18
-2.632477021071134423e-19 2.719009312498825678e-18 3.503667368431212661e-18
-3.285508852855722371e-19 3.393506951039350748e-18 4.435768353233456154e-18
-4.040369792540552697e-19 4.173180966385481560e-18 5.512025141770877667e-18
-4.772536684744500316e-19 4.929414984600424915e-18 6.558504469098573756e-18
-5.348599997581249802e-19 5.524414125682052575e-18 7.389011286924059113e-18
-5.677592987142839784e-19 5.864221458809080354e-18 7.876379384347038559e-18
-5.739245138250249892e-19 5.927900173905443372e-18 7.991657633905529039e-18
-5.577969975793847907e-19 5.761323716737826953e-18 7.795752516367835178e-18
-5.272853809660437004e-19 5.446178060557773583e-18 7.397792575039551435e-18
-4.905109609306718468e-19 5.066345714236382425e-18 6.910017493513801658e-18
-4.541172978827273983e-19 4.690446113268655455e-18 6.424493561247010531e-18
-4.231423297340445112e-19 4.370514634220387255e-18 6.011550085236731456e-18
-4.006756712739512304e-19 4.138463012945705432e-18 5.714926745455699691e-18
-3.860535578022814564e-19 3.987435435498894844e-18 5.526136208975927870e-18
-3.730849356782932939e-19 3.853486289946144113e-18 5.359162921444487950e-18
-3.514487566768940014e-19 3.630012483042068207e-18 5.069749922185437124e-18
-3.121249293755931981e-19 3.223848047022389835e-18 4.531431922146764323e-18
-2.533716217765422796e-19 2.617002142968583124e-18 3.719355699842301623e-18
-1.824155324601162535e-19 1.884117252805813677e-18 2.734119057017141678e-18
-1.116180575309340930e-19 1.152870597125335231e-18 1.748329575118729284e-18
-5.245155714898006210e-20 5.417569285446133532e-19 9.225445309102012242e-19
-1.142637035565934837e-20 1.180196491202528006e-19 3.484336117844850172e-19
1.062733941605758356e-20 -1.097666913422194765e-19 3.866847163154599587e-20
1.708522532137254260e-20 -1.764682701902063308e-19 -5.275756630982053669e-20
1.344145996885546841e-20 -1.388329094200219983e-19 -1.707425156075596266e-21
5.369352944133645520e-21 -5.545853191223710122e-20 1.130170750806969935e-19
-2.976906751162883188e-21 3.074753471913394959e-20 2.334821003720007397e-19
-1.027364211587235434e-20 1.061134626186371909e-19 3.411885588240030925e-19
-1.829661702782676562e-20 1.889805475654789896e-19 4.610163613414079594e-19
-3.044935887901861930e-20 3.145027088668395550e-19 6.406046927928733252e-19
-4.897245635238298278e-20 5.058223139091992092e-19 9.110924196225495553e-19
-7.271781314443885018e-20 7.510811375761677524e-19 1.255798269129997303e-18
-9.728433643437103516e-20 1.004821664110825501e-18 1.612202753966141669e-18
-1.173277227794527214e-19 1.211844070467008978e-18 1.904600652695189361e-18
-1.291057494872009884e-19 1.333495945891657939e-18 2.080064599402998923e-18
-1.316041427227212465e-19 1.359301137249517446e-18 2.124345768900282163e-18
-1.260726503213656372e-19 1.302167942488111031e-18 2.055260591571016037e-18
-1.147103772641350817e-19 1.184810311636392326e-18 1.903985217584239692e-18
-9.930974361365669394e-20 1.025741631408659346e-18 1.695758904786868657e-18
-8.050085787679089536e-20 8.314700920966180094e-19 1.439170896872087633e-18
-5.790193723312617592e-20 5.980523869718457958e-19 1.128390418424622098e-18
-3.093433248517467119e-20 3.195118045225634727e-19 7.548572961562596509e-19
3.391148940257032142e-22 -3.502585172127981176e-21 3.192655306259760993e-19
3.490382751642544495e-20 -3.605115107180775687e-19 -1.640295475083624044e-19
7.105669394568267805e-20 -7.339240343822593414e-19 -6.708378198819683895e-19
1.067555208357774809e-19 -1.102646908700417562e-18 -1.172243911250824629e-18
1.395198064719224164e-19 -1.441059704164196009e-18 -1.633345810046874930e-18
1.662065494414395336e-19 -1.716699281533424180e-18 -2.010102543488495515e-18
1.839124753888608755e-19 -1.899578655216547107e-18 -2.261878755769857169e-18
1.921783842585385871e-19 -1.984954861658084977e-18 -2.382245860949743312e-18
1.943243530784302168e-19 -2.007120004041525618e-18 -2.417690251043180716e-18
1.960030326065247795e-19 -2.024458678288821283e-18 -2.447395561064255937e-18
2.020722338376686448e-19 -2.087145659775851521e-18 -2.539432202473501853e-18
2.144754503712311586e-19 -2.215254731568057152e-18 -2.721016467684951309e-18
2.323645173744607644e-19 -2.400025657163035798e-18 -2.980218090016334160e-18
2.535746853539356132e-19 -2.619099475746351334e-18 -3.286702905866460473e-18
2.759711735555749482e-19 -2.850426444191990223e-18 -3.610713244995526948e-18
2.979863558481846656e-19 -3.077814844570681437e-18 -3.930650743499502621e-18
3.185674641085286959e-19 -3.290391077839938855e-18 -4.232297407706179810e-18
3.369678655292502876e-19 -3.480443498335357824e-18 -4.505775576679366882e-18
3.525538676554804469e-19 -3.641426845702178517e-18 -4.742707613415973323e-18
3.646842664851421961e-19 -3.766718260446455969e-18 -4.934402642863203015e-18
3.728096520103852752e-19 -3.850643075241757238e-18 -5.073147596336392772e-18
3.767854923668305424e-19 -3.891708428773233830e-18 -5.156566246408041160e-18
3.770335084120136536e-19 -3.894270081092476082e-18 -5.189985542956645862e-18
3.742228262191229848e-19 -3.865239285713064143e-18 -5.182198894167197259e-18
3.686299199809007307e-19 -3.807471761250628191e-18 -5.136724031917069189e-18
3.596361718343700851e-19 -3.714577986465156200e-18 -5.044817822795835231e-18
3.457009597521100219e-19 -3.570645268217494559e-18 -4.884948121915083843e-18
3.249243975238123712e-19 -3.356050168433933106e-18 -4.630431849072493288e-18
2.960832813353121808e-19 -3.058158568189629944e-18 -4.263793446336494011e-18
2.596593969107362005e-19 -2.681946766132803182e-18 -3.791213674194193421e-18
2.181537232871200489e-19 -2.253246677469025293e-18 -3.247074318701278875e-18
1.753616452087495653e-19 -1.811259701801666185e-18 -2.683935761706605605e-18
1.350531152844154491e-19 -1.394924539863900982e-18 -2.154136441726132970e-18
9.985647094523014086e-20 -1.031388597138855631e-18 -1.694209901470471497e-18
7.079094880202083964e-20 -7.311792554287365310e-19 -1.318359612380700644e-18
4.736591230226585139e-20 -4.892288357889700038e-19 -1.019812508909916817e-18
2.802436806126116286e-20 -2.894556226353877773e-19 -7.769191569886897768e-19
1.090858506297764548e-20 -1.126716091590914601e-19 -5.637242232899157960e-19
-5.032767658893667658e-21 5.198205969699433560e-20 -3.653746225341873658e-19
-1.906365176513615419e-20 1.969030051940467668e-19 -1.919045488066295034e-19
-2.877760234607516458e-20 2.972355573333163248e-19 -7.677375130966447030e-20
-3.171700658217092252e-20 3.275957940729500791e-19 -5.436499002539801940e-20
-2.745816501099076118e-20 2.836074645958409380e-19 -1.307989858816659002e-19
-1.851761299330922656e-20 1.912631047637084721e-19 -2.710730964321502722e-19
-9.443489054260973149e-21 9.753912081433395017e-20 -4.115742035346714848e-19
-4.921701535434183617e-21 5.083488878512298930e-20 -4.865054217359892636e-19
-8.218496200269882129e-21 8.488650525009430503e-20 -4.497566881098814087e-19
-2.062902201362611625e-20 2.130712098261098461e-19 -2.827539356001400225e-19
-4.170934618357632780e-20 4.308037775508675447e-19 8.698703373249053221e-21
-6.975276699136483204e-20 7.204561691862997552e-19 4.010563593656832435e-19
-1.022520490630334337e-19 1.056131820492414443e-18 8.594924635149818092e-19
-1.364441211596640887e-19 1.409291802132515091e-18 1.345507081117821873e-18
-1.700395322075367576e-19 1.756289122996258403e-18 1.827136279703104571e-18
-2.019051174587082546e-19 2.085419588026500311e-18 2.288546127873442998e-18
-2.321835171135570192e-19 2.398156397165687960e-18 2.731766125251305114e-18
-2.615455504786224443e-19 2.701428309659376857e-18 3.166237209043740092e-18
-2.899112879845076904e-19 2.994409795822958108e-18 3.590829944465078375e-18
-3.154596772362329941e-19 3.258291703307413548e-18 3.979859121441460038e-18
-3.347229725602435704e-19 3.457256713477227690e-18 4.284340934559500122e-18
-3.440277430125501230e-19 3.553363025066867485e-18 4.452209978056677417e-18
-3.416116797750032719e-19 3.528408196659191440e-18 4.458075812683798960e-18
-3.290386398340314318e-19 3.398544886047511943e-18 4.323175104054955887e-18
-3.108717360408760755e-19 3.210904187118541620e-18 4.110906259223142776e-18
-2.927659584676371612e-19 3.023894837128833032e-18 3.900166539800471319e-18
-2.791310959148371324e-19 2.883064296966365315e-18 3.752584942947607926e-18
-2.716013583248028708e-19 2.805291806884580950e-18 3.690984662144015539e-18
-2.688846930701784207e-19 2.777232147168015700e-18 3.697163077556290030e-18
-2.676955803505073318e-19 2.764950177321541012e-18 3.724895285653908020e-18
-2.639976214108375385e-19 2.726755037572896043e-18 3.717329335528187084e-18
-2.540344289720059413e-19 2.623848113474377072e-18 3.621449990246965284e-18
-2.352335154552344678e-19 2.429658915915899908e-18 3.400777127134149007e-18
-2.071949756634559949e-19 2.140056944801015539e-18 3.049262105259195945e-18
-1.723821255889019561e-19 1.780485108493864426e-18 2.601017956804890707e-18
-1.356257588101744224e-19 1.400839220488273069e-18 2.123413260904389516e-18
-1.020767538800414985e-19 1.054321240654320823e-18 1.688393030148100742e-18
-7.455443376735692776e-20 7.700511441487149795e-19 1.335306071121602928e-18
-5.199945105517271436e-20 5.370872496529102343e-19 1.049201454439115984e-18
-3.006201639776335749e-20 3.105018563492021701e-19 7.690545662009683326e-19
-3.356474489845986802e-21 3.466803933031009150e-20 4.192929988502405306e-19
3.205222123322734772e-20 -3.310581314411652260e-19 -5.546699009750203091e-20
7.716598128199286718e-20 -7.970251061022742958e-19 -6.696462185324667931e-19
1.299410454066045840e-19 -1.342123474468843300e-18 -1.395040384054170321e-18
1.861973110804438444e-19 -1.923178147621766658e-18 -2.173480417980655570e-18
2.409727474624461017e-19 -2.488937781339895283e-18 -2.935768324251043812e-18
2.898365968665868661e-19 -2.993638343921607400e-18 -3.620086352200251991e-18
3.298183913898623941e-19 -3.406598688199037271e-18 -4.185026439525516096e-18
3.596948768926673033e-19 -3.715184182823512371e-18 -4.613592191186411443e-18
3.795308074500300341e-19 -3.920063800983848442e-18 -4.906689252090410240e-18
3.897202533194796662e-19 -4.025307801315334227e-18 -5.069573470228260983e-18
3.901351287522007095e-19 -4.029592962790069803e-18 -5.099838065498811605e-18
3.799669530749926309e-19 -3.924568742100213756e-18 -4.985227098484542544e-18
3.583541293008684637e-19 -3.701336032928850546e-18 -4.712586119662290453e-18
3.253216183414741231e-19 -3.360152593603699451e-18 -4.281248831322933162e-18
2.823854344026422993e-19 -2.916677134653423640e-18 -3.711676914337772757e-18
2.324467446126199144e-19 -2.400875104325608970e-18 -3.044018894739176832e-18
1.790341717494688944e-19 -1.849192328857821028e-18 -2.327407353365292167e-18
1.252844540079104454e-19 -1.294027106796405467e-18 -1.605530659831329475e-18
7.315353050428109946e-20 -7.555817270597562619e-19 -9.054557221584469860e-19
2.319468215053346195e-20 -2.395709763849478794e-19 -2.344855677232113276e-19
-2.507339736008839659e-20 2.589760127635207088e-19 4.146182016183731132e-19
-7.247257364396727937e-20 7.485481548884710870e-19 1.053806756818762197e-18
-1.195102617367734890e-19 1.234386688433206662e-18 1.690498115955216616e-18
-1.659975314386962838e-19 1.714540155461183486e-18 2.322232473609294146e-18
-2.109178836274925170e-19 2.178509503492521022e-18 2.934895437619339374e-18
-2.524023288034879748e-19 2.606990561656188615e-18 3.502435111078995425e-18
-2.878697809534258986e-19 2.973323831639896631e-18 3.988846205721893038e-18
-3.146158618321890340e-19 3.249576463572910901e-18 4.356372724729189108e-18
-3.308326219540099287e-19 3.417074632744265193e-18 4.579717105608582436e-18
-3.364366942768312267e-19 3.474957342836967047e-18 4.657585461231472334e-18
-3.330599636575524607e-19 3.440080058144974064e-18 4.612550288969944073e-18
-3.232546713354534227e-19 3.338804015901365354e-18 4.479949764464330458e-18
-3.095452083312377457e-19 3.197202767235068135e-18 4.294662356264775013e-18
-2.938617678038990038e-19 3.035212889293067513e-18 4.083242841804900692e-18
-2.774246902379524659e-19 2.865439137371828978e-18 3.862365567071492002e-18
-2.608576495207755072e-19 2.694323112384134328e-18 3.640445392067935039e-18
-2.443343502595905003e-19 2.523658797147850507e-18 3.419697050482279558e-18
-2.277083573051757279e-19 2.351933712989357141e-18 3.197933016240129826e-18
-2.106430138799088375e-19 2.175670693442291855e-18 2.970346659332625650e-18
-1.927352311134831928e-19 1.990706393250984884e-18 2.731208805634067248e-18
-1.736288701253839661e-19 1.793362261102140612e-18 2.475422665696571305e-18
-1.531516744850341583e-19 1.581859139541110388e-18 2.200432453123665359e-18
-1.314556729677795175e-19 1.357767416608671775e-18 1.908253893785030404e-18
-1.090231335740022929e-19 1.126068316567882674e-18 1.605693694329640667e-18
-8.643189207888540444e-20 8.927300093161894724e-19 1.301156636305643502e-18
-6.398028109311113765e-20 6.608338019896895743e-19 9.992895526049784533e-19
-4.141856441643376564e-20 4.278003606522703266e-19 6.969073128901230313e-19
-1.797263148707417065e-20 1.856341468412365868e-19 3.830081495156518668e-19
7.324929537626166637e-21 -7.565700065012142277e-20 4.332229592036986422e-20
3.512925328234730980e-20 -3.628398201226901980e-19 -3.324343891016859506e-19
6.533275787563697327e-20 -6.748031219369220331e-19 -7.439443255829434937e-19
9.690876436898259927e-20 -1.000942543966404178e-18 -1.177809258156143750e-18
1.281514353302164752e-19 -1.323638981598341869e-18 -1.610769536220939613e-18
1.571871280299081815e-19 -1.623540235317232670e-18 -2.016861475263810265e-18
1.824899057968143684e-19 -1.884885383714030170e-18 -2.374685492824290015e-18
2.031890704141152981e-19 -2.098681111899848804e-18 -2.671779259743240327e-18
2.191170489893312834e-19 -2.263196565322360840e-18 -2.905359540024456638e-18
2.306458132200431666e-19 -2.382273793044341795e-18 -3.080104851475519165e-18
2.383569102991330044e-19 -2.461919437970408021e-18 -3.203600253994007304e-18
2.425989039402860166e-19 -2.505733746525669924e-18 -3.280186319342526261e-18
2.431205264554669026e-19 -2.511121509208396813e-18 -3.305828755193365997e-18
2.390856155363542019e-19 -2.469446165876429934e-18 -3.268292160441526330e-18
2.296042839855634917e-19 -2.371516271901322322e-18 -3.154551003570221710e-18
2.145020466284679979e-19 -2.215529612708000054e-18 -2.961589054839531740e-18
1.948049306125389376e-19 -2.012083738929499787e-18 -2.703282880540889834e-18
1.726189383082523472e-19 -1.782931018208716454e-18 -2.408814411964354504e-18
1.505231828585324586e-19 -1.554710342487060849e-18 -2.114220085513775662e-18
1.308704342064987631e-19 -1.351722803280550085e-18 -1.852580888537282965e-18
1.153263413348838204e-19 -1.191172384988048212e-18 -1.647510837112863065e-18
1.047301105476237836e-19 -1.081726971412534466e-18 -1.511119268960686158e-18
9.917313528842979864e-20 -1.024330579540630091e-18 -1.445016466117371841e-18
9.817296160629701765e-20 -1.014000072308243156e-18 -1.442669085301778544e-18
1.008957090018418251e-19 -1.042122541532880914e-18 -1.492478274112437002e-18
1.064220239928316588e-19 -1.099202255176671808e-18 -1.581527334874269141e-18
1.140008240638862437e-19 -1.177481491822615348e-18 -1.699197866688335452e-18
1.231616633289948182e-19 -1.272101154152500916e-18 -1.838804805403630562e-18
1.335822590201527471e-19 -1.379732477611803171e-18 -1.995768458216936927e-18
1.447529761580242036e-19 -1.495111576239207204e-18 -2.162908172106859332e-18
1.556457234475813347e-19 -1.607619606757998007e-18 -2.325787212780529880e-18
1.646670603955152137e-19 -1.700798394158368444e-18 -2.462039020004016402e-18
1.700657735018575282e-19 -1.756560143371027401e-18 -2.547069858577033746e-18
1.706667853447552850e-19 -1.762767827470622841e-18 -2.564349764812771977e-18
1.665112203734263211e-19 -1.719846211441898211e-18 -2.514402070443233950e-18
1.589751842293862841e-19 -1.642008673854399523e-18 -2.416503197621812733e-18
1.502572412840213423e-19 -1.551963561764122657e-18 -2.301530946977720291e-18
1.425087339645122361e-19 -1.471931466104625096e-18 -2.199770002263555522e-18
1.370518133516503196e-19 -1.415568504069942731e-18 -2.129905376302025326e-18
1.340104732701577598e-19 -1.384155399212463798e-18 -2.093790313638820666e-18
1.324003954351130410e-19 -1.367525372479445521e-18 -2.077668753359959633e-18
1.305022539785925148e-19 -1.347920007556332046e-18 -2.057409084506482734e-18
1.263261634274379401e-19 -1.304786375155861937e-18 -2.005036823274777582e-18
1.181109902294505865e-19 -1.219934232362813118e-18 -1.895752379398174474e-18
1.048649991552242184e-19 -1.083120232114600212e-18 -1.715517439313051094e-18
8.682084861928565823e-20 -8.967474272657248558e-19 -1.467442478426804583e-18
6.552829656942250595e-20 -6.768228174697913155e-19 -1.173108420448430224e-18
4.339565711748960562e-20 -4.482211744063763490e-19 -8.661765612081055909e-19
2.281937856438351312e-20 -2.356947451770639283e-19 -5.802226117211139465e-19
5.329747450914786539e-21 -5.504946111999395572e-20 -3.367706686745024781e-19
-8.835046542907411253e-21 9.125455985457123591e-20 -1.392983018011570602e-19
-2.059525747951185718e-20 2.127224090304693926e-19 2.493900286680844154e-20
-3.150079601030388259e-20 3.253626082395397370e-19 1.775500521099735534e-19
-4.309782475008535256e-20 4.451449974649857850e-19 3.401665409151791771e-19
-5.643771094862606234e-20 5.829287994050535992e-19 5.275708909407494458e-19
-7.186097412303678480e-20 7.422311457819905097e-19 7.446609645041181585e-19
-8.907424184172387500e-20 9.200219569557191598e-19 9.875098986651247094e-19
-1.074402305763531873e-19 1.109718978813526965e-18 1.247412673664807098e-18
-1.263263110802347924e-19 1.304787947595146217e-18 1.515762741697485434e-18
-1.453412318402380565e-19 1.501187616281017033e-18 1.787357397403157468e-18
-1.643585954253115302e-19 1.697612368479239983e-18 2.060697518687575015e-18
-1.833524748106299011e-19 1.893794532033082451e-18 2.335634818937883225e-18
-2.021849207771185457e-19 2.088309403302474358e-18 2.610345694863894279e-18
-2.204945061300101028e-19 2.277423834808972860e-18 2.879750835047347304e-18
-2.377338099498150632e-19 2.455483667999175384e-18 3.136065504715358769e-18
-2.532912463213466162e-19 2.616172044292549752e-18 3.370569538087839485e-18
-2.665917085402172683e-19 2.753548728461442307e-18 3.575081369942406269e-18
-2.771186604808053781e-19 2.862278511721874353e-18 3.742287477145717785e-18
-2.843791788731850389e-19 2.937270189615119412e-18 3.865221564433766186e-18
-2.878794560564576956e-19 2.973423523089491072e-18 3.936874299657066113e-18
-2.871715241931000712e-19 2.966111624263739959e-18 3.950817876680173714e-18
-2.819802153410544540e-19 2.912492186801858452e-18 3.902982485075921122e-18
-2.723588220942204316e-19 2.813115568463707063e-18 3.793863434113886140e-18
-2.587864594063572610e-19 2.672930445715746276e-18 3.629927123474062100e-18
-2.421363562521421395e-19 2.500956263789989469e-18 3.423205502358988797e-18
-2.235185177413352685e-19 2.308658010358885361e-18 3.189105279200118567e-18
-2.040847162314477937e-19 2.107931952033723984e-18 2.943651121251994882e-18
-1.848977205985166903e-19 1.909755028830631287e-18 2.701607661987865791e-18
-1.668715003581361365e-19 1.723567350989604871e-18 2.475611844260345329e-18
-1.506902152503433500e-19 1.556435491294610855e-18 2.275050821970306530e-18
-1.366645645075687456e-19 1.411568621789369020e-18 2.104088712186959713e-18
-1.246287439491106961e-19 1.287254171131452844e-18 1.960253375679944287e-18
-1.140116192375232229e-19 1.177593001528661582e-18 1.835436645551411146e-18
-1.040752380305770597e-19 1.074963007195044911e-18 1.719216654958488206e-18
-9.416963098693734771e-20 9.726508657125361618e-19 1.602406092267846976e-18
-8.386055079257495970e-20 8.661713777150188542e-19 1.478831843049905578e-18
-7.291027966719353078e-20 7.530692111131204085e-19 1.345064459983363564e-18
-6.119283328367369651e-20 6.320431025525970392e-19 1.199229496558954436e-18
-4.862969145040194800e-20 5.022820372865962760e-19 1.040105604427452554e-18
-3.517925203174196364e-20 3.633563320965072207e-19 8.669744976146318762e-19
-2.086942144842123630e-20 2.155542293267697239e-19 6.800752025233894075e-19
-5.843146640837445990e-21 6.035217608242290069e-20 4.812416791183973276e-19
9.628312614538533399e-21 -9.944804408946009572e-20 2.740915067843349972e-19
2.521091099763285063e-20 -2.603961916000471717e-19 6.312039964786761839e-20
4.064791810184718528e-20 -4.198405780666926400e-19 -1.482341018754849777e-19
5.588675056852678640e-20 -5.772380686249829078e-19 -3.593498813778912128e-19
7.108049596888016074e-20 -7.341698695715073018e-19 -5.724485036905294994e-19
8.643506755639537632e-20 -8.927627971630534593e-19 -7.904758884849184898e-19
1.019857460573065775e-19 -1.053381250746350066e-18 -1.013979879940075172e-18
1.174341871627074500e-19 -1.212943718286185514e-18 -1.238808544785269087e-18
1.321464744375750577e-19 -1.364902670947086736e-18 -1.456056822630259670e-18
1.453300936861803657e-19 -1.501072452449794422e-18 -1.654536831933381146e-18
1.563133735684930891e-19 -1.614515563688916584e-18 -1.824708349812466281e-18
1.647907858012721862e-19 -1.702076311793130639e-18 -1.962148084353855523e-18
1.709114920918038180e-19 -1.765295330149197584e-18 -2.068811665240483514e-18
1.751775592316071263e-19 -1.809358308330337993e-18 -2.151582280138816815e-18
1.782160893122379737e-19 -1.840742408884506446e-18 -2.219051890032832892e-18
1.805365776658598456e-19 -1.864710057725917400e-18 -2.278135759093634637e-18
1.823689524334649561e-19 -1.883636126262536848e-18 -2.331820449961026862e-18
1.836320001004989068e-19 -1.896681764085653169e-18 -2.378727308009273478e-18
1.840415567192813546e-19 -1.900911957340463712e-18 -2.414624453512080786e-18
1.833181717368589015e-19 -1.893440355609253146e-18 -2.435334750859173178e-18
1.813932181862301025e-19 -1.873558080278859005e-18 -2.439638158817519618e-18
1.784849648419866375e-19 -1.843519582876667795e-18 -2.430361019315729151e-18
1.749703291669459154e-19 -1.807217922663164866e-18 -2.412591726406124387e-18
1.711056308372375579e-19 -1.767300537990939509e-18 -2.389751500019648313e-18
1.667588980626397640e-19 -1.722404355461076868e-18 -2.359811900031127881e-18
1.613142008790704737e-19 -1.666167614813918740e-18 -2.313929591435134875e-18
1.537959299982256162e-19 -1.588513559048448393e-18 -2.238181675411258353e-18
1.431343732917731622e-19 -1.478393438490096889e-18 -2.117302529850216840e-18
1.284459524931923068e-19 -1.326681010374119550e-18 -1.938630512290329614e-18
1.092361908541844907e-19 -1.128268955590330885e-18 -1.694965714696232321e-18
8.549392132836238084e-20 -8.830419556413183734e-19 -1.385895024757336217e-18
5.768657944208835305e-20 -5.958280037319573113e-19 -1.017722578330780957e-18
2.667982576815737113e-20 -2.755682252228038922e-19 -6.023373327711480307e-19
-6.394963137720578121e-21 6.605171920620011104e-20 -1.553547771442802824e-19
-4.029233947132917494e-20 4.161679370311522911e-19 3.059966726428955798e-19
-7.377564436474079957e-20 7.620072924773484603e-19 7.645801721489888473e-19
-1.056668081534506750e-19 1.091401863414419232e-18 1.204031363859893883e-18
-1.348128537566636634e-19 1.392442918269375664e-18 1.608271478378435769e-18
-1.600178107997208292e-19 1.652777627503905490e-18 1.960539578471291494e-18
-1.800379998855187670e-19 1.859560371109386931e-18 2.243318130897266098e-18
-1.937254238734560024e-19 2.000933797908700258e-18 2.440342421934015208e-18
-2.003088983175008485e-19 2.068932591579513979e-18 2.540550749044065783e-18
-1.996868399557491096e-19 2.062507551514888361e-18 2.542205521138740379e-18
-1.925634066660266673e-19 1.988931696537360110e-18 2.454830839910470435e-18
-1.803266069036153274e-19 1.862541352379054485e-18 2.297544076424621859e-18
-1.647026468761851364e-19 1.701166010753752712e-18 2.094241574472431242e-18
-1.473316490412545984e-19 1.521746019036993240e-18 1.867657443190439632e-18
-1.294237269538651858e-19 1.336780253359002762e-18 1.634527927357774794e-18
-1.115862913669597613e-19 1.152542472525326756e-18 1.403150888242403173e-18
-9.382911542349463529e-20 9.691337090672032444e-19 1.173444075972132656e-18
-7.570961585148728137e-20 7.819826863973367707e-19 9.389748706073872359e-19
-5.658100003992365731e-20 5.844087641886470595e-19 6.904341295153870518e-19
-3.590419852818737591e-20 3.708440480778778996e-19 4.200092188882844717e-19
-1.355211852246887943e-20 1.399758697154539045e-19 1.256525501289002320e-19
1.000398153541820800e-20 -1.033283072193536125e-19 -1.862996802502906237e-19
3.372407995159019379e-20 -3.483262818797691094e-19 -5.015281792014344172e-19
5.625433944577399007e-20 -5.810346954257720316e-19 -8.012896040174035599e-19
7.630409097629010727e-20 -7.881227629755485894e-19 -1.067690164546031394e-18
9.298382145457680239e-20 -9.604029322504730290e-19 -1.288414668945013975e-18
1.059796116972389049e-19 -1.094632716001309411e-18 -1.459167313974512550e-18
1.155313546903359930e-19 -1.193289886762066677e-18 -1.583364831305184928e-18
1.222571717667918943e-19 -1.262758919642826909e-18 -1.669681510590134328e-18
1.269097006705850139e-19 -1.310813592228704516e-18 -1.728627610318741370e-18
1.301610504512053265e-19 -1.344395837284899700e-18 -1.769503758263370176e-18
1.324797080445468276e-19 -1.368344568800519556e-18 -1.798731933540989090e-18
1.341182925647543372e-19 -1.385269077086962046e-18 -1.819774326632868419e-18
1.351833360181346871e-19 -1.396269604402554450e-18 -1.834095767847875795e-18
1.357210182298421803e-19 -1.401823138872706237e-18 -1.842329512621311544e-18
1.357689076903885321e-19 -1.402317816534889594e-18 -1.844972141435955225e-18
1.353614510885068565e-19 -1.398109378896142744e-18 -1.842442752532424392e-18
1.345093180435346076e-19 -1.389307974431180474e-18 -1.834812113590268800e-18
1.331836977742413209e-19 -1.375615974252056829e-18 -1.821607091509089174e-18
1.313188958542947828e-19 -1.356354836294707470e-18 -1.801865851823714498e-18
1.288251308715831297e-19 -1.330597441557344934e-18 -1.774311858234531050e-18
1.255933003087471454e-19 -1.297216893344900613e-18 -1.737400316916738644e-18
1.214831471226447029e-19 -1.254764323586948767e-18 -1.689129908086792532e-18
1.163042614526951451e-19 -1.201273091849423676e-18 -1.626755923755186608e-18
1.098127509776246660e-19 -1.134224151343100766e-18 -1.546733339341971090e-18
1.017455682248203150e-19 -1.050900506982710613e-18 -1.445189415014079068e-18
9.189327134137124814e-20 -9.491389462124061144e-19 -1.318936713911700656e-18
8.018712981878767081e-20 -8.282295784674569042e-19 -1.166699085946796052e-18
6.676182483439215255e-20 -6.895635225575757858e-19 -9.900186579104458185e-19
5.196284205597239206e-20 -5.367092044299882341e-19 -7.934009506416915755e-19
3.629671877339280482e-20 -3.748984398970176247e-19 -5.836507200174959583e-19
2.035165930244280446e-20 -2.102065436384995031e-19 -3.687804217953656034e-19
4.727807582206364669e-21 -4.883218134373865166e-20 -1.570356511559412596e-19
-1.000603890866777692e-20 1.033495466099080741e-19 4.375665590958085880e-20
-2.334503336841767372e-20 2.411241677629874034e-19 2.268512748664583713e-19
-3.487438276099270947e-20 3.602074887428479119e-19 3.876375065111841977e-19
-4.425711981397619313e-20 4.571190533760204164e-19 5.249275504204116026e-19
-5.118424470967363419e-20 5.286672791848038117e-19 6.416434096397991189e-19
-5.539810197774488975e-20 5.721909548716009620e-19 7.438210587791509796e-19
-5.689812967846076314e-20 5.876843451931493312e-19 8.377667224499563100e-19
-5.620552060688012423e-20 5.805306621522510535e-19 9.269915088987472391e-19
-5.439450132477314587e-20 5.618251846518338780e-19 1.011143833514431031e-18
-5.280205364914340821e-20 5.453772228319420741e-19 1.087343319079461953e-18
-5.266452799466861668e-20 5.439567300295131569e-19 1.152127816091278888e-18
-5.497659148538187740e-20 5.678373593423047484e-19 1.202064322186381199e-18
-6.061055229652315549e-20 6.260289068552711291e-19 1.232761965921642195e-18
-7.043082187574770269e-20 7.274596142909027987e-19 1.238067423747556719e-18
-8.503289232943652311e-20 8.782801600490334493e-19 1.212196278032686578e-18
-1.040471721045886482e-19 1.074673147749453294e-18 1.155631119825001259e-18
-1.255880216644317308e-19 1.297162349575443657e-18 1.080718838762518556e-18
-1.466955243364462321e-19 1.515175631135713506e-18 1.010063290435729984e-18
-1.648462655960216648e-19 1.702649382443640719e-18 9.658432655297277952e-19
-1.793095945315672087e-19 1.852036911451468380e-18 9.582744337443757452e-19
-1.909338113660421460e-19 1.972100078252791299e-18 9.842716845109288836e-19
-2.005558186326255178e-19 2.071483008204654476e-18 1.036561535778414511e-18
-2.077685682161277448e-19 2.145981400296071026e-18 1.112016838914033191e-18
-2.112487488379516652e-19 2.181927181017671902e-18 1.210895514562373395e-18
-2.102095131248290753e-19 2.171193208583604425e-18 1.329435339043036135e-18
-2.058466493558693018e-19 2.126130437772025919e-18 1.452398858428679419e-18
-2.017279532164143199e-19 2.083589627262268659e-18 1.551647283166492859e-18
-2.021824765102118128e-19 2.088284298325629721e-18 1.597346605450446859e-18
-2.091452128297430229e-19 2.160200403354317062e-18 1.579299748713830541e-18
-2.203912955520050884e-19 2.276357923435233003e-18 1.517689173606928600e-18
-2.314957245782952286e-19 2.391052352562935288e-18 1.446840976534667054e-18
-2.393909352173348163e-19 2.472599665461565061e-18 1.388853761159477149e-18
-2.434744185793450553e-19 2.514776749177927668e-18 1.347227577345628429e-18
-2.441107251990914749e-19 2.521348959040241169e-18 1.319846932616271725e-18
-2.419095891899863361e-19 2.498614017526441319e-18 1.304166922578407303e-18
-2.387512933876581738e-19 2.465992881331535932e-18 1.287583202689772313e-18
-2.372231996145770020e-19 2.450209741071051861e-18 1.249896807893089008e-18
-2.364504640680661481e-19 2.442228536805165215e-18 1.194141629543957031e-18
-2.280957222855038763e-19 2.355934867650532346e-18 1.176921761784263092e-18
-1.980023095943866908e-19 2.045108552017334107e-18 1.296712857836522054e-18
-1.339793371831284938e-19 1.383833670499696518e-18 1.637189432727574579e-18
-3.448992939085026942e-20 3.562364728514334864e-19 2.205267211076904141e-18
8.826814374576925827e-20 -9.116960374716974186e-19 2.910835301532706175e-18
2.135210907650167469e-19 -2.205397547522783887e-18 3.605128307465237338e-18
3.216827353663635974e-19 -3.322568001253817918e-18 4.150059547024504409e-18
4.016568988115824123e-19 -4.148598021127021462e-18 4.468535089204616501e-18
4.514836360915438586e-19 -4.663243880072040429e-18 4.547739349152976212e-18
4.743627694985348399e-19 -4.899555736858028895e-18 4.410986037454268143e-18
4.750040291429749415e-19 -4.906179097622877838e-18 4.092812559009684181e-18
4.584289567903132067e-19 -4.734979997929281315e-18 3.631212968963930332e-18
4.293526666723925844e-19 -4.434659452515868768e-18 3.063248596350373390e-18
3.901953978697299515e-19 -4.030215351844771869e-18 2.410838855809506332e-18
3.388328025626096831e-19 -3.499705960873009962e-18 1.665137985962971726e-18
2.690660392416177023e-19 -2.779105255030816215e-18 7.901433056630741527e-19
1.750972277655224908e-19 -1.808528601947983024e-18 -2.461505761444572958e-19
5.745983131217627594e-20 -5.934860139751007631e-19 -1.431308450187311632e-18
-7.412747954851313576e-20 7.656412172618527551e-19 -2.690433841442129973e-18
-2.033764916734312532e-19 2.100616868984467849e-18 -3.906618993434106195e-18
-3.143100228474258715e-19 3.246417272592261008e-18 -4.969956636357440308e-18
-3.994057774150811574e-19 4.125346795061318614e-18 -5.833201127792267472e-18
-4.650122965944821131e-19 4.802977614699788583e-18 -6.546832180185171776e-18
-5.293334271828619431e-19 5.467332126970684796e-18 -7.241823509623027164e-18
-6.120152383294708843e-19 6.321328681757309257e-18 -8.054385487245341955e-18
-7.226418935764143572e-19 7.463959295530601642e-18 -9.045216330563765389e-18
-8.580538208106661011e-19 8.862589866388464894e-18 -1.018314952843015477e-17
-1.008329208161907965e-18 1.041474074569695046e-17 -1.138900977789343240e-17
-1.157760718982672154e-18 1.195817581922478539e-17 -1.253799343037430906e-17
-1.265873714349335603e-18 1.307484372356622225e-17 -1.331175612788402420e-17
-1.231720512101456361e-18 1.272208442901088337e-17 -1.292752863351706932e-17
-8.758573645748804532e-19 9.046476334126974239e-18 -1.000532306511873108e-17
1.186905114326187763e-20 -1.225931374368560907e-19 -2.938291089980294949e-18
1.553164857195723443e-18 -1.604219123500182295e-17 9.191967028613210711e-18
3.663472431784379638e-18 -3.783894674721006213e-17 2.571143643065817279e-17
6.032908122067494866e-18 -6.231216157023860333e-17 4.420878244390708250e-17
8.230991762012468162e-18 -8.501553165888053792e-17 6.134463344367529519e-17
9.863490289241048028e-18 -1.018771386541161148e-16 7.406610406646153613e-17
1.068542334792272472e-17 -1.103666476868998039e-16 8.048501951379027641e-17
1.062884175727842751e-17 -1.097822283874633531e-16 8.009356884414535655e-17
9.767753966814727008e-18 -1.008882982807565766e-16 7.348579088188057847e-17
8.262867825541865040e-18 -8.534476819921799549e-17 6.191911673021038845e-17
6.312738728786765550e-18 -6.520245393488107189e-17 4.693102836787803811e-17
4.118384202437039925e-18 -4.253760056207136144e-17 3.006945604737859311e-17
1.860629661925484972e-18 -1.921790475907604849e-17 1.272576146191995388e-17
-3.125928707545680348e-19 3.228681805104761552e-18 -3.958803732707643733e-18
-2.293710701139128926e-18 2.369107401566323600e-17 -1.915105537590460751e-17
-4.021229529997196348e-18 4.153411545361874060e-17 -3.237136215839804380e-17
-5.481506131746486340e-18 5.661688648582008422e-17 -4.350742084887052760e-17
-6.700373530231992586e-18 6.920621277775422550e-17 -5.275052857806855232e-17
-7.721992753748604897e-18 7.975822391736569124e-17 -6.043631701897734521e-17
-8.581596597164593982e-18 8.863682770229944808e-17 -6.684011080462139440e-17
-9.285527569953584366e-18 9.590753119376890036e-17 -7.202718657055055742e-17
-9.809501571437199120e-18 1.013195075462554164e-16 -7.583974463221014418e-17
-1.011585392650987634e-17 1.044837294060648423e-16 -7.802437252517772625e-17
-1.017980380791816269e-17 1.051442470160358000e-16 -7.842213459392520653e-17
-1.000966979833220623e-17 1.033869829385973111e-16 -7.710865881246594296e-17
-9.649307367889715489e-18 9.966490465418055483e-17 -7.440326401400043964e-17
-9.161850397025091911e-18 9.463010272178019729e-17 -7.074878909831939985e-17
-8.605629739606072318e-18 8.888506029754561579e-17 -6.654439384307368268e-17
-8.016736688098203442e-18 8.280255367018366317e-17 -6.203086039640694327e-17
-7.405446834252707211e-18 7.648871816642393220e-17 -5.727241598473842144e-17
-6.763413498375786356e-18 6.985734196248726337e-17 -5.220948940601663161e-17
-6.074629005766107639e-18 6.274308567777638115e-17 -4.673471078156706607e-17
-5.326019600803689943e-18 5.501091535350016511e-17 -4.076631649766639895e-17
-4.516274832808330822e-18 4.664729589973425540e-17 -3.430996914760748769e-17
-3.660644325615452374e-18 3.780973607962483807e-17 -2.749158852153359736e-17
-2.788495245173833954e-18 2.880156076645502798e-17 -2.053787756052543320e-17
-1.933221206458312998e-18 1.996768250934647229e-17 -1.370299834720746198e-17
-1.119139990786598437e-18 1.155927282607352138e-17 -7.175736412021132924e-18
-3.526320217703537073e-19 3.642234055247193379e-18 -1.018113622835772135e-18
3.776107397145048007e-19 -3.900231627755804321e-18 4.832123576386094758e-18
1.091876001592872051e-18 -1.127766991485341275e-17 1.050129370629392507e-17
1.807434240881243973e-18 -1.866846357278161115e-17 1.609791545667387842e-17
2.529220716195537848e-18 -2.612358837160249268e-17 2.164940381367650468e-17
3.246506266573500053e-18 -3.353222516112161003e-17 2.707924684957001868e-17
3.935249443685510454e-18 -4.064605542646797383e-17 3.222259819264514637e-17
4.564033140881119663e-18 -4.714058005781748994e-17 3.686641837052542516e-17
5.102026387519337656e-18 -5.269735571676606288e-17 4.080360361283987616e-17
5.527809410217835970e-18 -5.709514471046568100e-17 4.389277376769174932e-17
5.836381739460660436e-18 -6.028229862690429115e-17 4.610529961142483120e-17
6.040477478574567617e-18 -6.239034318468573522e-17 4.753358759236168389e-17
6.164644830040555748e-18 -6.367283055497115628e-17 4.835059563764345263e-17
6.235235666541779937e-18 -6.440194340859297250e-17 4.874205050175489113e-17
6.271856846383209178e-18 -6.478019410079839977e-17 4.884884395255893912e-17
6.283872340306248233e-18 -6.490429919974530000e-17 4.874368145116004930e-17
6.271892551163727507e-18 -6.478056266890544826e-17 4.844129488105389392e-17
6.232132945186195885e-18 -6.436989652210021943e-17 4.792764369053385506e-17
6.161243826670534440e-18 -6.363770444203993035e-17 4.719165060191433173e-17
6.059427989786292473e-18 -6.258607875836298648e-17 4.624462994979915885e-17
5.930465673881572028e-18 -6.125406427403438767e-17 4.511862215721855908e-17
5.779067164750649011e-18 -5.969031260733489974e-17 4.384759473210691816e-17
5.607578526708019758e-18 -5.791905556613379151e-17 4.244593581101680007e-17
5.414138163201569652e-18 -5.592106596234205315e-17 4.089800116421391464e-17
5.193327712859641134e-18 -5.364037866572708110e-17 3.916459958205717407e-17
4.939172414573976219e-18 -5.101528265886239923e-17 3.720469022892008147e-17
4.649182322151993730e-18 -4.802005908871350623e-17 3.500340375974126643e-17
4.327096549517815188e-18 -4.469332827619786704e-17 3.259029261798667119e-17
3.982211110905396441e-18 -4.113110615410355415e-17 3.003284951246835863e-17
3.625444979852062199e-18 -3.744617145665657488e-17 2.740681007467853079e-17
3.264960756403183830e-18 -3.372283411636359883e-17 2.476431944769935605e-17
2.904397296849958744e-18 -2.999867871644290293e-17 2.212248189174652107e-17
2.544305257516774911e-18 -2.627939256480290226e-17 1.947604355692639055e-17
2.184759152138161212e-18 -2.256574509255073722e-17 1.681849948446146139e-17
1.826639770965610030e-18 -1.886683354055899709e-17 1.415277042742495432e-17
1.470712786597705768e-18 -1.519056673921467246e-17 1.148494052693741890e-17
1.115685103380960192e-18 -1.152358850378702182e-17 8.809809533065560802e-18
7.572512907874220946e-19 -7.821429523827371928e-18 6.103126524121999520e-18
3.892939922990077366e-19 -4.020905148176157080e-18 3.328955319787989811e-18
6.752347004525663528e-21 -6.974306453534707687e-20 4.586221375601260373e-19
-3.914149567616857389e-19 4.042811856504637571e-18 -2.509705621468496571e-18
-8.006463413992394300e-19 8.269644458225071242e-18 -5.540658242384420866e-18
-1.211222782397325440e-18 1.251036958571780117e-17 -8.564706001392161272e-18
-1.610524425311954504e-18 1.663464050461557772e-17 -1.149338552438116624e-17
-1.986207459651250428e-18 2.051496185507149360e-17 -1.424109410264584788e-17
-2.329026985625438988e-18 2.405584562964612782e-17 -1.674475031506931087e-17
-2.634222607145235179e-18 2.720812289523413689e-17 -1.897346650500657062e-17
-2.901207943847514474e-18 2.996573708441285887e-17 -2.092600970326104568e-17
-3.132207093140666710e-18 3.235166045752181108e-17 -2.262046345727654063e-17
-3.330745584911187148e-18 3.440230732178302729e-17 -2.408280519731189114e-17
-3.500435474070744357e-18 3.615498505763609618e-17 -2.533794785373963790e-17
-3.643962887646722446e-18 3.763743802143985549e-17 -2.640291280216621866e-17
-3.762259200699203134e-18 3.885928625653561738e-17 -2.728187296238891058e-17
-3.854289944807795743e-18 3.980984500109121977e-17 -2.796560870812303232e-17
-3.917913315703277864e-18 4.046699245695849203e-17 -2.843815390312536433e-17
-3.951562910952037669e-18 4.081454936912698441e-17 -2.868886418566599198e-17
-3.955734661911472669e-18 4.085763846509029899e-17 -2.872293139639280438e-17
-3.933266259969141490e-18 4.062556898776471984e-17 -2.856318891013212123e-17
-3.888286150885415562e-18 4.016098230820136769e-17 -2.824208715093340441e-17
-3.824662671624568491e-18 3.950383383974343060e-17 -2.778978274525790921e-17
-3.744929186666522526e-18 3.868028966206883551e-17 -2.722575176183714027e-17
-3.649986537446180500e-18 3.769965440977159154e-17 -2.655651037897897257e-17
-3.539203028925973715e-18 3.655540367045674956e-17 -2.577665413522315006e-17
-3.410525507524313960e-18 3.522633086306324148e-17 -2.487001502412204893e-17
-3.260732109572411582e-18 3.367915815985698707e-17 -2.381165311345800368e-17
-3.086302087332465915e-18 3.187752091174158615e-17 -2.257426701296685574e-17
-2.885083311364403066e-18 2.979919050579059661e-17 -2.114049781872943400e-17
-2.658188217111721523e-18 2.745565685564227425e-17 -1.951692557713319576e-17
-2.411023964011811470e-18 2.490276879663323426e-17 -1.774165713294913763e-17
-2.152642552463811631e-18 2.223402185229567682e-17 -1.587966547433581968e-17
-1.893544878056885530e-18 1.955787705234494260e-17 -1.400711610608722081e-17
-1.642914932834058060e-18 1.696919288884957795e-17 -1.219175975138416056e-17
-1.406407015125829054e-18 1.452637091265303450e-17 -1.047714537077658536e-17
-1.185209824301848313e-18 1.224168918987945400e-17 -8.875496791393163272e-18
-9.766246296609218574e-19 1.008727308684101429e-17 -7.371045313967131676e-18
-7.759948472609514300e-19 8.015026181560206655e-18 -5.933177466971268607e-18
-5.794147375650905994e-19 5.984607212595359415e-18 -4.535644454816626363e-18
-3.861749929316342922e-19 3.988689743599695879e-18 -3.174389850779976071e-18
-1.997595845657152679e-19 2.063258901891627579e-18 -1.875294095263769086e-18
-2.678823012006020003e-20 2.766878503003215024e-19 -6.870236507900955362e-19
1.256762909853052594e-19 -1.298074005730180491e-18 3.383342109850219423e-19
2.532549807914246838e-19 -2.615797360242469269e-18 1.168168605875672788e-18
3.565505782719195405e-19 -3.682707744189229126e-18 1.806340060850513765e-18
4.417539336237563772e-19 -4.562748458373627154e-18 2.297766077759474518e-18
5.190427981638042682e-19 -5.361042638959694527e-18 2.717106901058594705e-18
5.987669172160383264e-19 -6.184490021884653165e-18 3.141830838356180532e-18
6.865921964734572046e-19 -7.091612076571700888e-18 3.617908998915723071e-18
7.800700107581191010e-19 -8.057117405927545101e-18 4.135299752145190509e-18
8.689713743409853591e-19 -8.975353693844253785e-18 4.629556883107262638e-18
9.396221117270158081e-19 -9.705084695191234108e-18 5.011338302218230724e-18
9.809370009323278161e-19 -1.013181433297797199e-17 5.207899679750993807e-18
9.889772777104874900e-19 -1.021486002181604899e-17 5.194492248748163934e-18
9.681219427242441070e-19 -9.999451369338584365e-18 5.002334675910315837e-18
9.289942759905443362e-19 -9.595313057246564979e-18 4.704129028170685118e-18
8.845778424438713651e-19 -9.136548594153790076e-18 4.387257216650668941e-18
8.461042747710498022e-19 -8.739166230198677991e-18 4.125860108199193418e-18
8.199067898126175851e-19 -8.468579937220287776e-18 3.960050866430146507e-18
8.061175311098711206e-19 -8.326154707678539751e-18 3.888015994821968946e-18
7.997737848322178661e-19 -8.260631923758234745e-18 3.874457722519766793e-18
7.941207204032347525e-19 -8.202243015319042419e-18 3.873527543824219160e-18
7.846993152283545969e-19 -8.104932116230156110e-18 3.856443380579661675e-18
7.720870884648976273e-19 -7.974664113498957671e-18 3.829371475249857976e-18
7.617795102146972181e-19 -7.868200091070907950e-18 3.831588051783904542e-18
7.614110177556747760e-19 -7.864393990700139744e-18 3.915664270468446040e-18
7.770528804944885050e-19 -8.025954193917744206e-18 4.121784496956008167e-18
8.105744784025057325e-19 -8.372189145216590760e-18 4.459893496929146060e-18
8.590560594176245161e-19 -8.872941502836921528e-18 4.906405253547294563e-18
9.160095068346207427e-19 -9.461197126193764782e-18 5.413515920512394963e-18
9.735770304631752443e-19 -1.005579531659367132e-17 5.925089303938299311e-18
1.024927387780814268e-18 -1.058617824091677529e-17 6.393566932332075794e-18
1.066227125727924872e-18 -1.101275131179824163e-17 6.793468706139736905e-18
1.097608254194985741e-18 -1.133687798612574097e-17 7.127444199373530873e-18
1.122738517078281317e-18 -1.159644115881860291e-17 7.422390017660073616e-18
1.147113364798718540e-18 -1.184820187119527099e-17 7.716857217286915677e-18
1.175772935406749648e-18 -1.214421831430036016e-17 8.044966996641849051e-18
1.211373240581878749e-18 -1.251192354707472344e-17 8.423404280133168508e-18
1.253271166279167884e-18 -1.294467506354885192e-17 8.845833943361511017e-18
1.297787080900137666e-18 -1.340446705840841134e-17 9.285419694762416260e-18
1.339439811289113428e-18 -1.383468612194848040e-17 9.703751856382825754e-18
1.372757978518842827e-18 -1.417881991053825824e-17 1.006344320804927301e-17
1.394067646498787513e-18 -1.439892131794876568e-17 1.034020808398652214e-17
1.402482508895351107e-18 -1.448583598027323396e-17 1.052911087400774276e-17
1.399575776106689085e-18 -1.445581324712008438e-17 1.064173605576344833e-17
1.387972856980474241e-18 -1.433596999903617898e-17 1.069628734788069739e-17
1.369709901799456071e-18 -1.414733716900440849e-17 1.070638721329602999e-17
1.344964694641953140e-18 -1.389175092832229505e-17 1.067225067216545990e-17
1.310907301927892497e-18 -1.353998186117013952e-17 1.057178476890650951e-17
1.259944097873779752e-18 -1.301359808106782792e-17 1.034622883593629210e-17
1.177319898725548329e-18 -1.216019683685702678e-17 9.880710449058023998e-18
1.039613110262569888e-18 -1.073786284587253356e-17 8.992044823220364106e-18
8.166903015088960198e-19 -8.435357186477693861e-18 7.443634271409373785e-18
4.786866526983839399e-19 -4.944215503898478554e-18 4.999513109928615383e-18
6.602056224446777677e-21 -6.819098624768189035e-20 1.506811275904188431e-18
-5.977578812942163581e-19 6.174067555131675041e-18 -3.026202879683743054e-18
-1.307104178824950685e-18 1.350070037782929329e-17 -8.392467735123510610e-18
-2.071334199103313142e-18 2.139421164133056287e-17 -1.420581878643195551e-17
-2.826217315087941548e-18 2.919118098933026566e-17 -1.996829590896569259e-17
-3.504688738133360331e-18 3.619891522656565258e-17 -2.515850494148567506e-17
-4.047308300905377799e-18 4.180347512442348621e-17 -2.931372514021578269e-17
-4.409697972285437400e-18 4.554649392134477159e-17 -3.208826694350777359e-17
-4.566261191942138636e-18 4.716359139282356191e-17 -3.328251394672212557e-17
-4.510572610475145747e-18 4.658840016594410913e-17 -3.284589861138474412e-17
-4.253327556380515967e-18 4.393138832090403098e-17 -3.086099078280663619e-17
-3.818769280217183738e-18 3.944296060689850467e-17 -2.751576828900374688e-17
-3.240317451098926498e-18 3.346830108147590584e-17 -2.306950805496549013e-17
-2.555941210757310676e-18 2.639957831663702772e-17 -1.781660740951319508e-17
-1.803797477592214600e-18 1.863090345892632899e-17 -1.205260151463092785e-17
-1.018719065415758996e-18 1.052205562180989806e-17 -6.046992122275083823e-18
-2.300809310136699259e-19 2.376439936340639071e-18 -2.691127328662339709e-20
5.387151752930516363e-19 -5.564233700133616298e-18 5.826713814646659494e-18
1.269363377748921342e-18 -1.311088835452017961e-17 1.137246660828087242e-17
1.947055857522387972e-18 -2.011057746923891684e-17 1.649651134259333405e-17
2.559042294471041101e-18 -2.643160686338255246e-17 2.110201886922949144e-17
3.094068036824751003e-18 -3.195773166244073986e-17 2.510506767636116159e-17
3.542916429022040790e-18 -3.659375736265003043e-17 2.843838300210497538e-17
3.899652037745940132e-18 -4.027837747945507373e-17 3.105994395609755713e-17
4.162749885801651588e-18 -4.299583957478690004e-17 3.296076051853424337e-17
4.335367003726040416e-18 -4.477875253635575202e-17 3.416650374465944563e-17
4.424506827770460174e-18 -4.569945235491372097e-17 3.473111590525683454e-17
4.439391838509244687e-18 -4.585319465024510057e-17 3.472470574158220057e-17
4.389655200730456217e-18 -4.533947823577512301e-17 3.422020762465247620e-17
4.283901471648584068e-18 -4.424717777739014991e-17 3.328280839632245436e-17
4.128910030222256765e-18 -4.264631571934872991e-17 3.196412358721236728e-17
3.929488362018301431e-18 -4.058654724395069192e-17 3.030114521085066634e-17
3.688844745671009535e-18 -3.810100929294923598e-17 2.831905162929278663e-17
3.409309351475975098e-18 -3.521376932091512539e-17 2.603672926242275762e-17
3.093220371896867435e-18 -3.194897820354188766e-17 2.347363259042028308e-17
2.743744408693882441e-18 -2.833934243211137307e-17 2.065618464407149922e-17
2.365366940604088706e-18 -2.443119098905996874e-17 1.762162562526030590e-17
1.963878586919343176e-18 -2.028433375318012256e-17 1.441786705911586813e-17
1.545891412724881910e-18 -1.596706486240398325e-17 1.109962079753440325e-17
1.118124442516276129e-18 -1.154878351290956629e-17 7.722694669283233329e-18
6.867645031895951488e-19 -7.093391595342716477e-18 4.338801078778400869e-18
2.571303340668542806e-19 -2.655824552212381547e-18 9.925595447153814742e-19
-1.662709810779584399e-19 1.717365072062269732e-18 -2.278646151281750363e-18
-5.793491653525824967e-19 5.983930055237344228e-18 -5.442204029146535159e-18
-9.778861709861265136e-19 1.010030329702487260e-17 -8.466308304165576738e-18
-1.357127817101494113e-18 1.401738026886133438e-17 -1.131641047441708639e-17
-1.711774309732600579e-18 1.768042116224205266e-17 -1.395428149376911314e-17
-2.036463968907013676e-18 2.103404681499576822e-17 -1.634105666024791054e-17
-2.326633592298731405e-18 2.403112517248793449e-17 -1.844378328277065609e-17
-2.579490598375265538e-18 2.664281219746033557e-17 -2.024312294657300169e-17
-2.794758422418385151e-18 2.886625122490450243e-17 -2.173912776634865083e-17
-2.974844302033251173e-18 3.072630619005827623e-17 -2.295237751046687985e-17
-3.124156774377590997e-18 3.226851121820995480e-17 -2.391883615051483360e-17
-3.247565517949370728e-18 3.354316411796639018e-17 -2.467873589184933505e-17
-3.348466503966815682e-18 3.458534156125480062e-17 -2.526273576641918707e-17
-3.427312972926456727e-18 3.539972420007165343e-17 -2.568128015631453825e-17
-3.481404290986002942e-18 3.595841765354344090e-17 -2.592268506740664322e-17
-3.506106266906657189e-18 3.621355690964268616e-17 -2.596114305618044141e-17
-3.496901305618753697e-18 3.611848116445334535e-17 -2.577054717363043332e-17
-3.451293454264998595e-18 3.564741078565969077e-17 -2.533749533956629555e-17
-3.369816346984847436e-18 3.480585769298352888e-17 -2.466828010451057039e-17
-3.255933316006582015e-18 3.362959296392082453e-17 -2.378829323714816992e-17
-3.115081619208429374e-18 3.217477639913468766e-17 -2.273547215216158223e-17
-2.953312103985924892e-18 3.050390593061974199e-17 -2.155104642958103551e-17
-2.775994780880632248e-18 2.867244674632810513e-17 -2.027096230667305065e-17
-2.587006432748654581e-18 2.672044082116165670e-17 -1.892070257288128527e-17
-2.388671577114912031e-18 2.467189737474376193e-17 -1.751517901403222087e-17
-2.182449762324684012e-18 2.254189194795182286e-17 -1.606354821960888173e-17
-1.970006361035678706e-18 2.034762550288660243e-17 -1.457649519443444265e-17
-1.754077156586638112e-18 1.811735517674565785e-17 -1.307204586436825425e-17
-1.538632189676190119e-18 1.589208655942016808e-17 -1.157658045720032229e-17
-1.328233660731698661e-18 1.371894101134405889e-17 -1.012032731095968499e-17
-1.126916272117800596e-18 1.163959198561336814e-17 -8.729577684182553468e-18
-9.371223484751397234e-19 9.679265543099291987e-18 -7.419392985194129600e-18
-7.591333001894954515e-19 7.840868180950068295e-18 -6.189919140350455715e-18
-5.911845339113441494e-19 6.106173965758025128e-18 -5.027491153361371009e-18
-4.301951698286723300e-19 4.443361418371287497e-18 -3.909924354682945678e-18
-2.728751877702862960e-19 2.818448956342378995e-18 -2.814244306883153635e-18
-1.168896930000104133e-19 1.207319856656800763e-18 -1.724422996877259620e-18
3.827028791012370723e-20 -3.952829222129468377e-19 -6.365877177964621877e-19
1.910272155073444074e-19 -1.973065081437360352e-18 4.400064862233931183e-19
3.382127652266865957e-19 -3.493301920066180780e-18 1.486389598927302083e-18
4.761473823536556208e-19 -4.917988579747266798e-18 2.480182523550883589e-18
6.018345296598138507e-19 -6.216174740197266665e-18 3.402314143111928828e-18
7.137617129203872102e-19 -7.372238150049599370e-18 4.241766606089157090e-18
8.120549490980168987e-19 -8.387480485827003480e-18 4.997067929465805980e-18
8.980738661500068808e-19 -9.275945059653102042e-18 5.674575889957110775e-18
9.737331568409170115e-19 -1.005740802590636244e-17 6.284578769080512700e-18
1.040847845587735811e-18 -1.075061617789869468e-17 6.836979580166695936e-18
1.100730953357469546e-18 -1.136913140793822355e-17 7.338444990263185924e-18
1.154160399839930171e-18 -1.192098875191947160e-17 7.792031454512744713e-18
1.201659938967158542e-18 -1.241159775941170400e-17 8.198980180748765438e-18
1.243893204617228098e-18 -1.284781293527165173e-17 8.561319601994927721e-18
1.281942519083993353e-18 -1.324081333881088646e-17 8.883714028788522764e-18
1.317318990003609191e-18 -1.360620670615029321e-17 9.173605456019734831e-18
1.351656641168867022e-18 -1.396087029570542880e-17 9.439469836230415070e-18
1.386149310953693559e-18 -1.431713506961225918e-17 9.687640188142371881e-18
1.420906464466923583e-18 -1.467613170125728572e-17 9.918633339080512344e-18
1.454487649701773816e-18 -1.502298200043440085e-17 1.012438268139859434e-17
1.483874145003783432e-18 -1.532650658948693585e-17 1.028797789544328268e-17
1.505014313358350121e-18 -1.554485727974989924e-17 1.038677254884573225e-17
1.513841476197333930e-18 -1.563603053699172507e-17 1.039822021050750341e-17
1.507424445863126102e-18 -1.556975089946005916e-17 1.030641287255091948e-17
1.484810843089535298e-18 -1.533618157034747461e-17 1.010688677078138465e-17
1.447245311743303684e-18 -1.494817804405280662e-17 9.808077604407406768e-18
1.397730947416445247e-18 -1.443675840800526254e-17 9.429175275414375113e-18
1.340167281744859071e-18 -1.384219992379692114e-17 8.995410067897622152e-18
1.278405863503658947e-18 -1.320428410453332829e-17 8.532513846095757234e-18
1.215510244233793102e-18 -1.255465350173580858e-17 8.062011047746784618e-18
1.153365889021037953e-18 -1.191278240765370716e-17 7.598421725653329763e-18
1.092653146099009100e-18 -1.128569807875787692e-17 7.148685095375139220e-18
1.033112903528663899e-18 -1.067072414003893803e-17 6.713484828903006229e-18
9.739861141890717213e-19 -1.006002068368493868e-17 6.289850323456227600e-18
9.144874846320348480e-19 -9.445476638687794019e-18 5.874125646049712690e-18
8.541698165503462789e-19 -8.822472792821398772e-18 5.464273549197749574e-18
7.930612899979765392e-19 -8.191300553490503480e-18 5.060820079697719317e-18
7.315470693580906995e-19 -7.555937936112002561e-18 4.666299196547423265e-18
6.700778381617040354e-19 -6.921040038616495561e-18 4.283634816681961320e-18
6.088497827490382320e-19 -6.288633234175699975e-18 3.914348170343890313e-18
5.476067582758663365e-19 -5.656071725220957421e-18 3.557456875743556682e-18
4.856729447024156820e-19 -5.016375339799647463e-18 3.209606807107943982e-18
4.222334694685499576e-19 -4.361127233374667089e-18 2.866614315229496353e-18
3.567727690783713884e-19 -3.685002489350153958e-18 2.526027639862045158e-18
2.895035856578705720e-19 -2.990198582194105972e-18 2.189649777728201457e-18
2.216055077082533215e-19 -2.288899069842874831e-18 1.864776329387551766e-18
1.551545932080024067e-19 -1.602546949776502477e-18 1.563459844656619878e-18
9.274667157740194399e-20 -9.579536867594866822e-19 1.299947724446014724e-18
3.693594480397651769e-20 -3.815008855730431613e-19 1.087092168265479029e-18
-1.032926301251896783e-20 1.066879128372094479e-19 9.329265110320691773e-19
-4.809695189531865000e-20 4.967797540864387269e-19 8.386344776268445226e-19
-7.650301941301237019e-20 7.901778986749780762e-19 7.987330209517134686e-19
-9.652604655203332963e-20 9.969896808309823285e-19 8.035009160890946907e-19
-1.094880432541207507e-19 1.130870204055814671e-18 8.427385863963244762e-19
-1.165101350184314059e-19 1.203399484204342792e-18 9.092700186965441166e-19
-1.181832043737882055e-19 1.220680422944613423e-18 1.000529388799298547e-18
-1.146245145439585713e-19 1.183923946478214394e-18 1.117291078174091922e-18
-1.058912967186131047e-19 1.093720875815897901e-18 1.260025082951187798e-18
-9.252319228678447279e-20 9.556451640902634930e-19 1.424703039012053816e-18
-7.591375736693776064e-20 7.840908740676281913e-19 1.600249444016665926e-18
-5.830949999529264798e-20 6.022615845872170595e-19 1.769004227183556319e-18
