-3.240485293475316783e-09
-1.166621494709169904e-09
2.377126964170163377e-09
5.512493914459001570e-09
6.294557307365392977e-09
3.746356446758473134e-09
-1.204924240539452536e-09
-4.061128152396963701e-09
-1.434223588950652637e-09
3.181005701590537451e-09
4.668250887575622876e-09
3.132962391653035670e-09
1.278759207270847885e-09
1.164465150433500044e-09
3.645384770222651409e-09
6.286090682017618710e-09
4.394264783013446967e-09
-1.902678713283569265e-09
-5.044518683952245580e-09
-7.618697645664588874e-10
4.061068473392004572e-09
1.099969168343305610e-09
-7.572367726919992163e-09
-1.179547266695251081e-08
-6.658003525353948775e-09
5.874593292392687390e-10
7.405560017890996840e-10
-5.329212548405865000e-09
-8.541657375862632789e-09
-4.378128032891003034e-09
1.262484653938773833e-11
-2.472329539636205863e-09
-7.504525753844184818e-09
-7.598429124991400136e-09
-2.779777144921595365e-09
2.404686964828757401e-09
6.994517418157576409e-09
1.226660610060106096e-08
1.435410039859137057e-08
8.273040952957757673e-09
-1.814270718982854965e-09
-5.660255435235859474e-09
-3.441039023865682510e-10
5.503405327711758074e-09
3.932995278618910329e-09
-1.723208387599048458e-09
-3.712805903829475720e-09
-1.193234808773814495e-09
6.037695186929307234e-12
-2.678009080493671704e-09
-4.487157730100377604e-09
6.199193972626414330e-09
5.752680975021261284e-08
1.532149228664434426e-07
1.888744543746956719e-07
4.022888060682420111e-08
-2.062998850932185905e-07
-2.935007434612967070e-07
-1.430667042607410187e-07
2.592314743761517867e-08
2.424926607592589898e-08
-5.973157130562886392e-08
-5.814949292786776783e-08
2.376684181803931315e-08
7.829806566767421196e-08
6.772600939234979044e-08
2.879888967442515859e-08
-3.225666598656586141e-09
-1.735628219927557573e-08
-1.685652077524330428e-08
-1.077168446652700571e-08
-2.570389636916381830e-09
1.041678759715230173e-08
2.343389500645341784e-08
2.479241667368573373e-08
1.071169137642831993e-08
-7.385779838450054836e-09
-9.742328509434068649e-09
7.625879843511294687e-09
2.353912920928785329e-08
2.547930873605352414e-08
2.456078000058237821e-08
2.346962007727677026e-08
1.219050128040803160e-08
-2.162317892389379797e-09
-1.389201541795673742e-11
1.810425954003902195e-08
2.919643626519135702e-08
1.875718515602113943e-08
-2.613959298449922802e-09
-1.478099262044378647e-08
-8.501006336045296665e-09
6.188173278499388361e-09
9.724848242630091889e-09
2.538266418096662105e-10
-8.817518757392158049e-10
1.584416937943646255e-08
2.853389232080809527e-08
1.571887850394142230e-08
-1.166234986692680730e-08
-2.688017866548952742e-08
-2.124565979197086009e-08
-6.909768191362997831e-09
2.210376131160227411e-09
2.087438711110902966e-09
-1.110466907818996743e-09
-1.767103788685682340e-09
-5.105814779479633461e-09
-1.440394792814208840e-08
-1.908636151305073035e-08
-1.215199183236169372e-08
-1.385221392972473209e-09
3.906409125567467083e-09
7.610752724915584199e-10
-9.102040793496278351e-09
-2.025544723011084536e-08
-2.594107947915471870e-08
-2.198767114940944431e-08
-1.091140323611606581e-08
-1.511694534162296530e-11
5.815930826043585588e-09
6.897839869372941545e-09
6.850802158025887214e-09
7.937984146745213451e-09
8.270374451487576821e-09
6.220017401515802053e-09
2.832367809032715026e-09
-1.980610213779125747e-09
-8.547529487975373454e-09
-1.199181451875216583e-08
-5.819320272229714025e-09
5.910038243760175720e-09
8.955800401607668692e-09
-1.114072485372214801e-09
-9.621264556163784030e-09
-5.290213186306847861e-09
1.159720882255356738e-09
-2.733723935253936382e-09
-9.148503984562138420e-09
-6.154326758375490716e-09
2.244906447092802559e-09
4.889193918684263601e-09
-1.385970585030999361e-09
-9.705415527378444106e-09
-1.221491339747221484e-08
-8.982262761333528316e-09
-4.391988074686136714e-09
-2.017481398263054229e-10
2.897967150868137627e-09
1.837730189948386453e-09
-5.050614430522805321e-09
-1.152564035224627722e-08
-9.475967987427848637e-09
-8.714366428651966489e-10
5.809278771684380564e-09
6.253072250384619640e-09
1.719475672809416676e-09
-2.025159553848026348e-09
3.348514256457508867e-09
1.743530839208789104e-08
2.585018118141995317e-08
1.817022623541011563e-08
2.926061277462627235e-09
-4.744648933854485195e-09
-1.497784885398591989e-10
9.737882270299055840e-09
1.394817514945901128e-08
7.616614867301766421e-09
-2.611179245790737848e-09
-6.757610306524330716e-09
-3.713883173904932168e-09
1.163274196398639119e-10
2.346607192171400930e-09
6.993392904405286501e-09
1.411845571566790503e-08
1.651367724784221205e-08
1.136560718322701671e-08
5.514470282977152365e-09
4.512109878225746314e-09
5.373666106988714281e-09
3.389429821808378506e-09
-3.621120456627077048e-10
-2.727704442542250617e-09
-5.394502801619435175e-09
-9.532281276471429076e-09
-8.046893297694478815e-09
3.788599122190549765e-09
1.440656619446705366e-08
9.092033950786173652e-09
-5.602721082355779486e-09
-1.044639287719950182e-08
-4.006486877946681753e-09
-1.577950354903694613e-09
-7.343357110165191600e-09
-9.918745970481116303e-09
-3.721355288710731035e-09
2.626646342815663304e-09
9.679796645376123013e-10
-5.746068955618143167e-09
-9.492633173342154178e-09
-6.035959370349509653e-09
1.011485019763676498e-09
4.210768133873415154e-09
2.170242219978555455e-09
-5.021714073856300125e-11
5.181791383561500260e-10
1.450973622497316173e-09
7.105240916044431126e-11
-9.271076264678486279e-10
2.008892644090032022e-09
5.292741634898899100e-09
2.271658472228013461e-09
-6.473974398460411621e-09
-1.214288895362785711e-08
-7.955276992680983239e-09
2.487654452332550023e-09
1.006948213621208838e-08
9.623117131638720886e-09
2.942363173862962017e-09
-3.588129135634750763e-09
-5.694580676812579166e-09
-5.235849814721172689e-09
-4.521053432573826649e-09
-2.759605958599172053e-09
-1.300511005987049106e-09
-3.067184090972091873e-09
-5.857917742073702748e-09
-6.374536889604551206e-09
-6.498240084041548673e-09
-7.397251824315793868e-09
-5.847564647763406868e-09
-6.079458352113136381e-10
3.788173524333269313e-09
2.513660485665020304e-09
-1.723780818450879258e-09
-2.244815971463943572e-09
1.832601238352099729e-10
-3.451577788200619192e-10
-3.421181521276290175e-09
-4.570515383754806631e-09
-2.433531592254359807e-09
2.383811060229315588e-09
6.802587754652353159e-09
6.307688601613200024e-09
1.966900376601538729e-09
-7.747592847106175216e-10
-2.012546800435462158e-10
1.655359752452229124e-09
3.863207106701207946e-09
5.631598481493657530e-09
5.320597787435173781e-09
3.479404607664325943e-09
1.612499685968735935e-09
-1.286945145409415702e-09
-6.537210990782826853e-09
-1.096710295560489023e-08
-9.088527643029258320e-09
-7.671384858014343811e-10
8.543802985852434195e-09
1.342799975754820205e-08
1.117770610232006611e-08
3.530376151612467811e-09
-3.605458714442195552e-09
-4.983780844630133499e-09
-2.357897790264832496e-10
6.143954187781040772e-09
8.516299757250716562e-09
6.165503341325417395e-09
4.289031505417827548e-09
5.785675903083509042e-09
7.415585028597307255e-09
6.620574247582435754e-09
4.183245917214386183e-09
-9.517217907276891734e-11
-5.957912093791803124e-09
-8.255881122059007493e-09
-2.446239996390850537e-09
6.738303779060896961e-09
9.228150254585693173e-09
1.526290093710624795e-09
-8.437366280671795733e-09
-9.886302617553717728e-09
-3.105263926263632224e-09
1.135080142749324786e-09
-2.371449319105967462e-09
-7.426365642748287613e-09
-8.269095686032729642e-09
-6.422328979633894509e-09
-3.896629156099426509e-09
6.220821898178943493e-10
6.516744984299659009e-09
8.877923647757450298e-09
4.981877505209417436e-09
-2.695277896266148358e-10
-1.204988479289883274e-09
2.517179584521794790e-10
-3.721296773298893602e-11
-2.009262874374194268e-09
-4.221698038580363233e-09
-5.427577326217011358e-09
-3.867367502174557415e-09
5.824466611805098807e-10
4.190626450872438289e-09
2.322384823652200890e-09
-3.575087072332854348e-09
-6.450025640930188508e-09
-3.352767859714528570e-09
7.156840269626291000e-10
2.009315452921395172e-10
-4.133881713657744863e-09
-7.164316519508991519e-09
-5.948564666184163620e-09
-3.291522204861506828e-09
-3.697431993941252259e-09
-5.668415538005882755e-09
-3.128129573838131669e-09
4.901471026271465469e-09
1.288276303513179744e-08
1.566272421054070047e-08
1.198094011559977334e-08
4.006266964395257441e-09
-4.745855245105791646e-09
-1.014122113578081636e-08
-8.329823195544038293e-09
-1.176319569666001090e-09
4.995633619160990747e-09
7.826449246937896657e-09
8.814097510312113304e-09
8.272654735473996066e-09
5.019430124282029091e-09
2.725646886560785665e-10
-1.008466729306568955e-09
2.395298426345156671e-09
3.549314253155139960e-09
-2.318396480774180888e-09
-8.497671744068494437e-09
-6.268621804624116605e-09
1.645548239454667105e-09
6.027419080208397291e-09
3.436120034322098368e-09
-1.157263103637391447e-09
4.289513157887636233e-10
8.646168825609739410e-09
1.165906983882573322e-08
5.208433604051170904e-10
-1.564499783381679591e-08
-1.971102475960768700e-08
-8.753224573318728007e-09
3.372754108263992603e-09
5.280522170989920777e-09
7.116284031639913140e-11
-3.859936401967424996e-09
-4.032133367208619602e-09
-2.435035314019949602e-09
-1.078714617808113233e-09
-1.735872931996128211e-09
-5.039627885273300356e-09
-7.668128974156168814e-09
-4.577282691646181573e-09
2.109251713281301721e-09
4.222547420767192800e-09
1.600924101536269357e-09
1.679015797522237306e-09
4.862930845513912238e-09
4.947616631896831441e-09
5.842021346360336102e-10
-3.910792234766383128e-09
-5.535749044869066638e-09
-4.860666115278472514e-09
-3.520112093277730227e-09
-2.325664158948967701e-09
-6.281576875303385211e-10
1.789797770655583809e-09
2.079567172302464776e-09
-1.467456319888415365e-09
-3.843234197650794930e-09
8.627129082081452776e-10
9.131768701504369591e-09
1.063027711835857279e-08
1.910565420388189883e-09
-7.923935496725383500e-09
-7.982781759917521817e-09
3.690528036428165076e-10
5.352953031777742929e-09
6.312588830519579619e-10
-6.891931322738956193e-09
-6.826986096396648445e-09
-8.243699352045342491e-11
2.060477261107577157e-09
-4.254569407051471466e-09
-9.363433493727807131e-09
-4.763859101851241223e-09
6.628530325515410203e-09
1.548415243612239550e-08
1.530188243344266322e-08
8.130260070366503574e-09
2.103053699762853142e-09
1.415786675214508306e-09
2.324592709297868012e-09
1.156956632568882376e-09
3.811511560453301618e-10
2.682359222269894928e-09
4.386133633736507454e-09
1.958037972194605546e-09
-5.562965362998105254e-10
1.309216580882064480e-09
4.904348798971757377e-09
5.480121373858847598e-09
3.109444857693947120e-09
1.329556799622395071e-09
7.918091118767834748e-12
-4.280561112336565339e-09
-9.304003134547727144e-09
-9.723852040577987561e-09
-7.658729787137491214e-09
-7.612730969551662332e-09
-5.503265683859410860e-09
4.289383128419005160e-09
1.559778920984627568e-08
1.696185836656195941e-08
8.553013786035687435e-09
8.339585290955981994e-10
-3.614995847714583251e-10
2.533383471906698195e-09
5.425376448280351725e-09
5.402802058850453941e-09
1.820004547398494975e-09
-1.986785767778043463e-09
-2.052088703545917000e-09
1.297945930044161431e-09
3.279712170560105488e-09
-2.987232718718127563e-10
-6.136405021381368517e-09
-6.700356142463520033e-09
-1.803824830102861451e-09
2.672620359907952759e-09
4.159582047519241972e-09
2.069214259703111318e-09
-3.124944715958063104e-09
-5.292184990069357355e-09
2.036204748845868236e-11
6.608727512406352423e-09
6.300129863996870581e-09
-8.450132305142595069e-10
-9.370440040192454663e-09
-1.405316416481843979e-08
-1.257612241046196587e-08
-6.279014803975526072e-09
9.005069944222023264e-10
4.072315226121125843e-09
1.526247104007234998e-09
-3.507111200881632951e-09
-7.871792681589918596e-09
-1.039991523065583785e-08
-1.018397223148931651e-08
-7.914872184098551908e-09
-5.924483421724122879e-09
-5.759098280885173300e-09
-6.421687820892349818e-09
-5.298459204827888941e-09
-3.039588129291872586e-09
-3.434148761991853018e-09
-5.650040825273910434e-09
-5.069931358090467148e-09
-2.052007802681580116e-09
-5.221106282412425675e-10
-1.861713114742462171e-09
-5.242064847318230705e-09
-7.467888723793016879e-09
-3.958574620923446873e-09
4.553968793304368925e-09
1.174280494076948611e-08
1.383021430134926484e-08
1.226970568792600245e-08
1.055143525306080675e-08
1.155881482806581136e-08
1.404207191465735163e-08
1.238266534096655489e-08
4.420749715610515264e-09
-3.587706391497911653e-09
-5.045059939387582865e-09
-1.448462110698159122e-09
2.143723825641504307e-09
3.568192767939225909e-09
3.182344715530203755e-09
2.671569440493497293e-09
3.298717843309817072e-09
4.133601622187560250e-09
3.969465684476756619e-09
3.543274591545934682e-09
4.145360049517170395e-09
4.363276987576620420e-09
1.761796728934943303e-09
-2.143541546944393888e-09
-4.286933844706431395e-09
-4.578033197770655136e-09
-3.612385419691787996e-09
-1.004294536632556011e-09
1.864404318273200196e-09
1.386051083229439503e-09
-3.792969799933282840e-09
-9.105990341275932888e-09
-8.401725820078461070e-09
-2.250903985869823449e-09
3.394288094149567096e-09
5.232954314051461754e-09
3.244535203760840106e-09
-3.546419776072358469e-10
-1.190666570806734783e-09
4.389699525991014386e-10
-8.329467265047649842e-10
-4.517883596237332850e-09
-2.925153661089272939e-09
6.189138811043561408e-09
1.384379231204484628e-08
1.155531424984432295e-08
2.000000489919817694e-09
-5.957787164790722525e-09
-6.399392222238907977e-09
-5.159990650606893610e-10
5.269299830556788360e-09
5.979586459142468451e-09
1.027264832755567580e-09
-6.123975979731480694e-09
-8.272607990932209363e-09
-1.274725603971866163e-09
8.605051187007212467e-09
1.035648136301764799e-08
7.496842255965028348e-10
-1.280429306081073112e-08
-2.074730940701750563e-08
-1.881889666342607004e-08
-8.541815799876571918e-09
4.191305722986655993e-09
1.126365788524172735e-08
8.491714741500942645e-09
3.214312591371497298e-10
-4.923955701829526540e-09
-3.915603370409697513e-09
-2.633254039181269230e-10
8.196371260378059100e-10
-2.105473487022542918e-09
-5.269074388960479433e-09
-3.274383075811262934e-09
3.891344300979968783e-09
8.637726694174209849e-09
4.453129424307254982e-09
-3.951957641640625376e-09
-5.926013732817541942e-09
-2.221588386195662816e-09
-4.131942425454920024e-09
-1.048419037569962986e-08
-7.568750661063061494e-09
4.863302323776749867e-09
1.337026891691195541e-08
1.325388040869432570e-08
1.011528475115798390e-08
5.735988604780240083e-09
-1.499807739752553342e-09
-7.630568216246937609e-09
-7.762464103169100316e-09
-3.826210542981546142e-09
-5.053923693905139994e-11
1.701006743638937352e-09
6.878756270327497829e-10
-2.225889247361557119e-09
-4.611232109583883587e-09
-5.099493198491599677e-09
-2.924466408200336505e-09
2.711200792096217439e-09
1.009081334177338281e-08
1.521059819407130603e-08
1.447819908514943417e-08
7.874611771593510706e-09
1.447477003743997839e-09
8.229918770996736457e-10
2.342064771008550329e-09
-1.080917389220143405e-09
-8.143691677552332518e-09
-1.080895897914059561e-08
-5.571287627868320085e-09
2.615828932408676783e-09
7.642013981284470568e-09
8.620673211078079174e-09
7.454993282902599362e-09
4.600872310834334698e-09
-8.891710279607483054e-11
-5.527236286831595349e-09
-1.024565216127573934e-08
-1.305470897683510472e-08
-1.256871410651438293e-08
-8.341311345934768799e-09
-3.796784807536716434e-09
-3.801116984172888779e-09
-6.366612947660082970e-09
-4.812945920506794157e-09
5.435660615783183081e-11
1.598957048776430631e-09
1.186778977130778116e-10
1.558096932892733734e-09
5.860883109793505247e-09
6.605702922583529721e-09
1.255607093414349312e-09
-5.055869655779642180e-09
-7.633476554474405352e-09
-8.287812640603759457e-09
-9.851207083660793848e-09
-1.044414051054292070e-08
-5.984359411504765880e-09
4.715007834541914623e-09
1.745715393338761333e-08
2.602255361221819959e-08
2.778051652136253371e-08
2.249940817245141104e-08
9.698651325367893346e-09
-6.950711282582039106e-09
-1.676695648085644482e-08
-1.080759329419720984e-08
4.590036161679817562e-09
1.140199497494122196e-08
3.387309600992502002e-09
-6.590640624675459092e-09
-7.317741973464386147e-09
-2.059244984784821569e-09
1.225151871817764872e-09
2.191636623553787042e-09
6.070774396740735788e-09
1.219259522980112583e-08
1.419397857501498581e-08
1.034953299317064803e-08
4.272681221686267474e-09
-1.247333431112805924e-09
-5.603984875791640612e-09
-7.696192110523433030e-09
-5.196675330300869958e-09
1.262502503292918445e-09
5.337942385529999899e-09
1.933079654328479395e-09
-3.922564120226321887e-09
-3.239375458158071927e-09
2.271146648242479144e-09
2.841434623681053901e-09
-3.206105619121676191e-09
-8.608906124886639660e-09
-9.958948878255347667e-09
-9.943839822050656308e-09
-9.733431991081615512e-09
-8.802673077046715231e-09
-9.848501649933043211e-09
-1.419227088072806911e-08
-1.560845116913951735e-08
-9.430470863744250528e-09
-2.373792382352883181e-09
-2.874096601880061987e-09
-8.795117744202167660e-09
-1.237282281211141717e-08
-9.635947595677816756e-09
-2.292606055921066760e-09
2.941598690451129843e-09
-7.787031790511778355e-10
-1.236833878611439941e-08
-2.311929516227360075e-08
-2.479640259056476611e-08
-1.636414858833673471e-08
-4.309494429134967458e-09
5.290217331839245868e-09
1.399282217133447065e-08
2.592984281650778286e-08
3.788417580963375908e-08
4.111515047000255108e-08
3.291605389238208747e-08
2.136121313874853987e-08
1.733202824061868579e-08
2.320063676266754939e-08
3.101246642301218761e-08
3.211410326120284078e-08
2.525011438578140834e-08
1.370067963929431685e-08
-1.464883767622504459e-10
-1.407937400453959862e-08
-2.397492479777106966e-08
-2.518147306855830167e-08
-1.759401571984554053e-08
-7.614998583814854983e-09
-1.487920694895303399e-09
-1.574339126685899445e-09
-6.809006365375851103e-09
-1.074595427671981170e-08
-7.356222811506264839e-09
8.516177662763186673e-10
6.631730786415581368e-09
4.730893009323221456e-09
-5.028325393985817845e-09
-1.612906877487549116e-08
-2.149943474385119089e-08
-2.091080689680681889e-08
-1.516174197021528833e-08
-2.508814689569438584e-09
1.173873238091985742e-08
1.533818343803131975e-08
3.645793891470999106e-09
-1.249463005728277513e-08
-1.711508177789470754e-08
-7.957695634599269072e-09
2.086384359477100640e-09
3.240867820879700797e-09
-2.102039657533023207e-09
-8.476793176269093816e-09
-1.399119581619344409e-08
-1.610437950555762141e-08
-1.039643863183099533e-08
2.093666845189455975e-09
1.187836994810401124e-08
1.110513073277366960e-08
2.979120492594164812e-09
-3.741770759891323428e-09
-4.949708687789639832e-09
-3.206766361838433312e-09
-1.257291409328791512e-09
3.325109824377033172e-09
1.075933166978742709e-08
1.298104582625004762e-08
6.267410717856197530e-09
-3.881496846112233973e-10
6.062350643822816871e-10
5.344357971767086290e-09
6.658925623902860031e-09
2.228723667307039632e-09
-4.504045499823289184e-09
-7.965047341108898532e-09
-6.541698631972018598e-09
-2.428974404237068384e-09
3.152002659502751266e-09
9.168471527617819793e-09
1.168639944196568603e-08
7.994578241334920959e-09
2.756221483959411048e-09
3.197363569285256177e-09
8.541938850220815057e-09
1.065832622271973807e-08
6.083888132016449107e-09
1.791520539638945340e-09
4.276676474167577414e-09
8.356163810081427282e-09
5.674197636949038963e-09
-1.231834191117078597e-09
-3.450931520937384585e-09
1.175570765946498418e-09
7.367080559403555394e-09
1.027248596939976548e-08
9.565837494639775904e-09
7.185953494568261292e-09
3.534155230259100858e-09
-1.387498783615339444e-09
-5.426984218545828881e-09
-6.468066023775330517e-09
-5.275110095793244395e-09
-4.699636706638815007e-09
-6.524062538902976996e-09
-8.660463304472969145e-09
-5.748272916723258238e-09
3.804392428399609208e-09
1.158367708813821612e-08
7.924715922373293603e-09
-3.746523919415215249e-09
-9.600717819164602299e-09
-2.047461952302119829e-09
1.071045647800457389e-08
1.329808665628399816e-08
1.488476159411685438e-09
-1.040930681610124032e-08
-4.035328748125616980e-09
1.803412676134237443e-08
2.582830263398413502e-08
-2.998962123521669021e-09
-4.495595404531301442e-08
-5.593332308173773547e-08
-2.815436111492716185e-08
6.607436487496389358e-09
1.994208437816054050e-08
1.074170404890010650e-08
-5.946786709515757635e-09
-1.633751104280706331e-08
-1.510198041057583720e-08
-7.086856463038846936e-09
-1.183769298159290412e-09
8.556693288107460104e-10
2.725829769594046116e-09
3.404504851322263383e-09
-1.647784376558836774e-09
-1.212652639693116281e-08
-1.929000818900134532e-08
-1.215894810197693508e-08
6.450414265437349555e-09
1.848090348293522677e-08
1.481923709739297290e-08
6.013375504868299927e-09
2.534752940978770586e-09
1.976002399334598276e-09
-1.009647628762677222e-10
-2.255490263517528019e-09
-4.079882070250946018e-09
-8.679509192383787138e-09
-1.477269949247685470e-08
-1.586340073224418338e-08
-9.212791723217394058e-09
7.483478594335208526e-10
7.702316871372687043e-09
8.692028060557609752e-09
5.718123115352889745e-09
3.320388365424833762e-09
4.683028179455647191e-09
1.098348918692104888e-08
1.919881816565297646e-08
2.106134518235472874e-08
1.387703671323064230e-08
5.483318072088996172e-09
2.386484723075944467e-09
3.877166177494081258e-09
5.976210203526855815e-09
5.653502456586379227e-09
5.055877580754493039e-09
7.690895252269986798e-09
1.000102898367304687e-08
5.665896576081901567e-09
-2.656975913027693875e-09
-5.940091945357601127e-09
-3.366284675737371052e-09
-3.527701319523834530e-09
-9.841291598616813946e-09
-1.565328034074243659e-08
-1.492326419165135760e-08
-7.566165663899423958e-09
3.663718901919420810e-09
1.220321090023722337e-08
1.088986478711920156e-08
2.189180974007004812e-09
-4.748825392838627403e-09
-6.497194284286650544e-09
-5.320915351734144896e-09
-2.522884563242906092e-09
9.286137237865333930e-10
1.739987886605409187e-09
-3.066345863263360721e-09
-1.025070335652158047e-08
-1.139953078237823441e-08
-4.201637175286933971e-09
4.301188317842625358e-09
8.475881694270959920e-09
7.610605192483955057e-09
6.528672176559248925e-10
-1.180860365554118890e-08
-2.325016921921619384e-08
-2.354224130092748036e-08
-7.779020185164581420e-09
1.407455196790465581e-08
2.521714623507550236e-08
2.286995757337870939e-08
1.825815135697691266e-08
1.769646823113335653e-08
1.558285998856918418e-08
5.694760962006753840e-09
-6.109053577494962444e-09
-7.463245061871945881e-09
1.504608968314419945e-09
7.261955671980848958e-09
3.024813117217708798e-09
-4.330366853925666877e-09
-7.377065356739366163e-09
-4.935516212860720401e-09
1.443120822522872547e-09
7.290128767986828125e-09
6.098820325509477846e-09
-2.706244446926062143e-09
-1.180129687996722042e-08
-1.500408747959829460e-08
-1.279113397482096450e-08
-8.327872102360468192e-09
-4.425132469438599592e-09
-3.129857672616292399e-09
-3.330053197860550988e-09
-3.684227989991642730e-09
-6.219324396590923317e-09
-9.756254637578485917e-09
-8.430852914055433728e-09
-1.052204993709814930e-09
6.044373431617704366e-09
6.653342557746265286e-09
1.769449156751244946e-09
-3.491984076952457501e-09
-6.372059418786034198e-09
-6.595976166667907530e-09
-4.809990711509040389e-09
-1.382074950512493078e-09
3.520817072618454523e-09
7.536078838872481789e-09
8.201886759934016356e-09
6.324661246034682198e-09
3.506489866786719713e-09
1.522448489589618994e-10
-2.816501852892055563e-09
-3.577316576589411368e-09
-1.623388960266232045e-09
4.516769361381450300e-10
-5.117153253285241126e-10
-3.715605864009404728e-09
-4.680914434428005565e-09
-1.144388725086632561e-10
7.607802145766880049e-09
1.202561669098735920e-08
1.096148896850431241e-08
8.519211508107509499e-09
6.300037414681467898e-09
2.095522505406609429e-09
-2.735715763041966083e-09
-4.268756839492539208e-09
-9.656804834041110437e-10
4.127943032471256022e-09
3.404988605955265534e-09
-5.178357296482051169e-09
-1.205510881542012001e-08
-9.653177326408640121e-09
-2.128900691497751050e-09
2.563386137310442448e-09
2.537228724182978760e-09
2.911477707689188959e-09
7.659732116588831966e-09
1.297505743707093343e-08
1.241779039151105246e-08
5.854784372788903694e-09
-1.706761702509857245e-10
-3.162190132917555848e-10
3.438433679913652622e-09
5.201980436955885758e-09
2.821079093452429594e-09
-8.175979119104335385e-10
-2.967530452350952898e-09
-3.888456771568522538e-09
-4.382624506682048220e-09
-5.716041577053796948e-09
-1.069521925615223560e-08
-1.735424863154122816e-08
-1.731801562324038871e-08
-7.424848109221483783e-09
5.499127425553338148e-09
1.389431478466794394e-08
1.521601384217469010e-08
1.090937057666114629e-08
5.443693911611682523e-09
1.632727400613635257e-09
-1.965344411544130473e-09
-4.596378007278286923e-09
-3.308189384889966759e-09
1.502523375920498154e-10
2.306554195027587957e-09
2.551329589215086406e-09
1.387287980369535671e-09
1.263941365829337136e-09
4.675836190318126262e-09
7.970889218775420114e-09
6.752503087666349692e-09
4.137408051424615412e-09
3.280947176823517030e-09
1.619853171818384526e-09
-1.979429090679822044e-09
-5.905477334647947774e-09
-8.563676656157886627e-09
-7.311537188675752761e-09
-4.121517362447046211e-09
-5.931210099773794501e-09
-1.088512355298063453e-08
-9.946367140398945002e-09
-3.146983957651140915e-09
2.150697934857265467e-09
2.468289178584598878e-09
-1.427286489452405833e-09
-5.766963914372348870e-09
-4.855717108894428038e-09
1.123384572531311011e-09
4.458889041170609417e-09
5.381949691270998657e-10
-6.317190165301286879e-09
-9.076459218709729088e-09
-5.956052669529670508e-09
-1.563017404182180348e-09
-1.011305132361581948e-09
-3.410468228173340657e-09
-3.207199658745542534e-09
7.154146738255993186e-10
2.864959017604954968e-09
8.557326012690835562e-10
-1.208088588596553506e-09
-6.063816960865604969e-10
1.512883806599993895e-09
4.746488790431983910e-09
8.187362028295878784e-09
4.328407460363295041e-09
-1.450305059817980112e-08
-3.635051602240065677e-08
-3.272017695125110124e-08
3.533146670642179806e-09
4.105516866616434103e-08
4.653341901860548407e-08
2.406294745638179017e-08
4.184813262654773922e-09
4.092069714803672804e-09
1.358517730214769091e-08
1.449541354971493411e-08
1.952129953023727238e-09
-1.183288961288507878e-08
-1.304764424577370134e-08
-3.730482358113104959e-09
3.651864861958923316e-09
3.048713744925529700e-09
-1.859271416072736134e-09
-3.372498591060278260e-09
2.675929432862226513e-09
1.011547329344282041e-08
8.092263871848378924e-09
-4.692738829627647158e-09
-1.818462110526305943e-08
-2.335390846834408333e-08
-1.913580566820336522e-08
-9.620168574657581805e-09
