-4.077938754554565115e+00
-3.332245900676579886e+00
-1.720010073340838996e+00
-5.367450942555256344e-01
-6.568542785241924253e-01
-1.894777968305808136e+00
-3.100656328470150935e+00
-2.922788417208933787e+00
-7.238698567589740840e-01
2.942652670203933063e+00
6.581157947126505370e+00
8.551423305879072956e+00
7.932201169779454553e+00
4.978228658969263698e+00
9.671156143149057804e-01
-2.436849926948769784e+00
-3.963698210740732808e+00
-3.299826617510276172e+00
-1.189497817098004173e+00
9.681888390354969065e-01
1.856949318877960664e+00
9.727718746239335523e-01
-1.049171983434483701e+00
-2.756828245906874475e+00
-2.759885825451533492e+00
-6.957150110295959866e-01
2.345560416471887066e+00
4.325801053019647568e+00
3.512354044151325905e+00
-2.612226985596464157e-01
-5.204425754284330630e+00
-8.455216690764881804e+00
-7.810505966134920541e+00
-3.222031443228125625e+00
2.984729610799262023e+00
7.431380522815045353e+00
7.770251031776473027e+00
4.175552378003715148e+00
-7.809633413100296462e-01
-3.826627526154118719e+00
-3.132424876233832922e+00
5.465287305129662432e-01
4.502450214101696879e+00
6.012721685517851355e+00
4.207819879340887859e+00
5.613458002602931263e-01
-2.302710975706916408e+00
-2.576592094571144465e+00
-5.578054694910332678e-01
1.669553301955137403e+00
1.894003521568826454e+00
-4.796958155008739233e-01
-3.911702027290900219e+00
-5.826853689757353294e+00
-4.526223739588878026e+00
-5.059431430437559829e-01
3.782578810463648189e+00
5.558897945356111592e+00
3.562829447286604445e+00
-1.161776583521906048e+00
-6.033270114896224001e+00
-8.621481279556219235e+00
-8.037778099907532336e+00
-5.129498154797061282e+00
-1.529774012910887215e+00
1.565949573997250432e+00
3.942335109993771347e+00
5.935337477200818057e+00
7.580177977251519650e+00
8.209888296355952519e+00
6.939858156002022938e+00
3.648976853553650201e+00
-4.454317767102526915e-01
-3.271294324458533964e+00
-3.249698017987765475e+00
-5.389019715421781154e-01
2.846403991967928260e+00
4.289886592672806032e+00
2.406100483329452810e+00
-1.863912778813432869e+00
-5.761934656816936950e+00
-6.564028831346118587e+00
-3.511647051808175490e+00
1.557981809916431981e+00
5.378324720679001913e+00
5.443755208130577117e+00
1.709144414223437103e+00
-3.386391264858163996e+00
-6.585510528740198488e+00
-6.004293488228430675e+00
-2.337100593224504141e+00
1.721408644935414456e+00
3.379225715113099326e+00
1.622049410679924142e+00
-2.212436737935094655e+00
-5.474303578545329785e+00
-6.042318735487952175e+00
-3.658748049258785606e+00
1.022379784618240306e-01
3.078728029529764321e+00
3.997680343152946847e+00
3.137627162452398810e+00
1.814263886656589664e+00
1.208481659763850358e+00
1.482844090651674218e+00
1.825324489092456037e+00
1.298928697566122725e+00
-2.397748919408050350e-01
-1.907324423323708107e+00
-2.436440793279669226e+00
-1.195490451677050370e+00
1.208488046102551339e+00
3.223750729177339736e+00
3.359280036082714638e+00
1.197797066087710860e+00
-2.286974511299667334e+00
-5.315324718444736085e+00
-6.378868955169522792e+00
-5.099997426077027995e+00
-2.359565806774441832e+00
3.092627311646941601e-01
1.613625144155531155e+00
1.132137991903489738e+00
-6.080195747356538227e-01
-2.525274309200352896e+00
-3.539255627154523243e+00
-3.002052545119127114e+00
-8.915016598697267369e-01
2.206310641555456975e+00
5.276886351799638497e+00
7.208084939818691694e+00
7.236474680832658102e+00
5.356570794848334316e+00
2.438748148736740173e+00
-1.289080781969518252e-01
-1.183774682754230589e+00
-5.083801509138399233e-01
9.760572875226751766e-01
1.769271403185048275e+00
8.183188271255300572e-01
-1.668516730550503535e+00
-4.241165327699416565e+00
-5.144353072842397623e+00
-3.583335236930753620e+00
-4.197906546655204574e-01
2.272994028960725554e+00
2.578836941822699291e+00
1.143253190222328630e-01
-3.586563704982966616e+00
-6.028257010249269854e+00
-5.448310748702112960e+00
-2.079107265073476984e+00
1.942952086675732826e+00
4.007304549166518015e+00
2.823848919096326959e+00
-6.792266240724598170e-01
-3.998149336057539749e+00
-4.785148593927806004e+00
-2.435188154106569414e+00
1.596946587895332836e+00
4.943694285421628365e+00
6.057986161630242172e+00
5.234690227491441306e+00
4.172180806684152365e+00
4.441001735609215295e+00
6.070332708057441629e+00
7.390184830478519373e+00
6.314743325686847264e+00
2.125686097979078149e+00
-3.630159451267746196e+00
-7.913660759657275889e+00
-8.192397964106351793e+00
-4.267835815480484740e+00
1.420047296530287273e+00
5.312526657588822587e+00
5.070059196986813177e+00
1.106381030232733931e+00
-3.762972425285049383e+00
-6.315034061692627709e+00
-5.150973769809440661e+00
-1.594015276635449396e+00
1.363773210181274287e+00
1.293966069126824658e+00
-1.861083019131422711e+00
-5.698595840130426637e+00
-7.049473143121254282e+00
-4.259887578037641731e+00
1.545635024067966823e+00
7.108737685944782392e+00
9.154499926548369970e+00
6.543842239270201588e+00
1.021072924599851994e+00
-3.914834729921693235e+00
-5.235234465761030798e+00
-2.236393350803949076e+00
3.138410258883194359e+00
7.630306413585202563e+00
8.715232591551377084e+00
6.049129618805523911e+00
1.459263033339738058e+00
-2.395364739433553325e+00
-3.753806124475572936e+00
-2.763440121585908571e+00
-1.189335622122869918e+00
-1.086907726650204076e+00
-3.330043062270121368e+00
-6.938478763198345334e+00
-9.628886169786555982e+00
-9.255474595695003970e+00
-5.256315611887303341e+00
8.038205594086779149e-01
5.986085563552878241e+00
7.643820277045098699e+00
5.033990330170435179e+00
-1.303769630268212243e-01
-4.608161782595379563e+00
-5.562017171918657077e+00
-2.340133694743870230e+00
3.043533752596705444e+00
7.127226987115341750e+00
7.226595379389943119e+00
3.251187463427678725e+00
-2.136433754914361938e+00
-5.233890636433867094e+00
-3.830590339657097942e+00
1.139893454213413815e+00
6.039076176677869334e+00
6.899422170670002075e+00
2.222488442228192973e+00
-5.712381398181450187e+00
-1.203415275134399387e+01
-1.231174651409307685e+01
-5.492016951482392884e+00
5.211004561621958686e+00
1.411888913110971089e+01
1.645738367816125702e+01
1.114058645616666432e+01
1.237516043806195398e+00
-8.057703562504579864e+00
-1.252273097930032719e+01
-1.106994581249860587e+01
-5.767439973423382327e+00
-2.989560138609381745e-02
3.568484788982053235e+00
4.401647122820327773e+00
3.370855195055431519e+00
1.676525554139689067e+00
-5.792698803656778916e-02
-1.696667226356844305e+00
-2.906129995853741654e+00
-2.797161423091369503e+00
-4.731254944528322515e-01
3.869628012837418751e+00
8.331543772194297759e+00
1.002246684702368462e+01
6.905014659004659272e+00
-4.663270140758444260e-01
-8.717961562435533551e+00
-1.339899956296230954e+01
-1.171292895543977330e+01
-4.415859532387359287e+00
4.496996481961382131e+00
1.021053741599013875e+01
1.003401630852900439e+01
4.906032571629186378e+00
-1.498312248098099708e+00
-5.343932293641787012e+00
-5.054932933959414676e+00
-1.955394676685929589e+00
1.125784604401946609e+00
2.077126959339226531e+00
8.583362917401917702e-01
-9.063875563021790427e-01
-1.568162870329458558e+00
-8.815438149180940819e-01
-5.033745458970609321e-02
-4.250642250997756499e-01
-2.031505699143907329e+00
-3.267612063238534148e+00
-2.143124587548598026e+00
1.878210301644223312e+00
6.973123461858367733e+00
9.893018871662508928e+00
8.220575720382301554e+00
2.319011605440971735e+00
-4.565758622512811726e+00
-8.302261698045931837e+00
-6.663759169239496849e+00
-9.423862280611308151e-01
4.821533019152302479e+00
6.536592297498956761e+00
2.846518037480883834e+00
-3.923648208229415957e+00
-9.321322270576885671e+00
-9.751034630755327726e+00
-4.851516781021781632e+00
2.320224408740475752e+00
7.357602753397775253e+00
7.372217820403099253e+00
2.739456433504965371e+00
-3.354283840083311929e+00
-7.125733525495446585e+00
-6.610042346060117424e+00
-2.705516986853899741e+00
1.703432641197628605e+00
3.805248355283233241e+00
2.671219071685269064e+00
-3.156245006006738185e-01
-2.554333746676142436e+00
-2.012411807539318698e+00
1.468179091879057152e+00
6.099888201449771508e+00
9.247764136181748640e+00
8.958112297550155034e+00
5.021683613181409989e+00
-9.616797617996853953e-01
-6.455556427214466098e+00
-9.262477768061570416e+00
-8.531456153593850900e+00
-5.030522483598347527e+00
-6.143285607999990905e-01
2.791498851054484476e+00
4.149027432111626723e+00
3.714650454904681265e+00
2.692799941346759152e+00
2.348496072828412551e+00
3.109734444001138520e+00
4.221457050594809246e+00
4.202170020266255079e+00
1.858192389914014253e+00
-2.770757756078623846e+00
-8.165603734375247669e+00
-1.200417878464435972e+01
-1.240127444165772985e+01
-8.975908122912590770e+00
-3.093755561840749735e+00
2.862721245320949848e+00
6.745604465589453369e+00
7.662529287658501609e+00
6.200157729531814432e+00
3.812529406885997840e+00
1.847723045596908698e+00
8.488627605558989320e-01
5.056475247461310607e-01
1.638329183379054754e-01
-5.458337367294403553e-01
-1.407898913816125752e+00
-1.812625503614586187e+00
-1.244492494624924728e+00
2.979366621481805977e-01
2.226489401419062375e+00
3.654592864726997181e+00
3.852883363883097712e+00
2.604272346783666592e+00
2.929262428353318626e-01
-2.277115716531445511e+00
-4.220305329188851040e+00
-4.917466737740767257e+00
-4.250384272897969495e+00
-2.644856520193239469e+00
-8.970481747276033424e-01
1.706081671303339986e-01
9.462324532288413081e-02
-9.834318063414245747e-01
-2.354558539366021108e+00
-3.076298381559754880e+00
-2.450069802923867002e+00
-3.941016844940610220e-01
2.489325974541068742e+00
5.186796527860475514e+00
6.737129796548136262e+00
6.646536171713013808e+00
5.066394388370731861e+00
2.683604311316539093e+00
4.078740260091056058e-01
-9.967326808712978492e-01
-1.199081197078998073e+00
-4.144201399626341598e-01
6.997312002857618563e-01
1.349338276090145561e+00
1.010619749373143694e+00
-2.485071869224277918e-01
-1.734889049563526076e+00
-2.472280654551361145e+00
-1.785365658349171269e+00
2.053852414343386723e-01
2.521164796966327337e+00
3.805567692383546419e+00
3.104046724466225982e+00
4.619523963552023549e-01
-3.061263371254216548e+00
-5.992241303620421178e+00
-7.269296193913816317e+00
-6.744688019215371533e+00
-5.049437686661705449e+00
-2.976156252363045596e+00
-8.896994984057620126e-01
1.364235742944135410e+00
3.998328230431432928e+00
6.690186319889391164e+00
8.424981886527412200e+00
8.023715478588510308e+00
5.044469722319786520e+00
3.766732189814232523e-01
-4.009860848825221424e+00
-6.115724833928473103e+00
-5.110760335207287675e+00
-1.863392839834243642e+00
1.591525159136170542e+00
3.311899460329007283e+00
2.597532768802945924e+00
2.807597923184386168e-01
-1.977604275749755836e+00
-2.839006194455655496e+00
-2.074828445195096016e+00
-5.089239580852500389e-01
7.248193662477042665e-01
9.858365478309325525e-01
4.100717078671484161e-01
-4.356449660907338872e-01
-1.135630209650794420e+00
-1.716194966271984867e+00
-2.426682268103019346e+00
-3.262199113389214311e+00
-3.711514564903535263e+00
-3.020265269551180243e+00
-8.106141694654875884e-01
2.429592894675472348e+00
5.411840190874094958e+00
6.687014721265590822e+00
5.460463346942413310e+00
2.064614990777797310e+00
-2.175677054396824239e+00
-5.550400156876460045e+00
-6.670883772497298025e+00
-4.958983074359229803e+00
-8.277890882178087217e-01
4.383744571432000470e+00
8.691731477966172292e+00
1.003121841879524290e+01
7.114349902575590079e+00
3.156699348344291778e-01
-7.972662535406206175e+00
-1.402945969400617976e+01
-1.451876208554872250e+01
-8.450096194552040529e+00
1.825582921151162497e+00
1.144539121163567508e+01
1.549299619332804845e+01
1.176710555080645904e+01
2.161924121841019009e+00
-8.301280358521310632e+00
-1.429971963076327945e+01
-1.318698283232015811e+01
-6.296114968557406044e+00
2.171915380007761964e+00
7.847217476558872917e+00
8.678782250770906259e+00
5.685613238090020616e+00
1.721730545340032226e+00
-6.581577386941008800e-01
-6.879059793945458967e-01
6.398880717634258808e-01
1.788872271682761417e+00
1.943379650689283089e+00
1.352101831481375083e+00
6.835480818185378782e-01
1.708006013944625701e-01
-5.849176513453546722e-01
-1.976335189142728321e+00
-3.585460680495007324e+00
-4.111303339540292257e+00
-2.313582158837803604e+00
1.702997714673788687e+00
6.004493575124696392e+00
7.787017678320938607e+00
5.287395474991555488e+00
-7.251053206243123217e-01
-7.106534671935967218e+00
-1.023136691102829055e+01
-8.384927796363468744e+00
-2.947370149608262047e+00
2.539743346664002033e+00
4.811395497667549037e+00
3.092522552679011660e+00
-4.981461626624503758e-01
-2.619091062026070560e+00
-1.198918970130022910e+00
3.083556064418194520e+00
7.382809669915236128e+00
8.836660909344159265e+00
6.644909142883683728e+00
2.549110374861662365e+00
-5.689801869476482921e-01
-8.438447820518549802e-01
1.296363801918294589e+00
3.624713453139873032e+00
3.901701265031382704e+00
1.535451957869383044e+00
-2.110029906820054979e+00
-4.873717663399023792e+00
-5.415975492659875101e+00
-4.024638459644583222e+00
-2.084543998629574180e+00
-7.928897311286438043e-01
-2.609467414100733462e-01
2.725312629351562821e-01
1.394712816356497909e+00
2.651229114775571105e+00
2.715513811406250255e+00
5.394881160569997558e-01
-3.472240540156535715e+00
-7.340317978753998496e+00
-8.713384915603578307e+00
-6.571995106855677449e+00
-2.115073991278096255e+00
1.945080270077692353e+00
3.255113276547634715e+00
1.507759567141449208e+00
-1.328167705664644815e+00
-2.449353035399502332e+00
-3.008118209239485363e-01
4.219055133109810285e+00
8.311760718088905264e+00
9.187695769658443368e+00
5.960388157562450218e+00
2.077695579371230394e-01
-5.120540096760406890e+00
-7.598604867676102437e+00
-6.683683715824639826e+00
-3.702827349063101625e+00
-6.736850592426403272e-01
1.056805935308649413e+00
1.401662400250569984e+00
1.114869987922366912e+00
9.093470476683973569e-01
8.976417808413641453e-01
7.272327081591093423e-01
1.332116114512164606e-01
-6.882441338248690421e-01
-1.237607910261634192e+00
-1.210924816942265059e+00
-8.182335637197308831e-01
-5.758182523833536015e-01
-7.424251639042779294e-01
-9.468236762254381711e-01
-4.295557660061225524e-01
1.224179125228925358e+00
3.480851683229094107e+00
4.991559193881018430e+00
4.501099677039777092e+00
1.890184255102676847e+00
-1.508454006052847518e+00
-3.693673415449218567e+00
-3.399479630328964053e+00
-1.085241362975736701e+00
1.298312877614443916e+00
1.694432784262922098e+00
-4.918802833136155517e-01
-3.822367312759427982e+00
-5.750214851918553194e+00
-4.445899694681711978e+00
-2.267422948616318878e-01
4.476934606208332390e+00
6.665363462883950874e+00
4.787310684956207929e+00
-1.625663927093261574e-01
-5.237628451075330815e+00
-7.431747425040126309e+00
-5.597458412726878052e+00
-1.123824461058934965e+00
3.030844357063906092e+00
4.261311967868025796e+00
1.920656878600505379e+00
-2.379915666194733159e+00
-5.867425957444735829e+00
-6.314444004135733479e+00
-3.276137164835355442e+00
1.819177272894263453e+00
6.637065558740681936e+00
9.267524468848442609e+00
9.120998306604956696e+00
6.967604833134045883e+00
4.248472071425371865e+00
2.167355697801942593e+00
1.100823348489812670e+00
5.993062732383735991e-01
-1.140056346860143233e-01
-1.501160533742678105e+00
-3.323986748199902586e+00
-4.744963031786106455e+00
-4.855195532786104273e+00
-3.310373686515620140e+00
-6.691450395081278701e-01
1.815944640731613768e+00
2.872917162591739793e+00
1.953148386216448040e+00
-4.358751500702895409e-01
-3.045591640301716030e+00
-4.657702329398289542e+00
-4.795141393347826408e+00
-3.886085990077676300e+00
-2.786810519249113938e+00
-2.049813487702846437e+00
-1.522918983242005808e+00
-6.050437509167350125e-01
1.056636726136924498e+00
3.040290870225844877e+00
4.312706609273304181e+00
4.046408964078748838e+00
2.458976945308784412e+00
9.108969946745267832e-01
1.007252884037319607e+00
3.260775094162353227e+00
6.353509360484747681e+00
7.734621094553142839e+00
5.342419024849219156e+00
-6.897055670290805907e-01
-7.653309254639152570e+00
-1.170305665131375505e+01
-1.031260022321676750e+01
-4.108788556512005918e+00
3.270160116705883802e+00
7.354140302590222333e+00
5.691049191137283358e+00
-5.399700480151798931e-01
-7.279300367098612057e+00
-1.023515414213968633e+01
-7.660257853826928809e+00
-1.397310874210185183e+00
4.473565596222804253e+00
6.412344415756059846e+00
3.708154909623318840e+00
-1.235529404741281700e+00
-4.711772033724829001e+00
-4.281859823380421481e+00
-3.274662535696881704e-01
4.400476718985475877e+00
6.798960576476413387e+00
5.528587135535278918e+00
1.800242681471689199e+00
-1.591855588741444727e+00
-2.210839356283194945e+00
4.612559323135217992e-01
4.812655014746739290e+00
8.236606053810685779e+00
8.752878326321692271e+00
6.069598325391923233e+00
1.539957301798226652e+00
-2.778047543262204044e+00
-5.268062063161722541e+00
-5.449145770135391587e+00
-3.962576866667485209e+00
-2.031932943169139083e+00
-7.798624218714238499e-01
-7.283138787592313701e-01
-1.635244265654586471e+00
-2.672742303771521666e+00
-2.862157494465876972e+00
-1.607170995708483652e+00
9.075880929055688551e-01
3.689061253561784159e+00
5.371327635758372132e+00
4.937966109676263038e+00
2.328943694298223566e+00
-1.459749690164644509e+00
-4.881037898055950564e+00
-6.644080298051625810e+00
-6.311280719667485606e+00
-4.327861105250240925e+00
-1.546347187863016170e+00
1.330940272270439317e+00
3.956669176135699573e+00
6.105047315400339514e+00
7.330546219589014534e+00
6.965402736760206714e+00
4.593953103393768167e+00
6.538037279207837837e-01
-3.421167470736100835e+00
-5.826759434828132633e+00
-5.476777505657239864e+00
-2.779693340382845879e+00
5.566966409102452884e-01
2.667196984605716636e+00
2.830292818508692410e+00
1.925405978828369058e+00
1.618832524763269110e+00
2.838832672920753808e+00
4.742201031888946261e+00
5.110273891574372840e+00
2.054340175108493760e+00
-4.178797685645151638e+00
-1.076410718558852508e+01
-1.380613499931028443e+01
-1.094412543720785358e+01
-3.251626333808123270e+00
5.055965105963193373e+00
9.134005033552046626e+00
6.662965724412635460e+00
-5.133634389238808104e-01
-7.486562874398051903e+00
-9.480938626898923971e+00
-5.023964294388383323e+00
3.076147863741791610e+00
9.634993742230147262e+00
1.058610375847920260e+01
5.673721103801657506e+00
-1.484724909162524309e+00
-5.965785196972690940e+00
-4.924463623991000460e+00
5.452266060731510988e-01
6.310616415926474154e+00
8.161028196824043235e+00
4.724827438392972923e+00
-1.666966590790651459e+00
-6.696699199946362313e+00
-7.082604410631949676e+00
-2.779739690909465821e+00
3.119605783732511739e+00
6.618180972811474660e+00
5.547064194519601088e+00
8.948428696852270825e-01
-4.114409287960607564e+00
-6.439434580529019847e+00
-5.367925318754871000e+00
-2.877379520152902437e+00
-1.999673678386947095e+00
-4.392287845968651183e+00
-8.866263822252655302e+00
-1.194814108879228343e+01
-1.014773667788695555e+01
-2.432523390022586440e+00
8.747419341548770433e+00
1.860023554020110836e+01
2.262082704225353069e+01
1.909491319092356321e+01
9.975014105061468683e+00
-3.336820047449609028e-01
-7.461396368346581376e+00
-9.312731175939941153e+00
-6.799309366929369602e+00
-2.814180368097599860e+00
-2.626362427132116206e-01
-4.282309488949527232e-01
-2.584533893689913153e+00
-4.878283137869511954e+00
-5.722697297163875874e+00
-4.741396571894087586e+00
-2.750402198900914197e+00
-9.819155599787883215e-01
-2.222664791840722742e-01
-4.671384090408339240e-01
-1.209398203064443900e+00
-1.978518809933991651e+00
-2.623520191121968992e+00
-3.137274923002946636e+00
-3.275530494110554081e+00
-2.434259532607644161e+00
-2.781979110304000358e-02
3.865056061941861021e+00
8.145942423336347105e+00
1.106070669058080469e+01
1.118102509592563010e+01
8.368483743632816996e+00
3.992484217736052443e+00
1.479707572306168117e-01
-1.653450784658036854e+00
-1.411772650303108056e+00
-5.017777382254081653e-01
-5.444198483689138834e-01
-2.106649487152115974e+00
-4.213045276774279202e+00
-5.074229786357811633e+00
-3.521409045044266328e+00
-6.790964836271401461e-02
3.251233055085948731e+00
4.221394142592156840e+00
2.033123906842472461e+00
-2.055769436889197443e+00
-5.505103597067648735e+00
-6.197156633941586890e+00
-3.852133607548144489e+00
-1.483505607825735817e-01
2.512962057231808544e+00
2.674260976883377605e+00
7.092623390780332659e-01
-1.659903099549899785e+00
-2.763149795866142178e+00
-2.179809727658087226e+00
-8.265946427647179462e-01
5.411044338206216775e-02
1.057314953715455808e-01
2.125468780401918445e-01
1.651290170976064120e+00
4.711125002196735245e+00
7.965285419274988676e+00
8.943798399502373542e+00
5.874896954374563940e+00
-7.441863698390437376e-01
-7.994711792657029470e+00
-1.209878276320810642e+01
-1.075218598080390819e+01
-4.664844167013701082e+00
2.774400736826084124e+00
7.534634538365692968e+00
7.358187138186153220e+00
2.995642042639570235e+00
-2.474662700230104484e+00
-5.696424641852958715e+00
-5.063107947451136681e+00
-1.465410157305262473e+00
2.557109544419874592e+00
4.532018804393851852e+00
3.470069751979957928e+00
1.894514713529852346e-01
-3.427142807355028964e+00
-5.579702407456268887e+00
-5.368450526272843248e+00
-2.961367711191841501e+00
7.217762591713627884e-01
4.449946992196696982e+00
7.034887730063486444e+00
7.624712315663691342e+00
6.014535429211663065e+00
2.881672514368734284e+00
-3.143255801201157995e-01
-1.937117249079011838e+00
-1.091885651232649801e+00
1.695565623001050293e+00
4.595756612868943769e+00
5.487193873790011445e+00
3.316256400814019401e+00
-1.089742277034831508e+00
-5.384573247003862306e+00
-7.109066753619516454e+00
-5.270093140342281934e+00
-1.041780441196292095e+00
2.917763153921042907e+00
4.125103239521051179e+00
1.836944392068375009e+00
-2.491419007013161213e+00
-6.137705446261943365e+00
-6.812765558159993518e+00
-4.036490355991729118e+00
6.490403441205909729e-01
4.693329196466700992e+00
6.080599539906969220e+00
4.437860348244451636e+00
1.092224970888314717e+00
-1.853576839422120370e+00
-2.792050514022044627e+00
-1.465455176206271970e+00
1.033712502371438635e+00
3.026654367659606937e+00
3.276987068302134709e+00
1.691257891689003312e+00
-6.758635704658949583e-01
-2.284229325920377640e+00
-2.052186695289576868e+00
-4.131383121936677005e-02
2.530472611753010082e+00
3.995948878699346452e+00
3.286018880673681419e+00
6.850668279366487479e-01
-2.229621676882970860e+00
-3.523249543704949804e+00
-2.196798848009628990e+00
9.923963980484109548e-01
3.804675054453704242e+00
3.842087564202664396e+00
1.552858118483757544e-01
-5.913547564674430213e+00
-1.128921618674828942e+01
-1.287960776047313338e+01
-9.423469152593952458e+00
-2.306080432861872698e+00
5.189146762123959533e+00
9.729822084459641474e+00
9.731222332826746424e+00
6.025127936479156787e+00
1.098682131779595839e+00
-2.481731628048380323e+00
-3.411858761810737661e+00
-2.006577510065380210e+00
4.246231566352691722e-01
2.553447054634712998e+00
3.652916441013290161e+00
3.597966645088062076e+00
2.523393878361203324e+00
6.074324928367058618e-01
-1.817771061328708138e+00
-4.058064107719840052e+00
-5.150847491968345793e+00
-4.393442550365552535e+00
-1.969386696507507306e+00
8.952143477602307886e-01
2.541862271171209997e+00
1.948025111316458169e+00
-5.035681686956372527e-01
-3.192530747207436903e+00
-4.343034689382875513e+00
-3.281808715087802142e+00
-9.357987492083579273e-01
8.443653586175672299e-01
6.713118083803059077e-01
-1.308909075629410612e+00
-3.484085062188539528e+00
-3.955173573224656458e+00
-1.953534676558380756e+00
1.571877239379191327e+00
4.641484157409915490e+00
5.680434196129306557e+00
4.608203615406426756e+00
2.763862001476082408e+00
1.755385827985535885e+00
2.154007608816520314e+00
3.064010762010259903e+00
2.901427320345660199e+00
7.599439144349031672e-01
-2.721971437422061157e+00
-5.690477154210229038e+00
-6.367363285362857006e+00
-4.322818935574293420e+00
-7.716634010709202407e-01
2.304763837383555281e+00
3.514046874436233203e+00
2.857877461072911185e+00
1.434618138773460005e+00
3.708138250344397147e-01
-1.033720078260905451e-01
-6.896025556713852867e-01
-2.186729024181223835e+00
-4.532443104928363553e+00
-6.568699607908246030e+00
-6.779068803627021467e+00
-4.440091277363400479e+00
-2.723267120001575670e-01
3.942178137386466830e+00
6.500420579496473117e+00
6.815989445792807189e+00
5.595064690898085225e+00
4.088050755205897779e+00
3.073565871306134234e+00
2.397442680415359906e+00
1.384433663533807257e+00
-3.041757525789892114e-01
-2.157776951860985726e+00
-3.125283373146420907e+00
-2.499682643091954315e+00
-6.122357911477547265e-01
1.301081276950739829e+00
2.014096569105624290e+00
1.282779442984108398e+00
5.682876449017670861e-02
-2.971787390453237698e-01
8.252076571373484493e-01
2.642543582187784512e+00
3.477885199948576478e+00
2.045578918672609881e+00
-1.446736935305358962e+00
-5.268735108827826252e+00
-7.295062592600807250e+00
-6.476009346627793484e+00
-3.549186751994627187e+00
-4.514145289640421055e-01
1.123876841025800211e+00
9.285737525040747009e-01
2.167794074809129556e-01
6.364647986268489044e-01
2.828846686938228494e+00
5.823105656328213087e+00
7.692314389315045631e+00
6.966726555895115247e+00
3.731092352039155458e+00
-4.099904871795251315e-01
-3.446877713952237965e+00
-4.306492686703078832e+00
-3.436591952230184432e+00
-2.259973835539243581e+00
-1.984015259334706016e+00
-2.696127243567114196e+00
-3.396505916140458048e+00
-2.872173803685305060e+00
-6.960861322572680088e-01
2.400516787977867494e+00
5.006794395258999941e+00
5.943862797465975234e+00
4.928793052936725871e+00
2.583159061149729929e+00
-8.884598043195324202e-02
-2.279190104846833265e+00
-3.616808149578270459e+00
-4.046972875544147641e+00
-3.629699798566506264e+00
-2.517049794596390555e+00
-1.086666473766430219e+00
3.036112450193417800e-02
2.295417959624719284e-01
-5.984588927324996366e-01
-1.808670979496264763e+00
-2.287132248959074410e+00
-1.204404103649848512e+00
1.276646410059287584e+00
3.923613918630348696e+00
5.156717520744767747e+00
4.123769789016307641e+00
1.354256199077804812e+00
-1.525893598268513340e+00
-2.858623208862587362e+00
-2.046178838039608205e+00
1.150407985195525673e-01
2.082230637266507589e+00
2.684018919305672934e+00
1.862229040901258958e+00
5.158400225270782791e-01
-3.542695113501832527e-01
-4.631882415430392808e-01
-3.582874343732855293e-01
-7.832578365672158149e-01
-1.881346128091904157e+00
-2.963651407457547293e+00
-3.077931002970851093e+00
-1.904969359505144899e+00
-1.848955857207831288e-01
7.684446696246332031e-01
1.400481277999268970e-01
-1.597539427375068488e+00
-2.893741239862289927e+00
-2.265018291933079908e+00
4.777683697626621262e-01
3.919060400525860910e+00
5.978729063754998130e+00
5.447298382023929797e+00
2.933725885443366987e+00
4.349216009631251545e-01
-2.112666018396599510e-01
1.180685708473784956e+00
2.904313759089641955e+00
2.650909288976585731e+00
-5.946471666583150739e-01
-5.518121294007161559e+00
-9.190137075142487788e+00
-9.114758987725373629e+00
-5.137378537998879224e+00
2.479854427759399793e-01
3.524437350614273434e+00
2.613212689797238308e+00
-1.594977246970490592e+00
-5.784831485029179987e+00
-6.506461501843309847e+00
-2.614100071749345666e+00
3.868418901396070364e+00
9.067026753520275761e+00
9.832677201241637022e+00
5.783444450252465785e+00
-5.543942744842423886e-01
-5.508223542607688650e+00
-6.620415133378855899e+00
-3.984032216672324545e+00
2.349697794582928934e-01
3.548817079339452896e+00
4.797529095330260063e+00
4.547980836754028644e+00
4.135618621853457633e+00
4.272048806068021065e+00
4.391390977349326263e+00
3.238348391871670451e+00
1.720251410189403973e-01
-3.922687860895598178e+00
-6.925502837220141927e+00
-6.850202463650626683e+00
-3.323245187835811798e+00
1.925110714924265665e+00
5.973692079513790887e+00
6.462186815845274879e+00
3.038505475214993368e+00
-2.426428951031596171e+00
-6.959265697420094376e+00
-8.197058566320206907e+00
-5.639840231499389844e+00
-7.655427369001646110e-01
3.927110870590036384e+00
6.283009075340719285e+00
5.483544020845951827e+00
2.235931253875077740e+00
-1.769574506514388856e+00
-4.728695783953860143e+00
-5.479019350662070131e+00
-3.879661780885845346e+00
-7.599806279570453516e-01
2.483722400228723259e+00
4.494445118931644778e+00
4.555098389517304724e+00
2.930607819434708272e+00
7.451782333431791194e-01
-6.163367504501455763e-01
-3.110165813486358566e-01
1.416993262349767413e+00
3.329442596365334683e+00
3.942059977036175056e+00
2.504246064482272605e+00
-4.242531608131163701e-01
-3.229902476953024237e+00
-4.238567325131733732e+00
-2.836892888479574992e+00
2.385753711709759362e-02
2.325472683324487644e+00
2.220698441683236268e+00
-7.553273262005153477e-01
-5.286083890315316225e+00
-8.976838295333509521e+00
-9.752319230725930765e+00
-7.094064875842489570e+00
-2.354973092263430434e+00
2.040514072301078841e+00
4.018462056896826340e+00
3.039397973948329224e+00
3.486163554750625337e-01
-1.825220939599580872e+00
-1.617409024600564793e+00
1.381346003916639198e+00
5.903633434420716419e+00
9.737232872475152234e+00
1.094815250845352672e+01
8.886617344675245889e+00
4.438142466590619506e+00
-5.585938257682934172e-01
-4.335908982134256462e+00
-6.056422863411085267e+00
-6.042531281977327140e+00
-5.309069934706334593e+00
-4.747061653169908801e+00
-4.498643473175851781e+00
-3.925347468791811067e+00
-2.187308374611098838e+00
9.513193172747335113e-01
4.648741948815018787e+00
7.225803955587629446e+00
7.063607114340387128e+00
3.657236433380909091e+00
-1.842772716681742473e+00
-7.023695324843544974e+00
-9.415985263198761501e+00
-7.861234317485052081e+00
-3.223821676126711999e+00
2.039818118243158729e+00
5.269680351884049152e+00
5.153727790178987078e+00
2.494653659516496536e+00
-3.171068763331050810e-01
-8.407344699458235704e-01
1.808788494491780696e+00
6.314886624166693885e+00
9.927783130347902940e+00
1.020025863448810099e+01
6.592559636822064917e+00
8.897318346760836327e-01
-3.883206320261932909e+00
-5.380171582055451651e+00
-3.441314437369492385e+00
-1.758453087135458670e-01
1.471338231469130564e+00
-2.550632270365627008e-01
-4.655321798210782624e+00
-8.948594633476707472e+00
-1.008315275267808886e+01
-6.803079517904667028e+00
-5.874708683794853670e-01
5.194646847473259221e+00
7.385794886057355235e+00
5.024455006098864196e+00
-8.954116235038533933e-02
-4.604465285272461905e+00
-5.777116388447722350e+00
-3.148556530459425407e+00
1.336220604329884321e+00
4.762086958919255153e+00
5.194852111094181879e+00
2.825238677926279696e+00
-3.926968936346790784e-01
-2.239766838348627775e+00
-1.750915924684874003e+00
2.832750294216406228e-01
2.076165720982928065e+00
2.205619632023385623e+00
5.568520432936794329e-01
-1.767374625976291691e+00
-3.372643418573907592e+00
-3.551876451930234158e+00
-2.593847846045878480e+00
-1.303051334344058176e+00
-2.477348265885011003e-01
5.913437968468993056e-01
1.518717015885294064e+00
2.529992383116272059e+00
3.059525346388598521e+00
2.392494979832088031e+00
4.289789437596013277e-01
-1.915171990350228892e+00
-3.168984458617689626e+00
-2.415295229930518595e+00
-1.986614023877853463e-01
1.609431931040496533e+00
1.093605993505655238e+00
-2.114270188630074543e+00
-6.175233746807454516e+00
-8.007858330534808999e+00
-5.395735056587701806e+00
1.196163341127308932e+00
8.495312556954800698e+00
1.228773418070027468e+01
1.014900971560410170e+01
3.189678865595345858e+00
-4.468167597659549628e+00
-8.243339422080154577e+00
-6.012368144853845742e+00
5.734730583591474140e-01
7.262088296881707983e+00
1.004683870545366631e+01
7.725499421594403948e+00
2.448363445509349479e+00
-2.029850911182835560e+00
-3.073316884462015341e+00
-9.113906644473024343e-01
1.773769709553757901e+00
2.014956436323364297e+00
-1.160371307580618572e+00
-5.997108389731558020e+00
-9.305393738982592922e+00
-8.777357923212345980e+00
-4.624797994633015996e+00
6.088537737851013043e-01
3.849947298129769102e+00
3.555559565624248908e+00
5.736774473397323604e-01
-2.704471677225416482e+00
-4.146791342416542570e+00
-3.257587769041952352e+00
-1.181325681645541747e+00
5.096366603709410192e-01
1.174359082537040910e+00
1.505070282649583646e+00
2.694225913613901291e+00
5.107981667125217839e+00
7.616349033869743934e+00
8.216683191647174311e+00
5.553359921304219959e+00
1.842149471375862380e-01
-5.439084636967734809e+00
-8.394007266568701553e+00
-7.188194787068520775e+00
-2.815266874269452213e+00
1.809748472356965454e+00
3.700590048918509289e+00
1.714001758853532342e+00
-2.739054048642446837e+00
-6.637831349073764819e+00
-7.305350501957867948e+00
-4.089477923138749915e+00
1.279625190121922662e+00
5.810167610070232413e+00
7.066318095881872985e+00
4.532279582065875445e+00
-2.456182301921585598e-01
-4.691701585026481602e+00
-6.672447736726156542e+00
-5.518963935208889282e+00
-2.114028758886516091e+00
1.823431322212532901e+00
4.702854730072571598e+00
5.716567879051858370e+00
4.947384654157091610e+00
3.064117632898424315e+00
9.146882333318393510e-01
-7.520311588546108039e-01
-1.404497264179077831e+00
-7.905791761277882745e-01
9.753777894862155629e-01
3.342659726193914604e+00
5.399330096199352447e+00
6.170784835792554546e+00
5.059105844068938929e+00
2.193701998139663267e+00
-1.540924016669845020e+00
-4.867931378939436726e+00
-6.700503409066919325e+00
-6.623879682730315466e+00
-5.007841724609804146e+00
-2.707667366722288360e+00
-5.677172363356561835e-01
9.473855170315403917e-01
1.782559832763131347e+00
2.031830279962483665e+00
1.655929206886811667e+00
4.578703071479779951e-01
-1.621197662037568099e+00
-4.117346017980264783e+00
-5.943332048659188516e+00
-5.796929298763983773e+00
-2.936270348906040439e+00
2.152732147250437933e+00
7.707221260745145130e+00
1.142777424486898674e+01
1.165968807884806324e+01
8.319125302247339704e+00
2.963055714858453982e+00
-2.082280857807850438e+00
-5.009254035405987793e+00
-5.423104152452435045e+00
-4.289961322516048448e+00
-3.027653480525296814e+00
-2.414346997319308574e+00
-2.103085600118490994e+00
-1.079887193658742639e+00
1.295906968558822925e+00
4.474112203366463092e+00
6.783251335850995822e+00
6.416726526999469549e+00
2.689874519490988547e+00
-3.304280005507516549e+00
-9.122707113506759669e+00
-1.223702240828565380e+01
-1.134038809568223627e+01
-6.912293058657478895e+00
-7.905420258650965870e-01
4.852155397287361005e+00
8.431964840096261682e+00
9.306890998867011433e+00
7.598162941852408814e+00
3.882303402648390467e+00
-9.043483357429779046e-01
-5.389488823311159749e+00
-7.878612895954942630e+00
-6.945823308571804411e+00
-2.335929749300387659e+00
4.440757173997570639e+00
1.045196431568046869e+01
1.270662828988534265e+01
9.852146527314156188e+00
3.121496811026891471e+00
-4.206962849501253210e+00
-8.638551622808023467e+00
-8.483583810628646305e+00
-4.772385190416552625e+00
-4.558380680662343365e-01
1.577192411687990070e+00
3.351420605031901756e-01
-2.805333012650336855e+00
-5.253208769526770183e+00
-5.115517944240536963e+00
-2.503311889817362967e+00
6.591842280518518393e-01
2.119832079046281237e+00
9.596776434760310170e-01
-1.775179419141458270e+00
-3.892405425008531150e+00
-3.680814687332344626e+00
-1.138633971003898626e+00
2.077191228503589393e+00
3.904341677874626715e+00
3.384126946989910234e+00
1.322989777326373240e+00
-3.490145180330326280e-01
-2.353549929659071172e-02
2.397962490711958328e+00
5.415091493318188398e+00
6.970940360955724557e+00
5.863553458845569111e+00
2.545032494117832389e+00
-1.197685184770321376e+00
-3.396912970527959263e+00
-3.079235306947837980e+00
-7.180383456210486237e-01
2.220229907768308308e+00
4.213362251028899941e+00
4.450259566129092015e+00
3.018594767339331852e+00
5.734608999317241107e-01
-2.134918902692793274e+00
-4.530074183490778061e+00
-6.213831100865829349e+00
-6.896125803957202649e+00
-6.446335851158169206e+00
-5.054666313460296045e+00
-3.294477802909781428e+00
-1.898366574357629233e+00
-1.306280934368551527e+00
-1.301566623977465254e+00
-1.072957368521683552e+00
2.379817794319345481e-01
2.832171223404109206e+00
5.906851059169373919e+00
7.990298566898038857e+00
7.811982072812935662e+00
5.152858845969062962e+00
1.083546235557666826e+00
-2.611680375443514279e+00
-4.470984572192200801e+00
-4.170505750257111899e+00
-2.583295913158822898e+00
-1.067715104743033105e+00
-5.033961253202171582e-01
-7.562114733668954258e-01
-9.318978418218175630e-01
-2.023154164707426372e-01
1.427697138385479958e+00
3.001862851051606995e+00
3.258613268263427010e+00
1.592995576969463478e+00
-1.366329559222280388e+00
-4.018646497494163583e+00
-4.765454770632950421e+00
-3.062269469600317873e+00
1.684296135573593589e-01
3.068410997406232354e+00
3.995837305774672110e+00
2.554484708426476569e+00
-1.709882209928518804e-01
-2.325943768747857909e+00
-2.476835789684508349e+00
-5.091743987772605617e-01
2.338016649052685025e+00
4.300260230708270903e+00
4.219760468724777169e+00
2.244599941682206889e+00
-3.354067244077277854e-01
-1.970907515288430556e+00
-1.849675717259326113e+00
-3.592987487260390633e-01
1.251615932526694452e+00
1.744092342191474021e+00
6.902355746771529077e-01
-1.311956024065945137e+00
-3.106238940537696003e+00
-3.764340318351457881e+00
-3.140253229964724113e+00
-1.840190211344228555e+00
-6.831195102054441470e-01
-7.826712761348320058e-02
2.185221438295558982e-01
8.009052260535639567e-01
1.998959441151394678e+00
3.428407012739398407e+00
4.072020723600290992e+00
2.897797386668328645e+00
-3.619855966831491134e-01
-4.787571371221393868e+00
-8.528595521545540237e+00
-9.660774853054046929e+00
-7.196171705586004386e+00
-1.691838367180685587e+00
4.892243971997213947e+00
1.003817059103731602e+01
1.180446814507306641e+01
9.691865525813199156e+00
4.823335189706107862e+00
-6.349268600675537222e-01
-4.513189417207712495e+00
-5.621098394518818431e+00
-4.194699163558734512e+00
-1.606777486369857177e+00
4.773230077714030184e-01
1.024809358973210127e+00
1.298573014791409852e-01
-1.184409362772294028e+00
-1.710303528168317655e+00
-8.716869814222181212e-01
9.037799111338700175e-01
2.484995669487460646e+00
2.797899604909647397e+00
1.527874337150207484e+00
-7.095561198409789938e-01
-2.827672785118164001e+00
-4.006006273776542059e+00
-4.157766093931495988e+00
-3.788916945782646817e+00
-3.385488112550211426e+00
-2.851169387205414463e+00
-1.504445494949582685e+00
1.286595484888359842e+00
5.294445395614262750e+00
9.136040661852442568e+00
1.087239749981626247e+01
9.226383878156735108e+00
4.604023821117772641e+00
-8.772422436698464887e-01
-4.525325749468279035e+00
-4.720178707737807677e+00
-1.980104652833679202e+00
1.330954756898580893e+00
2.541634142859965806e+00
4.713427393973299573e-01
-3.726374297897055765e+00
-7.282594000629679876e+00
-7.649753950711256856e+00
-4.237196847040832992e+00
1.127491836947573933e+00
5.336174871187002289e+00
5.987989980600977979e+00
2.912507947995616853e+00
-1.764690357220258132e+00
-5.028793456716833532e+00
-4.906761295813623747e+00
-1.666817004112341127e+00
2.445921227936807441e+00
4.700581770443930552e+00
3.601547118449534679e+00
-2.350219425331817602e-01
-4.525092442408740645e+00
-6.720109556290852382e+00
-5.473977125064133809e+00
-1.332542127968971535e+00
3.662487793759610089e+00
7.130547489683225493e+00
7.583141404789019546e+00
5.095463815091910931e+00
1.146264412821633938e+00
-2.215836611048054738e+00
-3.427520454804188432e+00
-2.172107119895678728e+00
5.109325118232517227e-01
2.820165684290886432e+00
3.199204698749694931e+00
1.231526729830155542e+00
-2.087958232164941030e+00
-4.906988708818384559e+00
-5.619282305102581532e+00
-3.866599466178181288e+00
-7.901047381780108569e-01
1.680467693072131619e+00
2.079085242782659826e+00
3.737927710271736204e-01
-2.025359864978184987e+00
-3.261121994007739833e+00
-2.351736089304396593e+00
1.031566074712622072e-01
2.369724998123889481e+00
2.887741040339609544e+00
1.490229112474849682e+00
-3.943594575568425409e-01
-7.677077046390188286e-01
1.390389861331819743e+00
5.190441324210649299e+00
8.259497240254525252e+00
8.298664285364194981e+00
4.704654004453871607e+00
-8.991688674839228845e-01
-5.627687354790473329e+00
-7.148645544551451181e+00
-5.108256924945470345e+00
-1.221419797969064192e+00
1.967864377550327504e+00
2.740827675246072737e+00
1.141244196150698942e+00
-1.342438089451228667e+00
-2.967098325003080461e+00
-2.860841648145652005e+00
-1.336486455714774424e+00
6.420197868217659698e-01
2.238140320441745601e+00
3.097973803230026135e+00
3.114371865130176165e+00
2.024551369481280449e+00
-5.831293347412530581e-01
-4.705158347327024870e+00
-9.280896658502232555e+00
-1.220035460023893847e+01
-1.127663161816127513e+01
-5.702263711688440040e+00
3.028182057253166803e+00
1.153460189960765092e+01
1.623145876319978242e+01
1.527459650822495618e+01
9.521739769243243501e+00
1.892112884766232739e+00
-4.402858241858374377e+00
-7.547356841488505275e+00
-7.665195299960094744e+00
-6.057486141929622647e+00
-3.920255229529601593e+00
-1.604919371007027085e+00
1.088907895555658367e+00
4.025222318045469372e+00
6.196528907736500003e+00
6.168013250885685750e+00
3.240527953448140153e+00
-1.636198756157315692e+00
-6.084653004052917424e+00
-7.686716593691150123e+00
-5.608991688071752968e+00
-1.253251354512730620e+00
2.620323230684543425e+00
3.720230785345466806e+00
1.695407022075001269e+00
-1.801517797169104984e+00
-4.454505478157772203e+00
-4.969765720172048873e+00
-3.818580561328625667e+00
-2.523231629162502099e+00
-2.142054601143759118e+00
