3.087735988509938245e+00
-2.320481788805202505e+00
-7.918153010168983208e+00
-9.859984823272133880e+00
-6.174882586989098421e+00
1.693819642008653314e+00
9.652831483988755679e+00
1.355115505285144017e+01
1.178253563628811307e+01
6.073279780998039890e+00
-2.398359516480397247e-02
-3.722317957389009280e+00
-4.717523741854667385e+00
-4.817024893120620099e+00
-5.926528865095492371e+00
-8.118145094848806309e+00
-9.403253436043087277e+00
-7.433942584183613533e+00
-1.760694035465376395e+00
5.247472169498323069e+00
9.719071023836898249e+00
8.969599445848533747e+00
3.548587164428281149e+00
-2.983476955776435346e+00
-6.498389385817782582e+00
-5.211553076603830270e+00
-8.987254222123990388e-01
2.515759194565008627e+00
1.971344904385124774e+00
-2.357571795055613872e+00
-7.111085220084071068e+00
-8.193061791385920500e+00
-3.813559815593499103e+00
4.114447423936575809e+00
1.122924519431169799e+01
1.367438760312603918e+01
1.059300041619072452e+01
4.421152025805930919e+00
-1.079384312596431084e+00
-3.464664792837746976e+00
-2.964718601509624740e+00
-1.698404577740294963e+00
-1.576839441918448603e+00
-2.667956569543616929e+00
-3.306396299677706097e+00
-1.759518643856930353e+00
2.000918961334051005e+00
5.930528245907985330e+00
7.298918258979986362e+00
4.756317101897908017e+00
-5.501643210430468001e-01
-5.697768138249787562e+00
-7.998864945205681920e+00
-6.768230479327948856e+00
-3.543550239295656823e+00
-6.916185433157424622e-01
4.231527440079242419e-01
2.588664633984231189e-01
3.405962570153222568e-01
1.666197950956320284e+00
3.670944024858926458e+00
4.646424365914537447e+00
3.271077914112638929e+00
-4.420067742689998136e-02
-3.176989447140698530e+00
-3.764280743562558484e+00
-1.012318437654376124e+00
3.585017392344536535e+00
7.222131921781654640e+00
7.732476517552223427e+00
5.032299617809481873e+00
9.838081912981970767e-01
-2.143405060748770907e+00
-3.341870195583995340e+00
-3.340508877770917984e+00
-3.578035840497973741e+00
-4.631258916400743608e+00
-5.516708096771354874e+00
-4.549064397011749250e+00
-1.088727581232742381e+00
3.344708907168398859e+00
5.727655093119436103e+00
3.699103752977123349e+00
-2.335372916901722551e+00
-8.894304463174023567e+00
-1.141822724733508565e+01
-7.351770714325722267e+00
1.849646938639291971e+00
1.132105060759661797e+01
1.573409316565529004e+01
1.265005976171521596e+01
4.016983043993148428e+00
-5.175183439065217605e+00
-1.010930635658594490e+01
-9.020709693287649600e+00
-3.882595558730286278e+00
1.347982420486048438e+00
3.497801395808881164e+00
1.993766268720597479e+00
-1.347403991430951464e+00
-4.075449980941943551e+00
-4.899456383454938724e+00
-4.211943093120234849e+00
-3.196280530980574408e+00
-2.499111311123237034e+00
-1.671918762280458104e+00
1.968490670116600505e-01
3.313494495646196913e+00
6.589489549305107552e+00
8.229535073143445345e+00
7.064458965945100921e+00
3.529317322026451542e+00
-5.500724914419584666e-01
-3.223023304178320725e+00
-3.719856328718321947e+00
-2.751627735778574557e+00
-1.605265737117131941e+00
-8.645808480915565530e-01
7.521981281039191725e-02
2.204516045132285829e+00
5.469094635141904526e+00
8.045368143023999608e+00
7.215377827334774175e+00
1.451722080073231780e+00
-7.813009039109282128e+00
-1.628147491158870253e+01
-1.906611964046220820e+01
-1.381368708819856472e+01
-2.540841697958285295e+00
9.240415729764485775e+00
1.571055509890505064e+01
1.420717471642647389e+01
6.674829537054149498e+00
-1.836008554798914894e+00
-6.536217557175445059e+00
-5.802866932329409089e+00
-1.708290125466579212e+00
1.990258171434947432e+00
2.769028249980939105e+00
9.909342331051682606e-01
-8.159522440670277099e-01
-3.303681441238257577e-01
2.482616501014946575e+00
5.237242215681236601e+00
5.045209684100363745e+00
9.845348254859782600e-01
-4.833740506065479892e+00
-8.511112187804245721e+00
-7.083939017691963436e+00
-7.507235015774496034e-01
7.046220937405039741e+00
1.179740685215888440e+01
1.085516644301083744e+01
5.087731615329317947e+00
-1.837907908617299801e+00
-5.963663119452986550e+00
-5.555319892756115152e+00
-1.944304277874773446e+00
1.719961563934385929e+00
2.763184182802076005e+00
6.693526381948735615e-01
-2.901812929409274933e+00
-5.543516602733584264e+00
-5.783636910553179078e+00
-3.823787443390438412e+00
-9.997683197774751562e-01
1.387554060365580044e+00
2.868267335140345597e+00
3.697369445348143824e+00
4.149322859796900076e+00
3.992288989643105079e+00
2.673850823895662199e+00
3.581518528444016525e-02
-3.162268387299445482e+00
-5.511822248704944194e+00
-5.926612555661047388e+00
-4.551307647538659573e+00
-2.780810909721767921e+00
-2.225395678838472335e+00
-3.340824371022625083e+00
-4.825056051077691421e+00
-4.397864454310512983e+00
-5.393063257022507884e-01
6.050629555235999213e+00
1.243682260852026467e+01
1.507315569521848531e+01
1.206711178139502927e+01
4.548312676321954129e+00
-3.850434181238390430e+00
-9.120865039721847367e+00
-9.235672662396765986e+00
-5.202441201751919486e+00
-1.842846534809960413e-01
2.638906371028940878e+00
2.002933881313412545e+00
-9.352138689528982640e-01
-3.687191805816920187e+00
-4.211450371808172832e+00
-2.122704162296833452e+00
1.371331829397348434e+00
4.536034933451844608e+00
6.256210987188977057e+00
6.446260920750697565e+00
5.605337547890824723e+00
4.089236805067862690e+00
1.814474332715624971e+00
-1.360599409469163135e+00
-4.988453344635002118e+00
-7.810170376844434159e+00
-8.318325225158735847e+00
-5.791402786140750436e+00
-1.023976889121241518e+00
3.882591338805323034e+00
6.644006428182952284e+00
6.122087418938114922e+00
2.964626027248243645e+00
-8.753384736311774494e-01
-3.399141216212595129e+00
-3.740438494099984190e+00
-2.501369604495878640e+00
-1.108699074606825929e+00
-7.249497912006124256e-01
-1.495284422158439153e+00
-2.591970179719144785e+00
-2.915117188838602935e+00
-1.879971137575291440e+00
2.487681409923619968e-01
2.610554907440125749e+00
4.296842745642505790e+00
4.767861356038388010e+00
3.926045869935967936e+00
1.959892268024101991e+00
-7.810329126899663299e-01
-3.753881687688289226e+00
-6.162699673686324431e+00
-7.109235703671717310e+00
-6.025078743449918228e+00
-3.144999240390985218e+00
3.840788393696951131e-01
2.990097469358108828e+00
3.561969689780990933e+00
2.176090580106389893e+00
1.207706492635083340e-01
-8.873878127286229933e-01
1.688634871514277935e-01
2.885619341935621307e+00
5.638385337958847998e+00
6.606490220940834490e+00
4.951357095220281224e+00
1.360076364096419521e+00
-2.406266434396222564e+00
-4.640718054257875202e+00
-4.720865803499796343e+00
-3.352371452009069053e+00
-1.896489980393996078e+00
-1.291164302802218167e+00
-1.348655474068121807e+00
-9.380760007558972546e-01
1.063871213538064797e+00
4.715022512414057232e+00
8.601421979961735076e+00
1.043187581729075752e+01
8.338333340724654263e+00
2.120522285953235553e+00
-6.328696845033294771e+00
-1.372612023626238731e+01
-1.690419641228915282e+01
-1.434768428837453591e+01
-6.966888320666859258e+00
2.287843443513931874e+00
9.773030334440079514e+00
1.278815763409678219e+01
1.070593126689474239e+01
5.078868631157607894e+00
-1.269996766432509805e+00
-5.661628903886170683e+00
-6.745713821095172591e+00
-4.886134442040946269e+00
-1.638334266757245139e+00
1.291681886228569720e+00
2.962094794345230930e+00
3.471886355478919661e+00
3.521534364150590957e+00
3.642657911252909386e+00
3.678208313313673816e+00
2.898137284996453733e+00
6.742959263232324307e-01
-2.778933209768515766e+00
-6.177490006800781863e+00
-7.714819720998056241e+00
-6.120200625036807729e+00
-1.580181085480121261e+00
4.105047421345107139e+00
8.325084145090610122e+00
9.029334900391486229e+00
5.892683355752295959e+00
5.799351186592769380e-01
-4.093466276379878366e+00
-5.676130094792359415e+00
-3.440552339027622253e+00
1.181471763710254530e+00
5.361885000057618811e+00
6.450750641605097258e+00
3.509237967358607158e+00
-2.061971495402040055e+00
-7.196385168536662214e+00
-8.827141192235227862e+00
-5.659301389791867365e+00
9.509956206564340597e-01
7.569657064362592891e+00
1.047939466587451918e+01
7.751100123509215400e+00
4.274413788812783110e-01
-7.903308747654295807e+00
-1.297399084071797759e+01
-1.213730181159400701e+01
-5.806061633849529890e+00
2.784952900902465611e+00
9.351546405731891554e+00
1.083996337048979797e+01
6.922401023399699760e+00
-7.436371309493994275e-02
-6.638323902898039641e+00
-9.980060410292848516e+00
-9.268387617145808832e+00
-5.616573825982454693e+00
-1.061190499731563097e+00
2.670433190222567532e+00
4.842461862761993530e+00
5.597191612207688571e+00
5.377712452658300002e+00
4.447344020073172643e+00
2.843569020416090165e+00
6.708888893401221409e-01
-1.638991727906490725e+00
-3.392596103453765721e+00
-3.995179936197081449e+00
-3.306279964389123638e+00
-1.700919080355763668e+00
1.922120811816702135e-01
1.837468122644493995e+00
2.948279468811228377e+00
3.389160841653475753e+00
3.014911906153543875e+00
1.690538141606760858e+00
-4.708082493999486973e-01
-2.888129193105382519e+00
-4.615488591809696395e+00
-4.831806005195181442e+00
-3.415085146714504027e+00
-1.134042050021185855e+00
7.819262177124923774e-01
1.452061543170261704e+00
9.412171845940100479e-01
1.569590195084497042e-01
8.489024260358613017e-02
9.497162351152397264e-01
2.000745987895469202e+00
2.154398074511617800e+00
1.017539546922378690e+00
-5.631427596116485024e-01
-9.767536705658448337e-01
9.024365403206765501e-01
4.626789787959669553e+00
8.170432989743229513e+00
9.161838689645977141e+00
6.537813579899953709e+00
1.394869107809364461e+00
-3.660188939946413811e+00
-6.248981230592134395e+00
-5.784991008559316583e+00
-3.689034779704911671e+00
-2.097600388412799166e+00
-2.082099301939387637e+00
-2.810228863864272064e+00
-2.363867610713581868e+00
4.006662113668945091e-01
4.469340931767899150e+00
7.011315445739803920e+00
5.384911442912526880e+00
-6.158476794237972562e-01
-8.043198262310774282e+00
-1.235894877217962140e+01
-1.035782581936805080e+01
-2.444422845700948699e+00
7.388169332770399222e+00
1.394770100830685422e+01
1.400179092275008763e+01
8.079871852183893921e+00
-2.132463943308124943e-01
-6.732138550377818831e+00
-9.299110824568971978e+00
-8.495677819804839714e+00
-6.444524818679611577e+00
-4.790270867760680673e+00
-3.549768496600692380e+00
-1.633323051650848345e+00
1.605932857618815879e+00
5.273399860722251198e+00
7.332052424354296605e+00
6.227772081181439212e+00
2.368463018117547669e+00
-1.873150468564228621e+00
-3.785054513953472810e+00
-2.355058197546836762e+00
9.176241482862980137e-01
3.172089617777022141e+00
2.472814110656611497e+00
-5.590827776339630795e-01
-3.132114438906343334e+00
-2.499611573699614731e+00
1.666613046143057941e+00
6.647518892229658860e+00
8.439970497380448577e+00
4.729799480039874382e+00
-3.115352576356821057e+00
-1.060700348811172766e+01
-1.299777410303129876e+01
-8.493554751754340160e+00
4.428404528681961771e-01
8.634303913072201908e+00
1.152483692286940276e+01
8.029495150540711279e+00
1.016389089558098036e+00
-4.779656385405415264e+00
-5.879822313769861530e+00
-2.111931048569521518e+00
3.626019508361667310e+00
7.481729253183832640e+00
7.067722056150386400e+00
2.637060681396659945e+00
-3.483488232772194770e+00
-8.504465691302328878e+00
-1.062831756507977587e+01
-9.554511588795161714e+00
-6.081625001406038677e+00
-1.421260467244716885e+00
3.220610249479601173e+00
6.717821636389215811e+00
8.064826698738816191e+00
6.655354609086069573e+00
2.704227359094447003e+00
-2.573776108943357066e+00
-7.323466256932957386e+00
-9.835208331076646715e+00
-9.287530837229088121e+00
-5.993477216711885269e+00
-1.076308792413468218e+00
4.095137576753009157e+00
8.299390405890884281e+00
1.055643548744122207e+01
1.014768016420397956e+01
6.843961594773352530e+00
1.311781056454354388e+00
-4.709899147163232769e+00
-8.896202711888186343e+00
-9.463071748583402609e+00
-6.297546211593224363e+00
-1.233573514171745877e+00
2.917496813763263752e+00
4.080966402650952674e+00
2.235645984722648638e+00
-6.381740361837113795e-01
-2.010605715718231323e+00
-6.435283505185699360e-01
2.522750667478888875e+00
5.105273575989899726e+00
5.095464325608308087e+00
2.392794294382171394e+00
-1.100470992341830101e+00
-2.883519863615765289e+00
-1.681929088134521466e+00
1.681465501003015950e+00
4.975077473929635730e+00
6.196233607990645709e+00
4.855617916084429275e+00
1.975626465818561162e+00
-1.028334670604365231e+00
-3.506964589817228806e+00
-5.745354460572453803e+00
-8.061670839172123237e+00
-9.790773594177455408e+00
-9.298381052416312187e+00
-5.291215577010219384e+00
1.561000735731657540e+00
8.205540555367722533e+00
1.074422429497908738e+01
7.123062600746097317e+00
-9.699215002286034615e-01
-8.648245388709748127e+00
-1.079325630090740340e+01
-5.558868234893652449e+00
4.088210016383451162e+00
1.207702980533786885e+01
1.320180919305533607e+01
6.674470242849135815e+00
-3.242006803485372401e+00
-1.003564124727038198e+01
-9.296009234489956086e+00
-1.633100848477403666e+00
7.809004239815677373e+00
1.283935977195612566e+01
1.026191182901096965e+01
1.749009158087410754e+00
-7.560882395049432603e+00
-1.256579023994041400e+01
-1.131119964093970331e+01
-5.716349272316351815e+00
2.602078736548664173e-01
3.448038082515509473e+00
3.259804434676900620e+00
1.432096218681557342e+00
2.659100079548235573e-01
8.705170832795312563e-01
2.644370194832078802e+00
4.112566242277253536e+00
4.229541639789548668e+00
3.082526958933617056e+00
1.588725424549015663e+00
6.258879577494476099e-01
3.840712928183069863e-01
3.904401657234995993e-01
3.154114221339077151e-02
-9.556649749582168951e-01
-2.389241426189113060e+00
-3.871799398118066726e+00
-5.009168137441458057e+00
-5.417993114678425925e+00
-4.660668317316249976e+00
-2.394542217802936968e+00
1.210676117210489178e+00
5.130958180113901257e+00
7.695146814947811720e+00
7.453670230009143083e+00
4.212170670485141599e+00
-5.797191115263579109e-01
-4.545895547543652881e+00
-5.843719063488620691e+00
-4.346603954630237965e+00
-1.633422155160929368e+00
2.613900421717721967e-01
3.972821316897956478e-01
-4.516912289729526075e-01
-6.267749654296130846e-01
7.983441378984630354e-01
2.981023243935495337e+00
3.817478820664418571e+00
1.704116597708416947e+00
-2.849884470524449043e+00
-7.180223302905798910e+00
-8.237000141127166941e+00
-4.915281479950183829e+00
8.943077412320467046e-01
5.503021033792209415e+00
6.102769358678679978e+00
2.912392043073663839e+00
-9.372461908035749634e-01
-1.818583634308284402e+00
1.463386564182120431e+00
6.525218387126633601e+00
9.055527708785453100e+00
6.120601985673360446e+00
-1.379871026568936676e+00
-9.072921458396455918e+00
-1.215250501609791023e+01
-8.880853081765176071e+00
-1.892645651004208673e+00
3.754287552856221399e+00
4.372844857917141503e+00
4.282460531027062478e-01
-3.839756972732353280e+00
-3.731268429295032441e+00
2.133347651543300749e+00
1.044671278094442890e+01
1.537550943361812550e+01
1.273552678457408582e+01
3.145527124668138441e+00
-8.153379219493920971e+00
-1.470853120907926836e+01
-1.307981741467908599e+01
-4.940103406253513185e+00
4.290548835251421167e+00
9.147984285810366600e+00
7.507285692329277893e+00
1.436806877199828136e+00
-4.734061235286607605e+00
-7.461505057899403326e+00
-5.950638304066163009e+00
-1.935021780771772448e+00
2.108283018571612377e+00
4.696813611984243408e+00
5.798698111703438407e+00
6.026368096837432908e+00
5.605047731585631965e+00
4.139977203808025585e+00
1.303925163251191233e+00
-2.351227560756281587e+00
-5.371980413015877254e+00
-6.331654771540801363e+00
-4.954077699203851104e+00
-2.427144954556148093e+00
-5.552195588995447739e-01
-3.959990760877781790e-01
-1.498363238373822126e+00
-2.380450419917016447e+00
-1.853170521041990648e+00
-7.888631506956944595e-02
1.528271663188079499e+00
1.479757045157681361e+00
-5.237566752993283448e-01
-3.307346354551809142e+00
-5.149794260478825159e+00
-5.127987493765004068e+00
-3.731449246401458808e+00
-2.239340858546097657e+00
-1.439358868960201487e+00
-8.639477247989977293e-01
7.139582027597191072e-01
3.904685188964013065e+00
7.675919486201271624e+00
9.719391916581191282e+00
8.114309835373504143e+00
3.024796251928351776e+00
-3.019264237079242630e+00
-6.676325499646134531e+00
-6.123664856687913272e+00
-2.384001249582944570e+00
1.451033062533028772e+00
2.587235173419593970e+00
6.847860616640041309e-01
-1.899002617666305515e+00
-2.028063448972635019e+00
1.592803842204264297e+00
7.160198138378738086e+00
1.092704037013861651e+01
9.953065242872837004e+00
4.365928816196495532e+00
-2.612690473305442573e+00
-6.921282623938497913e+00
-6.495506119784284493e+00
-2.562740651333256459e+00
1.517683750332341930e+00
2.886993029893036855e+00
1.222156717979042684e+00
-1.345961610513581652e+00
-2.231412614997316801e+00
-6.044218277551289820e-01
1.989947636404698406e+00
3.058999280785001940e+00
1.399454848342146063e+00
-1.748414020041168415e+00
-3.624798755780173298e+00
-2.234277458640238301e+00
1.864497606160893106e+00
5.754723691462723778e+00
6.263043066980215734e+00
2.367624736833950916e+00
-3.941348790986796580e+00
-9.000141890752772156e+00
-9.968445669888364336e+00
-6.603612145828496871e+00
-1.076053507324232772e+00
3.841171255338986512e+00
6.662302710876171652e+00
7.704078721654664008e+00
8.029541686207602780e+00
7.960981087481346918e+00
6.600418200540358882e+00
2.829626601026847155e+00
-3.123328757116334842e+00
-9.065441931096183126e+00
-1.195342580232889063e+01
-1.004686826259351662e+01
-4.412744129391857228e+00
1.536553397354699868e+00
4.292458147733924534e+00
2.664196860437265446e+00
-1.472459256305047814e+00
-4.679501074403123795e+00
-4.564660192823351892e+00
-1.486139851085518160e+00
1.936651464264155020e+00
3.062281255511927647e+00
1.392599239376828058e+00
-1.084100515186011471e+00
-1.645161151501257191e+00
7.469926594032854084e-01
4.352182120523475639e+00
5.849205189362639778e+00
2.961915739450027285e+00
-3.519737749850732733e+00
-9.949803533441851755e+00
-1.220975151090190636e+01
-8.550892411592347031e+00
-8.262727126895668128e-01
6.755372144887459740e+00
1.040271874720057532e+01
9.040051706176456037e+00
4.594854034649754837e+00
2.907353202312323859e-01
-1.628147020421360835e+00
-1.084374379776324560e+00
3.772945219541834483e-01
1.144045746573949085e+00
7.404798140264539086e-01
-1.691475679499745421e-01
-7.265601197315207926e-01
-7.717511033799508979e-01
-8.794940951832725951e-01
-1.618597119080098956e+00
-2.846254384251560854e+00
-3.782523174233209939e+00
-3.826380031066346721e+00
-3.308211797736433812e+00
-3.349619223823424363e+00
-4.787544707694753043e+00
-7.044459065811125242e+00
-8.046421707837883019e+00
-5.529945275700207219e+00
1.095337265508659286e+00
9.773957678678135252e+00
1.664509420443423693e+01
1.829505680934075684e+01
1.390714509086778605e+01
5.786062641612994994e+00
-2.121081889834147916e+00
-6.646467479722158345e+00
-7.070511731095306729e+00
-4.982193512921020861e+00
-2.663608581106702289e+00
-1.375625052739259058e+00
-8.331078588599826196e-01
-7.304175057150152917e-02
1.238802851223168799e+00
2.302100584349066281e+00
1.932017815500155944e+00
-1.385661857131458286e-01
-2.643539099090257416e+00
-3.540232289119657150e+00
-1.637205867974157014e+00
2.227770771422697749e+00
5.519408360932530400e+00
5.736186265522249528e+00
2.284259113013421771e+00
-2.948436941651068732e+00
-6.806227431785030646e+00
-6.999165482775543623e+00
-3.591961276405204906e+00
1.207609456759381805e+00
4.716362098419425664e+00
5.587768335129697839e+00
4.439729803261554864e+00
2.968949494676685674e+00
2.407447731260914825e+00
2.606039874608623297e+00
2.409253652063952700e+00
8.778380384040644913e-01
-1.753746951224131712e+00
-4.203163518902625739e+00
-5.203193961835427039e+00
-4.557229830233255896e+00
-3.275521390670701916e+00
-2.689283307796169975e+00
-3.315413926206821849e+00
-4.439881124168395310e+00
-4.751991566388273469e+00
-3.457506592057571382e+00
-9.089980405526141283e-01
1.756213490421915990e+00
3.595207667992076139e+00
4.547580374453753294e+00
5.217520484323888930e+00
5.993758156913629342e+00
6.399527104901618912e+00
5.390766344458547188e+00
2.437609670763589698e+00
-1.593213901705409441e+00
-4.710867335878807793e+00
-5.237378069258896041e+00
-3.311502545723022717e+00
-1.087089186887633341e+00
-1.178768527781314912e+00
-4.383107550999911339e+00
-8.516735897785281395e+00
-9.573547453723282530e+00
-4.659266421000016756e+00
5.374746785332702004e+00
1.572527354808412170e+01
2.035033271861118109e+01
1.591224537634303715e+01
4.194274677086021974e+00
-8.819455630954118774e+00
-1.666515661540460869e+01
-1.636006817064301799e+01
-9.868565635369632716e+00
-2.176425874313115294e+00
2.450469328097534039e+00
3.201720469554264259e+00
2.537728297721488335e+00
3.493550694207105067e+00
6.799201423488586471e+00
1.017554346069855598e+01
1.032279571388754746e+01
5.897389155197006794e+00
-1.041905650534744154e+00
-6.391247960886045298e+00
-7.130447505184591250e+00
-3.694478041881878561e+00
3.939664341950727677e-01
1.422264531785889075e+00
-1.384012142213109975e+00
-5.087766212148325806e+00
-5.390256754732130950e+00
-3.461711563712452921e-01
7.538787709137531046e+00
1.269150760002238165e+01
1.052510968464806851e+01
1.171542124393591955e+00
-1.004576443963778942e+01
-1.600005345165304149e+01
-1.270505195650392771e+01
-2.239821765371917017e+00
8.544626564675674274e+00
1.269380611631535416e+01
7.886648441664004139e+00
-2.120910894261567314e+00
-1.031408185516334264e+01
-1.139884194435883735e+01
-5.350109324261056898e+00
2.925857756963230472e+00
7.396126412007599349e+00
5.287108081775608426e+00
-1.119980776285995905e+00
-6.441716713946310513e+00
-6.295342308411972176e+00
-4.862822319656934233e-01
6.970343701690454807e+00
1.085720229020714278e+01
8.500339088058545656e+00
1.570353779044230791e+00
-5.209669817322711616e+00
-7.365050017415045502e+00
-3.592201833408227074e+00
3.621645351289899839e+00
9.867569076893399682e+00
1.168054899076265229e+01
8.441174707323977344e+00
2.263226851155213382e+00
-3.709070436931128256e+00
-7.224541154543523191e+00
-7.839489994629976088e+00
-6.525385978658938768e+00
-4.598193234579615485e+00
-2.873652610791081585e+00
-1.528042247631403505e+00
-4.879585850293766125e-01
1.741895613334885629e-01
2.102328792467796359e-01
-5.121645165567338953e-01
-1.727619863019957958e+00
-2.785629562834484041e+00
-2.968649428212174257e+00
-1.892127968804918847e+00
2.594448807153683645e-01
2.759548098269265282e+00
4.579717749058460186e+00
4.748622709908479678e+00
2.756292057075942825e+00
-1.091251228247798633e+00
-5.543393195609960244e+00
-8.705748001338523778e+00
-8.812564230688867184e+00
-5.186647102402746512e+00
1.162107572426117175e+00
7.782550943863792980e+00
1.189727297777537629e+01
1.182285677533275603e+01
7.843361317500876950e+00
1.966251606855975886e+00
-3.298235359151956203e+00
-6.337371830239684201e+00
-7.103766218789001385e+00
-6.670069235245654760e+00
-6.091498630077714971e+00
-5.479276087675996720e+00
-3.992695777907129262e+00
-7.344816132325782121e-01
4.169828794396678973e+00
9.184091989083455587e+00
1.203830534249956230e+01
1.106221022286021238e+01
6.284995746412197271e+00
-4.379682145605181542e-01
-6.359019764120313667e+00
-9.246782801888564052e+00
-8.437784119738974908e+00
-4.990786895576107440e+00
-9.707030100126006200e-01
1.659398503895529897e+00
1.954996806334426740e+00
3.331263259671461419e-01
-1.735103036817659206e+00
-2.512174191971128234e+00
-9.380824483580112449e-01
2.677742348673283423e+00
6.607379843110763318e+00
8.476403008233617697e+00
6.607819636856685719e+00
1.235960916651313468e+00
-5.243239693515633348e+00
-9.385549249502570746e+00
-8.714463776244464555e+00
-3.432189176299320632e+00
3.407888720131095450e+00
7.621012445386446288e+00
6.560219130614012073e+00
9.841840408216657732e-01
-5.264854281483670739e+00
-7.742204823618848764e+00
-4.462266636837939338e+00
2.582004906051777127e+00
8.611522190514556030e+00
9.267506223882980620e+00
3.658349715527130286e+00
-4.907571208816348118e+00
-1.108367541276574819e+01
-1.107737404749894417e+01
-5.166169701494037092e+00
2.626051640534479148e+00
7.436865543321437677e+00
6.959150707723296136e+00
2.897054028386488511e+00
-5.130451082144025232e-01
2.180456168469170342e-01
5.166197129285775347e+00
1.086362958481175767e+01
1.275630630070954297e+01
8.441213515830725100e+00
-6.264373884728069442e-01
-1.009491450362425979e+01
-1.555489340852908953e+01
-1.520075555305189496e+01
-1.053461836407012164e+01
-4.850680343806378580e+00
-8.143888192900696765e-01
1.057717031042851197e+00
2.071930759693535240e+00
3.702517307269526992e+00
6.057661582573547143e+00
7.672989282924076448e+00
6.709540987130410805e+00
2.543268614905685343e+00
-3.502170667724405551e+00
-8.810081761465220040e+00
-1.099847091969306589e+01
-9.238530587822653573e+00
-4.548668094073430090e+00
9.566970094164660710e-01
5.217834229193957896e+00
7.049360762652231216e+00
6.327547407679370295e+00
3.737260725241643655e+00
4.268898813971394590e-01
-2.282800782732426370e+00
-3.236631269493773999e+00
-1.914116245565003815e+00
1.155041481898128941e+00
4.418563191586001082e+00
5.997834990949030498e+00
4.782192499495270255e+00
1.220308258676753077e+00
-2.828658149347835771e+00
-5.208668910599127067e+00
-4.834742912831085704e+00
-2.343824062078630810e+00
4.621705616055039045e-01
1.972865825287998032e+00
1.894578411210131152e+00
1.282759595715288636e+00
1.480956866344771861e+00
2.847149060989223379e+00
4.334867160571287847e+00
4.312070738736982989e+00
1.977132139291689850e+00
-1.800308140227387721e+00
-4.966383143008158640e+00
-5.785617025462209462e+00
-4.185692974895617979e+00
-1.832466103492373932e+00
-8.013931374298721710e-01
-1.851127653052820676e+00
-3.686776076781278277e+00
-3.879557972593485893e+00
-8.159074771046093133e-01
4.808656679105411946e+00
1.015981172785756392e+01
1.207585861151076401e+01
9.242365715827153494e+00
3.144107384710021158e+00
-2.904254204786364202e+00
-5.936717559284048207e+00
-5.150306131931561282e+00
-2.110343570111297140e+00
6.607330248445391074e-01
1.540633080770665631e+00
7.131291763819637142e-01
-4.268654004394820678e-01
-7.102861555211000821e-01
-2.103175295839595504e-01
-2.160613448084494626e-02
-1.072457362965837602e+00
-3.058432797832208561e+00
-4.471859013157665430e+00
-3.767604599573943780e+00
-7.313611256490792911e-01
3.094048565019209995e+00
5.342184690173227501e+00
4.458213826959056547e+00
8.167543737586038244e-01
-3.502381878580106189e+00
-6.084330966573190835e+00
-5.667466282754820561e+00
-2.716354174395367860e+00
1.180030591455249134e+00
4.452916726042900564e+00
6.315298142123005221e+00
6.698074528866227340e+00
5.701820471061202156e+00
3.284900822477747617e+00
-4.327216303900847105e-01
-4.593297898856475214e+00
-7.505712317419514612e+00
-7.450275396544620676e+00
-3.965077356078666959e+00
1.415379241013184686e+00
5.772948762154917368e+00
6.583673916083817801e+00
3.474230867179567639e+00
-1.388695668633256775e+00
-4.707776404562975969e+00
-4.343240180099765979e+00
-8.195136284880653044e-01
3.104780051187833401e+00
4.527773316288270067e+00
2.598829732692949257e+00
-8.631335320355101315e-01
-2.828813838334903075e+00
-1.493199918479086730e+00
2.205336586713980029e+00
5.207343376963486037e+00
4.680993052964055323e+00
3.189904553735423143e-01
-5.212778872172213696e+00
-8.098618948227516157e+00
-6.159151156317202336e+00
-5.240142686836948283e-01
5.084287503033311673e+00
6.956185020602640989e+00
3.983892386573016253e+00
-1.649917346929526296e+00
-6.138746680376885756e+00
-6.786700806404112107e+00
-3.780344262394567778e+00
2.398045720586633456e-01
2.355944485231157071e+00
1.561323847085309691e+00
-6.947968678706236689e-01
-1.921642019468074336e+00
-7.480723096458631316e-01
1.917942198480959703e+00
3.636428540985161995e+00
2.462272831329908485e+00
-1.385908574768867085e+00
-5.561697633267776553e+00
-7.329459184349118139e+00
-5.659066030819416504e+00
-2.037400661085392972e+00
6.607283214206869371e-01
4.040898773301698776e-01
-2.358918830973702807e+00
-4.926812933378155179e+00
-4.310360488054431727e+00
4.884347118837928381e-01
7.552756871393707883e+00
1.317194802624131711e+01
1.422983965178953802e+01
1.020168946496926132e+01
3.415545342017860087e+00
-2.526690216916735121e+00
-5.023848767269806004e+00
-3.910546705475367979e+00
-1.195594845164911435e+00
5.549341481862526404e-01
-9.753139741632943505e-03
-2.269724731328861989e+00
-4.270466426900870971e+00
-4.177614617576534073e+00
-1.523533308609716030e+00
2.515121594705369112e+00
5.865392466361174506e+00
6.763616369124605399e+00
4.676853757865239380e+00
4.866463905764137898e-01
-4.042308564967441953e+00
-7.135545429344118951e+00
-7.773035993820705869e+00
-6.034738547595831726e+00
-2.940602811560157015e+00
1.019176784778870054e-01
1.988779312904527696e+00
2.430519979835804811e+00
2.018183485103667962e+00
1.777225342648893758e+00
2.432098536270354217e+00
3.823162237399886365e+00
4.888286082933490206e+00
4.299852496441044281e+00
1.404399762894939840e+00
-3.150751526108538592e+00
-7.580551610640590354e+00
-9.897167003616644365e+00
-9.065827928377213851e+00
-5.637312134451265777e+00
-1.422603301322642899e+00
1.601294011307709653e+00
2.451890622811539355e+00
1.621711549769867533e+00
5.928886736844405370e-01
7.459265226915866576e-01
2.408600802240154604e+00
4.661595065567010643e+00
5.982618396520713588e+00
5.254254110380442988e+00
2.459326241022345538e+00
-1.350732775031445065e+00
-4.720096627898009878e+00
-6.598699464565273232e+00
-6.783658753758174953e+00
-5.786936749748087472e+00
-4.321223165722354764e+00
-2.805970778773053453e+00
-1.209870031468598395e+00
7.298617563777163308e-01
3.124778921499896889e+00
5.676057595094029296e+00
7.708555713157918987e+00
8.469864461752550255e+00
7.518371663641689295e+00
4.992442803981603561e+00
1.622724604772652457e+00
-1.531033667515717234e+00
-3.515911510431497078e+00
-3.903099989789440727e+00
-2.974822963100073547e+00
-1.551051432432657862e+00
-5.065167242642512058e-01
-2.305398129492924886e-01
-3.731027679885535742e-01
-9.690681534713918577e-02
1.257291513774224878e+00
3.505271720366576638e+00
5.457660038160463856e+00
5.504361716164918761e+00
2.691250348902798351e+00
-2.377799889101656738e+00
-7.492846563190569853e+00
-9.855137025193652534e+00
-7.677407457632718923e+00
-1.417781184450093157e+00
6.191291467341045518e+00
1.147728769035958862e+01
1.183201190049976859e+01
7.218368752797148957e+00
2.487911910141671346e-01
-5.261223533382648476e+00
-6.438373452580854917e+00
-2.938991264382306401e+00
2.941183459112215459e+00
7.661591320238205327e+00
8.472781918044464788e+00
4.890622801217361371e+00
-1.198511665252821157e+00
-6.755811648646679046e+00
-9.321358415857396551e+00
-8.228953070019883853e+00
-4.685244831488208916e+00
-8.253479105021251927e-01
1.567560685834262335e+00
1.901383688842929853e+00
7.817931890163396513e-01
-6.467509383058369643e-01
-1.498286319733442173e+00
-1.580469388004943854e+00
-1.295241225093957560e+00
-1.197506232964185457e+00
-1.565797316491232660e+00
-2.238845870752485645e+00
-2.740626826511956438e+00
-2.544681798439182963e+00
-1.315964721148835892e+00
9.346311460985963215e-01
3.770165847225403155e+00
6.328827932492024466e+00
7.484816399113181973e+00
6.247476833217104897e+00
2.332861450334201336e+00
-3.373870035568823589e+00
-8.844766459568994321e+00
-1.162823670818154653e+01
-1.005008277287094209e+01
-4.280180645583086196e+00
3.432964606838137200e+00
9.673183725925527554e+00
1.155140826296134904e+01
8.274762515355151393e+00
1.651950015661026061e+00
-4.832273597885573757e+00
-7.892783183444958439e+00
-6.199160728114660124e+00
-1.000249753361552640e+00
4.705205113503199144e+00
7.901541784334877860e+00
7.141421377297170636e+00
3.105787170908260286e+00
-2.043454376268036832e+00
-5.969498785536322849e+00
-7.282202869003015167e+00
-5.906908257911072546e+00
-2.711001986308484657e+00
1.157850016919612868e+00
4.737997693350379791e+00
7.357942584597356728e+00
8.557964493037907516e+00
8.095449777810035386e+00
6.098677681174432763e+00
3.176151402567679582e+00
2.450140001972420656e-01
-1.925801760566426157e+00
-3.160941187720398560e+00
-3.939120394286416804e+00
-4.955688953586079748e+00
-6.483108724837613579e+00
-8.035457710885623328e+00
-8.644316537932283495e+00
-7.571999745814768090e+00
-4.909072246776100101e+00
-1.559861440912400976e+00
1.398581600775817613e+00
3.468365582879496145e+00
4.950434645133935163e+00
6.410631194422323986e+00
7.828928486343389004e+00
8.215976688392345295e+00
6.179208546655490686e+00
1.148932684897387979e+00
-5.667578021148358403e+00
-1.148862162820334021e+01
-1.341349247785464094e+01
-1.024955090297560112e+01
-3.426005779366087189e+00
3.743583881646546541e+00
8.034123885150179945e+00
8.186070297827168218e+00
5.394024455397286921e+00
2.119125212365114752e+00
1.736241547925398976e-01
-4.506711866741210937e-01
-1.148368618591825818e+00
-3.087982518740354898e+00
-5.811330092385162516e+00
-7.292784916634628800e+00
-5.531491165993250192e+00
-4.475379593320645277e-01
5.523476550454561540e+00
8.827394789293540711e+00
7.310376375293371254e+00
1.990866909430194731e+00
-3.385490540743928634e+00
-4.890888887696926979e+00
-1.318798277741898950e+00
4.707312440223580197e+00
8.381935077843147397e+00
6.099160712043521393e+00
-1.789005067958292505e+00
-1.086147391747918789e+01
-1.537245023468959992e+01
-1.204054783789878336e+01
-2.299079999607217317e+00
8.538592858364635774e+00
1.463104433811504634e+01
1.321504653040129185e+01
6.098471038045310877e+00
-1.819712442232042537e+00
-5.847869439462630048e+00
-4.350173524297369809e+00
6.373144444896283733e-01
5.173848835299088122e+00
6.145933761542142548e+00
3.092877724309133214e+00
-1.902308762464714142e+00
-5.879293326303207223e+00
-6.905405360396869696e+00
-4.987656682401998331e+00
-1.642560796291835379e+00
1.294625295134095078e+00
2.704787534251140713e+00
2.504341116599790418e+00
1.317543484610537385e+00
-5.072555865990663326e-02
-9.658012767591627190e-01
-1.078625604451884712e+00
-3.564666381626742098e-01
8.778834045125716301e-01
1.986858851389129654e+00
2.272700852525459503e+00
1.396726094958583131e+00
-3.194289074357066216e-01
-2.005422617975755717e+00
-2.770740016790617322e+00
-2.284444647123550887e+00
-9.395656192917342109e-01
5.518322399330797268e-01
1.790389212175488964e+00
2.963868573110898019e+00
4.456597079660939542e+00
6.098336513913872103e+00
6.782708909438328604e+00
4.994359125549268086e+00
4.260390114459156052e-02
-6.917242411452023454e+00
-1.303875087101806152e+01
-1.529310126573338202e+01
-1.242561939657022307e+01
-5.938009555872723055e+00
7.658219120465941110e-01
4.611800396481708475e+00
4.899445722847737272e+00
3.604101845948401994e+00
3.617406586617990971e+00
6.195216988562613381e+00
9.605535349943471246e+00
1.018505888671219495e+01
5.213070092254075583e+00
-4.482385589477552834e+00
-1.427780828732181995e+01
-1.836144400562115564e+01
-1.358789526011871551e+01
-1.915323785600486772e+00
1.041049882024386442e+01
1.656284667740238348e+01
1.334366696124165053e+01
3.110985645892846208e+00
-7.828494711618076529e+00
-1.322936200877870760e+01
-1.062655852164549408e+01
-2.394904139703051271e+00
6.306215322236358389e+00
1.105861283187873667e+01
1.071398835175735087e+01
7.390244046182225190e+00
4.297969396485328275e+00
3.210775878725384835e+00
3.417917433883328471e+00
2.718539147067419393e+00
-5.210911896578704905e-01
-5.891981121834957591e+00
-1.109854590174689726e+01
-1.350661169010930429e+01
-1.186768352459426801e+01
-7.010794505324351888e+00
-1.157851825609015783e+00
3.492607352186913872e+00
5.880550514556906805e+00
6.262125486879098091e+00
5.575566317807294503e+00
4.632469373461135298e+00
3.714293018944547775e+00
2.698716688601261460e+00
1.425387653523638054e+00
-5.692125391889207853e-02
-1.486581847533599232e+00
-2.509403596803367442e+00
-2.775373854148411645e+00
-2.014330298804916985e+00
-1.939177880138054366e-01
2.241762759627716761e+00
4.269483150980489583e+00
4.595885433772417095e+00
2.395790746149276007e+00
-1.927835032265912574e+00
-6.582792529628404665e+00
-9.164988380294204262e+00
-8.050785216499040331e+00
-3.520448030173251475e+00
2.235733036833357446e+00
6.370580630112540277e+00
7.125117676377381137e+00
4.877143311292856609e+00
1.744452568061737985e+00
1.878790368358035368e-02
5.639081617882344410e-01
2.337930698839768784e+00
3.352127990103410671e+00
2.291054701389495296e+00
-4.701922062446793338e-01
-3.221834587696304375e+00
-4.324304592550705983e+00
-3.505712672431199994e+00
-1.990598571986428089e+00
-1.355386824632438980e+00
-2.064837699509867619e+00
-2.945613294014018724e+00
-2.126372182659277410e+00
1.230686518704779964e+00
5.807126623131432908e+00
8.648152796567316614e+00
7.131013761295560194e+00
1.019931128585797708e+00
-6.948597968063756625e+00
-1.252812915317037401e+01
-1.258761377409362581e+01
-7.138379475070914637e+00
6.346308387474959289e-01
6.378553859614288335e+00
7.273935292518035389e+00
3.652952766904113968e+00
-1.459053317298974584e+00
-4.454598179641598321e+00
-3.433558994190437197e+00
7.998136916830806964e-01
5.532902369501217166e+00
8.031542836114526906e+00
7.200099328417636002e+00
4.005671069554510133e+00
5.719216164092388865e-01
-1.304159741665448902e+00
-1.208282033710985193e+00
-1.420742664305613689e-01
3.553391694627601183e-01
-6.443815070186403871e-01
-2.764856920465146750e+00
-4.482616908958594770e+00
-4.038344153996233921e+00
-6.005360009778841768e-01
4.967197509645481013e+00
1.022553227421766309e+01
1.223874439410057846e+01
9.162140047253394926e+00
1.503547705117092903e+00
-7.750786784634154714e+00
-1.442422837397437263e+01
-1.530461487661006004e+01
-9.983891007639517312e+00
-1.230267047750881027e+00
6.463252816301332082e+00
9.379501244987876518e+00
6.628306651082317202e+00
4.764009800139825668e-01
-5.221556479403485440e+00
-7.424140464574293219e+00
-5.546973370349995491e+00
-1.344980884472786631e+00
2.692207727297169395e+00
5.122308134245905364e+00
6.176888233272452844e+00
6.891176128378718957e+00
7.623682270463927324e+00
7.343018807044447094e+00
4.409483126665172392e+00
-1.709853852744454894e+00
-9.245758883458440991e+00
-1.464000752047653009e+01
-1.467378927176405945e+01
-8.784730643076994028e+00
1.746894156171359125e-01
7.469504808897334591e+00
9.391382319977131132e+00
5.577385367560908414e+00
-8.726880301508349591e-01
-5.554712420975225662e+00
-5.669874355142902722e+00
-1.672166506194462166e+00
3.395131635827308703e+00
6.242237562577416909e+00
5.576449030401258611e+00
2.671370963553567179e+00
2.390181080641751166e-02
-7.177386666796510273e-01
7.198776736499351570e-02
5.406368702182162700e-01
-9.295262599361803213e-01
-4.255004201421671794e+00
-7.575713686581337925e+00
-8.588843827520911134e+00
-6.236231034633382464e+00
-1.479910788444377179e+00
3.348005218978197917e+00
6.062413943343927691e+00
5.887036211939387087e+00
3.652333158918624090e+00
9.776868981206361386e-01
-8.218183691812221969e-01
-1.328080838635848693e+00
-8.742483708614476878e-01
-1.558442291912767730e-02
8.581537631949464062e-01
1.545420109217453764e+00
1.877427158319412870e+00
1.689301407574538727e+00
9.810803360391517902e-01
3.181456626897227746e-02
-7.771945482160506069e-01
-1.350219612497338906e+00
-2.073349599877176708e+00
-3.480310603354292986e+00
-5.535587366289236755e+00
-7.178445227078068314e+00
-6.751329997512197423e+00
-3.268530509085928237e+00
2.358989881068312755e+00
7.283938893151876037e+00
8.295974122212090407e+00
4.157073655988755334e+00
-3.005958122700635116e+00
-8.571045645663240009e+00
-8.331421053217809458e+00
-1.588265040587248933e+00
7.871235537091571643e+00
1.392793380662235592e+01
1.221350942437955567e+01
3.354044104497845069e+00
-7.047100316636713657e+00
-1.194073739391670408e+01
-7.614131644393437703e+00
3.572666251149717809e+00
1.450564005929496147e+01
1.792389272381774390e+01
1.123287513438134511e+01
-1.747906668782463147e+00
-1.328012529386097462e+01
-1.672083132062575572e+01
-1.066531887971447468e+01
4.700211531402830323e-01
9.611561076085337163e+00
1.163173378214564124e+01
6.309151140979050609e+00
-2.087694703197131130e+00
-7.952110283735832397e+00
-7.898099003885715064e+00
-2.458815355620356247e+00
4.807949324170382788e+00
9.786662810005680058e+00
1.006805128001069249e+01
5.788833883718780271e+00
-9.841475183019903206e-01
-7.512660042922600923e+00
-1.146621927265421803e+01
-1.153910555238645941e+01
-7.755541925076482102e+00
-1.566631648695904211e+00
4.463632027581226680e+00
7.630319447307674530e+00
6.507835576157140700e+00
2.001682412996319549e+00
-2.886557037894160960e+00
-4.772879216601552343e+00
-2.139770758157097941e+00
3.452829741650517370e+00
8.235412060366186893e+00
8.758403704390664402e+00
4.343677901082156012e+00
-2.376720191555421469e+00
-7.330322895830007290e+00
-7.948180600136744545e+00
-4.952751418866296440e+00
-1.578511032397312386e+00
-7.993924710989011029e-01
-2.762489677775000985e+00
-4.561603290764838725e+00
-2.681163954149271333e+00
3.744346004515074711e+00
1.153208997022271198e+01
1.529389161648498607e+01
1.138656482927789071e+01
1.033436395678392294e+00
-9.928348800809798647e+00
-1.480125916214960569e+01
-1.072542064828544106e+01
-8.795375216145354669e-01
7.576209205582125961e+00
8.494469129541018404e+00
1.140781225112236008e+00
-9.192834726771284437e+00
-1.486181545569812812e+01
-1.124300227231000981e+01
1.491237433008274493e-03
1.204994670775395704e+01
1.757176098108583417e+01
1.358244700597538923e+01
3.160603775156376472e+00
