9.549385470518719998e+00
1.219907348007157211e+01
9.263761413346827567e+00
3.008393702358506783e+00
-2.786534445761735146e+00
-5.344575817754908087e+00
-4.399870683952958217e+00
-1.781539239378727046e+00
3.600427870343676506e-01
1.185639330128909652e+00
1.430178244505723395e+00
2.265719435956803807e+00
3.875199566523694017e+00
5.032280955909333997e+00
4.091170789357548188e+00
5.652981128646734632e-01
-4.079079922952057125e+00
-7.202857753404683372e+00
-6.862600516288132724e+00
-3.339149023203439981e+00
9.328974663924001209e-01
3.096876159055718780e+00
2.013916295488215713e+00
-8.353174615091307764e-01
-2.451849151021280093e+00
-6.658307384494446257e-01
4.029657286043379472e+00
8.604755821725511566e+00
9.587166343683652059e+00
5.633748461819747533e+00
-1.330075178872109465e+00
-7.302137404207911686e+00
-8.914911249630996792e+00
-5.717035490749115212e+00
-3.727475430073274865e-01
3.347440680178681127e+00
3.288707396711608943e+00
3.414575017546038760e-01
-2.442170220286143945e+00
-2.327962256758783877e+00
9.269762399385842455e-01
4.856270374177485749e+00
6.177418565354960478e+00
3.349791871451141656e+00
-2.150221526708537390e+00
-6.812455189089609675e+00
-7.604990916265929712e+00
-4.137664659512529042e+00
1.127906483399970794e+00
4.748856987869000790e+00
4.819364459922550026e+00
2.239907750256792784e+00
-1.860247018850030298e-01
-8.888564658361719495e-02
2.521691889371413087e+00
5.217561943949170278e+00
5.065203884285713443e+00
1.030800807222519211e+00
-4.984659349742080359e+00
-9.329125618499736206e+00
-9.181568422028247412e+00
-4.638716933359017247e+00
1.257073894530054137e+00
4.617574187460723678e+00
3.447128277259678075e+00
-9.459974186946137342e-01
-4.883328427602840804e+00
-4.937085124726295682e+00
-3.891412994506648904e-01
6.187502692108989066e+00
1.060783893985965598e+01
9.837092868180860705e+00
3.962980842345546151e+00
-3.887486359197661834e+00
-9.529857390848452070e+00
-1.022586347082818214e+01
-6.115537736339728525e+00
1.777884155884514872e-01
5.299482656352097365e+00
7.039614158018389745e+00
5.231921897404982147e+00
1.372781805738619187e+00
-2.516775510694197582e+00
-4.952637450215958914e+00
-5.432139006011176718e+00
-4.270058354149371738e+00
-2.193126533369620379e+00
-2.964220653225629887e-02
1.440556071129063254e+00
1.617702917946473473e+00
3.013824425715133648e-01
-2.094932744542605807e+00
-4.555338454412765081e+00
-5.824735520410307288e+00
-4.993805076746184568e+00
-1.978769509406010929e+00
2.394038127007591221e+00
6.740770392533326216e+00
9.688711773103857894e+00
1.035718845173934355e+01
8.575838935826121556e+00
4.861650552178951479e+00
2.651792699498214390e-01
-3.864107855815348103e+00
-6.232965498217353684e+00
-6.085975456379538961e+00
-3.647739412951088944e+00
-2.135052492969116145e-01
2.341462499170340550e+00
2.517521671931080895e+00
1.029379842984894378e-01
-3.575171905957783114e+00
-6.338755718488710222e+00
-6.446227995989640469e+00
-3.677425001717578468e+00
5.197651818849762240e-01
3.952791048223230241e+00
5.070539633401971003e+00
3.869957829735570343e+00
1.717243691776215719e+00
2.575623363120810860e-01
2.393886630440926200e-01
1.114263066917664746e+00
1.661243866607808206e+00
1.093496593726916544e+00
-2.577408547035600073e-01
-1.236440250521285922e+00
-8.950701155625959693e-01
5.816758009469767954e-01
1.854821742064248102e+00
1.404528933228973209e+00
-1.210611138890333116e+00
-4.794391227861688698e+00
-7.154302074576018633e+00
-6.549652306936567747e+00
-2.927356026594250871e+00
1.949178836095572187e+00
5.584352822506073011e+00
6.291188879291213176e+00
4.134271508509015369e+00
6.915549691001394716e-01
-2.086679505623614261e+00
-3.047582472120156094e+00
-2.253071569820815245e+00
-5.204142184125957193e-01
1.368962922985405672e+00
3.090718831331694894e+00
4.565226408987003381e+00
5.471417985452724508e+00
5.106417426246570912e+00
2.878519399604213103e+00
-9.169531269388210282e-01
-4.769444101232407363e+00
-6.556248687827776145e+00
-4.836234938448499499e+00
3.786000864889682571e-02
5.859900577116286868e+00
9.740887608964881039e+00
9.793810330947671616e+00
6.206625036323950795e+00
9.853855519287573195e-01
-3.409634166453205495e+00
-5.540203408733606949e+00
-5.561131025897200431e+00
-4.600857706525730784e+00
-3.580073818164090316e+00
-2.481874260493386330e+00
-6.536395765120566193e-01
2.173463407078205734e+00
5.093006162653413327e+00
6.256527595867766856e+00
4.101297344036392900e+00
-1.311673393625863326e+00
-7.923907280747089388e+00
-1.268698366015142120e+01
-1.334330971267011634e+01
-9.762625752859761974e+00
-3.903480446824073802e+00
1.547310682636496848e+00
4.858144054411415169e+00
6.062622617462841035e+00
6.394229585989679165e+00
6.896093291531659730e+00
7.363708257985085659e+00
6.483723434284139664e+00
3.069357471814613270e+00
-2.594310296649136482e+00
-8.411548776790327864e+00
-1.152819543500916311e+01
-1.011492308123212958e+01
-4.646332025037204438e+00
2.238799068206600129e+00
7.233922962064727180e+00
8.235670692112194047e+00
5.393942510193993733e+00
7.553140787072968321e-01
-3.128566751114044919e+00
-4.638489956508432321e+00
-3.695678580960481963e+00
-1.346593879654959469e+00
1.167468569369757292e+00
3.122027047059710458e+00
4.403062984890494747e+00
5.137700403734808852e+00
5.332256987571827977e+00
4.856271436510688488e+00
3.710498104672518060e+00
2.227886368655997540e+00
9.295086899132622982e-01
1.098361935602194528e-01
-4.717662534739582858e-01
-1.450037167295310514e+00
-3.284506083435681401e+00
-5.681389628052419205e+00
-7.513705656763828955e+00
-7.418265825713152850e+00
-4.734372653280304988e+00
-1.419123185878038429e-01
4.494524003170757176e+00
7.052754254109066423e+00
6.308003484466246036e+00
2.613093937993216098e+00
-2.294172950749047146e+00
-6.208841539567797163e+00
-7.540346665938622017e+00
-5.965800428901579799e+00
-2.386577534148972557e+00
1.657858184773098209e+00
4.718687930733383773e+00
5.945351168747981419e+00
5.229072066723087886e+00
3.055944296211935196e+00
2.312199708822461064e-01
-2.397128972995723473e+00
-4.155504128461202207e+00
-4.677893692823093197e+00
-3.938290316558781257e+00
-2.186807889222803780e+00
1.606074404409342238e-01
2.603701589899492852e+00
4.578408842263157474e+00
5.477292907494870633e+00
4.783156552463180944e+00
2.355301695214940150e+00
-1.269884568734755748e+00
-4.837803870673356599e+00
-6.797429273638951663e+00
-6.090901298651607121e+00
-2.875266116062690891e+00
1.356890744211630251e+00
4.489792895237897596e+00
5.002413818342259511e+00
2.933760309951898737e+00
-1.028756250942602368e-01
-1.964852791854114988e+00
-1.440629401258564091e+00
8.839498017355845727e-01
3.020739180787271660e+00
3.032095370367402509e+00
5.392230603516986465e-01
-2.837218857508499781e+00
-4.522003930494538970e+00
-2.860554583281572416e+00
1.500814022238878387e+00
5.796183080858913428e+00
6.888957690183431737e+00
3.458426325552816927e+00
-2.896011886634380694e+00
-8.477639853847037443e+00
-9.783550605240044717e+00
-5.776099552706079443e+00
1.379073061637636322e+00
7.612428950610846456e+00
9.440064919984013869e+00
6.031435903608365123e+00
-4.287384035701533591e-01
-6.208985662730029276e+00
-8.284298350135120614e+00
-5.929955355630668556e+00
-7.870277434660573057e-01
4.401407091777792324e+00
7.395663525722641296e+00
7.401853881509638633e+00
4.992324164166797473e+00
1.388570911771265681e+00
-2.218320507630545890e+00
-4.920326643212844075e+00
-6.043168546081852277e+00
-5.177233918801992019e+00
-2.466163152393067826e+00
1.101193742245190732e+00
3.856135604147050255e+00
4.255750467843721019e+00
1.933718065021942767e+00
-1.780477649308049193e+00
-4.438667663104187255e+00
-3.969543303405980161e+00
-1.663162259406838483e-01
4.910656968092711239e+00
8.046691930871139320e+00
6.888712531087606727e+00
1.555348347053867819e+00
-5.278721673266649539e+00
-9.951684984596813166e+00
-1.004221287713183841e+01
-5.800873480359182821e+00
1.334726932226686369e-01
4.490009396341593018e+00
5.380580319991096871e+00
3.246039566756420136e+00
2.065173003343606650e-01
-1.595136415321134260e+00
-1.426802937049131081e+00
-2.066339270105352899e-01
4.980901424995373694e-01
-1.342597549570760385e-01
-1.466613851592919016e+00
-1.886442023894320030e+00
-9.752487089082317873e-02
3.746706098788942896e+00
7.898213995831555145e+00
9.974245061005198920e+00
8.382805125069889840e+00
3.297017549432350592e+00
-3.393559199639984314e+00
-9.053148795521460457e+00
-1.156516090441096978e+01
-1.019928331542904054e+01
-5.733511195216166811e+00
5.885858226930062997e-02
5.183067602362117832e+00
8.103787852599547037e+00
8.156660276471637161e+00
5.662425136092703148e+00
1.759707385366202637e+00
-2.020099381733234001e+00
-4.343899388087567814e+00
-4.616190231514852194e+00
-3.187993357677170625e+00
-1.081416901039801148e+00
6.384005298090316138e-01
1.456690168073972780e+00
1.573437333434371643e+00
1.536605153391957357e+00
1.640928740947296127e+00
1.585858819562187660e+00
7.016274820745267427e-01
-1.398870686060688762e+00
-4.258306009039213968e+00
-6.603505586724361720e+00
-7.039331366240213050e+00
-4.958599098764058688e+00
-1.009414883879889757e+00
3.245377372467181054e+00
6.250144413706886226e+00
7.297393263157701426e+00
6.696352981071098220e+00
5.214521689071142774e+00
3.319665133698860515e+00
9.020010311320865171e-01
-2.265798304999179003e+00
-5.744857520580193722e+00
-8.102011111260324583e+00
-7.532018808769763929e+00
-3.159319128432996671e+00
3.910799491717116716e+00
1.071380445916341984e+01
1.388830786889274904e+01
1.165581166973970362e+01
5.009308839807604663e+00
-2.761351680800359976e+00
-7.978382982822989966e+00
-8.697126509630519919e+00
-5.659721192248433397e+00
-1.513296245002175411e+00
1.073959584058619798e+00
1.045492903173059540e+00
-7.399452510440927000e-01
-2.571302244137750659e+00
-3.348415218221386436e+00
-3.268785660065493648e+00
-3.278483038444730546e+00
-3.879907348592769534e+00
-4.423603660079548305e+00
-3.589628094231238631e+00
-7.192037704077831606e-01
3.155670259506446751e+00
5.616950263148354772e+00
4.507497200849607921e+00
-2.258328330161050168e-01
-5.982743036403871173e+00
-8.916411967045522857e+00
-6.507189799721347256e+00
4.808557200532939113e-01
8.170512359914695821e+00
1.194371534931222634e+01
9.490622230021454442e+00
2.426551582737683344e+00
-4.716458325900005022e+00
-7.503424537456305998e+00
-4.566151739449119340e+00
1.527023539510201200e+00
6.109707393234757866e+00
5.684932660458475340e+00
3.518079535971383454e-01
-6.275233815560959272e+00
-9.563527065014826078e+00
-7.022819951199148925e+00
3.201244987904616757e-02
7.387844018067290186e+00
1.070425552964703897e+01
8.233808543664277835e+00
1.731654816371853034e+00
-4.883031431685056489e+00
-8.049783474936139882e+00
-6.561163649361390959e+00
-1.870536040873769679e+00
3.202006203348082281e+00
6.279439754074516600e+00
6.550069627852471044e+00
4.700801511477695094e+00
2.048079363507826045e+00
-3.327578012241233507e-01
-1.935217091286252522e+00
-2.645363052299695816e+00
-2.478933514656944226e+00
-1.556708231487789362e+00
-2.600437050632310454e-01
7.496798058459682723e-01
8.422403635268196354e-01
-1.172604517274804525e-01
-1.570881637051393831e+00
-2.598541134702924360e+00
-2.584849004351118307e+00
-1.684357871532287110e+00
-6.557243173689890625e-01
-1.567892778502579798e-01
-9.861679705585207900e-02
3.197745382218827315e-01
1.819757962040562616e+00
4.118193559326787323e+00
5.739403219427510194e+00
4.937287378922698977e+00
1.180506748710286047e+00
-3.959415334420194998e+00
-7.411402421837178345e+00
-6.536288983281418830e+00
-1.126573294687943649e+00
6.041356938729676607e+00
1.072333264905446626e+01
9.931990619959105260e+00
4.023104846275890267e+00
-3.398848458881719381e+00
-7.826243732132342146e+00
-6.891629990965173036e+00
-1.976077364814179393e+00
2.801866473941185820e+00
3.552835052424109463e+00
-5.528479334513054511e-01
-6.632392827635658072e+00
-1.012454178177223163e+01
-8.086366913460910411e+00
-1.392838943546142350e+00
5.765416672324395364e+00
8.769535959728600005e+00
5.816571093237335788e+00
-7.791164069981270091e-01
-6.160614415543130384e+00
-6.286689000064965782e+00
-7.357288398153516429e-01
6.977357078364564202e+00
1.176079238120408377e+01
1.033566371038982368e+01
3.355355899402106878e+00
-5.109387952190046711e+00
-1.026625914754805891e+01
-9.606088140868070724e+00
-4.260213651544742852e+00
2.029390376393466866e+00
5.461773445284764605e+00
4.489645536732726150e+00
4.698456059119697770e-01
-3.552949717837894372e+00
-4.932184528792170397e+00
-2.970644293275461312e+00
9.282148740028743905e-01
4.376755218624220234e+00
5.509285444924402420e+00
3.929634973533792319e+00
6.698930277178956061e-01
-2.607948844843555491e+00
-4.564414726129859545e+00
-4.752256790255914076e+00
-3.610066106818024423e+00
-2.030093559936317682e+00
-8.127716984236299513e-01
-2.893080764580280295e-01
-2.579769825727191712e-01
-2.228925877331264238e-01
2.133273272576203250e-01
1.037174041542328284e+00
1.806611601649612542e+00
1.981021186778701093e+00
1.403435303345056617e+00
5.690610322999770654e-01
3.913428804425744256e-01
1.518721597689630887e+00
3.651065828317756168e+00
5.432786602531257003e+00
5.179972035204934322e+00
2.086320454084501286e+00
-2.916684812808696403e+00
-7.384473789094368357e+00
-8.726031121429086213e+00
-5.919351550226848779e+00
-3.957332410436671388e-01
4.646667359690375143e+00
6.196657215425315002e+00
3.412189626830587130e+00
-1.734334108360527704e+00
-5.669448634894745709e+00
-5.545215283745034363e+00
-1.133615255025885116e+00
4.996183993550729951e+00
9.138490795456082338e+00
8.817612683714450839e+00
4.274525948634356531e+00
-1.855906936207922797e+00
-6.334734014112653355e+00
-7.271885386399279838e+00
-4.955660098836431438e+00
-1.190565869878870808e+00
2.141772499616170666e+00
4.149685563819274670e+00
4.957732224074542060e+00
4.957786749672599136e+00
4.149820611409957394e+00
2.230112425243612417e+00
-7.065096152092049664e-01
-3.640699507483788011e+00
-4.987519684819539556e+00
-3.759813104399211792e+00
-6.240540377751662149e-01
2.179119719133673971e+00
2.275654862176475834e+00
-9.583735481005524193e-01
-5.540572715519628488e+00
-7.936641202089680824e+00
-5.516054823706560306e+00
1.275169265355462489e+00
8.712164487075300556e+00
1.195623030368940753e+01
8.268952216258997012e+00
-9.227272456653037302e-01
-1.064177088523155668e+01
-1.537776295816196814e+01
-1.253889734681369994e+01
-4.027863108151196414e+00
5.100169153881571660e+00
9.944260206035400174e+00
8.767695522149804077e+00
3.738126264923212982e+00
-9.359630185556122584e-01
-2.017376918327757451e+00
7.283164985735852692e-01
4.758588645347655799e+00
6.836747801483181064e+00
5.322914693036129741e+00
1.063659427893094200e+00
-3.542631733168049468e+00
-6.366418254075583150e+00
-6.803802658002438442e+00
-5.658045373864696082e+00
-4.019984152470382099e+00
-2.272293088877859191e+00
-8.952570113407043451e-02
2.675620691430139697e+00
5.176083897912019616e+00
5.761154313428839657e+00
3.226647691831802334e+00
-1.837523514351383280e+00
-6.835984101425250259e+00
-8.558914778080875863e+00
-5.380737134608152061e+00
1.299652940161412751e+00
7.568270101608008282e+00
9.324480493638994005e+00
4.965978949527971587e+00
-3.387927497390457177e+00
-1.103358020497229575e+01
-1.350630631851985974e+01
-9.283403541346119781e+00
-6.500695851129472125e-01
7.760739448015997688e+00
1.174244520626340638e+01
9.828333194239142756e+00
3.799075430617835814e+00
-2.717720015956045732e+00
-6.485488610825798972e+00
-6.307218768506656303e+00
-3.235895384789440499e+00
4.967634072381907906e-01
2.952389331213948864e+00
3.435508867281198420e+00
2.518732056268125241e+00
1.371086610771617753e+00
9.402197128909837165e-01
1.453378232814257709e+00
2.398308529047001869e+00
2.882041355948619099e+00
2.158437877630750901e+00
1.102600226865684263e-01
-2.520129316153607579e+00
-4.328015242071419522e+00
-3.909578956182367282e+00
-7.543572874364827818e-01
4.137217464824159308e+00
8.425421948230155778e+00
9.521821878999240596e+00
6.110889228900210135e+00
-8.183767250863926979e-01
-8.213159106955284727e+00
-1.251713151234686272e+01
-1.170107465058847573e+01
-6.490018927631123091e+00
6.756265422864338177e-02
4.487989921127920390e+00
5.002815634616971430e+00
2.553171874147687870e+00
-3.904156944809189511e-02
-1.519768956313257702e-01
2.741765785820046819e+00
6.680993039304822467e+00
8.591792861657456370e+00
6.468523290845607399e+00
8.397097448491088745e-01
-5.489715323802546010e+00
-9.221825678711139673e+00
-8.634667574863897244e+00
-4.544811925642044947e+00
4.131641853805133602e-01
3.593461360773233970e+00
3.941387157541268227e+00
2.345615722278143966e+00
6.484810749340427227e-01
1.634576124301587441e-01
8.096361226615841344e-01
1.417514246973971881e+00
8.516257790819661277e-01
-9.785704051844150708e-01
-2.991276132812025423e+00
-3.740453194054230046e+00
-2.501926036978423085e+00
1.912864986865497885e-01
2.933056727720452450e+00
4.409997994480951533e+00
4.205427433585129826e+00
2.879155491294824731e+00
1.354515150653595068e+00
1.702169474170309726e-01
-7.901022171732299260e-01
-1.913825479731708246e+00
-3.207237634270585946e+00
-3.996939735898653367e+00
-3.322937650914548069e+00
-7.794331246231716026e-01
2.861939149937403393e+00
5.826324735332418570e+00
6.330176914529662469e+00
3.787664598179636855e+00
-6.140401479094370618e-01
-4.452780442379343562e+00
-5.473471654734915148e+00
-2.999199866978202511e+00
1.560635145822491410e+00
5.469925825384134299e+00
6.258477422418739167e+00
3.182457719895572801e+00
-2.331479517596961593e+00
-7.509106794115696815e+00
-9.796123519866320351e+00
-8.223807368834830100e+00
-3.799928401773154718e+00
1.217025142263043813e+00
4.633617501507591108e+00
5.410307947969291931e+00
3.941937924392959314e+00
1.511828902195069046e+00
-5.979526396147238909e-01
-1.734187231362868786e+00
-1.921526889807927851e+00
-1.472924376499756383e+00
-5.856528618120844243e-01
7.286817358739543504e-01
2.377100583212456542e+00
3.902256828116218212e+00
4.540352522970252380e+00
3.687299133734850631e+00
1.452908517274389411e+00
-1.179583713544551937e+00
-2.841705582903635730e+00
-2.682217340306628728e+00
-1.066232037030030666e+00
5.057432595281781129e-01
3.392237262345701998e-01
-2.206097944843206538e+00
-6.026212573885662671e+00
-8.722350460816189255e+00
-8.034260888435335701e+00
-3.393730319016007968e+00
3.437485839854751646e+00
9.155746646063837701e+00
1.073433884050857579e+01
7.189249507557269325e+00
2.067845690849803297e-01
-6.753789450167744235e+00
-1.033043816710588558e+01
-8.984133537790011559e+00
-3.619844212198447764e+00
3.124535153637721940e+00
8.354910280429653113e+00
1.025233094919767396e+01
8.608393401322485872e+00
4.511251873524650513e+00
-3.916143688971038817e-01
-4.556018633142059571e+00
-6.905174474619268032e+00
-6.979425766647625373e+00
-5.026592547699740621e+00
-2.018027123564392511e+00
5.933805223702662834e-01
1.481318844134576374e+00
2.103259557904411103e-01
-2.339068003585972111e+00
-4.315241983380293966e+00
-3.968941108288135844e+00
-8.392361966736552326e-01
3.777006703722618930e+00
7.506250399502837567e+00
8.375098932981522637e+00
6.107066858511333685e+00
2.310171908229586180e+00
-6.290700629092478291e-01
-1.194770070938885098e+00
2.462148422936005776e-01
1.817511243527296205e+00
1.628914782817327156e+00
-7.182011055503314534e-01
-3.763603849253328804e+00
-5.269167976016333022e+00
-3.956429508673277695e+00
-5.781976881498465115e-01
2.531202996679898121e+00
3.142303965337761795e+00
8.088571097942423016e-01
-2.743013715091151106e+00
-4.852090911028025033e+00
-3.892256293543130408e+00
-4.990222058677769024e-01
2.894958912453229338e+00
3.895789074560978005e+00
1.980385412938408862e+00
-1.082515460720511191e+00
-2.586553342060713412e+00
-1.030035336391788459e+00
2.579829033834433627e+00
5.309000637379391208e+00
4.422094598904104501e+00
-4.708722084089109750e-01
-6.848632282533687388e+00
-1.079247965821715560e+01
-9.582438305211393725e+00
-3.577175017857570083e+00
3.942114246287844459e+00
8.867989278203559422e+00
8.869827518976524772e+00
4.753915964779383607e+00
-2.692359304835718614e-01
-2.814337505229036474e+00
-1.486046939273461431e+00
2.429360551699026871e+00
6.062031229028082002e+00
6.952180801826215450e+00
4.551663184108671878e+00
3.330028287321538105e-01
-3.368216456905701151e+00
-4.850775137742956211e+00
-3.894732427588302404e+00
-1.569730199831025574e+00
6.413766891984493679e-01
1.703925117594409899e+00
1.384166209905168143e+00
8.106228467364828827e-02
-1.540236420490425751e+00
-2.815372821756256361e+00
-3.205020073403993308e+00
-2.415736164778953032e+00
-5.899901896749142338e-01
1.575996611756570909e+00
3.022788071079204553e+00
2.878854877504296361e+00
1.082249153567210742e+00
-1.403731490109414670e+00
-3.061031597028160967e+00
-2.762620505423583506e+00
-5.672549298241080784e-01
2.240250994714115595e+00
3.963621242758968322e+00
3.630842463055573788e+00
1.641391252916397203e+00
-5.595798290305674660e-01
-1.554565457851073029e+00
-9.837858593639305926e-01
2.384422697560641957e-01
6.839132361791508963e-01
-4.315926020606863922e-01
-2.580441512071710353e+00
-4.265688888745123641e+00
-4.125955055210452471e+00
-1.971018028935465516e+00
1.034946230281168722e+00
3.182024425793675171e+00
3.408916465332464618e+00
1.996603966172114220e+00
2.668705435117640912e-01
-4.538900750797849604e-01
1.928328401402630288e-01
1.406908069702310859e+00
1.920474951965586818e+00
1.003132957307165452e+00
-9.928501331925578821e-01
-2.929670314020460964e+00
-3.742492345237223184e+00
-3.167287120604640460e+00
-1.793857995679337236e+00
-4.652956311037601544e-01
4.356065492558400254e-01
1.210262441292682567e+00
2.406522022307545861e+00
4.112523940924832644e+00
5.615288563596689819e+00
5.775998106344246708e+00
3.892418696705674641e+00
3.965146629195737127e-01
-3.190802388103132436e+00
-5.101023342892094803e+00
-4.422444938294803229e+00
-1.720998124215797676e+00
1.255621322415971353e+00
2.612799319434686574e+00
1.428111752379436661e+00
-1.728559879767453733e+00
-5.150408711932738193e+00
-6.960393424658549932e+00
-6.103275976158048621e+00
-2.836903128077048031e+00
1.463759678271779441e+00
5.005278314652874982e+00
6.393706064418257284e+00
5.208826263406146850e+00
2.128990032632167573e+00
-1.410537884046690671e+00
-3.878324956032395132e+00
-4.355363904622795879e+00
-2.968492874412602678e+00
-8.046212657354147035e-01
7.034274140978387102e-01
6.218600925740619401e-01
-8.975811043788904930e-01
-2.684357466970640260e+00
-3.282435205766647712e+00
-1.915042631256223427e+00
9.536879472070673991e-01
3.865702095492104640e+00
5.291888386437529235e+00
4.616294239397999988e+00
2.499748343150840491e+00
3.634200757314043351e-01
-6.410181584409327948e-01
-4.316780786598847786e-01
1.623081700175232900e-02
-5.113476627879891545e-01
-2.444581654047243813e+00
-4.962387056685792608e+00
-6.444811732272000881e+00
-5.549186037706702379e+00
-2.169657087407918628e+00
2.374930747844587131e+00
6.044039028444982975e+00
7.200235979124704144e+00
5.454554516302922096e+00
1.777129316626246958e+00
-2.084531548037134030e+00
-4.458318891192711853e+00
-4.412830225045809129e+00
-2.015056000914416057e+00
1.776356321043362829e+00
5.445603413619697797e+00
7.404037411070825137e+00
6.584749347610766357e+00
3.005003154745542471e+00
-2.008532913641943196e+00
-6.233939704275206495e+00
-7.601974952635488947e+00
-5.396391032468431881e+00
-8.479262964766824950e-01
3.404644341182400336e+00
4.816820740664035760e+00
2.520954378147110209e+00
-2.072609419588237856e+00
-6.140145371997141055e+00
-7.264884460694013057e+00
-4.994394937520457489e+00
-1.048329681911806865e+00
1.976756874132050923e+00
2.475603251447529907e+00
9.163419598043076597e-01
-6.512164396333528504e-01
-2.772751980011674000e-01
2.300059654097645900e+00
5.382727808296569272e+00
6.584007474914551850e+00
4.688709811291908558e+00
6.818741098525133992e-01
-2.857910653204312368e+00
-3.568326180793933489e+00
-9.731865958097387637e-01
3.217577669815292474e+00
6.362085624069758083e+00
6.714106493616471383e+00
4.458695684144050375e+00
1.266458219788545225e+00
-1.143481898028761101e+00
-2.206643021404552485e+00
-2.544451081893931210e+00
-2.935994213138108933e+00
-3.269038236576496281e+00
-2.521270194864946301e+00
1.114889415455534438e-01
3.926851899842166649e+00
6.561316286568958489e+00
5.428992900366145236e+00
-1.555191829705073747e-01
-7.859669788774713339e+00
-1.336520373733412548e+01
-1.311650530253477065e+01
-6.914376263121193134e+00
1.635800541839828703e+00
7.384630413725279396e+00
7.168622127723915938e+00
2.096215517556714314e+00
-3.172951985422711285e+00
-3.789936994667260084e+00
1.627667710910436050e+00
9.730484019962624131e+00
1.460864012300101855e+01
1.196566281441883461e+01
2.343902175753904693e+00
-8.957051022858248501e+00
-1.530633975175753747e+01
-1.315920235420996498e+01
-4.386841280551590394e+00
5.087256956402188557e+00
9.341846970863201705e+00
6.337770172574925809e+00
-1.035955937249040559e+00
-7.325816875006564644e+00
-8.447050230239209867e+00
-4.339607267258555723e+00
1.428647376354701848e+00
4.598438043953144927e+00
3.388029677825703523e+00
-4.323673958688154517e-01
-3.206015834839969880e+00
-2.375372014328111625e+00
1.538002449337732225e+00
5.417291411993522487e+00
6.038625981727584247e+00
2.610554315966659544e+00
-2.563141355485456074e+00
-5.761367338984685560e+00
-4.571683142118978083e+00
3.637448672261600624e-01
5.823582124524463666e+00
8.283436023935097481e+00
6.294926666146664296e+00
1.290868723315835798e+00
-3.631063019211271836e+00
-5.925436098325929990e+00
-5.171637734676163056e+00
-2.968426652205597982e+00
-1.423700472369591186e+00
-1.502720362228688655e+00
-2.470359158068336392e+00
-2.724012915914631350e+00
-1.238554665752368944e+00
1.551025413373934070e+00
4.076549301548046955e+00
4.840586351655829844e+00
3.510775285411435576e+00
1.066980175504604444e+00
-1.049560425931240104e+00
-2.054119076997976912e+00
-2.299078365225721399e+00
-2.756100740650897052e+00
-3.953104207901268374e+00
-5.267123010709141795e+00
-5.212966972417100386e+00
-2.596842729400113292e+00
2.297478067560001946e+00
7.428977993823878023e+00
9.981979259471588151e+00
8.089033162286696665e+00
2.202856367418938976e+00
-4.837148621637445522e+00
-9.223160619891114465e+00
-8.329202638724691354e+00
-2.335073425394228241e+00
5.688628980015733028e+00
1.137713831308949075e+01
1.149989728711103965e+01
5.839497560134129017e+00
-2.598911915772512238e+00
-9.233934750509483536e+00
-1.050881742346225423e+01
-5.943409692011104362e+00
1.595478827146163514e+00
7.607875203880777093e+00
8.659616518944837082e+00
4.431311043007965189e+00
-2.156977050402131280e+00
-6.838626625638321244e+00
-6.723638687834615268e+00
-2.113630246938416946e+00
3.760640751013948790e+00
6.898801059109544553e+00
5.157785497503811989e+00
-3.883370853182481763e-01
-6.229593867325990963e+00
-8.768655995563422678e+00
-6.622590474370480429e+00
-1.348132895246040075e+00
3.803350032488051369e+00
6.125969599641768681e+00
5.092192134113004087e+00
2.314934661158288165e+00
4.631749006931595858e-02
-5.373298556726284758e-01
3.436673135064272078e-02
3.407230312542339212e-01
-4.746869911514128293e-01
-1.884441012453969888e+00
-2.487923536362868671e+00
-1.395276697331015336e+00
7.481112774683436051e-01
2.075869565117280047e+00
1.024283340970888023e+00
-2.141525601593310846e+00
-5.146811112227178242e+00
-5.236647968794887475e+00
-1.393265126275378130e+00
4.473979879832334916e+00
8.462159723602164618e+00
7.280656883328560980e+00
7.431873156159707339e-01
-7.715362048157277108e+00
-1.303676073938527225e+01
-1.179269934008157605e+01
-4.476797465012626986e+00
4.765104374885522631e+00
1.079417867318128899e+01
1.070043428640955874e+01
5.415167685049492974e+00
-1.265729844388562508e+00
-5.394287236057788704e+00
-5.331450457076575056e+00
-2.317583848246461020e+00
9.920997378715761261e-01
2.696754444931439565e+00
2.827309860640399464e+00
2.775335195468654259e+00
3.656966691883958287e+00
5.090755811533286490e+00
5.431594843960810159e+00
3.240799548460091550e+00
-1.270183596220079814e+00
-6.070980010046516995e+00
-8.626776444259657950e+00
-7.693219156896135225e+00
-4.187685034281749985e+00
-4.608693035644024771e-01
1.442184677064750398e+00
1.159612238704101683e+00
-1.932031069015871516e-02
-4.845776208387433392e-01
2.271207440159739299e-01
1.075103547970207130e+00
5.675889527669049084e-01
-1.682756328079539454e+00
-4.276440500392924449e+00
-4.914246658677114077e+00
-2.247096931893366900e+00
2.789712077863639728e+00
7.335147498066378446e+00
8.541015028240435569e+00
5.691674802125308297e+00
8.590044510611565265e-01
-2.510798298462271205e+00
-2.110076062597667335e+00
1.480944970489023405e+00
5.166902046525477132e+00
5.625962863220941301e+00
1.849350804802150972e+00
-3.971858648636793276e+00
-7.925556991253621675e+00
-7.186241299473635991e+00
-2.109065002141070178e+00
3.936502086566606717e+00
6.901986451677925238e+00
4.897716332052203470e+00
-4.924638695970233737e-01
-5.339673137266716552e+00
-6.115290191679545906e+00
-2.108606292409367811e+00
4.139105943519448161e+00
8.604424548271529360e+00
8.458584129253923223e+00
3.820542271994194827e+00
-2.492089497501557727e+00
-6.877135806647603822e+00
-7.143192875196310965e+00
-3.596023544421992568e+00
1.469254097993512254e+00
5.284488153035475477e+00
6.060321519042958904e+00
3.610200237644325405e+00
-9.045384156941985720e-01
-5.649059415304114040e+00
-8.751894069521991781e+00
-8.784845519139484082e+00
-5.208730438159816956e+00
1.200727619490812526e+00
8.238227134076046454e+00
1.285727028646504344e+01
1.250028444731180954e+01
6.588871500738395781e+00
-2.779970456911565080e+00
-1.159358069289733884e+01
-1.591965990930527397e+01
-1.403099168396380847e+01
-7.335037506491945081e+00
5.208806121353912744e-01
5.821699002421665270e+00
6.845495064319508494e+00
4.526128673423659876e+00
1.411543029492123624e+00
-2.305353853939799413e-01
2.004996198764462667e-01
1.638388503965297671e+00
2.541939356402531658e+00
2.231466481588404882e+00
1.315239798383486258e+00
9.497216635757950165e-01
1.631133315237887738e+00
2.577236534772125331e+00
2.259193120529457310e+00
-3.066983064009818349e-01
-4.541258142949081922e+00
-8.418327820427759178e+00
-9.712754777744233792e+00
-7.498427616682467267e+00
-2.798441395524414510e+00
2.091562168037535585e+00
5.104721152375496729e+00
5.631894790576779997e+00
4.619708609383547326e+00
3.556676783256774943e+00
3.202156574196924677e+00
3.067812606329156200e+00
2.028653453124268591e+00
-4.763606098980806003e-01
-3.675535809646286456e+00
-5.815464201255730714e+00
-5.427004047617579374e+00
-2.543578466705435748e+00
1.114459645880753857e+00
3.224808365688757839e+00
2.484731842241712396e+00
-4.127031613807187194e-01
-3.201551530747782870e+00
-3.612034350176922093e+00
-9.851829224714636624e-01
3.224115414398052160e+00
6.425758432229128125e+00
6.662795256825774892e+00
3.914105722641341600e+00
2.072416551065070500e-02
-2.676368539222400145e+00
-2.976896817396138761e+00
-1.553510880619018542e+00
-2.772729155326240646e-01
-6.791536328694572910e-01
-2.718065265468456726e+00
-4.783805554727512011e+00
-4.935537581521595385e+00
-2.449544305418574819e+00
1.492537172367277565e+00
4.521894757630255057e+00
4.721691778728650313e+00
2.014359671769934135e+00
-1.713361704746594771e+00
-3.859800279821194557e+00
-2.860268496953390027e+00
7.874162823005783629e-01
4.925850208742311054e+00
7.245992123572558619e+00
6.799083179353267781e+00
4.444171067761807592e+00
1.973556920732441711e+00
6.434065988362089872e-01
2.639251792178252121e-01
-4.468063509840249914e-01
-2.535020957523128615e+00
-5.588401850672342519e+00
-7.670883316741646141e+00
-6.613799971232873887e+00
-1.794289006473312575e+00
4.946247515751922563e+00
1.007884364032345914e+01
1.050987963069133002e+01
5.678050500024318659e+00
-1.849578149347798295e+00
-7.811442652642512030e+00
-8.870683538257742029e+00
-4.725262022078534407e+00
1.698512311350015125e+00
6.122107636902051730e+00
5.639086244184547070e+00
5.112670708265225628e-01
-6.099182963953690972e+00
-1.021163249801056949e+01
-9.496797004392888653e+00
-4.532344824919617210e+00
1.855552973674360784e+00
6.551259824766763273e+00
7.993126482881457662e+00
6.712800459557821675e+00
4.408740548933879566e+00
2.436125051722342505e+00
9.091288703083664213e-01
-9.792270485037783967e-01
-3.812817073934065437e+00
-7.010724182678734095e+00
-8.920653445755426958e+00
-7.935791591687646473e+00
-3.794619826398173856e+00
1.953550407657297594e+00
6.730076473057934550e+00
8.446912678091528903e+00
6.713561273543461105e+00
2.914493452540452889e+00
-8.367542588042198304e-01
-3.071943051100170408e+00
-3.699108181549784824e+00
-3.656198666706392597e+00
-3.874021627187270500e+00
-4.414135224201831242e+00
-4.444735902521720128e+00
-3.022736611636070769e+00
-1.714983689719784543e-02
3.579882539629049454e+00
6.207630954873435414e+00
6.731227166682288043e+00
5.126076952425393962e+00
2.370579785815234430e+00
-3.064935624872424658e-01
-2.196994449041507647e+00
-3.316993039302273072e+00
-3.968019187225670930e+00
-4.131573151638717079e+00
-3.305278527585980175e+00
-9.898450278549324466e-01
2.568975307966924859e+00
6.080923677050162013e+00
7.769208087713190380e+00
6.521183489345221851e+00
2.817805754751096181e+00
-1.327990449222696157e+00
-3.531775388250556258e+00
-2.585313585291702854e+00
6.798053164083333044e-01
3.875578974795576670e+00
4.627370366305699534e+00
2.181460786443086608e+00
-2.068169604976251463e+00
-5.524251607591338598e+00
-6.164008230157977053e+00
-3.914000546345646203e+00
-6.549126999258358950e-01
1.150538287302988349e+00
2.366994579901828821e-01
-2.545745726432708356e+00
-4.835047107146676737e+00
-4.471016742367552865e+00
-1.101364714940975542e+00
3.473280348204874191e+00
6.489179145430688855e+00
6.129471965454735383e+00
2.813703803337579412e+00
-1.058297873675138723e+00
-2.757703017615324992e+00
-1.136527337983428865e+00
2.541633438717787463e+00
5.451719956179226223e+00
5.170777113278067105e+00
1.399170621021242678e+00
-3.766534387215596080e+00
-7.219508333260026944e+00
-6.942842456622677183e+00
-3.371945307066113617e+00
9.291168226554932241e-01
3.052422008119307417e+00
1.742672724854042565e+00
-1.794835339797744789e+00
-4.834366750935276791e+00
-5.131464537936654580e+00
-2.534481781602340611e+00
9.702381320055569747e-01
2.817633404467729363e+00
1.874620638759669333e+00
-6.212358366796497666e-01
-1.964793082566864690e+00
-1.320011554470875703e-01
4.411976772705202166e+00
8.685778906762079643e+00
9.145559955389927609e+00
4.336690693159729548e+00
-3.677818085314459751e+00
-1.029762655404386251e+01
-1.129584071145595559e+01
-5.744246938266654112e+00
3.115320731166333346e+00
9.800502181715732064e+00
1.013698880615993581e+01
4.054796371078786876e+00
-4.310410517976696276e+00
-9.347347891510054296e+00
-7.713312091991546104e+00
-5.466140087846791396e-01
7.364745421027957484e+00
1.087374305580283185e+01
7.943735785954894268e+00
9.134230776000777929e-01
-5.264256742025039237e+00
-6.514312277763907311e+00
-2.394501101066095483e+00
3.771170796283126236e+00
7.369260271806812312e+00
5.743587283140133337e+00
-9.160060930522395672e-02
-6.383857890070651742e+00
-9.398994838403346819e+00
-7.929037891160438001e+00
-3.789216779851190431e+00
-1.189870097425294038e-01
1.072474746142493940e+00
2.141339955658672634e-01
-5.688477234121787074e-01
4.917679082940947799e-01
3.180875682614275224e+00
5.435263557471387230e+00
5.114255519670923178e+00
1.929496847917908653e+00
-2.102191055812559384e+00
-4.146499128307634230e+00
-2.854037034908800230e+00
3.872041229194688183e-01
2.374572735610236407e+00
6.205394777869697176e-01
-4.425062826941693395e+00
-9.288595194427523793e+00
-9.814919714175552201e+00
-4.356324755575216479e+00
4.562958483617528316e+00
1.151525442463913862e+01
1.169595842869251001e+01
4.326655967059881647e+00
-6.499082885283572253e+00
-1.425680809419876027e+01
-1.416289810039368824e+01
-6.274883002564516588e+00
4.586323712933348951e+00
1.203553979050317402e+01
1.226636406289909154e+01
6.355097515596082047e+00
-7.524767588351497505e-01
-3.772722971636243372e+00
-6.725822439793066598e-01
6.085128679425110043e+00
1.136728605717117446e+01
1.091759033749412211e+01
4.209407556453744093e+00
-5.219349372800656361e+00
-1.202916534671569693e+01
-1.235790942752916521e+01
-6.026725483365787284e+00
3.558143132008745102e+00
1.151389798705262280e+01
1.415735810780374138e+01
1.069077414891988553e+01
3.159744410331832398e+00
-4.965817046129787471e+00
-1.058312783563032866e+01
-1.217598853466822462e+01
-1.006355340939376752e+01
-5.852951117232893630e+00
-1.547325284075920848e+00
1.277530192575345502e+00
1.985287984211568268e+00
9.770811501040327363e-01
-6.335233836736402502e-01
-1.655404467959336490e+00
-1.487734685283994995e+00
-4.519363815553698593e-01
4.572262907231827711e-01
3.021060966748035925e-01
-1.045260540049661735e+00
-2.676787581806939986e+00
-3.183380504385439735e+00
-1.645842950488292988e+00
1.603817620361484675e+00
5.039448504014520935e+00
6.853108251507831206e+00
6.131462787107293977e+00
3.471469492166464832e+00
5.748785562052647347e-01
-9.170008124972145458e-01
-5.307879721687672747e-01
7.772908241642425553e-01
1.386357106741446632e+00
2.393945979291719484e-01
-2.358444355002261350e+00
-4.938303788494279978e+00
-5.891718180998781307e+00
-4.554520555936250048e+00
-1.573382373917405985e+00
1.656037869565681886e+00
3.989727833648640143e+00
5.187131702378406928e+00
5.749141630379325463e+00
6.154348251045552942e+00
6.196848395915663943e+00
5.041936797231750589e+00
2.014341263383943037e+00
-2.508665573752838718e+00
-6.890842037643888141e+00
-9.035944857872488356e+00
-7.737180576444837143e+00
-3.633482237462330566e+00
9.808057428278378342e-01
3.479451180702448632e+00
2.540753849245396712e+00
-9.869918394216748991e-01
-4.590501053746196547e+00
-5.660548305670050517e+00
-3.115850151876712104e+00
1.948391766074693443e+00
6.957381848325912443e+00
9.394944750777058928e+00
8.183362372159411535e+00
4.092480515377727279e+00
-9.408770376853413664e-01
-5.007754529954279832e+00
-7.127068996878732854e+00
-7.372362140921482343e+00
-6.347230599403983931e+00
-4.551151674414839476e+00
-2.143245256890563777e+00
7.951213565211252554e-01
3.832250569855210287e+00
6.054088946113522773e+00
6.433927227662826098e+00
4.486789734697428145e+00
7.340509724807953162e-01
-3.394482467411803484e+00
-6.213549115538899770e+00
-6.606183456653704766e+00
-4.527958084908375369e+00
-9.265667017938219452e-01
2.809187286364697833e+00
5.494517914661383173e+00
6.529292550134023543e+00
5.901837729385790432e+00
3.969193380146521122e+00
1.255840323909189316e+00
-1.611337963695992803e+00
-3.913219706899006223e+00
-4.959778087388436951e+00
-4.377774213248540214e+00
-2.409427511764572927e+00
4.767302421392549672e-02
1.814317254275472635e+00
2.078868420465520117e+00
9.260442785384122022e-01
-6.521129833767904671e-01
-1.356143572508679007e+00
-4.558891959424145046e-01
1.636421498552058207e+00
3.535417980178399588e+00
3.758237118748466887e+00
1.768237714559781182e+00
-1.525045306527376798e+00
-4.211283257588300799e+00
-4.553386804347665517e+00
-2.154758152665398718e+00
1.666903294535407198e+00
4.602798777544279574e+00
4.759053641795401468e+00
1.856933173808451798e+00
-2.559112433029695488e+00
-6.060677680879743789e+00
-6.827060314670616137e+00
-4.728164214775850915e+00
-1.306855845667595606e+00
1.301641973979747124e+00
1.775923817239474456e+00
4.037590098301089281e-01
-1.237669448893258251e+00
-1.457955515315176198e+00
3.432793088762722267e-01
3.268446656100555625e+00
5.563320132815133157e+00
5.833555933640765190e+00
3.979219116260491518e+00
1.208872341814079210e+00
-8.489071508308618785e-01
-1.289069728316273755e+00
-5.152501827882134400e-01
1.414584916320925645e-01
-5.086217083903554759e-01
-2.523850068741478214e+00
-4.639851573998003964e+00
-5.049573983602704708e+00
-2.657494658020558287e+00
2.029058305588151701e+00
6.991417198955775625e+00
9.766576944342126865e+00
8.857008202252412588e+00
4.627935782825655764e+00
-8.510784664700306035e-01
-4.924876772274982883e+00
-5.773150317822016930e+00
-3.321718717508764129e+00
8.382402479381727556e-01
4.418175712619491158e+00
5.692563003176243974e+00
4.338411976046999463e+00
1.431916354677134962e+00
-1.316543986550095635e+00
-2.593069882891545053e+00
-2.178152021350217016e+00
-9.527011413060481049e-01
-2.707333280716164303e-01
-1.105311943536996688e+00
-3.465603801336385015e+00
-6.389828004006828266e+00
-8.475319782425824400e+00
-8.618734894092868970e+00
-6.560853634713772919e+00
-2.980277627364424475e+00
8.552153880458310820e-01
3.655514754535428068e+00
4.611297055199460537e+00
3.646249261588762280e+00
1.383407384145384444e+00
-1.102946089043875588e+00
-2.653810617494721580e+00
-2.429557687193800497e+00
-2.627790873551680839e-01
3.170226615185771202e+00
6.501511162016319290e+00
8.194175059478292056e+00
7.278286876271669037e+00
3.942548291806940775e+00
-4.033170468365849803e-01
-3.746669010085953655e+00
-4.519370729593465974e+00
-2.501535755166562680e+00
9.865477135000877418e-01
3.787781721701799498e+00
4.138582755699578897e+00
1.698408380112280014e+00
-2.255327224859703605e+00
-5.589171778065238350e+00
-6.554074273549228558e+00
-4.738751900370242076e+00
-1.187285309956083834e+00
2.307106755406860277e+00
4.212255134574869331e+00
3.938277499492873535e+00
