2.381088220524881116e+00
1.846842231293500447e+00
2.518064704858808955e+00
4.821991324053622741e+00
7.215760174692347206e+00
7.085111331026284986e+00
2.839873595038478804e+00
-4.371639776467594274e+00
-1.081709263013042843e+01
-1.239178292063649423e+01
-7.486927140883530285e+00
1.549911450175031957e+00
9.581481609885043937e+00
1.187037112014413687e+01
7.186220557632340800e+00
-1.327171769381909616e+00
-8.185332388156687955e+00
-9.144707415011485097e+00
-3.890779601711924052e+00
3.978003629631690963e+00
9.571391783271181453e+00
1.001611279317507019e+01
6.113878645011998181e+00
1.275190668285073770e+00
-1.333205168022099318e+00
-1.209490564351967556e+00
-6.716738656220154757e-01
-2.659952969379145937e+00
-7.911423949224539065e+00
-1.375648536330165150e+01
-1.562137497450765267e+01
-1.030745181036245484e+01
1.274208246280923884e+00
1.397419675958819596e+01
2.118766392798996989e+01
1.883185071057546622e+01
7.931424254676084473e+00
-5.889082506255370220e+00
-1.568519469714345504e+01
-1.715260512604143273e+01
-1.082331314361391961e+01
-1.287187895496287204e+00
5.850385955317965347e+00
7.245096230725340369e+00
3.368350200150405094e+00
-2.341379132381441686e+00
-5.883683855556016695e+00
-5.022756345904084263e+00
-2.308092249800006712e-01
6.004091913857484641e+00
1.077384360416336229e+01
1.219257763984132126e+01
1.000200404809360144e+01
5.308855378995840368e+00
-1.325513898356491804e-01
-4.642963119420903340e+00
-7.117160290829603220e+00
-7.269963624691066606e+00
-5.639359654735621952e+00
-3.319384698850715854e+00
-1.443534080351532189e+00
-6.091446045360964234e-01
-5.737791197572581492e-01
-4.735048273467714619e-01
5.128489072350046474e-01
2.482450008339189385e+00
4.618693709119767732e+00
5.686340050280228375e+00
4.894091417520086473e+00
2.492677775815635322e+00
-3.650868436324375965e-01
-2.428604500301790647e+00
-3.217974986459629871e+00
-3.276630972614787751e+00
-3.590044683761666633e+00
-4.619043892165144882e+00
-5.742068610570848719e+00
-5.624034004723396762e+00
-3.309354266921800125e+00
7.810287205752164397e-01
4.783878332740608919e+00
6.450044632892326213e+00
4.664743676227887548e+00
3.582574960790131380e-01
-3.907692891434762839e+00
-5.488016176952471348e+00
-3.337639209222691861e+00
1.296453692906631261e+00
5.647075517253278498e+00
7.157655410719085509e+00
5.045897011606756521e+00
7.208425856674618437e-01
-3.146868699806167236e+00
-4.247319202534495908e+00
-1.925940924229326612e+00
2.564105734481914034e+00
6.868458143889529133e+00
8.816330199690897373e+00
7.448845630694972186e+00
3.338018072957114057e+00
-1.813985873235173463e+00
-5.991993919158221438e+00
-7.718907628990651304e+00
-6.633750717438970490e+00
-3.603385922341280079e+00
-3.010928244643951146e-01
1.628072285295627086e+00
1.456523993270829154e+00
-1.869393023627702044e-01
-1.694072288335844112e+00
-1.571903416801426312e+00
3.861383688274164228e-01
2.702426789276519248e+00
3.046076391404844763e+00
-9.065986292431515992e-02
-5.975453188738113042e+00
-1.159750717809346376e+01
-1.328991777017054332e+01
-9.107169408167727909e+00
-3.656575131578683191e-01
8.842351604329834913e+00
1.402774889944516623e+01
1.308388563279806682e+01
7.579506224888852728e+00
1.618594423263830961e+00
-1.001355561037658992e+00
6.314926238270550662e-01
4.053943693457140007e+00
5.390310454864880363e+00
2.359852767450243860e+00
-3.863663369823910898e+00
-9.332464488863671193e+00
-1.010217176239601500e+01
-5.121117455352150571e+00
2.865039269284370249e+00
9.072905406263016559e+00
9.866107148555116169e+00
5.109006039500760821e+00
-1.941403086697725655e+00
-7.039072676618184587e+00
-7.843940449674221327e+00
-5.224758300762664120e+00
-2.140710994269861445e+00
-1.096073442877204318e+00
-2.182505325213140335e+00
-3.196449840882428894e+00
-1.676254008438260001e+00
2.789517418958883610e+00
7.841739905634308450e+00
9.858550609280284149e+00
6.619065569028231621e+00
-8.566375992939512241e-01
-8.694730364962843794e+00
-1.256690912438067187e+01
-1.043582962037969075e+01
-3.758567451745959964e+00
3.605899317373766344e+00
7.918776063290047240e+00
7.728285904248407334e+00
4.297051312286653157e+00
2.456270038079143569e-01
-2.393141826850792686e+00
-3.265260794260222088e+00
-3.317317870115209288e+00
-3.517740347515403876e+00
-3.856771024944726012e+00
-3.428533285982631629e+00
-1.420073704516684465e+00
1.922637053931611772e+00
5.220846004865697054e+00
6.870022677504834974e+00
6.188043285003249849e+00
3.869498428892396813e+00
1.390293743333844478e+00
-1.330634480863935876e-01
-6.940646688736227254e-01
-1.164735999072794570e+00
-2.315669528382517939e+00
-3.946322796335705263e+00
-4.895974764041163496e+00
-3.974524025459047483e+00
-1.072751359144270555e+00
2.479648205868786093e+00
4.676779519109403260e+00
4.208662514345906658e+00
1.428560629921921343e+00
-1.824156720056351766e+00
-3.440471332936777316e+00
-2.425880641473542987e+00
5.257540423532448548e-01
3.626459109682602655e+00
5.255597843350576781e+00
4.943566175031554266e+00
3.415800704946661437e+00
1.790907298964360184e+00
6.530272205315290623e-01
-2.560973548269980249e-01
-1.538875760697104633e+00
-3.324979258717558395e+00
-4.875240708651593202e+00
-4.991165081435674722e+00
-2.951009263780249192e+00
7.507962310034601572e-01
4.465965890311068165e+00
6.280129289497375922e+00
5.151042864770509766e+00
1.545665253617953816e+00
-2.823229155200828178e+00
-5.959790554639551985e+00
-6.628455390928650992e+00
-4.881393523288752867e+00
-1.858317592127364914e+00
9.130212856930056686e-01
2.274693962646880063e+00
1.895576922838388967e+00
3.029277824023461907e-01
-1.435949066282701914e+00
-2.220875049417476266e+00
-1.437083156379866278e+00
7.059331657450842457e-01
3.198485497636053942e+00
4.693494264622284362e+00
4.249279574154039452e+00
1.951767244816110303e+00
-1.022063978577119503e+00
-3.050996618883708322e+00
-3.094399892170496713e+00
-1.420729998496670587e+00
5.265552107572610829e-01
1.128293062380592238e+00
-1.974017261546273105e-01
-2.463670190870230314e+00
-3.743385249032385342e+00
-2.598441762255167653e+00
7.053148334042352863e-01
4.156986503695053514e+00
5.293568844566831189e+00
2.986934591604868405e+00
-1.568275062156428756e+00
-5.473132851089681949e+00
-6.026349329624250295e+00
-2.617333348507058677e+00
2.754571512370226127e+00
6.770988809667001895e+00
7.040751112319522775e+00
3.729937643887800469e+00
-5.921078042153213872e-01
-2.798964394159775271e+00
-1.439343569851458060e+00
2.235364411891751057e+00
5.178535225699009814e+00
4.735571176312312502e+00
5.483159894313038851e-01
-5.164464163714631795e+00
-9.116206392051173779e+00
-9.151528345271472631e+00
-5.590144093482233068e+00
-8.378138172134881323e-01
2.356454171021805877e+00
2.698732744670236272e+00
9.661160747075169253e-01
-8.605333611392693705e-01
-1.169375807288117075e+00
2.071788465566434256e-01
2.127840973791407908e+00
3.229909394156384561e+00
3.022058966593338614e+00
2.129877848356743986e+00
1.588177511285810750e+00
1.848543020454187502e+00
2.362017196560105781e+00
2.082316303324263984e+00
4.548703440930526032e-01
-1.952405747839805361e+00
-3.735468494251109828e+00
-3.673380055923318288e+00
-1.693697753067442413e+00
9.833941662841234610e-01
2.662641483718286572e+00
2.351125344010456253e+00
4.156537509525667362e-01
-1.760152177506377313e+00
-2.836478519489626926e+00
-2.477876984789152193e+00
-1.495181264655365272e+00
-1.095428951612462232e+00
-1.851621404727551656e+00
-3.203057287811764020e+00
-3.868125595348606005e+00
-2.838483837016866129e+00
-1.805674644876571477e-01
2.968229375575630602e+00
5.192683832992375237e+00
5.763155058537755338e+00
5.035819315744291202e+00
4.008923377506709684e+00
3.415497829260008444e+00
3.089994773717824827e+00
2.126754561323631165e+00
-2.756953253974587792e-01
-3.939149262835533349e+00
-7.507395018645975249e+00
-9.147931683298484273e+00
-7.711467996153487547e+00
-3.552640723010121349e+00
1.569841748503117751e+00
5.469169878139958030e+00
6.748904825466081725e+00
5.487396656587582022e+00
2.995881668411493504e+00
8.810269004291788608e-01
6.852771712623606515e-02
4.016771636372808429e-01
9.865551550221540733e-01
9.482793515091909597e-01
3.796683904712783164e-02
-1.291939348133646526e+00
-2.312477225138708903e+00
-2.572060812461535839e+00
-2.168007032337757600e+00
-1.576641346876903160e+00
-1.219799161796521147e+00
-1.121746442219226925e+00
-9.170013619138923655e-01
-1.944531808089946523e-01
1.087485874522571727e+00
2.433154111753410120e+00
3.036517733806435082e+00
2.278440547198691490e+00
1.811155758061453458e-01
-2.480421305562343637e+00
-4.507185297254291179e+00
-4.878897635614842798e+00
-3.297275680377870888e+00
-3.640535766054784350e-01
2.709636433454929882e+00
4.705396529040242193e+00
4.983386765927601658e+00
3.738689087923729559e+00
1.805605309042436435e+00
1.439725852459334821e-01
-6.842083148368141021e-01
-7.494062938344798752e-01
-5.886025888978012599e-01
-7.749554168794982045e-01
-1.514243837038018903e+00
-2.524261557974875725e+00
-3.253914682504269074e+00
-3.269176310621783710e+00
-2.528641196315504658e+00
-1.362837744935107231e+00
-1.932539493492180238e-01
7.799214726191083802e-01
1.670093507219867490e+00
2.695530708502677619e+00
3.831403379629882977e+00
4.619332615868273706e+00
4.345970821203136047e+00
2.539515579978187887e+00
-5.294524208961597367e-01
-3.724956975554623018e+00
-5.484190145552352291e+00
-4.644400443644627785e+00
-1.196857410044641412e+00
3.512415778642229203e+00
7.328687581445349153e+00
8.341377413268117991e+00
5.884774621609248690e+00
9.246916963841971260e-01
-4.403502839244667122e+00
-7.867592459472485089e+00
-8.241320168143669633e+00
-5.843409674683173627e+00
-2.241755814171220607e+00
6.783067350935009232e-01
1.737188958879235301e+00
1.004705099748174124e+00
-4.079926047325891370e-01
-1.138107208278965832e+00
-4.466782142345021023e-01
1.340265303928147800e+00
3.064571766532273589e+00
3.473543761121280049e+00
2.002002073943088156e+00
-8.662761164026411276e-01
-3.851701337583587126e+00
-5.569846694286850308e+00
-5.242175908957991126e+00
-3.033689113517072045e+00
1.201302290926602456e-01
3.027572493097205886e+00
4.763894713250305557e+00
4.937013004296714413e+00
3.647677108784117106e+00
1.295533515198945107e+00
-1.575196390063814400e+00
-4.317429612097180680e+00
-6.198654992157365484e+00
-6.535503438770577489e+00
-4.978312523250552957e+00
-1.796858691714199097e+00
2.073458571946647844e+00
5.362689218655226853e+00
7.061468229775232253e+00
6.945712601816152798e+00
5.684215712448211555e+00
4.419517077581187614e+00
4.054311450198230915e+00
4.686715293876945410e+00
5.559540578152443402e+00
5.560923548680655415e+00
3.953948127069677909e+00
8.664558663492147872e-01
-2.762172419377884935e+00
-5.720373448570953201e+00
-7.186864018216326144e+00
-7.102915854815297969e+00
-6.062940567654166557e+00
-4.855058098736276584e+00
-3.982640299813868356e+00
-3.455984690748966415e+00
-2.922899210451681995e+00
-1.985410502842432479e+00
-4.764195162786692972e-01
1.439129316656151847e+00
3.327079539626217830e+00
4.622280230831818493e+00
4.782923859604501615e+00
3.466484238935530815e+00
7.348123629273342061e-01
-2.785939897774788232e+00
-5.945100363898564666e+00
-7.423089927680804223e+00
-6.332489557724635176e+00
-2.771826350010695883e+00
2.034604175915356361e+00
6.196026791257161825e+00
8.040544285243028000e+00
6.952554860757181210e+00
3.670683316267253637e+00
-1.373856989188599054e-01
-2.765302692229180348e+00
-3.289654874110286897e+00
-1.867175853873648261e+00
5.782205913388005492e-01
2.974220615974658699e+00
4.585600756293252367e+00
5.120699648538382220e+00
4.554050016780919918e+00
2.963470440538515049e+00
5.867421260051044474e-01
-1.988684090949748073e+00
-3.805807357756525455e+00
-3.912171953846142358e+00
-2.008623431924863478e+00
1.078828624593105800e+00
3.568472646517989233e+00
3.612098907241318102e+00
4.425186254680615328e-01
-4.967647070683476329e+00
-1.025344724034356503e+01
-1.289281400237090303e+01
-1.159749764389335525e+01
-6.984907666770872936e+00
-1.113659301128997470e+00
3.780070601044631218e+00
6.488003785417840064e+00
7.205586928521000800e+00
6.933081043109304176e+00
6.461156663345650308e+00
5.762867161474067856e+00
4.245868637947031843e+00
1.606718231423834631e+00
-1.477179856442549344e+00
-3.484462044511275280e+00
-3.038984718107379912e+00
-6.769716715093554438e-02
3.780524873193732649e+00
5.903878738440250906e+00
4.317881959419276328e+00
-9.737629483153610321e-01
-7.746539875696183408e+00
-1.268394543211587333e+01
-1.320710076900899210e+01
-8.894476973946344955e+00
-1.658560435363555463e+00
5.358695078085670360e+00
9.443777183135587450e+00
9.546984078317205302e+00
6.492300119556950300e+00
2.236547003366204933e+00
-1.238089503927813695e+00
-2.759619719002689653e+00
-2.222863888900160845e+00
-3.629965473380116769e-01
1.670332181940668459e+00
2.731619249258382176e+00
2.049633321766498817e+00
-4.440338094064338881e-01
-3.927468427285926822e+00
-6.844991120796346529e+00
-7.522234078545530167e+00
-5.055761279486974402e+00
5.941925840629469491e-03
5.692513337479162772e+00
9.489021963477565436e+00
9.644011268917886071e+00
6.141187538044309946e+00
7.101746478535115870e-01
-4.161283055021331556e+00
-6.604170541026051389e+00
-6.272166647523549798e+00
-4.242285718300151665e+00
-2.069586618990105098e+00
-7.099095115282119117e-01
-5.764855697031467940e-02
6.527544872282098343e-01
1.982202043324498231e+00
3.677590399582884029e+00
4.798436663217282572e+00
4.464678380862672213e+00
2.619906435805097633e+00
1.910876390823564863e-01
-1.506914504560937118e+00
-1.689402959388361936e+00
-6.559524152341094094e-01
4.390296848999971635e-01
4.373371411051658608e-01
-9.688434520332979139e-01
-2.992627057043499406e+00
-4.279640900068615750e+00
-3.816554400385840484e+00
-1.583992985119352159e+00
1.463457085183594408e+00
4.011636650837544948e+00
5.124836781209053171e+00
4.621686399802035439e+00
2.935305808733139621e+00
6.956439516669399303e-01
-1.582322829347233339e+00
-3.504994663886121575e+00
-4.628434805614332070e+00
-4.413957333919508841e+00
-2.492854874649268471e+00
8.961458035892652108e-01
4.670757485920629115e+00
7.184051771589114566e+00
6.991823527891536827e+00
3.704807090018952920e+00
-1.608415771784474924e+00
-6.776353726521062271e+00
-9.505915353615487007e+00
-8.489349419794152141e+00
-4.063182004638314915e+00
1.907944209247229850e+00
6.852128436072804973e+00
8.622286113433405674e+00
6.437183806638495653e+00
1.238433497490994295e+00
-4.685908519041816156e+00
-8.677179755009483131e+00
-8.899595046746519245e+00
-5.232319629305388631e+00
6.000923719633286524e-01
5.817801445779139158e+00
7.989141804251689294e+00
6.339178748235833716e+00
2.198125496767169729e+00
-1.759892202734669509e+00
-3.122670077397891930e+00
-1.242490057192064290e+00
2.338954692512117628e+00
4.887887900201651981e+00
4.312773941123986710e+00
6.391935328683624462e-01
-3.902492501233330024e+00
-6.308414016053913720e+00
-4.838753579823872997e+00
-2.850774675568870098e-01
4.433066554793748892e+00
6.121030794895558458e+00
3.391130163268574194e+00
-2.416672112355370938e+00
-8.076673451169579465e+00
-1.048609098280207341e+01
-8.483683131033734171e+00
-3.321737393789023329e+00
2.377983346103850870e+00
6.316649282732505810e+00
7.651146084419069737e+00
6.917673434284464129e+00
5.075008611997429142e+00
2.619482694925958643e+00
-4.736660185708301274e-01
-4.043822725484297997e+00
-7.070085918507039047e+00
-7.849319606519006953e+00
-5.116933924769709208e+00
6.965719301286650289e-01
7.177422894365420802e+00
1.109461463279221505e+01
1.039171905463167889e+01
5.626485793582520323e+00
-2.660215433654680162e-01
-3.862440486877884105e+00
-3.542057828490085658e+00
-5.575568762697822311e-01
1.922859261020901434e+00
1.162216752902479167e+00
-3.079703721525929083e+00
-8.267805242977411595e+00
-1.083673457703285870e+01
-8.732614789939587396e+00
-2.934589028627354601e+00
3.139953525574086690e+00
5.932018934158614698e+00
4.120662754694913943e+00
-5.670441200327224207e-01
-4.628750806100617510e+00
-5.187841518084907122e+00
-1.831445515908998622e+00
3.318175510519544069e+00
7.200112071473458109e+00
7.840502667508651768e+00
5.395323248086345558e+00
1.642156287998068231e+00
-1.482054187778066634e+00
-3.096627449347716610e+00
-3.502027416084342093e+00
-3.331724076632197384e+00
-2.623522318847518520e+00
-6.933869864147439444e-01
3.049249377422795781e+00
8.056134772571448721e+00
1.233950666865697166e+01
1.335240807359758364e+01
9.565471963195568250e+00
1.665301010200812115e+00
-7.506948811567665913e+00
-1.432325166909578940e+01
-1.622298497050681831e+01
-1.294348299508298616e+01
-6.464397976463557960e+00
1.731924379276678083e-01
4.392836867731067407e+00
5.121772209769351214e+00
2.949362323518948781e+00
-4.454652786973021805e-01
-3.159165429232235311e+00
-3.827371077983413805e+00
-2.091315654244342959e+00
1.295689665644802036e+00
4.757452055342989539e+00
6.567481328463223633e+00
5.713246332038155906e+00
2.531051054306567849e+00
-1.347061717839032724e+00
-3.868912765177905388e+00
-3.834014312781681255e+00
-1.738563188492249889e+00
4.806633262584001365e-01
7.713181517835960843e-01
-1.484250353192173355e+00
-4.827218999670296995e+00
-6.580786550259206003e+00
-4.734265950099810105e+00
4.499156370488957002e-01
6.332393311057685992e+00
9.509009204811789573e+00
8.091877872709329012e+00
3.044716001449947473e+00
-2.438336729466306085e+00
-5.129258944991173408e+00
-3.983822403362621944e+00
-7.658372809116011926e-01
1.393263189246738865e+00
4.422697137908971898e-01
-2.964661754004034755e+00
-5.908331723113398048e+00
-5.415227240959913146e+00
-7.974794494351189478e-01
5.649981000855581748e+00
1.016029174972701909e+01
1.012565347915864677e+01
5.906558432888740384e+00
4.792654507213132131e-01
-2.801671810893351822e+00
-2.634520166234260774e+00
-5.661958225801085876e-01
4.256871716797153704e-01
-1.549832793588713731e+00
-5.640744599545077342e+00
-8.765268643613065791e+00
-7.941744908386750623e+00
-2.674296514076152320e+00
4.443608090929537013e+00
9.421315070468629926e+00
9.642747005840071495e+00
5.674773226191565101e+00
7.738131438357997993e-01
-1.539265048007915082e+00
-3.698204932923909727e-02
3.404572893969161296e+00
5.307856533158640033e+00
3.256757815388092503e+00
-2.264989922868504646e+00
-8.193276875669592840e+00
-1.107326835825302425e+01
-9.467819234322861988e+00
-4.830189751691867706e+00
-2.801787304243714694e-01
1.717263551188097370e+00
1.016050762301517585e+00
-3.836419579789753787e-01
-1.030708427806930061e-01
2.663988300211869831e+00
6.489475818716099020e+00
8.774817205381205909e+00
7.673777348919156971e+00
3.424044971471985832e+00
-1.838700921052285775e+00
-5.543583518322893866e+00
-6.289340939832881006e+00
-4.477160663244186267e+00
-1.692389812185370213e+00
5.072764492924105584e-01
1.426350703610344661e+00
1.198188102727174575e+00
1.880383862034384901e-01
-1.446219172424431765e+00
-3.597916041016992139e+00
-5.704882146744477467e+00
-6.571701065748825066e+00
-4.962126188396741355e+00
-6.672029991178312081e-01
4.834028916009547316e+00
8.874553302627475659e+00
9.172293399128534475e+00
5.464335380098337858e+00
-4.436604259072679524e-02
-3.928648628923444797e+00
-3.770179814142633923e+00
1.573213218972840943e-01
4.990017939189365315e+00
7.185543149437810584e+00
4.960244401681335624e+00
-4.546894146914078894e-01
-5.641600451027487750e+00
-7.341289473634405205e+00
-4.668737508680238513e+00
3.466367841856482501e-01
4.239863196833416836e+00
4.523136397710773693e+00
1.321770431863303674e+00
-2.870244208476278924e+00
-5.052307532246299360e+00
-3.813470026509113264e+00
-1.935241399180355204e-01
3.203441002553586436e+00
4.098396710414921706e+00
2.043725392126724660e+00
-1.452037070554058396e+00
-4.122313706743376827e+00
-4.492264847069481704e+00
-2.682117808199748765e+00
-3.396976465735557227e-02
1.979329837687529237e+00
2.672705966805558386e+00
2.291023960504110057e+00
1.464536209267730982e+00
5.782257919520823464e-01
-3.949775477136267532e-01
-1.547631139153105240e+00
-2.609742831188483603e+00
-2.920883606693666312e+00
-1.886938121891756026e+00
4.649196530862156895e-01
3.338825692098660092e+00
5.596895163642628290e+00
6.429145174650185091e+00
5.724731878940413132e+00
3.874134416595021335e+00
1.253732559145877890e+00
-2.054129064263503501e+00
-5.969431243668944731e+00
-9.795427604933248489e+00
-1.195214893390757993e+01
-1.059229664896412437e+01
-4.922467303821353113e+00
3.677432153303514806e+00
1.175448359083391381e+01
1.539474404660681905e+01
1.252347035328495828e+01
4.395529816633938047e+00
-4.865107140955705844e+00
-1.057221069290852355e+01
-1.022953556156812560e+01
-4.931283397916621958e+00
1.532017452574834904e+00
5.252103578928624117e+00
4.696071580673925716e+00
1.421970352627693002e+00
-1.395165227462259683e+00
-1.471846148465454807e+00
9.119375735733658006e-01
3.289663843477226735e+00
3.098210332688002833e+00
-1.458455502790937386e-01
-4.281093465798007536e+00
-6.035493916284055516e+00
-3.552500916399842890e+00
1.989389496870200613e+00
6.945110446735978549e+00
7.652502089957048170e+00
3.056537524474126855e+00
-4.376889485612801778e+00
-1.015872856540884150e+01
-1.068996569396545837e+01
-5.602090946810373673e+00
2.050575533082383828e+00
7.821119545209969104e+00
8.691087929002861756e+00
4.791068902417043418e+00
-1.013522918064399203e+00
-5.203106486902375316e+00
-5.819906174700774315e+00
-3.366928776397884349e+00
2.773342499517994497e-04
2.175687770282340949e+00
2.403411819725657761e+00
1.377358475228754431e+00
3.307755573807004135e-01
-1.775790608731897535e-03
2.494649842781411220e-01
5.098187725742009402e-01
4.196140427181490051e-01
8.528610644284539966e-02
-2.411551840344814956e-01
-6.271102476348678900e-01
-1.492271378215749733e+00
-3.065398459301523992e+00
-4.746585614907600892e+00
-5.088968375506548014e+00
-2.681011908249727682e+00
2.583172313831768374e+00
8.851371588250156464e+00
1.299766612079626960e+01
1.242143616284732843e+01
6.827066589463649748e+00
-1.299175081147435851e+00
-7.989819142347703185e+00
-1.011708278558008622e+01
-7.217668951641331709e+00
-1.605815750332124647e+00
3.265522891940835226e+00
5.026867219760340788e+00
3.667765811839244883e+00
1.078783887776732175e+00
-6.429508959204255358e-01
-7.646156743531361544e-01
-1.964398604433634232e-01
-3.813552616554334862e-01
-1.805832279020574527e+00
-3.421992976426263766e+00
-3.508237140229264028e+00
-1.291889637671956859e+00
2.030781868285208791e+00
3.845493377392996237e+00
1.999794428151265846e+00
-3.335136889223281109e+00
-9.294333213838408270e+00
-1.190976775170982549e+01
-8.701310945861708390e+00
-5.039646040975616081e-01
8.791146731247247104e+00
1.450142413651929552e+01
1.396452236112626366e+01
8.060929739538485350e+00
4.931292822385231478e-01
-4.624604522659181427e+00
-5.232746092579751540e+00
-2.284690368883727452e+00
1.264082201928734106e+00
2.576893509034657637e+00
6.835004377947304643e-01
-3.201171845101759672e+00
-6.766171788962779488e+00
-8.166128701373697396e+00
-6.973695187687940944e+00
-4.054018275459115195e+00
-7.163136328104169337e-01
2.091656876257492748e+00
4.012992923720361205e+00
4.989310149434820651e+00
4.920643140311666386e+00
3.683099365269568271e+00
1.472449018477338445e+00
-9.407972364281222966e-01
-2.433842765266054364e+00
-2.201378050391928021e+00
-3.930990283643056582e-01
1.836268929905492842e+00
3.019370112110197457e+00
2.383983236939980266e+00
4.483290519311200484e-01
-1.280396522302323703e+00
-1.353969046827467659e+00
5.355822117105620839e-01
3.220406177711128581e+00
4.749011735690995550e+00
3.673985691046536939e+00
7.659523944658075401e-02
-4.369371505486281393e+00
-7.358043119739001270e+00
-7.329100322869084749e+00
-4.394921640005568619e+00
-2.530734212068570521e-01
2.834727266123506340e+00
3.354795046277302184e+00
1.364337381335773092e+00
-1.621860792282745933e+00
-3.561674918446157356e+00
-3.063213026341916390e+00
-1.460587396279056094e-01
3.801888822373197030e+00
6.801092399243669817e+00
7.335785668038319329e+00
5.115566047877896594e+00
1.159623709971892458e+00
-2.798344134301122388e+00
-5.219228809027393723e+00
-5.462246661009633186e+00
-3.910867031950844286e+00
-1.514960165121348457e+00
8.916816040935564569e-01
3.013061204254885439e+00
4.976294475581878096e+00
6.820373226263443556e+00
8.055725626702070485e+00
7.741654177356631195e+00
5.138178734038127971e+00
4.935059846767511083e-01
-4.686142963277053930e+00
-8.253878944613079582e+00
-8.661914918076275782e+00
-6.022044519561448261e+00
-2.181698908446296770e+00
3.789712550199624275e-01
1.828244420132024706e-01
-2.185427082649587405e+00
-4.403613598706766830e+00
-4.003340665125016073e+00
-1.932255528127759803e-01
5.362741102249747982e+00
9.431631003634667110e+00
9.247953244919653315e+00
4.362622201363174135e+00
-2.946577804889352503e+00
-8.998248872945520560e+00
-1.089570690780634443e+01
-8.153380820015527775e+00
-2.759712397402031225e+00
2.241878683944801054e+00
4.612958502865916799e+00
4.002455416716353298e+00
1.700082493458895172e+00
-5.269288110725898200e-01
-1.560239672334888139e+00
-1.289799791893615932e+00
-1.980251015038236861e-01
1.243051768680076163e+00
2.766843596675323091e+00
4.027126396040479506e+00
4.303611547269618143e+00
2.723328419557761393e+00
-9.797513298349980193e-01
-5.763174342936025596e+00
-9.382123556006268572e+00
-9.523849836302158423e+00
-5.347316783074943736e+00
1.668252205691217904e+00
8.315110910257791588e+00
1.145290252207855453e+01
9.865618911559089099e+00
4.918703174580010717e+00
-4.349831411358264788e-01
-3.588488070316222522e+00
-3.791670121634064916e+00
-2.234976717899240573e+00
-7.930475239189270775e-01
-5.019713601610583664e-01
-9.681664821936545318e-01
-1.087014591213322001e+00
-3.507105518769273456e-01
4.628376544454312347e-01
-1.000168512466307891e-01
-2.708138020788045885e+00
-6.190252359311037900e+00
-7.932447839038694326e+00
-5.657698761393328724e+00
6.569764241920139636e-01
8.246014922307557171e+00
1.301035259064646965e+01
1.210089208623849899e+01
5.852498017553475762e+00
-2.340711520400827084e+00
-8.184876531649051046e+00
-9.198053500138730243e+00
-6.092846455486617074e+00
-1.919330150871277674e+00
3.165295745799763250e-01
-2.311640190016794882e-01
-1.920850917671003355e+00
-2.218773606718623004e+00
9.869785206289982682e-02
3.868545889488939515e+00
6.411558435603953221e+00
5.647439708224083255e+00
1.791356841429375901e+00
-2.699075386767035845e+00
-4.899698289380337357e+00
-3.561135633858329985e+00
2.159541119791374975e-02
3.066269700471451198e+00
3.458880175616259489e+00
1.336810859635421123e+00
-1.122958849487094568e+00
-1.539024487602930202e+00
6.574326962220503612e-01
3.630983731261907543e+00
4.503871377494901296e+00
1.685762476838905455e+00
-3.613241972626021425e+00
-7.930709450647182024e+00
-7.901101429679763477e+00
-2.778162072475027777e+00
4.713893992591483340e+00
9.925616552667804626e+00
9.276331465242918739e+00
2.704532418667857652e+00
-6.097540878399873243e+00
-1.187351616489287842e+01
-1.102397785670709141e+01
-3.805165345244462038e+00
5.857209160512896418e+00
1.275836078484497449e+01
1.346709481544053943e+01
8.174310525241894609e+00
3.175963770266545527e-01
-5.634026248655736424e+00
-6.795831425083905586e+00
-3.339729751497725108e+00
1.911728710482448967e+00
5.358239804099066639e+00
4.765625658630005645e+00
4.590829511572103172e-01
-5.008338817768481555e+00
-8.405751087361837293e+00
-7.668526575567614856e+00
-3.038045251793629387e+00
3.064098740766044937e+00
7.312897689695439851e+00
7.224442752021907665e+00
2.479142206028521311e+00
-4.836571819570619546e+00
-1.119215482588600175e+01
-1.331242504161949469e+01
-9.789376790313919940e+00
-1.822700190786406438e+00
7.272939329655085494e+00
1.356213734815960237e+01
1.427978967586258108e+01
9.088389679400576071e+00
2.382875870816540953e-01
-8.419552256315151695e+00
-1.311107099372145512e+01
-1.176909448545433357e+01
-4.922059160421329516e+00
4.528075454836676172e+00
1.254608638217347405e+01
1.570513015414477209e+01
1.268608551633772485e+01
4.863292608486006863e+00
-4.320018773442457771e+00
-1.093502389702593902e+01
-1.237850183185672037e+01
-8.530267371065155757e+00
-1.677755835280839047e+00
4.735837997939201571e+00
7.853988750227086868e+00
6.702704364876234777e+00
2.393958172582273836e+00
-2.748632755770658243e+00
-6.514478986573468688e+00
-7.775793947014539853e+00
-6.642893643791516922e+00
-3.941233122512660003e+00
-5.565032566818732818e-01
2.857014721056498452e+00
5.734088248376749242e+00
7.374189496499668373e+00
7.048704950162989924e+00
4.502790063123146780e+00
4.583356444972279675e-01
-3.421847482705230981e+00
-5.307289821868938162e+00
-4.312099352318076839e+00
-1.174039642937166672e+00
2.074988111423258896e+00
3.341300888516962608e+00
1.820269176421446256e+00
-1.466277614838837229e+00
-4.342718250745686959e+00
-4.909220818733986746e+00
-2.737984755918710267e+00
9.698852806362603385e-01
4.301746725139684813e+00
5.887403595294755654e+00
5.565867025452734040e+00
4.070040091155654238e+00
2.142975017705822882e+00
-7.016282832531328673e-02
-2.808849144936756304e+00
-5.896312737967453366e+00
-8.184244451387328922e+00
-7.957254573393437447e+00
-4.213574463557959504e+00
2.113564518111505475e+00
8.104215109043110488e+00
1.033587786020914123e+01
7.096842782548069550e+00
-1.893127135464540700e-01
-7.480792990928913255e+00
-1.045318461606737159e+01
-7.220977683529673286e+00
3.666332315078161264e-01
7.785197089971560125e+00
1.061299459372881060e+01
7.229792818730980564e+00
-2.996702439674594487e-01
-7.657087258020160547e+00
-1.098173338515319486e+01
-9.057719416871098161e+00
-3.659293865510207411e+00
1.938561493788053092e+00
5.088312435367370767e+00
5.094869866440173922e+00
3.060328947176483627e+00
6.863951331542271772e-01
-9.057650700129438182e-01
-1.533809038147851744e+00
-1.497278361496443999e+00
-9.659742246783644681e-01
1.387872907021776014e-01
1.715901027523470290e+00
3.057309850323014278e+00
3.027337789540414104e+00
9.019117992015379670e-01
-2.761038551279646036e+00
-6.042708408419037447e+00
-6.674741310389883608e+00
-3.570557660128359956e+00
2.211618643001255435e+00
7.869445678753907103e+00
1.047533172987809458e+01
8.765780280507378563e+00
3.881000422157929286e+00
-1.451189540211641926e+00
-4.703087080609060777e+00
-5.056093381476800097e+00
-3.622965038737012033e+00
-2.332758063843559437e+00
-2.381264269116289078e+00
-3.402181239544253000e+00
-3.911032047157817715e+00
-2.600485159073505415e+00
5.390283992288980031e-01
4.107634273312662287e+00
6.228692930303656894e+00
5.789342612018756107e+00
3.083072835118966015e+00
-5.342113969312395350e-01
-3.602556773914559862e+00
-5.354212852020886260e+00
-5.805800955916179618e+00
-5.241648502234403928e+00
-3.681342795035335236e+00
-8.810103360347660839e-01
3.110894147558386891e+00
7.379384970336732685e+00
1.019108718662630508e+01
9.845625327438987995e+00
5.837223300195827136e+00
-5.152955267918902793e-01
-6.531907563965487107e+00
-9.555921161391651708e+00
-8.426691588324679572e+00
-4.105810149440561219e+00
9.381192554618423829e-01
4.177110782029872738e+00
4.383346252589793046e+00
2.094876199085887958e+00
-9.907499983929199949e-01
-3.187707227992980119e+00
-3.764388208260553981e+00
-3.120941791370787310e+00
-2.230976254913541013e+00
-1.837336464754660614e+00
-1.962089139447538599e+00
-1.988623678074158185e+00
-1.163130669283187979e+00
8.675309980876275695e-01
3.803882605670213746e+00
6.808076074915018872e+00
8.847375256169483393e+00
9.069917959683085229e+00
7.091647409336352403e+00
3.165533331120942151e+00
-1.779211953189771211e+00
-6.283186986986104117e+00
-8.749814549075221493e+00
-8.044915242580497505e+00
-4.088516742586387309e+00
1.887260428328360273e+00
7.661689342595043861e+00
1.089932742509918384e+01
1.020847479026525662e+01
5.842288069108241721e+00
-3.727103463919407833e-01
-5.902382905630788379e+00
-8.738165460243763505e+00
-8.336274705880024172e+00
-5.741138346577647766e+00
-2.828178614137708546e+00
-1.119378457666028837e+00
-8.921722437724062260e-01
-1.137605253176532383e+00
-4.021584422767570111e-01
2.025289835579364262e+00
5.380271722308465066e+00
7.695767771840545279e+00
6.999389230425723696e+00
2.715987083904201516e+00
-3.656924463216252974e+00
-9.141749903750415740e+00
-1.089198403011353022e+01
-7.879324968668585782e+00
-1.590852122964260928e+00
4.757904291679862396e+00
8.058728997332739397e+00
7.074376287443256750e+00
3.036083300684139452e+00
-1.274348410126418862e+00
-3.328365164704034651e+00
-2.353779911922711854e+00
4.078780222936086997e-01
2.766037982399762285e+00
3.154171321990064669e+00
1.602833204785916621e+00
-5.070545648394217952e-01
-1.629530466451884152e+00
-1.241823096852129771e+00
-1.555034725518140426e-01
2.301100753787643782e-01
-8.907450846944160450e-01
-3.042432019872496340e+00
-4.793574839020440237e+00
-4.823614763778811820e+00
-2.894769650519658288e+00
1.189158062211848055e-02
2.471335556366478059e+00
3.663965533885106929e+00
3.863273944628403456e+00
3.991144060501362834e+00
4.631958076387197920e+00
5.349496806226277101e+00
4.926806118502004672e+00
2.409990325694106428e+00
-1.845352731067615437e+00
-6.007374257972785792e+00
-7.750593581713886238e+00
-5.791973033472580745e+00
-9.136895063366134995e-01
4.302016324506451106e+00
6.935776867378193877e+00
5.475387080822740060e+00
7.211067451080315216e-01
-4.714041351234445010e+00
-7.959960045069873757e+00
-7.506151708298092196e+00
-3.917618381053823207e+00
6.770340379599879554e-01
3.886535842925350259e+00
4.313533639879219450e+00
2.099977263527094351e+00
-1.382497641887373119e+00
-4.356362976804122766e+00
-5.469863624499270216e+00
-4.284809004006770117e+00
-1.336124718809460710e+00
2.145622628690721623e+00
4.719869441326808968e+00
5.306688870598533114e+00
3.677478863824578337e+00
6.411170836683262042e-01
-2.254349569230793104e+00
-3.464241989354330808e+00
-2.293605544825119136e+00
6.489639022801908519e-01
3.724537249763146818e+00
5.167832432897888850e+00
4.101448143554306647e+00
1.034008235777462037e+00
-2.468006202614556610e+00
-4.710915419695843376e+00
-4.804293614983838445e+00
-3.029035271169502330e+00
-4.955245839058270985e-01
1.583618819913216846e+00
2.492630441438900224e+00
2.166456636466322916e+00
9.647282889185297972e-01
-6.237464138429100746e-01
-2.103545679105422117e+00
-2.951854530869892024e+00
-2.676312277453996025e+00
-1.088204431728831967e+00
1.362360816414016851e+00
3.549438030179698167e+00
4.169204860793140455e+00
2.591144276373085642e+00
-5.080867894679579333e-01
-3.294248348999003539e+00
-3.792098937166582306e+00
-1.199855306888258033e+00
3.393180043190700435e+00
7.476445758654025830e+00
8.587411803635824015e+00
5.873376534995011333e+00
7.108697480530259405e-01
-4.063205692311970374e+00
-5.840116629170807983e+00
-3.773865146995183828e+00
7.902026017387626666e-01
5.197226432078055680e+00
7.041780322072973775e+00
5.412742140351763709e+00
1.151044341381424641e+00
-3.849314510579074256e+00
-7.703430849969588046e+00
-9.299947081641860791e+00
-8.481820772298894084e+00
-5.807696394994087186e+00
-2.231514438896946118e+00
1.124373981134534795e+00
3.183796521214272701e+00
3.259009569422069763e+00
1.456679729959188263e+00
-1.161744832270056538e+00
-2.964108330707095007e+00
-2.626676700680850907e+00
-1.759547191229138274e-02
3.552482202173105730e+00
6.004688452663879517e+00
5.743889434660754745e+00
2.679975627122018533e+00
-1.689470369557490415e+00
-5.210492338974029636e+00
-6.378718367031900982e+00
-5.122377076399842188e+00
-2.568259664020770217e+00
-5.948596023109242736e-02
1.769393898627678041e+00
3.157564322101876986e+00
4.575370610575199670e+00
5.904509813661056761e+00
6.223364114340991904e+00
4.472552433118348603e+00
5.101422455381610099e-01
-4.334426831734993435e+00
-7.784332367294715560e+00
-7.979139056390874174e+00
-4.749860986535954233e+00
1.372453421213636338e-01
4.006731449972455117e+00
4.899800048485689175e+00
2.697308251115127842e+00
-9.934579374714939126e-01
-4.030238603462234614e+00
-5.103248503654302937e+00
-4.324551780566965320e+00
-2.734819241370327614e+00
-1.252566792624335790e+00
3.757170238106954940e-02
1.709757884916132564e+00
4.151662985046645105e+00
6.827359263287326563e+00
8.343626296612375981e+00
7.361111541897777499e+00
3.689029634598939289e+00
-1.295062467279344709e+00
-5.293048301343507234e+00
-6.418453328582557127e+00
-4.326830605075000946e+00
-3.937197142581010390e-01
3.151893412933299388e+00
4.538811621552888198e+00
3.368114135360665617e+00
6.259287971728677569e-01
-2.084484276940619996e+00
-3.510715890835848008e+00
-3.324544467504313872e+00
-2.066783007196328015e+00
-6.520661389681072784e-01
1.827186558915711023e-01
1.955834200531573752e-01
-3.441818424232956919e-01
-8.489343498725241410e-01
-7.020349088155900530e-01
4.320404078833594563e-01
2.359430215327539049e+00
4.304011389773726215e+00
5.173955730651316642e+00
4.118388626689513998e+00
1.109193278518841863e+00
-2.842049203665486967e+00
-6.073725167449700812e+00
-7.129942559479149011e+00
-5.582839067046436732e+00
-2.278451195887074121e+00
1.183232237184067559e+00
3.401071204873850728e+00
3.920458534511083393e+00
3.293985793656634353e+00
2.484118550481259291e+00
2.112575411475612341e+00
2.130812203299639496e+00
2.100541585118324228e+00
1.753990700375016365e+00
1.285653594961333024e+00
1.097219877965239787e+00
1.246143078368978863e+00
1.170271164166438282e+00
6.535194116987708135e-02
-2.293972765327894514e+00
-4.986158930110845766e+00
-6.254266648169256371e+00
-4.672522179665689279e+00
-3.899124427204178067e-01
4.553896976219635739e+00
7.277425226982306761e+00
5.902481326788807436e+00
9.362164149218643594e-01
-4.865509234037091346e+00
-8.183002616368861837e+00
-7.266018509263162173e+00
-3.033056537400363073e+00
1.651271047623571464e+00
4.009676362906804847e+00
3.231599534808398566e+00
8.466371116536473007e-01
-6.440329307220956645e-01
1.836841318594274464e-01
2.517613850406209330e+00
3.936750807293964982e+00
2.366000792324209900e+00
-2.124686165750594213e+00
-7.075736745055889010e+00
-9.207987166298938320e+00
-6.716861390805684451e+00
-6.408897696396986809e-01
5.699264916362649203e+00
8.821144614077928381e+00
7.292889553852708318e+00
2.534212121760076375e+00
-2.276491923844730980e+00
-4.356424785132780642e+00
-3.032446984326360617e+00
7.987455664773063235e-02
2.402981365997276519e+00
2.197317184024533354e+00
-3.983432932848974817e-01
-3.663858084472058962e+00
-5.551070420238277237e+00
-4.949154194263337914e+00
-2.176244560236586523e+00
1.437430884904619344e+00
4.407029939241993155e+00
5.776761735548404886e+00
5.320867603831451298e+00
3.372108289477445897e+00
5.730846698732323663e-01
-2.279107501579974215e+00
-4.351744267971347391e+00
-4.987145633137972212e+00
-3.987844492217523573e+00
-1.774286592503436122e+00
7.828942918412844509e-01
2.818606714656687107e+00
3.912843174682164360e+00
4.176130818855538607e+00
3.916501057644440564e+00
3.192945215733162811e+00
1.694136913975480052e+00
-8.773552401827573455e-01
-4.202960601698647380e+00
-7.094927995802824405e+00
-7.967590467074434635e+00
-5.843597774782757881e+00
-1.201910471214234111e+00
4.031122257025240074e+00
7.483923219312320185e+00
7.732555686605602219e+00
5.137078921453189118e+00
1.524073674511619902e+00
-1.066466807291762908e+00
-1.675962657900125663e+00
-8.538528239879371595e-01
2.835313903574576688e-02
-2.042959044169684324e-02
-8.545560954478486071e-01
-1.455257856717953935e+00
-9.535353906775828614e-01
4.652169288960280591e-01
1.559543925430751710e+00
9.857773925415489469e-01
-1.529888360349487941e+00
-4.752635765604077633e+00
-6.642751949249857013e+00
-5.730492697858168505e+00
-2.161138693031875668e+00
2.354440748290506757e+00
5.632757963623992836e+00
6.345186488412833725e+00
4.650608916980460528e+00
1.787795958354395420e+00
-9.183851372845350802e-01
-2.807484813321647454e+00
-3.881958412686813631e+00
-4.253394876085822673e+00
-3.711014352460506149e+00
-1.918547701384839321e+00
9.137205913732289186e-01
3.592320012859492984e+00
4.372323630948325324e+00
2.174815321346566854e+00
-2.277563829155590636e+00
-6.433193671559832794e+00
-7.312017878985278330e+00
-3.548844842763775986e+00
3.356038230443266990e+00
9.629016039991235232e+00
1.146991193671940579e+01
7.538729853945410397e+00
-2.329707590331620004e-02
-6.821098671681525616e+00
-8.938102593881167124e+00
-5.378802908811848305e+00
1.389080710291786369e+00
7.106452656203255280e+00
8.433115198504632204e+00
4.885646092130691898e+00
-1.177668371853730189e+00
-6.313580140913858330e+00
-8.149274493806858644e+00
-6.496059544253365736e+00
-2.893795274257124905e+00
7.756119291028318319e-01
3.428414780659314154e+00
4.916788787214056988e+00
5.357543163035840550e+00
4.510306351920512213e+00
1.914213269496197523e+00
-2.304505321612921875e+00
-6.775237235895501087e+00
-9.206963312658871246e+00
-7.750096505337446651e+00
-2.502409176661030799e+00
4.060234080269211177e+00
8.302289683355084549e+00
7.670581575186908196e+00
2.474281039803077675e+00
-4.107439812466457063e+00
-7.939862385155240787e+00
-6.569907797907506897e+00
-8.243386573979787357e-01
5.731596142987152476e+00
9.128475952396817306e+00
7.550187034055470647e+00
2.405632187052935578e+00
-2.756159939003909098e+00
-4.680230669227913864e+00
-2.499155880067954527e+00
1.895949558042990368e+00
5.344358725776316987e+00
5.624370617098445990e+00
2.822519479573903922e+00
-1.004503975600371968e+00
-3.485189184630743231e+00
-3.612690199386069612e+00
