2.143909816754667741e+00
-1.311347153984392389e+00
-2.442821330208542641e+00
-9.212152924012886324e-01
1.494348415929250828e+00
2.581028114770652415e+00
1.430072466671137521e+00
-9.416522421678243937e-01
-2.482010211797081034e+00
-1.700062720037026631e+00
1.263314724414247081e+00
4.811000038846993121e+00
7.046290690965170356e+00
6.968532141658658752e+00
4.869962908361925358e+00
1.813496489124619693e+00
-1.221695548373787910e+00
-3.796530974352182675e+00
-5.811858171579976862e+00
-7.025630545499543800e+00
-6.896532560255590028e+00
-5.010086602764085129e+00
-1.727733425135057566e+00
1.617848580446870965e+00
3.360154687257750794e+00
2.642992074593298213e+00
2.134770364996503300e-01
-1.868652673689132682e+00
-1.578847297026576557e+00
1.538554145479582802e+00
5.785205062597500003e+00
8.225497979481572131e+00
6.605309835717588562e+00
1.004282898166526383e+00
-5.946722313774063906e+00
-1.051539204768413605e+01
-1.008860536896220239e+01
-4.739335837494659032e+00
2.844117287540587125e+00
8.960410221789263829e+00
1.095104934956552256e+01
8.434325490811584558e+00
3.099271761364382094e+00
-2.567655149430306594e+00
-6.641185438217720893e+00
-8.369273411209380953e+00
-7.907771310843388690e+00
-5.706441577404863352e+00
-2.195305159112411975e+00
2.024571905524879867e+00
5.857838715757223369e+00
7.819680884379781816e+00
6.757327109985001634e+00
2.758629138023124927e+00
-2.504187722066430588e+00
-6.452607670531466333e+00
-7.024586679027320812e+00
-3.947956761032646256e+00
1.025451468221341811e+00
5.144320494201750193e+00
6.292884683402684587e+00
4.162857662193027330e+00
2.261770508586453676e-01
-3.374660436606637504e+00
-5.167324147289312108e+00
-4.991505671486648588e+00
-3.621334892804738637e+00
-1.851001430923371327e+00
1.091541311407163706e-01
2.427605308257783978e+00
4.901530092589711174e+00
6.462682896595497439e+00
5.584492859081438887e+00
1.475631587457773453e+00
-4.821047058067281732e+00
-1.042869018512502599e+01
-1.204106843614710876e+01
-7.981626031389902565e+00
4.540395845826963317e-01
9.407987276172855573e+00
1.453086136027473607e+01
1.347157120050760781e+01
7.195950153149185624e+00
-7.180328547880443502e-01
-6.327501003803472912e+00
-7.625506224944343714e+00
-5.422290444765620165e+00
-2.347473893710981141e+00
-7.991805703633075852e-01
-1.322712023552536031e+00
-2.497746274822597812e+00
-2.281061258354283972e+00
2.749550785573057210e-01
4.207699275814096751e+00
7.288542231619459244e+00
7.599202181271961898e+00
4.869663310713513660e+00
6.374463961256242595e-01
-2.823646238344688086e+00
-3.988247834160993044e+00
-2.931661759175120618e+00
-1.032606693994076563e+00
1.413567866251420613e-01
-1.001166876519775095e-01
-1.281402899275211560e+00
-2.334523616135713020e+00
-2.490313691707232380e+00
-1.787541430276763599e+00
-8.833909523045342382e-01
-4.213287073379163861e-01
-5.166417384853227990e-01
-7.499737743897976205e-01
-6.000040166986660983e-01
1.039266910387617870e-01
1.093582543081344394e+00
1.963933598348119425e+00
2.538952922699232673e+00
2.936892201914893974e+00
3.274908138869399910e+00
3.322789941763091726e+00
2.509778588750029016e+00
3.967180631381821421e-01
-2.723251314153913860e+00
-5.647673121603048685e+00
-6.817342783059835654e+00
-5.340419908722441100e+00
-1.779068439062180929e+00
1.959397302482620118e+00
3.704617541842078143e+00
2.436256165753389435e+00
-9.373306883549834545e-01
-4.044780756067915206e+00
-4.543460900951657777e+00
-1.686781813818454712e+00
3.088699134418594117e+00
6.987640270076706628e+00
7.582402552416906971e+00
4.322607837583372969e+00
-1.146306978870243576e+00
-6.030216372816482817e+00
-8.073384907934151755e+00
-6.773869070292829697e+00
-3.391476653684707188e+00
1.351226718687470463e-01
2.521765974332333293e+00
3.780805944304271637e+00
4.792380162929619658e+00
6.227550409728488390e+00
7.709469783726503600e+00
7.902143284262275635e+00
5.512513192837082521e+00
4.894869323227850622e-01
-5.494117311480640531e+00
-9.736163752657136072e+00
-1.003360781017589076e+01
-6.096968841417680807e+00
8.918798527974192147e-02
5.268956964078291172e+00
6.734953122158010785e+00
3.886044650699508551e+00
-1.424677996752190978e+00
-5.978300393998303264e+00
-7.073926169135663855e+00
-4.085702184707585616e+00
1.229782584841196513e+00
5.840051015563186176e+00
7.266397454767236752e+00
5.015737520843280173e+00
7.527278679089377533e-01
-2.859161594240478443e+00
-3.885047422996716016e+00
-2.298255999877911293e+00
1.454217025053231027e-01
1.241358586605024072e+00
-2.772909093814672488e-02
-2.684515370017789504e+00
-4.379804996982049836e+00
-3.080631257114736510e+00
1.309165649637268558e+00
6.561292418342034694e+00
9.359408570591043031e+00
7.447522105447231588e+00
1.284970164674989590e+00
-5.971589349222542253e+00
-1.028281666031687891e+01
-9.244878015772499680e+00
-3.667568734054468926e+00
2.893272937455594551e+00
6.429998372987936861e+00
5.136067125667054256e+00
6.366860694405896970e-01
-3.097758659667163350e+00
-2.512082113080877921e+00
2.913794632205190638e+00
9.989828593798829814e+00
1.365816106539172381e+01
1.025797919560640992e+01
1.216085370406916333e-01
-1.223127576614204948e+01
-2.052889214625544767e+01
-2.035924813731191918e+01
-1.174499288442382294e+01
8.838231054763210359e-01
1.125859083066150923e+01
1.477572837641992898e+01
1.083498649083268539e+01
2.734502218967408194e+00
-4.605835179285907799e+00
-7.556503766251990051e+00
-5.569490270173495183e+00
-9.555057506791908573e-01
2.942368241386741801e+00
3.876015439070346513e+00
1.830960501449085953e+00
-1.329054618568936474e+00
-3.255960043481587185e+00
-2.567919083793252621e+00
4.771818759032265822e-01
4.316585185535565472e+00
7.052936138355398121e+00
7.432601186021289941e+00
5.352674852120210325e+00
1.766907577359927650e+00
-1.840779353782102667e+00
-4.125688841701507847e+00
-4.430888305022242513e+00
-3.032212433997141687e+00
-9.892096756243997646e-01
3.665924699627053363e-01
1.135756566815513957e-01
-1.734239941280941055e+00
-4.172037310034807156e+00
-5.715205105365500415e+00
-5.235526911375369963e+00
-2.642329514656929224e+00
1.021010125259092405e+00
4.147098347992557166e+00
5.453804087746026319e+00
4.634452928113971026e+00
2.379199901299537956e+00
-1.847820113708219247e-01
-2.194956171235205034e+00
-3.398530765525673125e+00
-3.955511949118654336e+00
-3.954644833763309109e+00
-3.120826588919018540e+00
-1.021169562199236047e+00
2.359065848553133726e+00
6.156208350784861061e+00
8.753566262275098708e+00
8.561919521303888558e+00
5.024004951496319649e+00
-8.167494770175267593e-01
-6.618699858215868481e+00
-9.817874958109495509e+00
-8.897885112915485450e+00
-4.159056267933356033e+00
2.404846672958552034e+00
8.015591702791077466e+00
1.032174166852694697e+01
8.359917458602961204e+00
2.912659277991666684e+00
-3.805041995634283580e+00
-8.980873876862272454e+00
-1.029211768675325978e+01
-6.899729253054976752e+00
3.889663059505399367e-02
7.659992888473194483e+00
1.253456368885124306e+01
1.226710321680744009e+01
6.782585522971377401e+00
-1.470224502176552983e+00
-8.668978650116969220e+00
-1.160267231022517365e+01
-9.388144900564149964e+00
-3.877200923215961659e+00
1.531343541838366296e+00
3.957754434920047526e+00
2.688702326632806283e+00
-6.233642010340005868e-01
-3.273063718984253967e+00
-3.382563728055391739e+00
-1.057125527316365776e+00
1.919404509240711265e+00
3.526862228673662614e+00
2.977039049092677470e+00
1.141691016899598621e+00
-3.002255305428833676e-01
-2.644812034514911758e-01
9.035272848701815240e-01
1.795892620425357800e+00
1.185161409837497182e+00
-8.740077511098012231e-01
-2.987198445605783625e+00
-3.481658049999354798e+00
-1.767984000412369694e+00
1.077399043366769504e+00
3.007002972933080720e+00
2.492721252199254778e+00
-2.940344995557658825e-01
-3.507007904062911408e+00
-4.862008612990996070e+00
-3.203907752780682294e+00
7.055008990839024552e-01
4.701220148758920914e+00
6.615236771588429932e+00
5.564684655914014400e+00
2.302621207600858533e+00
-1.453955399790288761e+00
-4.097947413879275302e+00
-4.835547937509186767e+00
-3.692207968544666929e+00
-1.103167829301245906e+00
2.378346732162223365e+00
6.000532736804958134e+00
8.608688605615757439e+00
8.796463985683146802e+00
5.604303173220041678e+00
-6.161284386156744564e-01
-7.888972047221319173e+00
-1.331116989905656212e+01
-1.450030289181063736e+01
-1.091019556208329178e+01
-4.127981531171006857e+00
3.060693658092385583e+00
8.193524781390829403e+00
1.021405084548771569e+01
9.482627670829598898e+00
6.936505013515234630e+00
3.242429881702572736e+00
-1.323953370415854813e+00
-6.275017540234076208e+00
-1.031667587066597136e+01
-1.156777537572058989e+01
-8.706984728916872029e+00
-2.256990223910090521e+00
5.117434466757740275e+00
9.820611929474511115e+00
9.431254769568051088e+00
4.292990475076926771e+00
-2.590781482870731622e+00
-7.384052965090600829e+00
-7.751603821584097886e+00
-4.104972927608315558e+00
1.032475720473054803e+00
4.951852855105871143e+00
6.480235182301855801e+00
6.266258504057964807e+00
5.609152302670168844e+00
4.986599095782369595e+00
3.623958243511398614e+00
4.922240565642850285e-01
-4.184568025413577530e+00
-8.380837885811430965e+00
-9.422926722996363580e+00
-6.123586184635997576e+00
-1.738968525579513980e-01
4.566489502377123699e+00
4.670937496211741369e+00
-1.663601740734244050e-01
-6.477665157159955278e+00
-9.175578839791915797e+00
-5.185427381773598299e+00
4.038275189965805367e+00
1.308975622710781472e+01
1.610203339305862613e+01
1.080355082637469266e+01
2.554854009890736855e-01
-9.058641396653495548e+00
-1.154085728189638616e+01
-6.200852769304675327e+00
2.798859687163423260e+00
9.115902909375694918e+00
8.581536941031291832e+00
1.880018977412774461e+00
-6.223632027284406121e+00
-1.038845959562126353e+01
-8.336407166761762966e+00
-2.091192625935357263e+00
3.848453741253133220e+00
5.845047689990506612e+00
3.471340407970321174e+00
-6.834711895833087691e-01
-3.309587198826274168e+00
-2.841333695506319312e+00
-2.457900284068217367e-01
2.233475735723815969e+00
3.122803422061195100e+00
2.802437531122597747e+00
2.818156404651122049e+00
4.151650493269018583e+00
6.040620231667670481e+00
6.437435541926154414e+00
3.776107960468412905e+00
-1.433819377619583113e+00
-6.595667247860355076e+00
-8.753532564059069543e+00
-6.787909491237383186e+00
-2.356725402934551461e+00
1.227607302522728983e+00
1.412605493157572667e+00
-1.683029868508411298e+00
-5.316756991159742540e+00
-6.131278631622660846e+00
-2.663919272901174917e+00
3.479674868894143458e+00
8.641135759643212566e+00
9.579980331913585445e+00
5.648716539136886539e+00
-8.099386857141773755e-01
-6.030044522305566090e+00
-7.198937849544878809e+00
-4.046869696614404432e+00
1.265887056932776478e+00
5.670703411552407758e+00
6.985498490521683479e+00
4.888791668992900519e+00
7.163420285027670698e-01
-3.489224510915752031e+00
-5.959688210060657632e+00
-5.769506527432696430e+00
-2.993289853848437154e+00
1.347337708343571361e+00
5.484365781559151998e+00
7.386226406282917267e+00
5.593947076095438398e+00
1.317225273422579779e-01
-7.098592134116358920e+00
-1.292214937203031511e+01
-1.439409996906704237e+01
-1.042053542158147472e+01
-2.486498389289585553e+00
6.044146240180641172e+00
1.168886013162729043e+01
1.260227047138482881e+01
9.284638411150831772e+00
3.924573283231690191e+00
-1.047117633685038296e+00
-4.190371028181667512e+00
-5.378956131128029838e+00
-5.255793955797802397e+00
-4.443527565293178050e+00
-3.149922305621488672e+00
-1.337641587177540003e+00
8.769835835145114444e-01
3.051703418865105544e+00
4.622452719032983381e+00
5.238219243007648629e+00
4.879085973927372422e+00
3.677325481807796059e+00
1.707126183633915772e+00
-9.403047043871860522e-01
-3.807760145047448752e+00
-5.857846669928770567e+00
-5.834665258438437085e+00
-3.175822362942159138e+00
1.165573879350692899e+00
4.811509248080330536e+00
5.237394141417957449e+00
1.555420945082758521e+00
-4.488704503106413668e+00
-9.255781075175466555e+00
-9.453868485266486488e+00
-4.444725850282006618e+00
3.067714161490977087e+00
8.630208943032963376e+00
8.946992834456612087e+00
4.096562129233309868e+00
-2.546509735190675361e+00
-6.669923363054399701e+00
-5.978905958668230269e+00
-1.614930198319628030e+00
2.950260014934943609e+00
4.636151701581116669e+00
2.979388886071033138e+00
1.827120374737418174e-01
-9.569872660324948432e-01
5.009279710649489070e-01
2.847765364634364804e+00
3.270105948448395861e+00
4.711183781586437691e-01
-3.853474477401359177e+00
-6.063926507210885219e+00
-3.491860820384523834e+00
3.058002561273651665e+00
9.359215035106593916e+00
1.060936222776622095e+01
5.078182436257334231e+00
-4.236115405414593305e+00
-1.138633215703023360e+01
-1.157589399489243931e+01
-4.629442476988897326e+00
4.770576710408136023e+00
1.034665608639341627e+01
8.646246702461162670e+00
1.382720754026084631e+00
-6.007756381767027420e+00
-8.471784310320677136e+00
-4.998832224267340862e+00
9.019302241744918680e-01
4.194184515667092938e+00
2.400059761163024330e+00
-2.427955766185571740e+00
-5.407984800403580650e+00
-2.893553677273730251e+00
4.289272653770212607e+00
1.105396292416887505e+01
1.171912721327348272e+01
4.447689037210660778e+00
-6.918412662284017856e+00
-1.515443035966093177e+01
-1.456543451752570562e+01
-5.032537700306793482e+00
7.720356048535943039e+00
1.586427849594497097e+01
1.460007750832154194e+01
5.153988015221667496e+00
-6.311442557935054154e+00
-1.292700999493063208e+01
-1.146055220159053611e+01
-3.896000639955699896e+00
4.505476123634680974e+00
8.959249548113486838e+00
7.993547873762379297e+00
3.621998152765574019e+00
-8.053992792977822113e-01
-3.158768301192497852e+00
-3.597440605866879082e+00
-3.657479307563849424e+00
-4.435648935333942333e+00
-5.488216626090268058e+00
-5.282801049383702541e+00
-2.692559028579000646e+00
1.785521642019605171e+00
6.096837784390070958e+00
7.913431492842142312e+00
6.140919088994202468e+00
1.571492054982799313e+00
-3.663515283771334730e+00
-7.309831255632136759e+00
-8.007071106260976734e+00
-5.602573568152427796e+00
-8.924895587799692720e-01
4.758758209592685695e+00
9.669408784334494911e+00
1.211691355329376485e+01
1.091135446038875934e+01
6.183394554532627652e+00
-1.824212221327887740e-01
-5.103305301100933278e+00
-5.883727263246638195e+00
-1.993280619406124554e+00
4.226065306495159213e+00
8.670728946525652958e+00
7.930780906779277828e+00
1.554764382853027982e+00
-7.457550422994757788e+00
-1.439833471887709315e+01
-1.575283271593665901e+01
-1.133244484683497078e+01
-4.213770696582312070e+00
1.423370905742024295e+00
3.019842848167198834e+00
1.055811074730562238e+00
-1.698391551454235815e+00
-2.393665999173540726e+00
-1.002397179808900418e-01
3.781867528923644528e+00
6.803572280208302736e+00
7.309720001470875417e+00
5.436691859352467127e+00
2.661650447133678377e+00
4.774522053789216347e-01
-6.324634636201706961e-01
-1.147350651987955938e+00
-1.616278829148733776e+00
-1.867498387359901368e+00
-1.116330941918539210e+00
1.100333778146388441e+00
4.050031139295326987e+00
5.915029971581155621e+00
5.002951336433575591e+00
1.182230178395533571e+00
-3.659666940627982257e+00
-6.670369753604967755e+00
-5.958715067341620930e+00
-1.999127484706809899e+00
2.578020666176819464e+00
4.733483277980568005e+00
3.072815956392125791e+00
-1.270011128978991266e+00
-5.531334085905641018e+00
-7.292298238749736150e+00
-6.055629546777150374e+00
-3.310527715091491352e+00
-1.157431846136519837e+00
-6.459169405053069024e-01
-1.127138356329171698e+00
-1.053593689545451406e+00
5.140491396771095234e-01
2.976773945745819105e+00
4.624833972302215379e+00
4.076337659891404286e+00
1.538861319664395211e+00
-1.173357640324248274e+00
-1.947433619232556090e+00
-1.719443974418266574e-02
3.343789683240519395e+00
5.662006799950537683e+00
5.045503411711395714e+00
1.588969414583259798e+00
-2.640834849516165761e+00
-5.024535745754833194e+00
-4.171125433821567086e+00
-7.885036129564251262e-01
2.915038588564451416e+00
4.774460976854655314e+00
4.003955466513544614e+00
1.433476728569070602e+00
-1.357009237687660130e+00
-3.210764351109952841e+00
-3.969834467454414373e+00
-4.144132141630020527e+00
-4.133871534527461478e+00
-3.774585429103271661e+00
-2.605866968756594293e+00
-5.692539741505664441e-01
1.574639280226135973e+00
2.597494360069300345e+00
1.736430317732247541e+00
-5.351809207054474271e-01
-2.600805533186849594e+00
-2.719787782497554041e+00
-2.912753977695707874e-01
3.571480274489988282e+00
6.634145380461063723e+00
6.942578831281667640e+00
4.083357657093397819e+00
-5.488077833028657260e-01
-4.626167894471441500e+00
-6.273941784413260336e+00
-5.041812818077041847e+00
-1.906784478374206948e+00
1.531733711385551588e+00
3.993950696473414830e+00
4.970977906211840214e+00
4.550702350559989284e+00
2.989773806547969759e+00
5.179043092874016097e-01
-2.468444065633808471e+00
-5.117865399514258229e+00
-6.197950572193658303e+00
-4.701592325985245679e+00
-6.504118597061019358e-01
4.533968375671776130e+00
8.521938355100644458e+00
9.276632420273729807e+00
6.258716912317202841e+00
8.398226121110496933e-01
-4.402058395284537795e+00
-7.110716564288198427e+00
-6.431155400970318681e+00
-3.363247868343925528e+00
-1.318728756710262073e-02
1.736823018855152556e+00
1.286926410360514694e+00
-5.189711689490177360e-01
-2.143439340661056569e+00
-2.456293122531076456e+00
-1.447524316988108239e+00
-1.183878134902408008e-01
3.240215159790328370e-01
-6.032675308104556988e-01
-2.239637838312266815e+00
-3.166845566966524306e+00
-2.174533039392628098e+00
8.034184963178268024e-01
4.406029659430578782e+00
6.472414049422318350e+00
5.287188424251177743e+00
7.375380057142564283e-01
-5.348040919436408025e+00
-9.989653901311459805e+00
-1.062822472329679613e+01
-6.614608059376386962e+00
2.923682283192565734e-01
6.807371096430573587e+00
9.947704908034905813e+00
8.748080602925792704e+00
4.788666953385726899e+00
1.146727584405922373e+00
3.771001890230989417e-01
2.801489685902506022e+00
6.259485897031565216e+00
7.562478711753689353e+00
4.750799592896123080e+00
-1.353756456689526377e+00
-7.425196406180751829e+00
-9.682128238183095092e+00
-6.424566495173266389e+00
6.487931095588442831e-01
7.326579714004818555e+00
9.511606473814998353e+00
5.909699929852228806e+00
-1.034571675437125471e+00
-6.672529304157071905e+00
-7.229555063587366881e+00
-2.407824648394163880e+00
4.273292698200280348e+00
7.728851635507323792e+00
4.739349719034228414e+00
-3.707152177157888140e+00
-1.278662269091014636e+01
-1.678941830248631462e+01
-1.278837840726591146e+01
-2.631314571268683622e+00
8.087866166125333933e+00
1.346402532624482262e+01
1.092276231624312999e+01
2.722828561247535362e+00
-5.629325253731625622e+00
-8.978912687049918517e+00
-5.759794278526658928e+00
1.225392255107383477e+00
6.909390337656811099e+00
7.453060612370514093e+00
2.746742612416069207e+00
-3.722789390219107819e+00
-7.448881414713283355e+00
-6.070863810987411568e+00
-9.204179729598485071e-01
4.080890631654176204e+00
5.327548814807295585e+00
2.139965856494349339e+00
-2.781799973597381292e+00
-5.367390757589546091e+00
-3.193535318001518242e+00
2.666328608603651951e+00
8.304510164174425668e+00
9.705435724555877997e+00
5.609755599843562202e+00
-1.520166272754341019e+00
-7.131729668800856459e+00
-7.674101863246535871e+00
-2.987492089904169035e+00
3.666093775492358819e+00
7.914275504774298753e+00
7.271503039945493185e+00
2.720550580666487139e+00
-2.176131704432541003e+00
-3.922035306055666748e+00
-1.560403874294002069e+00
2.764279899729487955e+00
5.478616304819411198e+00
4.209219646473243870e+00
-5.376350300668835125e-01
-5.795282928854766702e+00
-8.261120303122185149e+00
-6.545189848336239180e+00
-1.967744015214458075e+00
2.537860226160655319e+00
4.487651163935541199e+00
3.344528975270494531e+00
4.779080046985848540e-01
-2.167109599931860142e+00
-3.522128829162953778e+00
-3.853106904600634763e+00
-4.021361075363515170e+00
-4.346149229994741958e+00
-4.146615018843500700e+00
-2.400985446944316593e+00
1.047987692401148418e+00
4.845204604498601242e+00
6.738264540595515939e+00
5.133766502777164398e+00
4.420490778655897790e-01
-4.889167637401325983e+00
-7.814896951490955423e+00
-6.652721119429672925e+00
-2.176094702117553403e+00
2.942956304097498865e+00
5.932346842987834101e+00
5.664412819139577948e+00
3.135966399421501016e+00
4.483235809334525923e-01
-8.391374891807681369e-01
-7.062978602821273766e-01
-3.297935798312356392e-01
-7.960190083328495536e-01
-1.993004386473359757e+00
-2.616720391885997810e+00
-1.295119014984008388e+00
2.091076236271655286e+00
5.994286695255091502e+00
8.096385716639716179e+00
6.891527620842309076e+00
2.781992282248411108e+00
-2.133797243487520312e+00
-5.427728236911962156e+00
-5.868106427931691016e+00
-4.035275212682667423e+00
-1.674994528998023036e+00
-3.713414152329055917e-01
-5.547440492785615795e-01
-1.501778971086303205e+00
-2.165790005039701871e+00
-2.068364494544522536e+00
-1.538619101680868795e+00
-1.207500934057335940e+00
-1.299353656566218262e+00
-1.386939529556267647e+00
-8.162613859923490978e-01
6.135791570606351497e-01
2.365529970319455000e+00
3.569919018946805522e+00
3.781075794735543116e+00
3.393739898542774469e+00
3.286072064544062421e+00
3.931456272519623152e+00
4.743482371953211540e+00
4.313858877021221616e+00
1.504820048712819602e+00
-3.392309011370532534e+00
-8.395775775713032019e+00
-1.083605232018860320e+01
-9.039442036274053294e+00
-3.533921872426357247e+00
3.113881018384749400e+00
7.779038418615295214e+00
8.597751081827626152e+00
5.924120433511141037e+00
1.858383230152278909e+00
-1.213864621607780414e+00
-2.006918623149232417e+00
-7.663504498802484743e-01
1.338822349595117922e+00
3.199457741711897452e+00
4.322241912087553928e+00
4.666450619334099770e+00
4.144485798588041447e+00
2.421272209437550060e+00
-7.155600081993247485e-01
-4.768739166581183575e+00
-8.386036088192595273e+00
-9.992889856673743409e+00
-8.842076439653100195e+00
-5.655140608207069874e+00
-2.246298437237316481e+00
-2.994539675895544484e-01
-1.933144116016993763e-01
-8.123469661069365744e-01
-5.446030100210450531e-01
1.295844211425692283e+00
3.787228688213458927e+00
5.087966314875828289e+00
4.019470895635048002e+00
1.270100956222886879e+00
-8.616780226648792507e-01
-1.579341574585249042e-01
3.617263562117003506e+00
8.144780498599050844e+00
9.947825111419382083e+00
6.903028118827950976e+00
4.363434183691072832e-02
-6.798823711140296489e+00
-9.452253852039145698e+00
-6.317916134312584475e+00
3.541557287218680683e-01
5.844420941724806084e+00
6.137148409229068236e+00
7.059744569081871646e-01
-7.052464066245021534e+00
-1.207068084604977720e+01
-1.099899072927587618e+01
-4.396064960153712065e+00
3.746249861979403128e+00
8.733095159009518937e+00
8.206347910462241657e+00
3.431397749775664252e+00
-1.907378722611376087e+00
-4.382041194585797328e+00
-3.021303706892854990e+00
4.041292656194737098e-01
2.979454466599124274e+00
2.788597960816520782e+00
4.521689153920960269e-02
-3.421955596579200343e+00
-5.691084323838327741e+00
-5.998136331514517749e+00
-4.845527097226100643e+00
-3.126833492890543020e+00
-1.203409537342687408e+00
1.212362986804536469e+00
4.323759173556544155e+00
7.440290296543136783e+00
8.982390106137707164e+00
7.497489593399389918e+00
2.959046780855314029e+00
-2.750968500324142862e+00
-6.740464755965060561e+00
-6.893091424921308885e+00
-3.296373583019454490e+00
1.759169764106190748e+00
5.271346127837494677e+00
5.472519983983517022e+00
2.849665026963319914e+00
-4.586176098391488987e-01
-2.377592578128041367e+00
-2.396342542745556248e+00
-1.719943348387826143e+00
-2.004255660879125323e+00
-3.721405552106632264e+00
-5.513974449871151151e+00
-5.143388451713216902e+00
-1.379587009714840384e+00
4.627321965138807336e+00
9.666918102243224453e+00
1.044365461537496387e+01
5.907611677512209170e+00
-1.735028058206558477e+00
-8.176457239605710470e+00
-9.683192336427136837e+00
-5.545484683620069966e+00
1.374019892227421380e+00
6.432500342117755565e+00
6.212325731084502145e+00
7.760303900159697399e-01
-6.323755105368937812e+00
-1.030912547052744799e+01
-8.259178904253779763e+00
-1.022589724659012766e+00
7.264068533177696629e+00
1.173588132066471168e+01
9.807103345558974894e+00
2.742367975931341739e+00
-5.156619515212117477e+00
-9.196266388623845600e+00
-7.105136252826803833e+00
-3.058235961728739127e-01
7.067035717444609233e+00
1.072475053968601522e+01
8.762831990726050790e+00
2.668385316995924406e+00
-3.729746930835831975e+00
-6.645925192867974118e+00
-4.580929424360629554e+00
8.936030330713903291e-01
6.197991778283682862e+00
7.936737044071615621e+00
4.879388636565031412e+00
-1.412238198239272879e+00
-7.597329141904081595e+00
-1.052459877738204952e+01
-8.959218066594420549e+00
-4.092352483966469556e+00
1.363829418922632541e+00
4.850497803541832909e+00
5.357501663456082142e+00
3.740310360642428389e+00
1.871936297729086096e+00
1.263051901891973028e+00
2.071940707582734298e+00
3.125949941706664070e+00
2.896036683634584552e+00
7.409278203002349628e-01
-2.441193146029536187e+00
-4.637359527937698900e+00
-4.004783652138480754e+00
-2.149588128143647969e-01
5.040761094197268477e+00
8.807894977615349674e+00
8.535566145327013743e+00
3.690652677835132067e+00
-3.695527617695455458e+00
-9.984791165222027587e+00
-1.193440689181052505e+01
-8.602590347469169174e+00
-1.988989864784148409e+00
4.060548351187739158e+00
6.112771855204031546e+00
3.236469245779079351e+00
-2.387080491494470103e+00
-6.789688380917814570e+00
-6.733855038216796984e+00
-1.872676340850643495e+00
4.860716527831912437e+00
8.989356575556772810e+00
7.354144258449357707e+00
3.096480746009617757e-01
-8.213359582910046086e+00
-1.295062614732836792e+01
-1.054681371539710533e+01
-1.783877952104945486e+00
8.661717188797993572e+00
1.487832471815331559e+01
1.321646622740922261e+01
4.488223598038551643e+00
-6.485053117998584860e+00
-1.369552583529682721e+01
-1.341136886061564937e+01
-6.197671573394923250e+00
3.640283763163850494e+00
1.072129415932559127e+01
1.165620122991412089e+01
6.702753998339377794e+00
-8.075526311953599157e-01
-6.681675361867287499e+00
-8.231381230539380311e+00
-5.423334696307064995e+00
-3.726548557648363680e-01
4.207925903364671427e+00
6.497568876353729372e+00
6.174493517938953957e+00
4.055996187403897224e+00
1.300871021703003727e+00
-1.190939141913534671e+00
-2.908063661677235068e+00
-3.568540830621210524e+00
-3.027875196810949188e+00
-1.415908473547784485e+00
6.685666143263490069e-01
2.220909139372029717e+00
2.282137915079913704e+00
5.514550554371770996e-01
-2.284763481941182839e+00
-4.820978266187419869e+00
-5.705465891345639307e+00
-4.447060700426766822e+00
-1.724317443627273239e+00
1.018122821330103900e+00
2.430590507424279956e+00
2.028452140181715713e+00
4.037565591478093352e-01
-1.208159258239486444e+00
-1.688601791861929380e+00
-6.417252755306297463e-01
1.476491975844330229e+00
3.700676144463375561e+00
5.098474401144730273e+00
5.191022065060421298e+00
4.074219239611895915e+00
2.263573634805788437e+00
4.065113987011634844e-01
-9.890919816489942562e-01
-1.720112976204693167e+00
-1.912287135633376156e+00
-1.902384948866571168e+00
-2.016834574092138510e+00
-2.343863214459894984e+00
-2.636884324941295432e+00
-2.446756436141230839e+00
-1.444163881570558639e+00
2.629639569171260405e-01
2.060463043878909328e+00
3.117592727805841513e+00
2.894344054057267357e+00
1.534349046959738061e+00
-1.559108080737725277e-01
-1.174839399325122491e+00
-9.503413172141026433e-01
3.059411004768499698e-01
1.770172213929734895e+00
2.585624975691624083e+00
2.429623751973886137e+00
1.652993087377245818e+00
8.994984845064912804e-01
5.163741513461712618e-01
2.397479292776386606e-01
-5.656858089691211289e-01
-2.272660198392031372e+00
-4.463243183401977454e+00
-5.974339390699774377e+00
-5.580151263677866957e+00
-2.886282906689573213e+00
1.197318961208506449e+00
4.793564952325223061e+00
6.057079006800988097e+00
4.230107730223913620e+00
9.668475433822321108e-02
-4.440164015741514092e+00
-7.380732453070526944e+00
-7.625020236876225432e+00
-5.387754230820231527e+00
-1.881622420236818360e+00
1.438152259855397741e+00
3.577914917009203499e+00
4.300267488193203924e+00
3.965827391406326008e+00
3.140317060114600434e+00
2.247246302915841820e+00
1.430280527672015412e+00
6.254459464638336685e-01
-2.549807751842191883e-01
-1.138551105054469659e+00
-1.698870432185779711e+00
-1.422586029214362391e+00
1.313009705921134862e-01
2.947057601961766249e+00
6.247790413268799803e+00
8.544342616015235592e+00
8.191254771252481248e+00
4.294855117843205505e+00
-2.504508254588091454e+00
-9.933798562829347034e+00
-1.492443874108669277e+01
-1.507325199234956337e+01
-9.948729135380958155e+00
-1.448454821020176198e+00
7.074452774231030361e+00
1.245425513822866570e+01
1.317918189331170709e+01
9.854841771336792178e+00
4.493350921550018917e+00
-7.973151471304261717e-01
-4.828871143507424080e+00
-7.471608902488996229e+00
-9.028907830160868286e+00
-9.507940660972096225e+00
-8.446791826724242114e+00
-5.433476588591482859e+00
-8.327981664349914936e-01
3.977504561597941191e+00
7.190492447523054942e+00
7.635530988171246314e+00
5.553307930604700182e+00
2.467238354824998758e+00
1.906489562122632431e-01
-3.378001473878593508e-01
4.470534912209129241e-01
1.251685451813934646e+00
1.038709802114005765e+00
-1.248459348397576441e-01
-1.144178400750549551e+00
-8.388978287494864849e-01
9.895166064009395246e-01
3.223617320649420304e+00
4.142466626421304809e+00
2.690676453328219697e+00
-6.385697806738630522e-01
-4.000244024072777016e+00
-5.391029376215978886e+00
-4.021762895392171799e+00
-8.982982976145568177e-01
1.816621020235946959e+00
2.241172912091299985e+00
4.460324015106253981e-02
-3.292878730939779341e+00
-5.386056017081732428e+00
-4.414934451677229532e+00
-2.363294305938350437e-01
5.500802699308342980e+00
1.022897832072871616e+01
1.176097663390120118e+01
9.303344851253518399e+00
3.741270170353835134e+00
-2.818145132001708131e+00
-7.941603606569263007e+00
-9.814719169943270316e+00
-7.919853843834596674e+00
-3.242342306841255795e+00
2.088399179830011665e+00
5.660847434748155216e+00
5.860169300528442093e+00
2.680666369833383467e+00
-2.200279137753105907e+00
-6.236688296078243710e+00
-7.354413096332833355e+00
-5.073962386076091846e+00
-7.285459731511063630e-01
3.381250758426419978e+00
5.370399521819617661e+00
4.798660149291999133e+00
2.694111999217136066e+00
6.224180133190619912e-01
-4.748518043734643035e-01
-8.063774256162468124e-01
-1.260408952818117934e+00
-2.360675726321958212e+00
-3.540319298091437528e+00
-3.401542378164993163e+00
-8.579586655876312307e-01
3.685914426057111282e+00
8.096577152290009849e+00
9.574426964784919392e+00
6.428893023733540879e+00
-6.102312228091744117e-01
-8.497246970039864067e+00
-1.343514966106112851e+01
-1.297552994619080735e+01
-7.368084849142947590e+00
6.387959963936711283e-01
7.360042325944449182e+00
1.010328695687532985e+01
8.350146121868128546e+00
3.651958631021310353e+00
-1.476597890132789859e+00
-4.876775932379345591e+00
-5.560908311630431200e+00
-3.785703063195239970e+00
-6.201512509305477927e-01
2.597964006815018934e+00
4.681813713897892804e+00
4.886015097129652318e+00
3.127607390176647240e+00
8.261256705053621197e-02
-3.000714214484106357e+00
-4.836575603585004934e+00
-4.776383020268960777e+00
-3.200098669387569039e+00
-1.286603061395284575e+00
-2.258460958447547906e-01
-3.757355674135169910e-01
-9.838400959056944339e-01
-7.399891279337764693e-01
1.178626170207795809e+00
4.314878230552308125e+00
7.011724491212173227e+00
7.384957441037634851e+00
4.560950059194448514e+00
-6.618479237676115901e-01
-6.181512611548551916e+00
-9.739818391186890523e+00
-1.009101877461687380e+01
-7.485106407154123787e+00
-3.288874754028099368e+00
8.513244998213692627e-01
3.704146838882792281e+00
4.683915435533311467e+00
3.751524987554733404e+00
1.330634460719055445e+00
-1.617111987743423462e+00
-3.594413275211380210e+00
-3.019158126428392208e+00
8.365551738155685424e-01
6.950128509250430575e+00
1.250880983125955126e+01
1.415310903382906815e+01
1.001667401081020969e+01
1.288277080688226661e+00
-7.949160859533153101e+00
-1.284377401766536053e+01
-1.072435905672117684e+01
-2.967856220469616169e+00
5.610043697065189683e+00
9.661698643117162533e+00
6.726038011495338864e+00
-1.111771220950930505e+00
-8.520563791740432436e+00
-1.041777571285834192e+01
-5.366929889543711418e+00
3.411101922914338669e+00
1.012475108954306435e+01
1.021683051218237281e+01
3.345160180434955777e+00
-6.432376350897302864e+00
-1.333339222300880067e+01
-1.353814279500976880e+01
-7.430277870790607864e+00
9.908774118943313169e-01
6.946862245745018427e+00
7.922852880686612309e+00
4.889974917574228641e+00
1.079613169429355812e+00
-5.909226026823990452e-01
4.879241770887070562e-01
2.547232128485517055e+00
3.144086595207730817e+00
1.223246172915121388e+00
-2.037674348599180174e+00
-4.174004201401076308e+00
-3.384183258140521566e+00
1.786980548256478230e-02
3.734655289561117808e+00
5.095901044930801760e+00
2.968792271459982590e+00
-1.404443483476379928e+00
-5.225848984324837687e+00
-6.030860655773332191e+00
-3.337519374123137261e+00
1.052796988076724727e+00
4.270900565229450940e+00
4.269887274671399169e+00
1.140583750996424506e+00
-2.975049674959377555e+00
-5.273496181307507413e+00
-4.069868428794655379e+00
1.484721681040179764e-01
5.025777824657119197e+00
7.788391675881868537e+00
6.948046084486276364e+00
3.225445659452486513e+00
-8.744580844709738399e-01
-2.610734857828287403e+00
-7.758624121469140933e-01
3.393221340252184248e+00
6.792993251022624079e+00
6.291438086104436778e+00
7.984697463648413596e-01
-7.709696672410153440e+00
-1.497451639780391375e+01
-1.675711546580073019e+01
-1.138177803608909677e+01
-9.655374786704138401e-01
9.533429569565742057e+00
1.501025803435921624e+01
1.308796234521201995e+01
5.420566470693171546e+00
-3.392604924114565712e+00
-8.600776121455954382e+00
-8.036079013898714152e+00
-3.084990102169122395e+00
2.615307746135524525e+00
5.752629152698430559e+00
5.386561505248348425e+00
3.130433054770414447e+00
1.513209145447091064e+00
1.861260398293505869e+00
3.317135291546465581e+00
3.689520977988152151e+00
1.409741943722209623e+00
-2.975473624491620228e+00
-6.982396747586498087e+00
-7.953945345882308615e+00
-5.083990963232999150e+00
-1.429624285367333547e-01
3.694963959665780173e+00
4.088548614140709248e+00
1.175937671650427507e+00
-2.597264130648749614e+00
-4.337716409390091954e+00
-2.854941901173380536e+00
5.074164496596831331e-01
2.966344864151137628e+00
2.467376555969923668e+00
-7.342711420493230889e-01
-4.282003662814672040e+00
-5.547213732907458450e+00
-3.672077769607614339e+00
-2.540337727515979416e-01
1.865485136466947580e+00
8.005550123641559379e-01
-2.857661461288567573e+00
-6.363197185703352687e+00
-6.769403980418974953e+00
-3.085892143640243113e+00
2.939757094875762089e+00
7.977471065888995128e+00
9.358684355912258113e+00
6.799668528941224643e+00
2.420464709836612993e+00
-8.658135436370492100e-01
-1.374467276640707780e+00
3.484221388493676796e-01
2.155412356515224559e+00
1.982121177140846680e+00
-6.731864311556250424e-01
-4.469023715302981259e+00
-7.201119176624528606e+00
-7.242165335320112973e+00
-4.447258036963079419e+00
-5.232334049533426956e-02
4.158064379494671670e+00
6.738427513805876679e+00
7.021102478511213718e+00
5.081696598255727615e+00
1.539021438175261824e+00
-2.566591138791553206e+00
-5.880625541371594878e+00
-7.070100875145048036e+00
-5.452655651451293828e+00
-1.593595350223599549e+00
2.662851866423309843e+00
5.005190204854507385e+00
3.980022077231551325e+00
8.281543415387226936e-03
-4.668168499084259793e+00
-7.212027296359356576e+00
-5.876498672873479379e+00
-1.073357422996285671e+00
4.875254432272105198e+00
9.125172153431812205e+00
9.918053395428106711e+00
7.399800441958591435e+00
3.241530854771511816e+00
-5.254663593510877639e-01
-2.609610004225568325e+00
-2.850565381864222037e+00
-1.874563192225291663e+00
-4.888743365383242390e-01
6.822827500587839156e-01
1.199686973220105646e+00
7.165460259197350412e-01
-9.077218289448848454e-01
-3.310679535442836219e+00
-5.504369968210678365e+00
-6.258103368942963485e+00
-4.893078398043326338e+00
-1.930901110050672553e+00
1.012144412104589275e+00
2.192996769674804725e+00
9.768763590763950289e-01
-1.580228223954641242e+00
-3.335663140753391875e+00
-2.519033327609246697e+00
9.766444640491445117e-01
5.438546627478228146e+00
8.467648545409714345e+00
8.588594508297326513e+00
6.152894461785723301e+00
2.893352934544755062e+00
5.317159028344508043e-01
-4.332242891042166200e-01
-8.085720956598638764e-01
-1.660688888062532786e+00
-3.088687451586270338e+00
-3.931762941742650952e+00
-2.740784731947080388e+00
7.616700618734776329e-01
5.014095253153231013e+00
7.459939113726504090e+00
6.392013551194639653e+00
2.378650904273416078e+00
-1.948812343211674625e+00
-3.740532017896448291e+00
-2.073586139563710518e+00
1.279600437142863090e+00
3.157403840115903471e+00
1.482185328948325331e+00
-2.988777932534771864e+00
-7.062300753105658302e+00
-7.468343855334422798e+00
-3.436519354129017323e+00
2.512444171162762974e+00
6.267184446259309816e+00
5.123694753138851254e+00
-1.600667164904960860e-01
-5.842615441613213889e+00
-7.905969420434769468e+00
-4.983668880900392395e+00
6.907504018338433971e-01
5.023920613878901875e+00
5.153339335195656012e+00
1.522609691418843836e+00
-2.631074347348789644e+00
-3.938976539695658641e+00
-1.603101521055942946e+00
1.998299916906737916e+00
3.291685608149841791e+00
5.197789471460650956e-01
-4.616386655004259154e+00
-8.052623134967767271e+00
-6.436602680025404588e+00
1.482523425346258250e-01
7.933205367007456488e+00
1.196498061111859812e+01
9.555303694511438906e+00
2.157399878370270141e+00
-5.673646499292310352e+00
-9.416472025528836554e+00
-7.498344019865744947e+00
-1.951714748848342396e+00
3.446599790691884380e+00
5.947657743967534216e+00
5.383374624788769047e+00
3.515646841683714996e+00
2.024239679687057425e+00
9.963097727532237435e-01
-7.939910048435057099e-01
-4.167016152571754617e+00
-8.041296759101436820e+00
-9.688084149737978379e+00
-6.776054968138701007e+00
3.764295316227161958e-01
8.304756827483293691e+00
1.236504047487213143e+01
9.919292653284205841e+00
2.394326540468309616e+00
-5.442606658077612458e+00
-8.628561635943650998e+00
-5.375879319975445547e+00
1.750807147970690147e+00
7.689397641689640572e+00
8.396977857261195055e+00
3.488033536453023054e+00
-3.815805432842681366e+00
-9.197142055418328965e+00
-1.021657086377493506e+01
-7.569014154424425378e+00
-3.913011948919454142e+00
-1.470599999581185813e+00
-4.347138367830432060e-01
6.135369227882784271e-01
2.837072714824279362e+00
5.603238612597031043e+00
6.732999860918532420e+00
4.423612166822619152e+00
-7.851208826243142314e-01
-5.802718547484035483e+00
-6.976141801896447170e+00
-2.885099304760750272e+00
4.246566945051752029e+00
9.784671889271324474e+00
9.829282131857853599e+00
4.014976161591297554e+00
-4.123688879044841826e+00
-9.543778958168934068e+00
-9.124022877018743927e+00
-3.656693686862173109e+00
2.975602086865009710e+00
6.708534978957763961e+00
6.059120892498074618e+00
2.740049485436880428e+00
-1.459342308975560831e-01
-7.429328341142662495e-01
2.264392614325571873e-01
4.236702863672376362e-01
-1.751702443174474100e+00
-5.440914206589912538e+00
-7.731857858505224002e+00
-5.944465536083293422e+00
9.398587392881907476e-03
7.125379741736101558e+00
1.118682289047766609e+01
9.694330263077144849e+00
3.666123383796882074e+00
-3.049598629008552830e+00
-6.452893421971953813e+00
-5.092369606652479064e+00
-8.416446516056241833e-01
2.724474328383148514e+00
3.054463859180669427e+00
3.998242978833426164e-01
-2.596176294788510308e+00
-3.068129504297633758e+00
-1.571425199508601489e-01
4.340099842203327896e+00
7.281575187855185760e+00
6.385453298239903042e+00
1.715289208547604360e+00
-4.504188355737164251e+00
-9.414794958653498469e+00
-1.118952419701514245e+01
-9.738268524952703231e+00
-6.238042770528080538e+00
-2.137885509985948840e+00
1.520203250706465337e+00
4.136978468755314609e+00
5.285124735205052104e+00
4.671815518552522306e+00
2.483653869941769177e+00
-2.915443423038649451e-01
-2.111733157355135670e+00
-1.780956865422460345e+00
5.843728440642188549e-01
3.360585823378035464e+00
4.350372868597246701e+00
2.314851633634133599e+00
-1.999297633935683605e+00
-6.177531708164016422e+00
-7.676706318798808049e+00
-5.525756210751602282e+00
-9.643567190873376660e-01
3.435213751400970850e+00
5.496600745651772257e+00
4.747036227721390667e+00
2.410106291986643612e+00
2.352835848694313226e-01
-8.115038263310214717e-01
-9.611682165822250656e-01
-9.523722794456900287e-01
-9.919054014455407353e-01
-3.939279787150834489e-01
1.709913855962734264e+00
5.206076331703449078e+00
8.500247970349740001e+00
9.328328639649742016e+00
6.415619340489345568e+00
6.987341339561528031e-01
-4.983268850084749957e+00
-7.687205584875100861e+00
-6.401151685419390169e+00
-2.766629711341006104e+00
1.408607145018703211e-01
1.233224244074488940e-01
-2.473877113586277599e+00
-5.045712357203198550e+00
-4.794396231987096080e+00
-1.020462594622944863e+00
4.144384628535577875e+00
7.190465765240789509e+00
5.825682355748233121e+00
7.640010805574055652e-01
-4.669575314919746312e+00
-6.861407174340948600e+00
-4.450529857402086620e+00
7.826021077430003192e-01
5.302372420856046098e+00
6.398311794515518791e+00
4.018528553398825309e+00
5.372318466562933104e-01
