-2.049611743228225258e+00
-2.250298246814970149e+00
-1.276553881501842902e+00
-4.085944640775932557e-01
-4.533932680873646315e-01
-1.208129527088840582e+00
-1.778257507969983608e+00
-1.385402521126573028e+00
9.957357142593381560e-03
1.699792443808858744e+00
2.736318812044836069e+00
2.506304595021935366e+00
9.854170572298401876e-01
-1.371264391388210102e+00
-3.871285633915463098e+00
-5.746590516309478147e+00
-6.250495308896731217e+00
-4.858599951773943104e+00
-1.627929174068321050e+00
2.514024306605319392e+00
5.920280777546759410e+00
6.963669868005032626e+00
5.034356289599590362e+00
1.119635692190950271e+00
-2.570023658671571454e+00
-3.850308389914586904e+00
-1.942327900500163906e+00
1.956114074900835442e+00
5.357010389404456063e+00
6.020104951250615954e+00
3.332651727842249834e+00
-1.372476560673657975e+00
-5.717226349510303507e+00
-7.720411672358491018e+00
-6.796666919617808666e+00
-3.745708180135673970e+00
5.138761549749548685e-02
3.487349101439223720e+00
6.012124970238319932e+00
7.328221919627274872e+00
7.027064070369902993e+00
4.702291105352892409e+00
5.449198530042997923e-01
-4.161133111726677214e+00
-7.309810673006411186e+00
-7.114403650115491473e+00
-3.435178665061285663e+00
1.738955692077160498e+00
5.225671630361471642e+00
4.571093129932432220e+00
-2.755929349902028758e-01
-6.727205403172677123e+00
-1.103030476445940877e+01
-1.053561632300883488e+01
-5.284954663035327016e+00
2.111758225132544187e+00
8.170066364956941385e+00
1.061460894166167535e+01
9.485137902357443807e+00
6.657275775479761570e+00
4.288542408511942128e+00
3.366175250211221659e+00
3.317805658180231987e+00
2.787198123224747359e+00
8.536744222141998684e-01
-2.231704573008647330e+00
-5.240284382365071103e+00
-6.814238422118796379e+00
-6.288262936775324441e+00
-3.958979076468693847e+00
-7.735132724716439201e-01
2.196042385450406531e+00
4.114133343448912683e+00
4.487937905342214151e+00
3.186547650968549750e+00
5.289066242519075978e-01
-2.632993044936688953e+00
-5.072692141542718858e+00
-5.702364033330155735e+00
-4.211494193669318875e+00
-1.362662426254537928e+00
1.382970613578101915e+00
2.758291162171513378e+00
2.500458018494565060e+00
1.462485204696716057e+00
9.019408807557034446e-01
1.466381433009934954e+00
2.667670886019950505e+00
3.281151250365698324e+00
2.370694049237755952e+00
1.123282934566895985e-01
-2.280649398040268672e+00
-3.509377701519564408e+00
-3.255625199038244766e+00
-2.457617912634404878e+00
-2.503520584474645094e+00
-3.953316234111486249e+00
-5.853850773790899353e+00
-6.304198082907136680e+00
-3.936124210962270276e+00
8.216576642205053460e-01
5.754666980300702228e+00
8.265251864458276643e+00
7.177324666380116902e+00
3.571287725108031275e+00
-3.204097895338209323e-02
-1.551815814949743633e+00
-8.470345406486157191e-01
3.506675368489092781e-01
3.894414964073178442e-02
-2.196075629074103475e+00
-4.611603175624079398e+00
-4.607552061050807168e+00
-9.694441773237578719e-01
4.724350417610390096e+00
8.795971633610538021e+00
7.963778066530220912e+00
1.893240651852586609e+00
-6.143245843777840776e+00
-1.116747370151654373e+01
-9.769220626794581364e+00
-2.494610988040715238e+00
6.368484491156498173e+00
1.152931713310855422e+01
1.011170879472652828e+01
3.437237136277655480e+00
-3.982808694366588576e+00
-7.473983441447644260e+00
-5.147730426068777732e+00
1.143227389428258967e+00
7.288996754569805780e+00
9.642887134183446562e+00
7.102185657740260893e+00
1.341983533991202293e+00
-4.617642369702665839e+00
-8.287120109216889574e+00
-8.781633229108452454e+00
-6.691362279000943047e+00
-3.268636888321255540e+00
2.569461200462346273e-01
2.862903101170090281e+00
3.685092781861272648e+00
2.210244594030090326e+00
-1.212417170407973810e+00
-5.034278392505269650e+00
-6.961195044968048862e+00
-5.254906144981292826e+00
-1.132835144072681377e-01
5.986520994321671729e+00
9.535335068835308903e+00
8.219785042594928370e+00
2.634661612138557985e+00
-3.854496929958400209e+00
-7.210885147580206933e+00
-5.452441105038961844e+00
-8.908126402817195810e-02
4.841554753155397961e+00
5.572850800193749343e+00
1.318135261683097248e+00
-5.050424897114472955e+00
-8.903127291976687729e+00
-7.058582406045220026e+00
-6.892317542551196219e-02
8.019645578059421354e+00
1.227964817800140551e+01
1.009862719527010810e+01
2.801843015217402311e+00
-5.323214721899664603e+00
-9.832710962428221180e+00
-8.816460884412940402e+00
-3.743744783135182885e+00
1.890399542669220168e+00
4.981504615343204989e+00
4.587800502280420467e+00
2.008834008739550647e+00
-5.840083884092028832e-01
-1.771411008180396873e+00
-1.598758337135525398e+00
-1.067999852212977663e+00
-1.046579029010369144e+00
-1.553002541538647252e+00
-1.916105593495319726e+00
-1.520416125645557059e+00
-4.053088205592814131e-01
7.972430803908672203e-01
1.468251155545340580e+00
1.552910763508194680e+00
1.537312679214235533e+00
1.875359205101375881e+00
2.412890745669567405e+00
2.390580839325572082e+00
1.109185280801004092e+00
-1.272679443552422907e+00
-3.533708690060213264e+00
-4.080231362911446169e+00
-2.104418739343043132e+00
1.663979136288825433e+00
5.259738167621184957e+00
6.718477832897399082e+00
5.396672709384112032e+00
2.407511326829759213e+00
-1.769559764941657232e-01
-7.988173906118314349e-01
5.090527376478118926e-01
2.230948159140534681e+00
2.568406821719011912e+00
8.204031267421272311e-01
-2.103465748277870695e+00
-4.423460681214388401e+00
-4.908135474422633315e+00
-3.862199782456626984e+00
-2.887916044595907117e+00
-3.560771806195516032e+00
-6.018856812821702817e+00
-8.586651507759315294e+00
-8.820354042576612486e+00
-5.298116187082435147e+00
1.128103183982140933e+00
7.583784188094616852e+00
1.085158991538108531e+01
9.383076782591878384e+00
4.279961684254534937e+00
-1.426014881179638039e+00
-4.701830908873057879e+00
-4.343923585960531852e+00
-1.508106241345005039e+00
1.333559080711476774e+00
2.197908715428449344e+00
8.750718856605685936e-01
-1.144979784870722828e+00
-1.935147454044943593e+00
-5.908071813443331877e-01
2.170207738460905311e+00
4.625920405561625870e+00
5.336504557561819517e+00
4.105035469124268310e+00
1.940427967042407165e+00
1.508675938867656274e-01
-6.552323406305686770e-01
-8.737597651920822051e-01
-1.333488344124599267e+00
-2.388633714065096392e+00
-3.475980798719535692e+00
-3.536358478963809393e+00
-1.966792949478687103e+00
7.001075908106999535e-01
3.008870746366861582e+00
3.597381816111429487e+00
2.253037784592006432e+00
1.530946567670477543e-01
-9.715075221635192104e-01
-1.669163780230505933e-01
1.934263852055966293e+00
3.501719448042013294e+00
2.881816412391311033e+00
-3.335301641245846938e-02
-3.497463624857497067e+00
-4.985067366822937274e+00
-2.962493623964590927e+00
1.881409616359474679e+00
6.851023259506376917e+00
8.828251181361775224e+00
6.207131772495799282e+00
-7.463827156778091165e-02
-7.044541339194841711e+00
-1.137133089615289805e+01
-1.113669319949963032e+01
-6.682156587028489803e+00
-1.937301468564127660e-01
5.534828829427251407e+00
8.366857569391790150e+00
7.530363814962285574e+00
3.662910869587436835e+00
-1.573779194445209306e+00
-6.066667300175321742e+00
-7.929808829621557642e+00
-6.248199541208359520e+00
-1.664090075143314973e+00
3.615897144512549399e+00
6.700552327556840382e+00
5.565410373762532004e+00
4.448575221928847689e-01
-5.937699864456227772e+00
-9.728544536223113326e+00
-8.259017920720632233e+00
-1.876095507502368420e+00
6.032614495038614244e+00
1.102857349851412749e+01
1.043412838757308236e+01
5.093865701669434642e+00
-1.172956804947841158e+00
-4.128677950515958983e+00
-1.960097881701177380e+00
3.554048524695746725e+00
8.351982511719018731e+00
8.923826881082375095e+00
4.650702740374290656e+00
-1.976408494106649094e+00
-7.309728978226432083e+00
-9.144851027130627585e+00
-8.035134398634774300e+00
-6.433343674994093320e+00
-6.454937460529269089e+00
-8.080658218759653622e+00
-9.208355779668334407e+00
-7.467644344529343670e+00
-2.311413996841714003e+00
4.306265827556361003e+00
9.216544278519767985e+00
1.026879430769097290e+01
7.749370381491231363e+00
3.900603524009295775e+00
1.002385451636790492e+00
-3.565639800309143848e-01
-1.367890423119357157e+00
-3.399970502236488556e+00
-6.133491053247298375e+00
-7.197553101895453054e+00
-3.897332326597345187e+00
4.165783430820630961e+00
1.374358251849077917e+01
1.928727185455195325e+01
1.642755603487522365e+01
5.258542236467407704e+00
-9.041492324789832224e+00
-1.899574431712597544e+01
-1.936139171488608213e+01
-1.041807187930412759e+01
2.222245892461639727e+00
1.117126506316683177e+01
1.179894813556166788e+01
4.769056306501450848e+00
-4.927723016365754383e+00
-1.151543796495608873e+01
-1.198541837611685068e+01
-7.353611046538450324e+00
-1.145535830896208029e+00
3.402240473899107442e+00
5.258246732887513097e+00
5.441364176354944071e+00
5.343816749556335566e+00
5.185829748771725534e+00
3.934962705046595399e+00
6.492441928496330839e-01
-4.047388108334201817e+00
-7.766571521875067496e+00
-7.773725083979473816e+00
-3.006506862975281358e+00
4.865177846881712398e+00
1.220383005458797498e+01
1.549967318059155374e+01
1.334486159642545466e+01
6.992656371990683795e+00
-7.025572221376594761e-01
-7.034752810768400089e+00
-1.063322336522737821e+01
-1.147877033871195351e+01
-1.013506552212797196e+01
-7.091924268139183418e+00
-2.786789966514006345e+00
1.921307315300570639e+00
5.554105149804634323e+00
6.577389544192342896e+00
4.444444603701420249e+00
2.566775260356609634e-01
-3.658238100368550683e+00
-5.122418563882667364e+00
-3.493316882670464363e+00
-1.648933664654850251e-02
3.144173128603716449e+00
4.466106144377055998e+00
4.021909252943463464e+00
3.121058861829343112e+00
2.993394182007591997e+00
3.640447517298800673e+00
3.828802476433907920e+00
2.239520153942345715e+00
-1.195997825675103599e+00
-4.933829605542114471e+00
-6.811874048708459917e+00
-5.661562971083179185e+00
-2.252120018275274305e+00
1.221697029791608102e+00
2.742517177288237296e+00
1.915123162993884298e+00
1.188553883601951022e-01
-7.323331770028440602e-01
2.010602000402422207e-01
2.026036434078074322e+00
2.948184491910897265e+00
1.896053819990788591e+00
-4.354877145796372528e-01
-2.049547866023879727e+00
-1.312720288981447769e+00
1.511656579005750123e+00
4.168758980250235169e+00
3.966869250064210206e+00
-1.239974953161708804e-01
-6.428001966094170960e+00
-1.143359331778804311e+01
-1.202163827528362816e+01
-7.487954061840232711e+00
3.905360827010784242e-02
6.998456768367846692e+00
1.054525680401840582e+01
9.960976897466773394e+00
6.536337348597516694e+00
2.322355183077219110e+00
-1.131802394057368932e+00
-3.185308692467229363e+00
-3.687714577768100188e+00
-2.486080708590241883e+00
4.718905392507191099e-01
4.520441507980144991e+00
7.915708991086749080e+00
8.440936967688433157e+00
4.849885619715221807e+00
-1.878649815802842404e+00
-8.625968213820943475e+00
-1.182130089465663403e+01
-9.727947232796754662e+00
-3.703601992379161878e+00
2.578609860342416127e+00
5.504726984053690764e+00
3.840995895099796442e+00
-6.436597125217113913e-01
-4.647190229439834397e+00
-5.736977558399487975e+00
-3.874772282178847060e+00
-1.005784096903855396e+00
7.963422047614902022e-01
1.029321089888438845e+00
9.217369378782548361e-01
2.009399683095735689e+00
4.440318440329773964e+00
6.557331226797488810e+00
6.215212003491178194e+00
2.765327655625588132e+00
-2.028253190619019097e+00
-5.080762856803268335e+00
-4.363658434416632481e+00
-6.732358761985257622e-01
2.760412001165025053e+00
2.706319805384766575e+00
-1.409662489362910165e+00
-6.770638924263645997e+00
-9.109814221528456102e+00
-5.981155010360962088e+00
1.137295685309295479e+00
7.636611137430200813e+00
9.022947544784299723e+00
4.245559111128026863e+00
-3.423172156008480016e+00
-8.691632650007100835e+00
-8.062662607150514305e+00
-2.309181930678736894e+00
4.243191605524030408e+00
7.057854688227665818e+00
4.785790171445592378e+00
1.252296179157238176e-01
-2.480971598948644719e+00
-4.818870136714071273e-01
4.670570793304174906e+00
8.603828333136377182e+00
7.474670807523897231e+00
1.104113990476035312e+00
-6.663334293879303871e+00
-1.070223780052603679e+01
-8.382409856782579993e+00
-1.507521800336568907e+00
5.050123664810466373e+00
6.962883650099804811e+00
3.559085039529708894e+00
-1.893395371329651855e+00
-4.866494655775458256e+00
-3.097050288727988487e+00
1.749139408130594209e+00
5.490452904876961249e+00
4.753093978181137658e+00
-3.900519668339317292e-01
-6.465475504412686369e+00
-9.223549571984458240e+00
-6.776322142748858468e+00
-8.688100921790762321e-01
4.582612466342748547e+00
6.439726005677329113e+00
4.472597879897230122e+00
1.124248856817227527e+00
-7.211658776009068905e-01
-7.012314454811280351e-02
1.606797965629030545e+00
1.909960811977793771e+00
-2.204320439961670042e-01
-3.433735929328327163e+00
-5.003677340124451867e+00
-3.127191132707752619e+00
1.405349511816225583e+00
5.575251550765978337e+00
6.319509720300007238e+00
2.859049033523659578e+00
-2.638706783460706529e+00
-6.586474359821300695e+00
-6.531124431628766658e+00
-2.809213822985129561e+00
1.888983455525541366e+00
4.615127088645704312e+00
4.253464846886935824e+00
2.041538237516108190e+00
2.586855159173411245e-01
2.595446147801816483e-01
1.470189504960718097e+00
2.098373252744804685e+00
8.758372042364723775e-01
-1.680793654926196146e+00
-3.576815164961104188e+00
-2.984175721302933848e+00
1.297960226621057700e-01
3.761552420287217924e+00
5.285685810634736193e+00
3.451987385458984203e+00
-6.062138911627370508e-01
-4.175684426133418725e+00
-4.990989991826157102e+00
-2.933334301423454082e+00
-8.732341331894588610e-02
8.976584879167286424e-01
-1.108117394397721389e+00
-4.776258484172146268e+00
-7.246567797287772450e+00
-6.227680290079185887e+00
-1.710721067226876890e+00
3.954947982386966210e+00
7.647891014455963088e+00
7.545337249187918260e+00
4.210173565629364845e+00
1.163555895469636781e-02
-2.580106084783431175e+00
-2.547287043342772339e+00
-6.919768636268450734e-01
1.257874600900925843e+00
1.980617508161531148e+00
1.324297070093098716e+00
7.607996371630260102e-02
-8.758910550934223549e-01
-1.213621228570110011e+00
-1.202259958719870347e+00
-1.193359097735021912e+00
-1.187947554309147558e+00
-8.926460768002304480e-01
-1.733740232333512710e-01
6.069826422925064247e-01
7.953830364405158893e-01
1.025876000707692248e-01
-8.888020531961711157e-01
-9.452509752957981570e-01
8.592412743126104369e-01
4.134747688260000942e+00
7.018511337342347112e+00
7.237535219446302293e+00
3.810835374274231135e+00
-1.831955287639050578e+00
-6.314510625474563099e+00
-6.321167237094095448e+00
-9.468663690318444015e-01
7.240220589303360654e+00
1.335393965015735063e+01
1.305742122491095358e+01
5.412310225880585079e+00
-6.166443017577117658e+00
-1.562348215713744182e+01
-1.773511139537097492e+01
-1.125833686112967946e+01
2.062284321608363058e-01
1.023173267370083295e+01
1.328928411484655214e+01
7.950713730070994245e+00
-2.341877382241387195e+00
-1.137066456152954608e+01
-1.381314211726243890e+01
-8.297525574692818040e+00
1.918260037163858733e+00
1.094622827363200912e+01
1.367843938160719119e+01
8.593756228480124548e+00
-1.582712275273181479e+00
-1.158310806623180156e+01
-1.653204075309002263e+01
-1.440091025735697983e+01
-6.716408713644206330e+00
2.632649982129117827e+00
9.592312624763712492e+00
1.184608443938669531e+01
9.511053972937087764e+00
4.535866268770416987e+00
-5.897162471689025853e-01
-4.003186217877186870e+00
-5.005657109491040480e+00
-3.948336934054054392e+00
-1.780011405338045805e+00
4.184157244655681840e-01
1.772124985635963990e+00
1.841949454722277668e+00
7.642312183932997716e-01
-7.754838508495160987e-01
-1.832645451223195554e+00
-1.710090725672146927e+00
-4.157443364349552306e-01
1.268700693083574471e+00
2.246940993962533994e+00
1.851575829117164673e+00
3.543132203133512181e-01
-1.181677602422259721e+00
-1.676563160141491204e+00
-8.998282666294077359e-01
2.581009776374765807e-01
4.123593021127051061e-01
-1.169393117450898023e+00
-3.752897971667319865e+00
-5.372793505760293797e+00
-4.113857521454434618e+00
3.796067526884200349e-01
6.273467262597846705e+00
1.038722408754881776e+01
1.009707484625734963e+01
5.084281883282907089e+00
-2.275060533935568508e+00
-8.219135502670406268e+00
-9.809080217155234038e+00
-6.620601619806877558e+00
-8.492910937362265766e-01
4.169191199080577448e+00
5.984967193149667963e+00
4.281805742239549240e+00
6.554152261428930482e-01
-2.717122105716265779e+00
-4.458362360926397372e+00
-4.491585457805916448e+00
-3.517522554363682552e+00
-2.116723695218547086e+00
-3.178531590151061348e-01
2.045238967325352153e+00
4.623211671295671010e+00
6.274824839862905179e+00
5.654339432251184405e+00
2.315712708270522668e+00
-2.560564034676371836e+00
-6.544055375065616076e+00
-7.357871200616343366e+00
-4.399419453554672010e+00
7.295685051456177739e-01
5.153540906286432133e+00
6.547648926710583517e+00
4.618064477554058911e+00
1.206794005717066742e+00
-1.053422546038074170e+00
-5.868242919360978638e-01
2.070765657572318119e+00
4.732730680853247662e+00
5.183485623509578311e+00
2.799604357775169916e+00
-9.668018012425845242e-01
-3.565131106013926576e+00
-3.096463719571941553e+00
3.539250231877132391e-01
4.674899668285625864e+00
6.977390480772213799e+00
5.316259330622850499e+00
-1.639190669515318000e-01
-7.277840635854013307e+00
-1.291615135083357480e+01
-1.453873995653373186e+01
-1.126813020617296246e+01
-4.146341354278323621e+00
4.407695838706018776e+00
1.158080195456516748e+01
1.516114889902011953e+01
1.422822384728685741e+01
9.372670724158952638e+00
2.415912247839267835e+00
-4.273796317192889660e+00
-8.639041224982207723e+00
-9.642230112330929970e+00
-7.535909142608775646e+00
-3.593948962497765187e+00
5.332846303226451701e-01
3.498798792052784989e+00
4.658701313536697697e+00
4.082962979538534043e+00
2.302549867500600200e+00
1.721992657902049473e-02
-2.092230546073245545e+00
-3.460597127018657293e+00
-3.737733521692124583e+00
-2.923157672469642421e+00
-1.442220122198255572e+00
-2.663776164544894368e-02
6.253303199100377352e-01
2.430918057548135114e-01
-8.321422470679141759e-01
-1.832204710595630504e+00
-2.022697825113932701e+00
-1.141361853474549326e+00
4.715038556068928965e-01
2.107566942895753748e+00
3.085103851847327938e+00
3.017518304112515093e+00
1.828488891749456613e+00
-3.653718092339974799e-01
-3.280216225663057816e+00
-6.322010992666338147e+00
-8.463245460110075058e+00
-8.442426702424972618e+00
-5.388574745043725578e+00
4.300431512175193483e-01
7.302530102292232428e+00
1.263083461777253014e+01
1.420142551189115920e+01
1.145069124456958320e+01
5.865424292593258926e+00
1.509782738007063863e-01
-3.370863565386397642e+00
-4.094204129300309525e+00
-3.283166683990296431e+00
-2.939354555783273870e+00
-4.192060075372309846e+00
-6.383415882433430610e+00
-7.535984178860100968e+00
-5.885925566778231754e+00
-1.367068004268683801e+00
4.066521599632972439e+00
7.574434355982014644e+00
7.267566762323815155e+00
3.477815899988379034e+00
-1.426436967209144591e+00
-4.555815947834792823e+00
-4.313872115674444174e+00
-1.303321699905206632e+00
2.225423895042339950e+00
3.939234152649892629e+00
2.921991204138706610e+00
1.560941706532338324e-01
-2.232690399566347850e+00
-2.388047464707532708e+00
1.237937285953260025e-01
4.070143902454809393e+00
7.259087609185872481e+00
7.719870344433413578e+00
4.718581479836307935e+00
-8.446900508009371755e-01
-6.783195170907301730e+00
-1.055165614257738405e+01
-1.039765638453160790e+01
-6.269624150893073455e+00
-2.288337249085670155e-02
5.319268286415226754e+00
7.046543843670614926e+00
4.283327135333593105e+00
-1.356477480601053553e+00
-6.533649316723920464e+00
-8.088417860871151888e+00
-4.993856431191877832e+00
9.226150275026880898e-01
6.077473177485985367e+00
7.434967631225281259e+00
4.509426806334837501e+00
-3.312989715236680510e-01
-3.529331504784259721e+00
-2.838185454726274148e+00
1.113353295797910647e+00
5.338285769404143011e+00
6.727351990844651297e+00
4.354882939455150037e+00
1.202340253277094373e-01
-2.780471435043383899e+00
-2.403869536128143469e+00
3.417086779612137359e-01
2.345318417695831048e+00
7.777789763258973199e-01
-4.464040313854901854e+00
-1.029806480960434989e+01
-1.248884923452149742e+01
-8.773215383335061901e+00
-7.605728946094707510e-01
6.903926407880944360e+00
9.635939864861507331e+00
6.085434635470690523e+00
-9.221265782457752636e-01
-6.397989292151146756e+00
-6.725148092488393736e+00
-2.163588568674287504e+00
3.476954786469795167e+00
5.724598168286870070e+00
2.755786432689595777e+00
-3.288929869594250821e+00
-7.905022957975676334e+00
-7.515632246176439324e+00
-2.027170045062539838e+00
5.174672605422983906e+00
9.692684929681846029e+00
9.171193048769735512e+00
4.717580082884747839e+00
-2.247560794103871662e-01
-2.559236156239241833e+00
-1.702716890009684292e+00
3.233207015391601491e-01
7.915875723164909061e-01
-1.418227226239089589e+00
-4.895068659879871831e+00
-6.817487408548485561e+00
-5.189958603917677493e+00
-4.535543059393842835e-01
4.732502370655933710e+00
7.327822932301736536e+00
5.970741600492175394e+00
1.779941354671470188e+00
-2.575880003103495408e+00
-4.737081737109470225e+00
-4.056290950119102234e+00
-1.643742840936760263e+00
7.611699444066891695e-01
2.090371539866747064e+00
2.451491309814533448e+00
2.625876028776179538e+00
3.159513041849596249e+00
3.867551449752705484e+00
4.102157297460921725e+00
3.435400507809958093e+00
2.089375724151335767e+00
7.392738433235059858e-01
-8.393495903806702518e-02
-4.075601347989035173e-01
-6.605810717836448909e-01
-1.114584243777586581e+00
-1.490447730908744273e+00
-1.166992747202474590e+00
1.356364346562558554e-01
1.820252991833656520e+00
2.606348960991712094e+00
1.442667246657105773e+00
-1.537982434082407313e+00
-4.851483948193470397e+00
-6.560681689254261428e+00
-5.657986643031151175e+00
-2.880104630531350463e+00
-2.500520414188829310e-01
4.046076847864631398e-01
-1.126717065091409564e+00
-3.195709210771414455e+00
-3.503434816495708759e+00
-9.115411020015304899e-01
3.515515633478935698e+00
7.097852678623610245e+00
7.414292397451260008e+00
4.119061543610261111e+00
-6.678938000352592219e-01
-3.758378879304202336e+00
-3.128218307283012756e+00
6.149025647206298739e-01
4.610677459716979953e+00
5.738123166407837594e+00
2.824794623682595596e+00
-2.482906963486247065e+00
-6.793354574901050213e+00
-7.224786898018919601e+00
-3.278809966412080890e+00
2.913029510827994883e+00
8.044991215520322925e+00
9.711300368387075110e+00
7.680386567108206108e+00
3.624244614563535194e+00
-3.072429350403238502e-01
-2.921441941805026588e+00
-4.415494489802950895e+00
-5.648334740477338300e+00
-6.987763929174539257e+00
-7.736760468940075519e+00
-6.625495213450495413e+00
-2.982021535763587750e+00
2.361220123965109607e+00
7.196818738162273021e+00
9.123410834967454974e+00
7.018114910920044025e+00
1.805996164562670980e+00
-4.003951564562314047e+00
-7.725297471397766458e+00
-7.947173572979972178e+00
-5.147576209625078114e+00
-1.165634609470435956e+00
2.030258901288442441e+00
3.443762345894311849e+00
3.360982635262144136e+00
2.793440999968866745e+00
2.552924351230629885e+00
2.647716275318291235e+00
2.399885140014646812e+00
1.141937774794437477e+00
-1.062401979408382546e+00
-3.240048909415240708e+00
-4.052611593778351562e+00
-2.723695439386628170e+00
2.881105497814517857e-01
3.379872869014957093e+00
4.683839218849277231e+00
3.228434435787749468e+00
-3.569957845104773098e-01
-4.090093567257087059e+00
-5.750058396803669147e+00
-4.210272413508416633e+00
-1.656573521482543887e-01
4.221180362510200901e+00
6.563069800953522659e+00
5.622783664435540452e+00
1.970686872540429402e+00
-2.465302529039647972e+00
-5.634098805780902275e+00
-6.557382894481431634e+00
-5.716393591438891697e+00
-4.429644280478304275e+00
-3.721149573371333119e+00
-3.522394598479118066e+00
-2.796373775744492196e+00
-4.935345942141244890e-01
3.374722017311299282e+00
7.380316702276733309e+00
9.392616360783000218e+00
7.952919329876896981e+00
3.391556090665989842e+00
-2.117811644210545907e+00
-5.696105736325728586e+00
-5.426303199356810936e+00
-1.513503603900117067e+00
3.799841046470413541e+00
7.521741226712363115e+00
7.610757799496270515e+00
4.060741256640461039e+00
-1.244538105385602611e+00
-5.744082477998482261e+00
-7.680512347127832484e+00
-6.945566601072312274e+00
-4.847016586253263704e+00
-3.053797825929326137e+00
-2.462417286866128485e+00
-2.712027207555210317e+00
-2.604090618118062306e+00
-1.082913168467298792e+00
1.909241793861035985e+00
5.274230083267437585e+00
7.394488159344177802e+00
7.142629967238741884e+00
4.609245148163861217e+00
1.082867666599885093e+00
-1.703017407457239507e+00
-2.578060616555861273e+00
-1.567680769358445136e+00
2.304291091862710195e-01
1.418700272717021260e+00
1.203870817328578369e+00
-1.515631071446942313e-01
-1.599707361876518075e+00
-2.082880588584772319e+00
-1.268525898021145126e+00
2.548046204055679498e-01
1.431101926764676957e+00
1.496244050862772346e+00
4.965524300028109073e-01
-7.906059962603262381e-01
-1.451652762446511868e+00
-1.096359172807736204e+00
-1.020280748978054097e-01
7.135980122890696054e-01
7.177923288734171514e-01
-9.478327735512720453e-02
-1.159578384296388487e+00
-1.815077813333622947e+00
-1.788371307162123447e+00
-1.305954922923433958e+00
-7.731633095711751835e-01
-3.368135341860860610e-01
2.542690027101953687e-01
1.338863614508632560e+00
2.844635479171222059e+00
4.075445364591702813e+00
4.068237941868305896e+00
2.334450266052104705e+00
-5.731460041504321534e-01
-3.179804265465135504e+00
-3.929635125784832983e+00
-2.220401104640703061e+00
1.104123552767614758e+00
4.203814686971588443e+00
5.374263794469119837e+00
4.103622285261188551e+00
1.337584560802767886e+00
-1.206670054122875868e+00
-2.174377359124865627e+00
-1.371287540954145179e+00
2.666303671746947934e-01
1.408062687010616543e+00
1.178151122352779634e+00
-4.424848139021539950e-01
-2.811023242857453752e+00
-5.093588992021372164e+00
-6.591959176623301886e+00
-6.782915688102155727e+00
-5.286557455238241943e+00
-2.049439149096497381e+00
2.277222527583705691e+00
6.168600436780124596e+00
7.709410754557231904e+00
5.711223670800274377e+00
8.008942612367824232e-01
-4.439150818169057544e+00
-6.714063204818025099e+00
-4.084767785989514621e+00
2.479982922745311402e+00
9.296789685503751954e+00
1.205495597277517206e+01
8.586255170743571696e+00
4.649250242969764635e-01
-7.769334408789787538e+00
-1.139552173447783723e+01
-8.507538556526203166e+00
-1.202604878959604218e+00
5.859492353244695195e+00
8.539293296180668236e+00
5.824219982061553225e+00
2.068676664837250101e-01
-4.314669678344522197e+00
-5.091828001315390928e+00
-2.481789123763039395e+00
7.812456459977692447e-01
1.870923703805912330e+00
7.455662885320735178e-03
-3.133717835477916491e+00
-4.934391545334879225e+00
-3.987183608865666251e+00
-1.181419347315234347e+00
1.084717763247087463e+00
8.792435302820021947e-01
-1.695611149486793146e+00
-4.572018597663129569e+00
-5.335414507566268227e+00
-3.094621940996897358e+00
8.583389592663082102e-01
4.073616356840157771e+00
4.799124981875888984e+00
3.194600045401499777e+00
9.948568413401013277e-01
-2.444085193140466128e-02
5.135170407503484302e-01
1.406928862164751548e+00
1.056882789642441978e+00
-1.011195807382785805e+00
-3.577358779619252971e+00
-4.608035587445689529e+00
-2.889396435453473355e+00
9.120488672008070230e-01
4.633836238042916555e+00
6.158412328051491080e+00
4.898124999274588554e+00
2.072247103494260223e+00
-3.883332389268686069e-01
-1.369178684172580374e+00
-1.275212257179572539e+00
-1.372555444630660482e+00
-2.393837414880739090e+00
-3.663813852655434022e+00
-3.569754051553185370e+00
-1.046845321363367942e+00
3.173432858920541833e+00
6.705780000429535370e+00
7.112223886703880282e+00
3.807990073156977573e+00
-1.240205401674729480e+00
-4.692960853755032247e+00
-4.137413444057121303e+00
1.544073307235338532e-01
5.327436107121799935e+00
7.871248023663557802e+00
5.996411417669694544e+00
7.690201896091402034e-01
-4.746099369711593852e+00
-7.621768692326340577e+00
-6.901652411087924932e+00
-3.889578515555865312e+00
-8.821071392720689630e-01
5.405402718949319230e-01
3.698303400819681896e-01
-3.018330732228831637e-01
-4.594819158750690913e-01
3.239671226372942137e-02
6.082945927499622263e-01
8.234385395878661695e-01
9.238354377403381612e-01
1.569073394854195058e+00
2.973210112792649795e+00
4.352585639305986298e+00
4.358924433281103461e+00
2.275936072303546887e+00
-1.044711580612925017e+00
-3.475687700052411344e+00
-3.135487362520660071e+00
-2.474284842099572224e-02
3.625971844413159229e+00
4.805861593882922556e+00
2.029828988937660394e+00
-3.279435326801477757e+00
-7.569490586298703860e+00
-7.713144195830325955e+00
-3.484889288409866115e+00
2.012110541861636293e+00
4.487922684940672369e+00
1.712183534465480772e+00
-4.580455402572069623e+00
-9.704406952266673159e+00
-9.379848089337624373e+00
-3.013267420249463591e+00
5.599399689421820092e+00
1.081782556745760360e+01
9.193760674446089354e+00
2.046319587422609665e+00
-5.386645399094665443e+00
-7.687815285623756267e+00
-3.195320657957724020e+00
4.758962204315375644e+00
1.025102102850715546e+01
9.079571477691105841e+00
1.853861144791209448e+00
-6.393161433838754348e+00
-9.777842540985927755e+00
-5.733219403547550108e+00
3.207559502006461116e+00
1.121494651351578753e+01
1.316820905621199600e+01
7.980537047049320876e+00
-1.001291403799950075e+00
-8.564665417168823680e+00
-1.112491909325115103e+01
-8.647954199015254417e+00
-3.892240270122852230e+00
7.597735667034893892e-02
1.996972075612684083e+00
2.629458878080228601e+00
3.227522283421341953e+00
3.862166686009980143e+00
3.176530530977370592e+00
-1.738511679747467564e-01
-5.685866131386770661e+00
-1.052423605976877674e+01
-1.110280975849193119e+01
-5.738376545533611761e+00
3.631978674242956728e+00
1.215096684277198236e+01
1.491370285058837730e+01
1.012955831926515948e+01
3.825682530444420859e-01
-8.921693023803983991e+00
-1.289273017201638893e+01
-1.004185223274077465e+01
-2.861912355230356475e+00
4.119485953308464232e+00
7.337823471730345659e+00
6.193682017397433626e+00
2.878326186229251960e+00
4.261330024157802265e-01
5.355638297961508032e-01
2.651884952308765531e+00
4.738311678837257013e+00
4.944795826829556873e+00
2.885923730150385502e+00
-2.882265609522041139e-01
-2.875320568342617733e+00
-3.800955217244443407e+00
-3.157535995604108248e+00
-1.869758755487323398e+00
-9.076652263390581066e-01
-6.869542597394810990e-01
-1.008400940194911666e+00
-1.414821409081389314e+00
-1.582514433231365647e+00
-1.463764198972880681e+00
-1.186388350629531852e+00
-9.054431884706380940e-01
-7.519344357024819736e-01
-8.433634346527917325e-01
-1.230272150350815163e+00
-1.752899390548713132e+00
-1.957757092178286973e+00
-1.262942033812610498e+00
6.270144839603265519e-01
3.328684624413078552e+00
5.775275268328467604e+00
6.737963846787515365e+00
5.597487685707709382e+00
2.823305407966659075e+00
-2.460056525466380872e-01
-2.240559143319030611e+00
-2.651748331175505236e+00
-2.127175019488158014e+00
-1.926389913710838675e+00
-2.919990425662682298e+00
-4.876647334583992688e+00
-6.587520747112429298e+00
-6.753123699559526294e+00
-4.971750557684582184e+00
-2.074378114212737323e+00
4.662338659810854047e-01
1.622071097323943167e+00
1.572398107956695323e+00
1.547900447738815188e+00
2.840725719413295103e+00
5.693318804803891631e+00
8.890973810206197925e+00
1.039623902715860737e+01
8.633556411308660472e+00
3.581683894666840118e+00
-3.036136861382176200e+00
-8.577977514021904781e+00
-1.080842326174027157e+01
-8.955822611547882062e+00
-3.975299183082217525e+00
2.002760720369602065e+00
6.646146879872086188e+00
8.323542292037734214e+00
6.617067581188479153e+00
2.368445218638562721e+00
-2.670958525881743206e+00
-6.474659249970567743e+00
-7.511148322801309618e+00
-5.406777474606695222e+00
-1.183788690630668050e+00
3.151992203178872298e+00
5.586417417645038519e+00
5.165928819809757044e+00
2.525306948970182486e+00
-5.131929894203698383e-01
-2.086396376405821762e+00
-1.472397490188184221e+00
4.873201843704755287e-01
2.045625155661740191e+00
1.859285330248278356e+00
2.759881431548072417e-02
-1.918555705679435341e+00
-2.130570908907925443e+00
1.013922873974134609e-01
3.618363855933283801e+00
6.001946121130580458e+00
5.199346016981017726e+00
1.074215622347329813e+00
-4.238547647180769928e+00
-7.529303653063776025e+00
-6.553457956884772173e+00
-1.579578099152561643e+00
4.624877874895478413e+00
8.434955446748261920e+00
7.617909576281397754e+00
2.742506742268151498e+00
-3.177128102730070403e+00
-6.588733720361363844e+00
-5.640474089165321558e+00
-1.319881317108740237e+00
3.221934879131778562e+00
4.708238028264339015e+00
1.826076998548453734e+00
-3.947416670821570328e+00
-9.266285344098648125e+00
-1.096014335068036338e+01
-7.904061936882064821e+00
-1.586554094800763703e+00
4.885984333942078095e+00
8.633180880341381425e+00
8.514398107175360053e+00
5.444406347611712604e+00
1.475036935242169722e+00
-1.614398571204527233e+00
-3.251745612584554301e+00
-4.000384898910212428e+00
-4.699700779588162902e+00
-5.565205638279175915e+00
-5.951782201053445576e+00
-4.931216551041788243e+00
-2.196789124803133042e+00
1.446830154705599503e+00
4.439433749366981985e+00
5.455701302277919496e+00
4.321749837108105119e+00
2.169307800645190909e+00
6.719598949321388126e-01
8.728829691406628788e-01
2.426853325092450220e+00
3.806406561685082401e+00
3.350805904149522618e+00
4.444310222226253160e-01
-3.979577615616646469e+00
-7.943223770932904770e+00
-9.576948688368918994e+00
-8.146817831370615437e+00
-4.319618319617515745e+00
4.020162793697983350e-01
4.579221640104156776e+00
7.425605085225920554e+00
8.779162426880828818e+00
8.681814606525044553e+00
7.078388338270336533e+00
3.968333484915549825e+00
-1.378881379754721692e-01
-3.971706856417427822e+00
-5.897679916495984109e+00
-4.864419831727357035e+00
-1.295405012591456018e+00
2.818036725875252113e+00
4.894198764757841325e+00
3.322528638608538198e+00
-1.382167023875430445e+00
-6.669138303350056418e+00
-9.356768113576658052e+00
-7.548612430181988131e+00
-1.869331296087385574e+00
4.783492183539272524e+00
8.856199746561316033e+00
8.158423232439208306e+00
3.085303454799410705e+00
-3.644012830340131792e+00
-8.515459171470237010e+00
-9.088728748564985693e+00
-5.168459696357873057e+00
1.267593722638284737e+00
7.201147895813241107e+00
1.006853161114573325e+01
8.859144267264628780e+00
4.385083093028788959e+00
-1.257695882922296393e+00
-5.688122250395110768e+00
-7.244780327232839490e+00
-5.616239165955213331e+00
-1.882369724702174896e+00
2.039926287119134152e+00
4.326644155454548724e+00
4.143540425944816974e+00
2.057683372074046613e+00
-2.977562190597971559e-01
-1.178704470068808519e+00
2.080029958906838283e-01
3.174464405262895195e+00
5.920560567527558327e+00
6.625801844465563306e+00
4.607938401080033941e+00
8.074376667143701169e-01
-2.743166801595289250e+00
-4.160858886171018511e+00
-2.890651335744501615e+00
-7.018651807138631682e-02
2.161230485930273559e+00
1.985837033042268107e+00
-9.517399570077534898e-01
-5.276552859415783558e+00
-8.636552548130463691e+00
-9.018620347647917868e+00
-5.866209312603952952e+00
-3.906850514331772217e-01
5.053044121721570470e+00
8.151507052254887142e+00
7.743662702066697712e+00
4.309438085977737032e+00
-3.677401817832766096e-01
-4.155749814310216728e+00
-5.648007137159704705e+00
-4.811438073727174469e+00
-2.874928732818605059e+00
-1.512538563197275421e+00
-1.764742024085884875e+00
-3.324181248551767887e+00
-4.651975516528418453e+00
-3.925446267899630470e+00
-2.907753573841762584e-01
5.361908372114059240e+00
1.065755515902590389e+01
1.296558588567682690e+01
1.089696627316903843e+01
5.144451423918724231e+00
-1.875967784930757443e+00
-7.362370316861163388e+00
-9.592023924009765778e+00
-8.607086298193447504e+00
-5.777755780962011478e+00
-2.679897951159291747e+00
-1.521955567274567711e-01
1.833528717930870355e+00
3.551682441322169037e+00
4.821551366745085332e+00
4.925569139529623719e+00
3.274990820940437253e+00
2.433376772040118929e-01
-2.652910371017316749e+00
-3.576799207694231875e+00
-1.703898150116701871e+00
1.961029538839084374e+00
5.047989208254824334e+00
5.396906699478455138e+00
2.659420612108594373e+00
-1.310578386816767082e+00
-3.705290154331603247e+00
-2.850489052224271180e+00
3.896978097882632941e-01
3.027035933140382440e+00
2.035262742459450713e+00
-3.307839288537925970e+00
-1.053423238099472847e+01
-1.531430014047885280e+01
-1.420284236680119783e+01
-6.961954889919336864e+00
3.137449525042395937e+00
1.125981639136273138e+01
1.388970433496338508e+01
1.075246100086407530e+01
4.597611941988257733e+00
-8.295211904353738674e-01
-3.128081783869807175e+00
-2.348156527313379982e+00
-3.431537900813413366e-01
8.847284475437788842e-01
5.268323402604100369e-01
-8.593748682365961455e-01
-2.182281126956823414e+00
-2.759240956055294181e+00
-2.581805330691987699e+00
-1.864485038231369796e+00
-5.240076586357536037e-01
1.753871612573084215e+00
4.856497354691589941e+00
7.691132220127338215e+00
8.494321379089310398e+00
6.050914505863091541e+00
9.569226181900063466e-01
-4.228948286965560577e+00
-6.393643003057533747e+00
-4.041753385356453343e+00
1.360590753045208601e+00
6.069075073724789604e+00
6.545698738716340337e+00
2.079393371129012458e+00
-4.430480522679230759e+00
-8.313113537285094168e+00
-6.462270779606232196e+00
1.876223605570337405e-01
6.961289258079246700e+00
8.527242357927260485e+00
2.729011487777246892e+00
-7.553903654617796448e+00
-1.597081127841150128e+01
-1.677549939661385281e+01
-8.690680068018561855e+00
4.092990007736927893e+00
1.450545547910109434e+01
1.704529577575855726e+01
1.111179191413035383e+01
1.062779134134506531e+00
-6.884845956385269083e+00
-8.682800148599275403e+00
-4.688451737403482866e+00
1.207977384438320811e+00
4.669964237001257956e+00
3.883196666951368670e+00
3.746011661898918099e-01
-2.645690788978892538e+00
-2.952393947889679904e+00
-9.231948698237939510e-01
1.003988032258764873e+00
4.553777143471163802e-01
-2.894732128489192036e+00
-6.993382682123923999e+00
-8.922706554315368521e+00
-7.058665232271807533e+00
-2.248601006472769281e+00
2.821213522317692846e+00
5.531943910736423220e+00
5.078785288426304945e+00
2.822633952080737973e+00
1.093333823690877837e+00
1.411920926783948094e+00
3.445014029908575637e+00
5.382125647499095500e+00
5.358842339626647799e+00
2.837502384509807740e+00
-1.021302278136756225e+00
-4.173029114526370265e+00
-5.033543547717468591e+00
-3.412123125001544466e+00
-4.847403045152051115e-01
2.034845186370251913e+00
2.885614824441799176e+00
1.804477813679772780e+00
-5.568282260415819973e-01
-3.096557924621608393e+00
-4.736658561114477806e+00
-4.715612809378201042e+00
-2.755166225034195726e+00
7.881086293810966037e-01
4.832979889655069528e+00
7.756507872920727742e+00
7.999326009468250120e+00
4.929731550186442490e+00
-5.264954334770233224e-01
-6.015648054253902366e+00
-8.783752170994604924e+00
-7.145201657372767912e+00
-1.545564170265132375e+00
5.491370091326560399e+00
1.060840824866031973e+01
1.138536940736605985e+01
7.609788316999059887e+00
1.301668253271705655e+00
-4.501977220524032042e+00
-7.451326566759250980e+00
-7.058850027201337696e+00
-4.695912747694070966e+00
-2.510107805751924381e+00
-2.006716201648514275e+00
-3.183959792616442019e+00
-4.702139037900741059e+00
-4.893463415250911552e+00
-2.916722639281596141e+00
6.754466097215987563e-01
4.273482870403112699e+00
6.191124814234075124e+00
5.652835117596989534e+00
3.191605837836895887e+00
2.585928400359984169e-01
-1.664292104518250159e+00
-1.879212772780982865e+00
-7.320497894292767871e-01
7.892160083270454152e-01
1.804116928274221543e+00
2.122570973840685049e+00
2.279519825728686833e+00
3.014761967478244209e+00
4.566572638616367641e+00
6.283490475887028026e+00
6.865447937909586074e+00
5.140028600333236497e+00
9.148109386944187627e-01
-4.644252709341853524e+00
-9.407465226782422363e+00
-1.129704113025862711e+01
-9.388789479664842119e+00
-4.481770423502440259e+00
1.209272322176188519e+00
5.107847729445884610e+00
5.535228233385175223e+00
2.519270860083105301e+00
-2.264930296813703503e+00
-6.382004669925483320e+00
-7.880611029269285694e+00
-6.247175045690000594e+00
-2.581796803436595678e+00
1.079679325540762402e+00
2.923384149692949130e+00
2.362868861125827280e+00
3.329004000023749743e-01
-1.308709252874977524e+00
-9.523653917388013035e-01
1.689551815842365690e+00
5.267006515587456583e+00
7.491411495176720337e+00
6.506105210633319480e+00
2.132908136950474098e+00
-3.804112833112327507e+00
-8.375059408556698060e+00
-9.212737409861805560e+00
-5.969766869397115983e+00
-6.269806845042045218e-01
3.626156844443248151e+00
4.321921940561335163e+00
1.272972447435225529e+00
-3.257057774480712098e+00
-5.945408391160283301e+00
-4.533772343141704297e+00
6.593539371256129655e-01
6.835276380997324708e+00
1.040621510465928701e+01
9.231842515723455378e+00
3.977473165552383172e+00
-2.282711812850734212e+00
-5.970461676225673919e+00
-5.201544236026409251e+00
-8.837161961827615375e-01
3.956462681728784681e+00
6.146931037518497121e+00
4.359189612915742806e+00
-1.393425945691986190e-01
-4.393574307166510096e+00
-5.689980030988572857e+00
-3.256279129750502932e+00
1.314962583431598331e+00
5.122167060706365405e+00
5.776414286017587330e+00
2.852812209342669103e+00
-1.875862675868481322e+00
-5.504011180285663052e+00
-5.685514416347953848e+00
