1.367620947012408195e+01
9.073022857104104943e+00
2.586307433479215767e+00
-2.930704066273502661e+00
-5.736229584880724985e+00
-5.827280324762062591e+00
-4.448643040944521232e+00
-2.979771434624078008e+00
-2.034172515381167834e+00
-1.346475353903092032e+00
-3.861240401425828361e-01
9.009359409741415359e-01
1.873564781668330514e+00
1.696778966634549191e+00
1.553468023398583697e-01
-1.915976515896876675e+00
-3.020196340773875221e+00
-2.011478688049977315e+00
9.810733444125452341e-01
4.442395380310073527e+00
6.349969925710842844e+00
5.496465769442819393e+00
2.343616425476727994e+00
-1.225212986839978591e+00
-3.130737652032723695e+00
-2.477913252730630234e+00
-1.316288703426282680e-01
1.923924269175062873e+00
2.000296524233033502e+00
-1.011134960737810617e-01
-2.961673077497910977e+00
-4.575877486670536953e+00
-3.805700880351638560e+00
-1.220833060618527366e+00
1.277601530766985682e+00
1.787836614940442326e+00
-2.442182590168416878e-01
-3.602743528815689267e+00
-6.091228533289282154e+00
-5.972941911822777783e+00
-3.070548960427796459e+00
1.194422167565540871e+00
4.782965026136729136e+00
6.312378934746599057e+00
5.754702670621688831e+00
4.166212426983144645e+00
2.763299470951542602e+00
2.080160943483795322e+00
1.795665860640775158e+00
1.254991295951440211e+00
1.842056017782511823e-01
-1.005693603326742513e+00
-1.558340792174615075e+00
-1.058256529218660535e+00
1.076677280452532637e-01
9.059673743056976258e-01
3.456148216610512303e-01
-1.786520923259685034e+00
-4.664544556626539773e+00
-6.819615280488230624e+00
-6.934122112798859483e+00
-4.545337080182047629e+00
-2.807914568812392986e-01
4.431176188882853140e+00
7.953300947570988377e+00
9.039331570896614210e+00
7.251918841776821445e+00
3.134299211735578794e+00
-1.890852362771887618e+00
-5.936051942617449839e+00
-7.357315415791225277e+00
-5.546611439725349868e+00
-1.399194552596834562e+00
2.941514217744538584e+00
5.117007485887034690e+00
3.896275910925005803e+00
1.932376783849842905e-02
-4.099701710286250744e+00
-5.780893180669441911e+00
-3.797445092671775324e+00
7.165087141090469292e-01
4.858927030827999261e+00
5.778123008696180563e+00
2.577088369618539598e+00
-2.973195391998021186e+00
-7.449773711742949445e+00
-7.912899882523448447e+00
-3.776183599111232247e+00
2.820154258955218207e+00
8.370659906535784955e+00
1.018034332805900277e+01
7.911625692553032607e+00
3.526881560715763086e+00
-2.316906404012478715e-01
-1.704495942643272866e+00
-1.232258246735253193e+00
-5.726720896216601631e-01
-1.341284548238931285e+00
-3.662794447757772076e+00
-6.014155810033781968e+00
-6.351661869301942431e+00
-3.692432526922380553e+00
9.898508512919773628e-01
5.205704407528413569e+00
6.457871111087821525e+00
3.836159545672144233e+00
-1.325218676625946612e+00
-6.140301971256002744e+00
-7.789862550380508566e+00
-5.110583708311094320e+00
7.380873306921555965e-01
6.863684081747860155e+00
1.013029599697328642e+01
8.748935859930732306e+00
3.168060952837928212e+00
-4.149967240077319985e+00
-9.925611312157840871e+00
-1.162872607961037019e+01
-8.642906004807226594e+00
-2.457973482149408806e+00
4.185892139643861753e+00
8.725416824973455832e+00
9.980218961695740632e+00
8.475545340147267126e+00
5.760080486782190867e+00
3.234297391953031564e+00
1.315680171677689358e+00
-4.927944624038524957e-01
-2.749284285808951900e+00
-5.179330298721890102e+00
-6.560941420973620097e+00
-5.615828027519548904e+00
-2.280356442799980066e+00
1.717234924862286460e+00
3.660005547442614304e+00
1.685226495494552612e+00
-3.599426647448981331e+00
-9.051179966138764854e+00
-1.081646616978792430e+01
-6.977603124013340263e+00
8.263858427096455461e-01
8.129081634079165397e+00
1.045652839596306549e+01
6.417270545515138203e+00
-1.123583156515113313e+00
-6.766532660549482436e+00
-6.167371895235717716e+00
9.264457376654799958e-01
1.033708077317844776e+01
1.613492083611378192e+01
1.454214199216652759e+01
6.384771154128188186e+00
-3.577811889223308395e+00
-9.923585973941646543e+00
-1.010870428922520858e+01
-5.825459883408908190e+00
-1.354391788299742050e+00
-2.577174515552940193e-01
-2.881517557244015926e+00
-6.417366832149901335e+00
-7.308428814583972866e+00
-4.068780432771568201e+00
1.615527804467340012e+00
6.231786436695887943e+00
7.079218736870098283e+00
4.137162395076670940e+00
-1.879045879261730667e-01
-3.073248416684989603e+00
-3.348606813453940401e+00
-1.998510645590545032e+00
-8.468504853478315830e-01
-6.911218338168747533e-01
-5.708167911351854640e-01
1.164310023620465095e+00
4.923561261455327909e+00
8.858828970609028630e+00
9.870126815157583167e+00
6.054397238527346126e+00
-1.322190239713897375e+00
-8.092604998418828188e+00
-9.822385177555965186e+00
-5.032696028780949682e+00
3.412154910119244544e+00
9.974094848967759219e+00
1.015634809464194355e+01
3.660460319888620973e+00
-5.324049477280733633e+00
-1.097836457824199918e+01
-9.855338900813528369e+00
-3.173517574873147229e+00
4.203091302183558753e+00
7.294890824225847226e+00
4.448684678983800822e+00
-1.763036564339113266e+00
-6.703225889303697116e+00
-7.154917265902254186e+00
-3.503266243280459769e+00
9.150873440002803560e-01
2.631314284432237915e+00
7.646438028981938917e-01
-2.445444997547418176e+00
-3.618566546607974388e+00
-1.092558454920888877e+00
3.612330340327542633e+00
6.871928046960525727e+00
5.738631726230325469e+00
2.777573639507262548e-01
-6.325965257998581670e+00
-9.965160228480431925e+00
-8.454131112660684622e+00
-2.927858816352045146e+00
3.154905246086324944e+00
6.550641331829487157e+00
6.373846659120406599e+00
4.320723831229363654e+00
2.978349609743063731e+00
3.654234236621635823e+00
5.420694483218371218e+00
6.027999404415790963e+00
3.864866765059666420e+00
-6.177485654498338086e-01
-5.113653421226495688e+00
-7.096216496397460105e+00
-5.607264751572367700e+00
-1.878836629125677504e+00
1.590662553157994541e+00
2.732884054102179938e+00
1.125240203248280224e+00
-2.038772227555025296e+00
-4.997247701007045073e+00
-6.567255575676671064e+00
-6.573012317127698623e+00
-5.445900280462216081e+00
-3.564681503339438784e+00
-1.001397781765540618e+00
2.157904337606713518e+00
5.348711795841802896e+00
7.508951740452440404e+00
7.677516374820051226e+00
5.771785501139556906e+00
2.854771129012068975e+00
5.574619818533621540e-01
5.473797766831434153e-03
1.041787993090931286e+00
2.355369618905635676e+00
2.444997634007519682e+00
7.065140340565863042e-01
-2.158808989203978790e+00
-4.687557454586976924e+00
-5.697529634469508331e+00
-5.031539597571354605e+00
-3.487037154748409140e+00
-2.080489718117053410e+00
-1.293030357321612644e+00
-8.893874417909752861e-01
-3.740180455248571789e-01
3.926548276393062031e-01
9.982879854345443338e-01
8.802521118957394863e-01
-4.790531921644730629e-02
-1.138114891522048255e+00
-1.409109167303012722e+00
-3.283599008834601207e-01
1.661310999528200494e+00
3.340543207201239539e+00
3.542393590189671482e+00
2.006243614455349267e+00
-3.893881210808306514e-01
-2.197457120336819614e+00
-2.358163856277868842e+00
-8.531961031776629234e-01
1.370829519799935392e+00
3.081472743457039254e+00
3.503075264742227191e+00
2.620298466978583374e+00
9.472619881749617665e-01
-9.200762900191925553e-01
-2.565473801010208721e+00
-3.694892291933805861e+00
-3.971625363103574724e+00
-3.049996518375893473e+00
-8.776627591969212716e-01
1.997345194629338128e+00
4.480067446455991309e+00
5.450663683776695301e+00
4.450703897298640577e+00
2.025286801402223613e+00
-5.774831334915919712e-01
-2.169059984255450768e+00
-2.303425145704334653e+00
-1.400919912927658384e+00
-2.764107708373158556e-01
5.043406172077300464e-01
9.196884957080559975e-01
1.258251610544313115e+00
1.650745793839888176e+00
1.852521877181774412e+00
1.499032904857244164e+00
5.782096633438318367e-01
-3.854436040211481340e-01
-7.046923280907607667e-01
-1.922858673315492872e-01
5.114162566474944605e-01
3.698204870530393817e-01
-1.089083288210764611e+00
-3.079220725982604545e+00
-3.864104401272862255e+00
-2.049052391719771382e+00
2.047642746296630456e+00
6.119078679515180141e+00
7.174047681449360780e+00
3.685093617670693433e+00
-2.971737607784464608e+00
-9.022174376574831456e+00
-1.063892473373173253e+01
-6.596584724487562390e+00
6.926459869808561098e-01
6.654472327380677399e+00
7.633427744864891729e+00
3.429682321434596393e+00
-2.568119872990823893e+00
-5.823655132768901233e+00
-3.949994585355843135e+00
1.532235950217578857e+00
6.292383164490741088e+00
6.381044963229919986e+00
1.199097860117088743e+00
-5.938319940591266999e+00
-1.008427043935254908e+01
-8.156490125771115984e+00
-1.135336051858781392e+00
6.596481745273758079e+00
1.026404022123391435e+01
7.894975075943631460e+00
1.478219634117682091e+00
-4.604558640576307482e+00
-6.624593643048333647e+00
-3.843447293506172535e+00
1.365077394670093147e+00
5.434098255693422530e+00
6.002630737187041099e+00
3.115927668045744170e+00
-1.352547843744540179e+00
-5.279519890300127472e+00
-7.527686042376922515e+00
-8.049049755535705231e+00
-7.146872117405979274e+00
-4.843171000081608391e+00
-1.021885128972779277e+00
3.862223884596164059e+00
8.362757710120877874e+00
1.056738125146021900e+01
9.352432510846284686e+00
5.375043419721992954e+00
8.664967259988645143e-01
-1.798740163483718568e+00
-1.746022961031541865e+00
-1.675748197965167829e-01
6.940805508676105573e-01
-5.995346016586906579e-01
-3.450275918654824636e+00
-5.629779193989679520e+00
-5.053330518760477119e+00
-1.532290140489226404e+00
2.914292230535296735e+00
5.491513638496797078e+00
4.713871021878405898e+00
1.504810804051967654e+00
-1.570341352885000763e+00
-2.338554544783863598e+00
-7.008518473420470851e-01
1.384643589332289260e+00
1.598940997600414970e+00
-7.481530332945337536e-01
-4.075342577686203782e+00
-5.789717571076437252e+00
-4.442361020247533432e+00
-1.004509179337709224e+00
1.833316744667859322e+00
1.830472189956152462e+00
-9.151651132395344224e-01
-3.946736143645832584e+00
-4.402423715490891176e+00
-1.416710250677449601e+00
3.006122111578385603e+00
5.462582162021817567e+00
3.891598301006992333e+00
-5.952580751606492138e-01
-4.362862659353313077e+00
-4.022663145445943833e+00
7.790744374295772712e-01
6.803954688479546320e+00
9.492904618548713813e+00
6.445856527645043244e+00
-5.588187193494510430e-01
-6.666831131916188369e+00
-7.475388783814195470e+00
-2.372616902510188197e+00
4.882336657017054549e+00
8.873439720276397935e+00
6.555793523173544024e+00
-4.432445098176387432e-01
-7.036559192251688799e+00
-8.531265457292203536e+00
-4.206024835965957998e+00
2.148481177323382951e+00
5.197110707067455593e+00
2.303181490498107387e+00
-4.232425628435813714e+00
-8.760466571002977432e+00
-6.624546228544873294e+00
1.985494662070627747e+00
1.166600593512204753e+01
1.539099600570815518e+01
9.576762645043645605e+00
-3.052952018460779460e+00
-1.497275724836729793e+01
-1.878362434586568952e+01
-1.214547756357838537e+01
7.230339998357226960e-01
1.197869578524332290e+01
1.540511023834532089e+01
1.030651328865862126e+01
1.445178695254267787e+00
-4.709226888874011863e+00
-4.590645614974956601e+00
2.668119239967258194e-01
4.832788104979542254e+00
4.600232987840689347e+00
-1.002517491967528152e+00
-8.230291227990546687e+00
-1.180415126295484463e+01
-8.736185409639837474e+00
-4.472833938131541842e-01
8.223688097069929981e+00
1.227784770054081065e+01
9.736318090712797968e+00
2.627143144276928410e+00
-4.673852260957305660e+00
-8.384787908936390366e+00
-7.476540213046843242e+00
-3.761916002322626795e+00
-1.830852503319672087e-01
1.271939247580340382e+00
5.765537854295575970e-01
-8.660247282301860583e-01
-1.604622288731228252e+00
-1.208099697128879324e+00
-2.976143270667778173e-01
2.756814247496515158e-01
2.965260054064712270e-01
3.631357025523372362e-01
1.283532867877417827e+00
3.243241228276154686e+00
5.452518270124599553e+00
6.572867512487453823e+00
5.609069504586642552e+00
2.612453291423416424e+00
-1.296831915256838608e+00
-4.577927838595114096e+00
-6.125080063068780056e+00
-5.778427726452370905e+00
-4.226786347723598070e+00
-2.460106480334065981e+00
-1.179426815555924879e+00
-5.165415820503722610e-01
-1.503190827390497031e-01
3.510777138112914919e-01
1.219097884077882998e+00
2.367439960733915605e+00
3.469975280997068978e+00
4.132850637635982594e+00
4.058919619072426599e+00
3.158520180655334908e+00
1.602256829792824355e+00
-1.902901920128254876e-01
-1.649296674904026538e+00
-2.251228088368120162e+00
-1.766581457571942737e+00
-4.465325808192719959e-01
9.814023187519511637e-01
1.574399150242582035e+00
6.290647351051912306e-01
-1.864032887541686723e+00
-5.017188558063229387e+00
-7.277102360940578940e+00
-7.085085608326217255e+00
-3.719012665802025275e+00
2.100940650421276423e+00
8.240262467691245263e+00
1.194996039921401909e+01
1.116500549930950115e+01
5.676601536355563304e+00
-2.501710715271377339e+00
-9.907560685609533735e+00
-1.326192592838599538e+01
-1.113682024982237628e+01
-4.722304603380184318e+00
2.794765193104089107e+00
7.937391031942859776e+00
8.767365602358697885e+00
5.776537354034092075e+00
1.342665456128738999e+00
-1.862148284434035572e+00
-2.480672664238322778e+00
-1.094249767506785931e+00
4.623207360494472340e-01
5.428072354429060997e-01
-1.140426415222405288e+00
-3.407253658444885591e+00
-4.573821663023321271e+00
-3.743194964519344303e+00
-1.469773808719254449e+00
6.732004665452568926e-01
1.281714812823857130e+00
1.732319717559041294e-01
-1.479825711709737313e+00
-2.036061308058201291e+00
-6.371384786017855184e-01
2.101423768192208996e+00
4.481331195213052787e+00
4.924304868925252876e+00
3.117806338775365838e+00
2.655375024355045577e-01
-1.754629147978269410e+00
-1.732399154299965494e+00
-3.524020644167180638e-03
1.779115325767527178e+00
1.842016949579971641e+00
-3.781115431978147035e-01
-3.713995709986536831e+00
-5.951376490207904268e+00
-5.279442682502656581e+00
-1.537258856051720635e+00
3.585384567622635021e+00
7.535247732274872767e+00
8.425620727045288305e+00
6.118636518404865221e+00
2.188102989975809542e+00
-1.158463546540904332e+00
-2.450938232641810544e+00
-1.726205435416738876e+00
-2.513960128821590700e-01
5.247842100947641697e-01
2.229229460179338318e-02
-1.139540302659361348e+00
-1.716332099106169462e+00
-8.657691501624608099e-01
1.126670675314109582e+00
2.949304204239127536e+00
3.132302028118203019e+00
1.085820326613117004e+00
-2.408876571277299927e+00
-5.604203743191322751e+00
-6.835769523167851247e+00
-5.539252660824167229e+00
-2.583877779450061585e+00
2.784445317151952870e-01
1.483327044441644427e+00
5.670594735648980533e-01
-1.623190936221534653e+00
-3.504258719749813178e+00
-3.717739406267474678e+00
-1.881537315284120382e+00
1.278304662783619872e+00
4.416070527320178130e+00
6.319506304559862286e+00
6.478229276532517567e+00
5.200425572248395412e+00
3.309309841116635731e+00
1.664614433245089398e+00
7.798015112029750284e-01
6.815776533849922103e-01
1.003690063425441981e+00
1.217438855911518791e+00
8.904986677750978963e-01
-1.118626868843879407e-01
-1.551206190171086297e+00
-2.911626163319088523e+00
-3.652960329675029705e+00
-3.513142639280061985e+00
-2.683577953443224473e+00
-1.718976875852277209e+00
-1.199717778180378946e+00
-1.348613863595604645e+00
-1.870030917915650681e+00
-2.147640794437559286e+00
-1.679160278905008408e+00
-4.336159094975429174e-01
1.143518566801341674e+00
2.484106871312325548e+00
3.319960012357913826e+00
3.808641493647199283e+00
4.235158982654074755e+00
4.545619179627137463e+00
4.175450797138895886e+00
2.447209635000321626e+00
-6.739807927020807776e-01
-4.088287007478734303e+00
-5.902059098361259970e+00
-4.601262375303594609e+00
-3.411701061312863992e-01
4.655269346670627861e+00
7.136010583375867355e+00
4.848152773643009006e+00
-1.730541975734880999e+00
-9.253318748071421851e+00
-1.330119738851202094e+01
-1.111896300659047832e+01
-3.515965630454351398e+00
5.431116789858622340e+00
1.082040971859018264e+01
9.976634913275336913e+00
4.086633991946516886e+00
-2.699972561810489058e+00
-6.100803210463284998e+00
-4.517209469092180463e+00
9.757288688010756772e-02
3.873995508250970055e+00
3.941875847011104383e+00
5.025269747930635189e-01
-3.430030605305009583e+00
-4.390448845365227726e+00
-1.154131135921454110e+00
4.249662422958540908e+00
7.967668558505631715e+00
7.147640212464815512e+00
2.072581320869282706e+00
-3.976362888894416692e+00
-7.034096850238039877e+00
-5.246997757412203534e+00
-1.123606779908649100e-01
4.709631576901775141e+00
6.085945635770769968e+00
3.590346476487724203e+00
-4.144136439973082897e-01
-2.776194442222678749e+00
-2.053846131621219762e+00
4.128639982901394223e-01
1.675341325569662754e+00
-3.315109188829421516e-01
-4.927611067988077131e+00
-8.948156939455916614e+00
-9.010641482657337775e+00
-4.127527801907584504e+00
3.310848549799527696e+00
8.991436338545716112e+00
9.587654991178419905e+00
5.047458077628129480e+00
-1.393578925706393079e+00
-5.496835264298539414e+00
-4.973585631306675303e+00
-1.002974236939943697e+00
2.749526083703208279e+00
2.886852802779651839e+00
-1.171417705290701772e+00
-6.660767243403929783e+00
-9.336043771078559317e+00
-6.426705091772539014e+00
1.353870576964523176e+00
1.010033875342450038e+01
1.508599009309447325e+01
1.362443460471292944e+01
6.586988171051677554e+00
-2.294514717705386619e+00
-8.751817870675751010e+00
-1.038099542450830093e+01
-7.676957596497622660e+00
-3.257513339270359243e+00
1.126015347160835844e-02
7.099965515062441890e-01
-5.994821333507365235e-01
-2.128287969023537229e+00
-2.233296536363866824e+00
-4.747094015186612559e-01
2.234515346942410829e+00
4.341923643022414403e+00
4.679922246033049404e+00
3.147226281055696351e+00
6.835818632171606346e-01
-1.370962020397902936e+00
-2.095997130938132447e+00
-1.489919535286701180e+00
-3.695242347335309097e-01
2.415633653389714364e-01
-1.613459886186326686e-01
-1.196639723767117580e+00
-1.846730873229448289e+00
-1.190711619076805006e+00
8.572001982942509812e-01
3.332260134607214930e+00
4.743709157382077990e+00
4.049804851446499931e+00
1.431946966397392274e+00
-1.715270916869836348e+00
-3.653853567766878641e+00
-3.481787144148982716e+00
-1.782841894611038036e+00
-2.166981081787791030e-01
-2.646022573476532469e-01
-2.011462129266861520e+00
-3.913828187211445986e+00
-3.853095140690800502e+00
-8.184153881567437505e-01
4.003234184275552110e+00
7.658362198910403151e+00
7.280431228314455439e+00
2.195487421738776312e+00
-5.215153939644721071e+00
-1.066107764166077310e+01
-1.051782090858167962e+01
-4.206036118229678600e+00
5.231356394209403682e+00
1.282981882685846031e+01
1.465108408856827182e+01
1.009371152603987731e+01
2.083815420546801800e+00
-4.934076767962933374e+00
-7.833483437010084316e+00
-6.583034047834472879e+00
-3.842175094210883657e+00
-2.757284002434019499e+00
-4.545385669903680537e+00
-7.548066264217943910e+00
-8.389478192396236267e+00
-4.424161013772518025e+00
4.198151385941266689e+00
1.424004286582388090e+01
2.105692392081468256e+01
2.118279937076095720e+01
1.423268827172148931e+01
3.041054085476186941e+00
-7.913760664494105868e+00
-1.476175196185488758e+01
-1.588047919042030287e+01
-1.217026937569503353e+01
-6.097412614004213971e+00
-2.744111090482459492e-01
3.596021828878797955e+00
5.015801892234669879e+00
4.366136243589009425e+00
2.391337847052369181e+00
-1.492505465815315846e-01
-2.575477655682522293e+00
-4.267344161192384355e+00
-4.706596372188926125e+00
-3.627658581400034610e+00
-1.185374112342964192e+00
1.994694802454811455e+00
4.951074109020859204e+00
6.672815311067194166e+00
6.441234029123780402e+00
4.120289281891540867e+00
3.002020112319798706e-01
-3.788138679424508215e+00
-6.632699329659807574e+00
-7.019716553127171466e+00
-4.632421350839113217e+00
-3.634718906170456565e-01
3.914469875108518515e+00
6.133218370445689516e+00
5.051122630442344885e+00
9.820362253120089591e-01
-4.221561447365582254e+00
-8.010609868912887066e+00
-8.414195010612893100e+00
-5.072426388471227732e+00
5.475871230175350934e-01
5.886347478176486625e+00
8.583553072407681839e+00
7.632212486477242486e+00
3.797726274534770852e+00
-8.734850493419716866e-01
-4.143083187361834341e+00
-4.676217867640930947e+00
-2.609161414726345996e+00
6.279835865288012631e-01
3.076871383112133707e+00
3.207877163348339167e+00
6.424830560929493117e-01
-3.643940208699644856e+00
-7.707443011745282568e+00
-9.463486477160186539e+00
-7.644408533720628007e+00
-2.487468344620240579e+00
4.198305686191124764e+00
9.719572769567552228e+00
1.172089802306625828e+01
9.386919143285750167e+00
3.965453202942572197e+00
-1.781094407513350575e+00
-5.021301927856745451e+00
-4.451113946125497378e+00
-1.093523609322291756e+00
2.273232552228376058e+00
2.834198381196075367e+00
-3.845914847262299485e-01
-5.679853874944825520e+00
-9.525515233243224245e+00
-8.725844067355804867e+00
-2.584040432983792712e+00
6.326961448867097992e+00
1.341321166294690670e+01
1.468305406375562328e+01
9.164230177948692102e+00
-4.240349955467126453e-01
-9.228551746296803415e+00
-1.311338388463592430e+01
-1.101226829055495138e+01
-5.292760320746157987e+00
5.911000491248996624e-02
2.179794483166380914e+00
1.127424281580991838e+00
-4.722355439172132296e-01
3.542547446325831073e-01
4.447326336977075911e+00
9.589396647964337106e+00
1.188102240894069617e+01
8.531889239616592846e+00
1.245931071870778339e-01
-9.307436344353423152e+00
-1.458352824123484304e+01
-1.260754677576714577e+01
-4.387069726578014084e+00
5.529156165586589289e+00
1.184658262132960971e+01
1.171615541052043596e+01
6.248545120076880011e+00
-5.536697272320015850e-01
-4.600765563167187544e+00
-4.294662343665679671e+00
-1.184758014325857145e+00
1.577678822949618365e+00
1.725367271538813752e+00
-5.365033947751409737e-01
-2.922751004158864241e+00
-3.032283259021910649e+00
-3.424076173742736096e-01
3.275536324274439526e+00
4.893972278085902516e+00
2.717473115233184799e+00
-2.493414070892363554e+00
-7.801824126327664644e+00
-1.000320068602315260e+01
-7.708241846077945603e+00
-2.166655538390654723e+00
3.663334525163476574e+00
7.056608924323235499e+00
7.091651032080498851e+00
4.846383691212319711e+00
2.270919760978594049e+00
7.096480976756753822e-01
1.736624639455839336e-01
-2.275974286081673403e-01
-1.215022595101086900e+00
-2.590434662933858601e+00
-3.420811695890934701e+00
-2.949172234097413359e+00
-1.411493376901294283e+00
-1.740149218672909504e-02
-4.787047985083260626e-02
-1.770421554202864733e+00
-4.067256338488403955e+00
-5.146719453162404534e+00
-3.863095696240337329e+00
-6.608205749607021229e-01
2.607080138135009051e+00
3.918978652124385675e+00
2.520806529789845651e+00
-4.791668512447220252e-01
-2.810924838605887821e+00
-2.571867138293781885e+00
4.721721803146416985e-01
4.707569302611067208e+00
7.719360867691324124e+00
7.824735772884610974e+00
5.052981207662731400e+00
9.611430746378386569e-01
-2.497518310627199867e+00
-4.207714957790023469e+00
-4.383836020183514037e+00
-4.062711819135370384e+00
-4.069016200908171399e+00
-4.270748707223107843e+00
-3.683582189266374929e+00
-1.334644838746227080e+00
2.765564447891186717e+00
7.279342105975342037e+00
1.012884614790093707e+01
9.679404138967891313e+00
5.777627010824191167e+00
-1.510482983111649524e-02
-5.156596491726576303e+00
-7.408531749319325677e+00
-5.950082834365582940e+00
-1.727865366989218554e+00
3.098922515422930957e+00
6.270959720056973552e+00
6.497109071054332219e+00
3.962342720465639623e+00
9.388744176050756174e-02
-3.217591162004230121e+00
-4.516485144120178319e+00
-3.381272559127708188e+00
-5.017448518265397173e-01
2.725402776791569170e+00
4.844234416087996209e+00
4.931820462804660465e+00
2.910459644162855852e+00
-4.972383372094475451e-01
-4.102774359655460223e+00
-6.719008081248571962e+00
-7.584192751657729659e+00
-6.601961261796229330e+00
-4.323912422575192593e+00
-1.685820403437549686e+00
4.028186804823967182e-01
1.446767162121231909e+00
1.548920267191588263e+00
1.283615757127674728e+00
1.305055108513316187e+00
1.896292309605721149e+00
2.730706284149519547e+00
3.023994265167848638e+00
2.028654877962868142e+00
-4.077920698658562548e-01
-3.579445710191056840e+00
-6.165208157703954583e+00
-6.887547103103506707e+00
-5.224112850714695888e+00
-1.751148770361235396e+00
2.097289516338024740e+00
4.726866117257901401e+00
5.147489265017707538e+00
3.397413281115836625e+00
4.427956512056170357e-01
-2.328464052654054761e+00
-3.713916009487325809e+00
-3.123281380384435924e+00
-7.109075359858887388e-01
2.737268939544365232e+00
6.061182266029395471e+00
8.068160365344663632e+00
7.929268242742254280e+00
5.549327255992908547e+00
1.735242756882128479e+00
-2.022462949427501488e+00
-4.176641505231064144e+00
-3.905217449126720641e+00
-1.604367316303823676e+00
1.264793925509124062e+00
2.966984031303665503e+00
2.484506844181289864e+00
9.581064487208901248e-02
-2.838024768673327536e+00
-4.741524385342480663e+00
-4.769490725480587834e+00
-3.208362173843567255e+00
-1.112741618580411096e+00
4.962298141976547727e-01
1.255073464814089323e+00
1.474119043533942630e+00
1.621285133089964692e+00
1.771109293440229271e+00
1.515399626684360568e+00
4.113692475616554933e-01
-1.445308286972948775e+00
-3.273852915277256415e+00
-4.092579266274626093e+00
-3.480097750253268174e+00
-1.964916262943238845e+00
-6.467907992541578333e-01
-2.858318063734771597e-01
-5.974075848293405322e-01
-4.107909732323907215e-01
1.314037412020553575e+00
4.368058174389101822e+00
7.040997768947564239e+00
7.125825351982515876e+00
3.583689855593935825e+00
-2.363865929956813883e+00
-7.674605317235543289e+00
-9.343930986732079447e+00
-6.459167326871575909e+00
-9.464359105185478072e-01
3.649284977993097812e+00
4.594489987811497755e+00
1.900457186090024786e+00
-1.680086016834592577e+00
-2.672679428655954759e+00
4.925036434874201507e-01
6.166051118869160241e+00
1.049955478262418218e+01
1.013784904427965117e+01
4.670928920183134991e+00
-2.940884092783453418e+00
-8.315063689034362326e+00
-8.600038599461861111e+00
-4.334706566174088671e+00
1.087102807820321981e+00
3.908007886277534482e+00
2.614351581583973072e+00
-1.213918416423477753e+00
-4.343352196491615302e+00
-4.448852818150743182e+00
-1.837399458529385576e+00
9.362746480302948093e-01
1.205587298004106911e+00
-1.600604907667678489e+00
-5.389146818845488518e+00
-6.916316026956193852e+00
-4.242199835109842887e+00
1.722619135266733492e+00
7.735818910875829957e+00
1.042014566864930991e+01
8.523407600905894554e+00
3.623559897033163502e+00
-1.151241052994427694e+00
-3.359831806275068722e+00
-2.777648815012825789e+00
-1.174310246360301679e+00
-6.521934496210612942e-01
-1.905626058610782270e+00
-3.730807907560058645e+00
-4.091086144416925308e+00
-1.844903688087723204e+00
2.216427347795475900e+00
5.793818444485815178e+00
6.617678937795838934e+00
3.953382676528112150e+00
-9.676285179646733070e-01
-5.787050119870671416e+00
-8.428668690971473865e+00
-8.095560088903770435e+00
-5.336467122462759782e+00
-1.411526325569396167e+00
2.398372421203612603e+00
5.085537343386169695e+00
5.886537505192888098e+00
4.333857637064548740e+00
6.151827652644220601e-01
-4.026436587835104497e+00
-7.416163868698385286e+00
-7.393659410537042120e+00
-3.189227216589148206e+00
3.711194416811796515e+00
1.002077642935623736e+01
1.239687465343918760e+01
9.474502827109784420e+00
2.835179660826552261e+00
-3.828751188235163916e+00
-6.894992358711881764e+00
-4.943692888382271278e+00
5.302706975530393496e-01
6.219383775009875492e+00
9.087762366773503686e+00
8.014090702766134555e+00
4.009980805872415566e+00
-8.780566379235259511e-01
-4.979697974421713802e+00
-7.674170913632631930e+00
-9.035714941704316772e+00
-9.057827286788370458e+00
-7.350472398590317979e+00
-3.669368725966204003e+00
1.235098001708801130e+00
5.391818446147811805e+00
6.519111128116167109e+00
3.605217686791186260e+00
-2.027383599192109642e+00
-7.166292541002621697e+00
-8.600172129336032256e+00
-5.249918807614930572e+00
9.915520462674001223e-01
6.419774190442725903e+00
7.966805470602018602e+00
5.249410792046107943e+00
7.583181913465648627e-01
-1.963026093067797850e+00
-8.553083905254585950e-01
3.218597858181066140e+00
7.148996757174365335e+00
7.847424506276436063e+00
4.445558196394092221e+00
-1.149834816525680203e+00
-5.687436987802352739e+00
-6.878120852715471578e+00
-4.873748258773082043e+00
-1.891306883835665698e+00
-3.664693998720808255e-01
-1.093543437770976068e+00
-2.753742952563560831e+00
-3.127433400800420316e+00
-9.926901186636958307e-01
2.786101385643030781e+00
5.823197897008556723e+00
5.991682351453830435e+00
3.054566523322695737e+00
-1.094075505956920047e+00
-3.760213822041701626e+00
-3.357608055736020169e+00
-4.852801976262608452e-01
2.588562932509013148e+00
3.609281959366795522e+00
1.922232101429158124e+00
-1.175409404123086698e+00
-3.499879899824200002e+00
-3.600971264892678381e+00
-1.718697231098505807e+00
5.785503436502954511e-01
1.710433078538183160e+00
1.299121708736726166e+00
3.604073709784262336e-01
3.722777019199214887e-01
1.982741758174522140e+00
4.371003104959908292e+00
5.756314806083451252e+00
4.676124600046279944e+00
1.090776714387529989e+00
-3.482605517637634929e+00
-6.889565256987449260e+00
-7.655634491672953956e+00
-5.812117863482317404e+00
-2.737318185537902515e+00
-2.138488033509987618e-01
6.170423672847338281e-01
-2.407793243259377935e-01
-1.868165901030638398e+00
-3.093924022341042246e+00
-3.105219142484202610e+00
-1.700592313555270962e+00
7.902525239441309246e-01
3.705292985650267212e+00
6.211955161230853228e+00
7.456896568295114491e+00
6.811621291156137126e+00
4.208008301028906217e+00
3.624941403888191083e-01
-3.369562380144924152e+00
-5.572402140167863394e+00
-5.511815760130669872e+00
-3.570551256200360513e+00
-1.039666780240080302e+00
6.573741530677141842e-01
8.240416511932543431e-01
-1.365529234717030582e-01
-1.082628074168543675e+00
-9.640110146503991784e-01
4.686713710315116854e-01
2.562819605578622095e+00
4.300750136236707100e+00
5.037601880525822473e+00
4.876446715402461329e+00
4.420281446248420565e+00
4.135184134765632180e+00
3.861210933002873880e+00
2.885649563605183765e+00
5.445562405514343673e-01
-3.107108714194288801e+00
-7.088553241633642088e+00
-9.943817415650652691e+00
-1.055676708579728285e+01
-8.771003131563430699e+00
-5.407266696142915663e+00
-1.714576256189070946e+00
1.318376384867411710e+00
3.319285660602504073e+00
4.394684550135121270e+00
4.738381608079843765e+00
4.388701320525277616e+00
3.342013457102297025e+00
1.857285229309221908e+00
5.689414742300178407e-01
1.691837384539881528e-01
8.246136707361308993e-01
1.815201252220103534e+00
1.819767200347092384e+00
-1.880023105555982399e-01
-3.998787658144766333e+00
-7.918019430335701436e+00
-9.558613964893059034e+00
-7.306979842435421979e+00
-1.541833523967342856e+00
5.267161729778020884e+00
9.781690230440908351e+00
9.668212017706885320e+00
4.979204936806752357e+00
-1.832887266622324152e+00
-7.293340274289045411e+00
-8.827526132753396482e+00
-6.066402745077279945e+00
-8.092590983690262085e-01
4.211428394268299513e+00
6.904610860914834447e+00
6.771753734384368784e+00
4.786765265467639807e+00
2.486381574166422137e+00
9.871251554474942402e-01
5.368661690736831194e-01
7.187386581703042454e-01
9.612258075515915934e-01
9.003341865630438701e-01
4.015902723139888053e-01
-5.956354477908716305e-01
-2.118214567234632639e+00
-3.976956565913595032e+00
-5.562589272489184111e+00
-5.942603339062735301e+00
-4.372052511867111413e+00
-9.424219463180134593e-01
3.140466070597535353e+00
5.994839427668764209e+00
6.072315066487886881e+00
3.128667141061884927e+00
-1.517037450022487466e+00
-5.675523726516638945e+00
-7.526334344153697842e+00
-6.601724556482298389e+00
-3.875983523715247792e+00
-9.414733932040997288e-01
1.109524816008253145e+00
2.289387972397688209e+00
3.400764312016092639e+00
5.096223551144780650e+00
7.080491988653662361e+00
8.118577251592164146e+00
6.899561020562751779e+00
3.137864284037189755e+00
-1.927778381600391278e+00
-6.076800661310807428e+00
-7.389581285966180246e+00
-5.424679646385662579e+00
-1.492363198786579082e+00
2.164445084544829978e+00
3.732694574755731853e+00
2.837950091673614228e+00
5.753936075355163826e-01
-1.378042893619217946e+00
-1.908609392672196758e+00
-1.092012508960148676e+00
5.489495980502351324e-02
4.288531588169755548e-01
-3.485961024182001045e-01
-1.712342475021211508e+00
-2.610537326513451273e+00
-2.251147347548871469e+00
-6.053553105704558845e-01
1.628385559988519971e+00
3.492265775344730372e+00
4.297677241679348725e+00
3.881611040224855369e+00
2.517932483254258891e+00
6.604998858930759553e-01
-1.249929373721089698e+00
-2.824960562247173623e+00
-3.704702441276133129e+00
-3.612534997905596512e+00
-2.516437508271399448e+00
-7.654563210661684547e-01
9.733160475482749430e-01
2.020197297089917132e+00
2.066538563864327660e+00
1.366543540568006199e+00
5.693047090759996154e-01
2.741536431444375754e-01
6.075553541358799103e-01
1.129006809214502915e+00
1.155268306764207331e+00
2.951544400716903382e-01
-1.177516976607621224e+00
-2.396106976723565651e+00
-2.413683612869914619e+00
-8.541861155966823382e-01
1.711635822803221352e+00
3.935567312291533781e+00
4.365009077790121594e+00
2.281041573130346389e+00
-1.755791267848334058e+00
-5.987641585706947822e+00
-8.203010526664606061e+00
-6.834153084027931868e+00
-1.880157763030271934e+00
4.853779214224000604e+00
1.042723773069823601e+01
1.212173517225597763e+01
8.850967650777382900e+00
1.861679745835573385e+00
-5.750334878880623890e+00
-1.056750047566592521e+01
-1.064839925523508413e+01
-6.573529920204927990e+00
-1.069370766488714430e+00
2.640354143247875651e+00
2.796915889979879832e+00
1.572274282863026507e-01
-2.577071265693550828e+00
-2.635830128621784674e+00
8.419899873273422042e-01
6.065878631920871733e+00
9.653868587504550902e+00
8.859634817753049063e+00
3.498837410699037420e+00
-3.756418813805824541e+00
-8.984474047102875005e+00
-9.499260546370251745e+00
-5.556960597048290040e+00
-1.189243733306898920e-01
3.183490972175615497e+00
2.498117777138634921e+00
-1.067093611167226896e+00
-4.343475058426229829e+00
-4.444596784918463328e+00
-8.983775044095223539e-01
3.949603714890112194e+00
6.570517854733489038e+00
4.792364921088648089e+00
-5.448497956206755921e-01
-6.013221222290727752e+00
-7.852133751429929198e+00
-4.523593403622631293e+00
2.188376309487594096e+00
8.299150320659583357e+00
1.021260824324920158e+01
7.031188288262881336e+00
1.048432544114691556e+00
-3.865158850591966289e+00
-4.854514594630360058e+00
-1.902632161281568868e+00
2.292218316676720047e+00
4.225752407229457219e+00
1.954904396542082257e+00
-3.637732627934476604e+00
-9.437325993539047886e+00
-1.205939749859302346e+01
-9.861139309532095609e+00
-3.770374271229156804e+00
3.435164359110975507e+00
8.772410147257975410e+00
1.053221994960982677e+01
8.796803201470259737e+00
4.938166782988009373e+00
6.619265066910089423e-01
-2.728526028581875540e+00
-4.541070843455590200e+00
-4.546901956740593498e+00
-2.842887110454044741e+00
9.228565804985788823e-02
3.301691759161370143e+00
5.517292250395470887e+00
5.701673141045679571e+00
3.697961250693689195e+00
4.985676482288918798e-01
-2.190126161041431097e+00
-2.930833921765321648e+00
-1.485724258621681004e+00
9.579186378059798557e-01
2.492887333335829680e+00
1.723426799698740686e+00
-1.273384090908906252e+00
-4.910561693427160534e+00
-7.034872030006831700e+00
-6.256781578836745794e+00
-2.814996267166393729e+00
1.565335105734877663e+00
4.701328629993242636e+00
5.191595224327906877e+00
3.102769249067942159e+00
-2.469896687507813771e-01
-3.157598117266127602e+00
-4.450407097942337131e+00
-3.872174244993889847e+00
-1.894753496011262861e+00
7.694585415715423649e-01
3.502938502523182063e+00
5.779319449038224477e+00
6.995517134328915532e+00
6.483002758778394714e+00
3.867578996057126517e+00
-4.255016494609284994e-01
-4.974349653592943454e+00
-7.809542113094027904e+00
-7.406631067581903594e+00
-3.662393705427319013e+00
1.816984759327097576e+00
6.420762609961938594e+00
7.903208510653062291e+00
5.617700298079848942e+00
8.493269052877518988e-01
-3.972096488156435790e+00
-6.686179026121413571e+00
-6.554430572916201569e+00
-4.452157427101328224e+00
-2.050945738551689157e+00
-6.101931927975722258e-01
-2.253867348180820240e-01
-2.031163289080950562e-02
9.217212249061770279e-01
2.627250305778295658e+00
4.040591273955540075e+00
3.766945593833740613e+00
1.244304672976725312e+00
-2.527324690896346038e+00
-5.323238624105792738e+00
-5.006925431772302204e+00
-1.020899386542148513e+00
4.951655778740645886e+00
9.701955254152768049e+00
1.027506212835184662e+01
5.785305245988429768e+00
-1.861792488088065634e+00
-8.863311391638486469e+00
-1.158741058537997581e+01
-8.641016242730767516e+00
-1.714089336341465319e+00
5.333734097967566257e+00
8.651054863896403546e+00
6.586151139732434601e+00
6.101653277390377550e-01
-5.580904441648895542e+00
-8.268774063115683859e+00
-5.922677321413956975e+00
-9.836575245163592385e-02
5.523719906044783023e+00
7.397252118911155527e+00
4.305792391652073725e+00
-1.851068194521048760e+00
-7.189846114401039046e+00
-8.229705912594466710e+00
-4.076870287026100215e+00
2.957482139450386072e+00
8.722893232020670240e+00
9.762544904775410259e+00
5.448379516267837452e+00
-1.622072752246463301e+00
-7.228587635630123742e+00
-8.130567319738064569e+00
-4.031451581771206882e+00
2.324600644394388294e+00
6.954868786010077741e+00
7.155236173721364779e+00
3.110694816528493334e+00
-2.398685528575859038e+00
-5.928325067829408823e+00
-5.606960453793302435e+00
-2.200091743726890758e+00
1.640831542037657131e+00
3.336948089241073223e+00
2.147330970875875877e+00
-4.689379654948748199e-01
-2.082809443255800641e+00
-1.181949069817033626e+00
1.662297922803913197e+00
4.185492760541587032e+00
4.092997130709599141e+00
8.013449603915803188e-01
-3.993140083809279428e+00
-7.345619761369452050e+00
-7.002565845630378760e+00
-2.928492763839368074e+00
2.615758473423187347e+00
6.490427336736718900e+00
6.638545226246345798e+00
3.307776151630956729e+00
-1.220196711827903790e+00
-4.143131849316240789e+00
-3.861535052334794216e+00
-8.170857637115438443e-01
2.998229155249346078e+00
5.423843956446029679e+00
5.443021576015381058e+00
3.609924156504414228e+00
1.427248026993321872e+00
1.985530962473178729e-01
1.595199493896695131e-01
4.307798568476794987e-01
-2.432747020643800662e-01
-2.504562079228383809e+00
-5.797951151505594147e+00
-8.565742677164376317e+00
-9.106560303646540788e+00
-6.597261706175653551e+00
-1.688903623582249214e+00
3.677362336970813050e+00
7.171649921587876619e+00
7.247059551822523815e+00
3.973064781064790552e+00
-9.311951938029296993e-01
-4.926228149153988767e+00
-5.943732050636174158e+00
-3.460339024465601820e+00
1.243778670248692375e+00
5.802893564187427522e+00
8.060631972294492797e+00
7.192680783974164882e+00
4.008010794164412083e+00
2.912657433383063488e-01
-2.345450547386673801e+00
-3.337669534126091797e+00
-3.230157446186152193e+00
-2.976312434157419862e+00
-3.065505681985623454e+00
-3.160561771300103295e+00
-2.502756916857820535e+00
-7.210510898749737940e-01
1.652699591784780653e+00
3.436197697645289040e+00
3.665716104492687144e+00
2.394325972213442011e+00
7.299324871178436425e-01
-3.113539693686551146e-03
6.287097865520454576e-01
1.692259565869062454e+00
1.524665031396401638e+00
-8.953800987162940928e-01
-4.869564201304375395e+00
-8.118379153726309028e+00
-8.207942677990427427e+00
-4.336005168414993172e+00
1.835883947690935214e+00
7.031188982884771121e+00
8.426390226461734301e+00
5.539287217891564197e+00
5.758234877783747763e-01
-3.081760847830411265e+00
-3.230188947122735854e+00
-3.786279083656431399e-01
2.664701700207199764e+00
2.899265404264204093e+00
-5.578950284515735714e-01
-5.638866762371838703e+00
-8.627297467607649040e+00
-6.738329179011014247e+00
-1.869991849270968842e-01
7.717292840361529294e+00
1.255602422159555864e+01
1.154559140924200378e+01
5.221172222514093519e+00
-3.002788641121489910e+00
-9.011309017003657829e+00
-1.040674674017151702e+01
-7.624583779670544459e+00
-3.194102060044219371e+00
1.462673587395482144e-01
1.116117062336897447e+00
3.173521773025329562e-01
-6.299126246673907303e-01
-4.218999444954189548e-01
1.104916622215037947e+00
3.097200570765975769e+00
4.445481502282654596e+00
4.502098448048263535e+00
3.288428009981161804e+00
1.241514525523941703e+00
-1.103439100075070289e+00
-3.187899706774842024e+00
-4.331084888926515220e+00
-3.788388739958531648e+00
-1.169674767933266857e+00
2.998563142398126491e+00
7.094281477428197924e+00
8.991338231982108908e+00
7.249018333537232017e+00
2.168463300961589013e+00
-4.088711831652849682e+00
-8.569405281480481307e+00
-9.205585386802475512e+00
-6.024516088220972954e+00
-1.065687299671418842e+00
2.965374154713032784e+00
4.405122245140146831e+00
3.547024370437827923e+00
2.168698493686330053e+00
2.055368954236338919e+00
3.601341436562864207e+00
5.491187777090345890e+00
5.673111985235861354e+00
2.913617231241286909e+00
-2.177768872224655095e+00
-7.375983938461155631e+00
-1.016409832051602891e+01
-9.258731471488969689e+00
-5.343313294767089161e+00
-5.830623089077604515e-01
2.697983065346158504e+00
3.305785814184080351e+00
1.670934536918396107e+00
-6.375182659316604994e-01
-1.956448985651264127e+00
-1.450639778857241824e+00
5.766329233294420487e-01
3.035094945990651549e+00
4.740339481463421656e+00
5.020809948966896030e+00
3.956838774118242696e+00
2.212982507670933519e+00
6.149657507889578767e-01
-3.003804685988351597e-01
-5.513908208088222906e-01
-6.642096139961602974e-01
-1.314731979087729430e+00
