2.108161063931860202e+00
-4.037312975425574990e+00
-7.427088341284544981e+00
-6.098622297009552717e+00
-1.505615266969896116e+00
2.740406551346228348e+00
3.586077025881347691e+00
6.744717137561639930e-01
-3.592892875989306400e+00
-5.973758864429857596e+00
-4.759858956070914360e+00
-8.631285527303091953e-01
3.065613659300702842e+00
4.678962701130432222e+00
3.548393587884795419e+00
1.213902783560810938e+00
-2.165214523368059751e-01
2.643975565754130286e-01
1.904831790772674838e+00
2.953317059041213888e+00
2.135096188919874294e+00
-3.459499190178392247e-01
-3.017162758405635969e+00
-4.312078748652292681e+00
-3.738140940299138126e+00
-2.134966720821985131e+00
-8.810479665669321836e-01
-7.306697723639190567e-01
-1.215604644696520520e+00
-1.067473881673660863e+00
6.884314975396145231e-01
3.822037389525700934e+00
6.867483908864556064e+00
8.005899115096488217e+00
6.241488613941930552e+00
2.073902294411836600e+00
-2.746601330939647312e+00
-6.173074679717631241e+00
-6.905249601762386114e+00
-4.940150534059314147e+00
-1.427916202557353742e+00
1.960770694789846225e+00
3.770273183089194013e+00
3.294317874695643411e+00
7.890420582290711415e-01
-2.632855256557238732e+00
-5.394246116729611629e+00
-6.069625256554286530e+00
-4.056032882664838191e+00
2.646156382809516927e-03
4.344322180012811785e+00
6.848738896845111945e+00
6.126487337901902919e+00
2.350038437050109064e+00
-2.706158713191645138e+00
-6.526590182861507827e+00
-7.176813748732893572e+00
-4.334349374570882318e+00
5.720543984119699221e-01
5.180818003494755075e+00
7.468087195324685901e+00
6.725377580957226265e+00
3.730258199743309966e+00
1.195027405609441207e-01
-2.566255316425477773e+00
-3.582911434288861940e+00
-3.100897940456847302e+00
-1.821492733874300329e+00
-4.482456453792385553e-01
6.355977309529051711e-01
1.358410657796464527e+00
1.745504517926555810e+00
1.729061300874651375e+00
1.137658790180545054e+00
-1.438655396092374250e-01
-1.978845799309119080e+00
-3.899374070732442021e+00
-5.219458068175255150e+00
-5.310096956107742905e+00
-3.920343719892737333e+00
-1.390285693851899929e+00
1.378573305682215810e+00
3.245006949487162728e+00
3.350621367193563849e+00
1.609408255566468382e+00
-1.121432826569656260e+00
-3.361480908655853916e+00
-3.729697323382999308e+00
-1.711970851828978013e+00
1.976578188838205907e+00
5.697606081547210266e+00
7.739422510239061026e+00
7.234864151378433306e+00
4.599387028213640427e+00
1.222597431475976659e+00
-1.386596642451896733e+00
-2.454622866022487138e+00
-2.261605665696454714e+00
-1.751618428629759361e+00
-1.735143669168039526e+00
-2.245495219414892496e+00
-2.491246637441668632e+00
-1.437068144602662967e+00
1.373350091234146086e+00
5.294708639904201597e+00
8.710104307316402839e+00
9.770914764759432103e+00
7.355179710808970484e+00
1.741812546009006368e+00
-5.346849620334021225e+00
-1.137373682519234031e+01
-1.402517011494818888e+01
-1.221877073809193703e+01
-6.636350309876126730e+00
4.950830097040486155e-01
6.346716657923954230e+00
8.778999195732458460e+00
7.365992067457813874e+00
3.580871713069145645e+00
-4.543752828184421944e-02
-1.401024059855643156e+00
-6.938168908457141570e-02
2.410864646112202081e+00
3.556684774173412666e+00
1.661358312260682979e+00
-2.875268041703130883e+00
-7.556395740029675068e+00
-9.262027171384637825e+00
-6.313638532814800364e+00
2.295299251614991709e-01
6.986709390267087372e+00
1.022813354190863144e+01
8.181994010224018510e+00
2.168262886572757342e+00
-4.215736947809388013e+00
-7.349754585951229657e+00
-5.813934808383782737e+00
-1.137836502024205165e+00
3.361956100335032893e+00
4.806324390723471396e+00
2.517603067806243100e+00
-1.806235325236999145e+00
-5.483627699617867890e+00
-6.710143904673177673e+00
-5.553175134891573883e+00
-3.476978290743558020e+00
-1.918123416462233166e+00
-1.103801122114662636e+00
-4.323125308490260998e-02
2.346791662231183295e+00
5.942259033932588252e+00
9.062637154533042860e+00
9.474155271040920923e+00
6.082660349282506651e+00
5.237751615151464701e-02
-5.579966309639354805e+00
-7.678293381322435884e+00
-5.035696128697144225e+00
7.213007419859298608e-01
6.022071061222758814e+00
7.518570557183629433e+00
4.161196886168159637e+00
-2.133442514338717011e+00
-7.636688302397942607e+00
-9.052163064793035119e+00
-5.469221269684299003e+00
1.129287117136219099e+00
7.051697899731891539e+00
9.025618314638609974e+00
6.026378092922391794e+00
-1.949458935876400290e-01
-6.114644257953349538e+00
-8.371886272406614538e+00
-5.584256031360047778e+00
8.996247876113794284e-01
7.685035303699218723e+00
1.109929451300498471e+01
9.141348665717025312e+00
2.598292631970563704e+00
-5.293805417417600800e+00
-1.052774477497632866e+01
-1.048729976023219201e+01
-5.408279081786830922e+00
1.730051767773089999e+00
6.892671780071267129e+00
7.322024116912462688e+00
3.135875290744254418e+00
-2.806906755314275248e+00
-6.725916759824587032e+00
-6.304119243597462230e+00
-2.121983283860547687e+00
2.790492507660931487e+00
4.994091080218461265e+00
2.925742826918256601e+00
-2.088086379627765332e+00
-6.752088251331188395e+00
-8.010216791113833779e+00
-5.031183968301002452e+00
3.568022793286231842e-01
5.013882353870561914e+00
6.616905329688536064e+00
5.066463521253827373e+00
2.245887217955770510e+00
4.207503699692287658e-01
5.315821866962008313e-01
1.650235218282055660e+00
1.949862351979845254e+00
3.792585102354946169e-01
-2.297172314280598648e+00
-3.940622343791228221e+00
-2.667638307751170057e+00
1.553025955883319487e+00
6.575324050079277782e+00
9.346252208065935818e+00
7.921090703945448119e+00
2.807043236089292293e+00
-3.320929248015247026e+00
-7.338485166042206131e+00
-7.629108609466509705e+00
-4.949295279535578018e+00
-1.678242224243777336e+00
-7.207299803245376113e-02
-7.927058282378893761e-01
-2.696822313667590620e+00
-3.905305589224887797e+00
-3.263544461025314369e+00
-1.104283662961489609e+00
1.165505057505515030e+00
2.220039051658119433e+00
1.765728561423081988e+00
5.871686457680967974e-01
-2.456755287283083344e-01
-2.827504507396116362e-01
5.243493382906203037e-02
3.528063376427442721e-02
-5.068823593853982734e-01
-8.612689053342204026e-01
1.294650155961524218e-02
2.437928964623317984e+00
5.368706718343293716e+00
6.805143654058117164e+00
5.122419482158973025e+00
4.024111654310291719e-01
-5.274818445170704528e+00
-8.940240964851696504e+00
-8.588337408683852203e+00
-4.512263807458870346e+00
8.465871428004420052e-01
4.484827450695517470e+00
4.784495539938736997e+00
2.467561552988899010e+00
-1.036417944338715036e-01
-7.577397070816078717e-01
8.648037457470093559e-01
3.093421535698419600e+00
3.577196696996867153e+00
1.203207385027980525e+00
-2.864019159085691157e+00
-5.854873380096892177e+00
-5.361568612022641567e+00
-1.199255053771298041e+00
4.226259342086805759e+00
7.403611937312692071e+00
6.087298951844858586e+00
9.143402922204684202e-01
-4.898066539608695535e+00
-7.625294210672324269e+00
-5.495987897070519601e+00
1.278912974354230458e-01
5.653001936471738986e+00
7.622257801618564699e+00
4.948492217910599678e+00
-4.631103891512337034e-01
-5.059921740339452967e+00
-5.985952855165666442e+00
-2.841166240281599364e+00
2.246942245197562471e+00
6.150882474796509847e+00
6.736109062938405501e+00
3.991205406705973679e+00
-3.118455900231189570e-01
-3.979375882555640231e+00
-5.713138888101719992e+00
-5.526050278002017535e+00
-4.193562879414017175e+00
-2.400872411838716136e+00
-3.546250476756340753e-01
1.903108440597542028e+00
3.925471886728766790e+00
4.732426815898501005e+00
3.420233157422749581e+00
9.165252940105528268e-02
-3.725227113939418189e+00
-5.723551127290515517e+00
-4.274206589076019469e+00
2.864651070317539849e-01
5.551148096602641857e+00
8.373650298133217262e+00
6.854772135334293637e+00
1.646662525122245313e+00
-4.371938265588123151e+00
-7.897856874822918094e+00
-7.289081264356805256e+00
-3.514359515648812327e+00
6.732640024581525440e-01
2.733715212746737677e+00
2.079722606314319044e+00
3.264202106914640411e-01
-1.019678743118880293e-01
2.030040673326733103e+00
5.649610353415816633e+00
7.991937058407927452e+00
6.560599853239804879e+00
1.057945004441393166e+00
-6.103273785040620680e+00
-1.113178464243546451e+01
-1.119181011906522372e+01
-6.207903852514948362e+00
1.040409798464183355e+00
6.584431920826446571e+00
7.610839977201461437e+00
4.016667188477510919e+00
-1.722907055824668632e+00
-6.173867475966202889e+00
-6.965185171956509436e+00
-3.994325831465308063e+00
7.827577366129034875e-01
4.675760997228498361e+00
5.801401588260328701e+00
3.964743314296764076e+00
5.196632315953026993e-01
-2.535459657942708223e+00
-3.626491992323749969e+00
-2.289634272244056135e+00
7.586555630775280168e-01
4.068873928349126423e+00
6.139119727919842617e+00
6.030470436566368164e+00
3.703578127277326715e+00
-1.852916504357615679e-02
-3.827863721122288787e+00
-6.486955745428939935e+00
-7.313429633984364742e+00
-6.365514233011259293e+00
-4.254612298682255656e+00
-1.728994970046951796e+00
6.887388987870335377e-01
2.781855065296422680e+00
4.434991853406804907e+00
5.378652980246002357e+00
5.170762482049176434e+00
3.511346601529031108e+00
6.802475158699365920e-01
-2.288105224944785299e+00
-3.955703109586123922e+00
-3.252345596131238636e+00
-2.073715252415617716e-01
3.879282701369804798e+00
7.030638650305157000e+00
7.653321754438593416e+00
5.428724553388061480e+00
1.473144153277442303e+00
-2.338192624771920247e+00
-4.453770666542641976e+00
-4.455915142112017335e+00
-3.120369788407143297e+00
-1.753391720053614211e+00
-1.295232598514702627e+00
-1.788646948270526948e+00
-2.517441101390867964e+00
-2.646960793467304729e+00
-1.876364944191833972e+00
-6.465246721802980767e-01
2.127375482620988412e-01
1.178152573183060547e-01
-8.109696207605862073e-01
-1.791863335685508041e+00
-1.901357120294437930e+00
-7.286430222926505440e-01
1.269420867571745770e+00
2.963489360939471684e+00
3.207793355598851814e+00
1.575872792278612211e+00
-1.278068182941739739e+00
-3.891403458169711449e+00
-4.793711211405325301e+00
-3.395162180102741623e+00
-4.176723035602500911e-01
2.455789451484787556e+00
3.581415511077053804e+00
2.431380615237924925e+00
4.113850658731771359e-02
-1.560961698945237286e+00
-6.956819090979060594e-01
2.669608985838973769e+00
6.582120321144239838e+00
8.114410980073241575e+00
5.236731813952021142e+00
-1.608806785025241881e+00
-9.353147070016254006e+00
-1.386390466216311523e+01
-1.239671958525472384e+01
-5.413854400619597662e+00
3.474107002339891004e+00
9.544333871061718710e+00
9.778991567148663577e+00
4.690875784687698946e+00
-2.035976756478934391e+00
-5.888633874080861474e+00
-4.352931129061209603e+00
1.589326433822804585e+00
8.223374292801338470e+00
1.155981123226495910e+01
9.833535120109541339e+00
4.431761231890011032e+00
-1.245642034608420934e+00
-4.099642095294191435e+00
-3.216613219171285731e+00
-1.390619982617464778e-01
2.477065186660079021e+00
2.737464148374399553e+00
6.003659839672739196e-01
-2.434582902792684855e+00
-4.606828391300674674e+00
-5.095412836853652649e+00
-4.306642834119840835e+00
-3.215077017685394001e+00
-2.442951548174953302e+00
-1.861810591628735745e+00
-9.654477455963302868e-01
4.186902750376579330e-01
1.773725509711129744e+00
2.237350551171645385e+00
1.351649936538579455e+00
-4.494777122990739615e-01
-2.075418242071561004e+00
-2.582286269478866192e+00
-1.890626858405594524e+00
-8.079506935741826990e-01
-3.142909918681128789e-01
-6.959221023448776133e-01
-1.269943793792023268e+00
-9.760218620228544584e-01
6.176103937469495930e-01
2.741155386388332893e+00
3.839501784175633148e+00
2.753276671822577626e+00
-2.218833902237533073e-01
-3.280499557635716990e+00
-4.226248881545926039e+00
-2.030795097754628298e+00
2.299087561037304717e+00
6.235054003525387856e+00
7.327816444145430985e+00
4.801208803217442700e+00
3.053734646963390809e-02
-4.412582143984048244e+00
-6.448890073983788440e+00
-5.717888774310694089e+00
-3.527295039945333777e+00
-1.667749692175195531e+00
-1.045710696028746556e+00
-1.157532204603559656e+00
-7.331928264664309136e-01
1.030820646182025069e+00
3.658963385713025485e+00
5.653152110411918230e+00
5.615718743919532407e+00
3.358927469371161934e+00
1.335234659310398087e-01
-2.211846692910770962e+00
-2.512760486952834604e+00
-1.056502141139397111e+00
7.220542335910512532e-01
1.361805975895735266e+00
4.564726351505248303e-01
-1.108332400864627587e+00
-1.910866407205059181e+00
-1.140839984484667946e+00
7.431577601985221992e-01
2.341901620394196915e+00
2.375608085503237543e+00
6.758462919353549481e-01
-1.633868887007826620e+00
-2.908300290755674311e+00
-2.146063736859694870e+00
2.839049553982233576e-01
2.864271709558185108e+00
3.932937574332282971e+00
2.767441888248668658e+00
2.427006094505013145e-02
-2.719623278179869708e+00
-3.963299808672267055e+00
-3.135266678147798913e+00
-7.875699621911216308e-01
1.893493220241176722e+00
3.835806982291698475e+00
4.565053889731292891e+00
4.177112648101346082e+00
2.964731952655074387e+00
1.093520728417946675e+00
-1.385202852274894481e+00
-4.232060590676300471e+00
-6.759563476044433195e+00
-7.948690872590723266e+00
-6.985392662589371859e+00
-3.892688920207902470e+00
2.233093934869916364e-01
3.596992610834300663e+00
4.736687862606865806e+00
3.319849330017607070e+00
4.546282723800559311e-01
-1.926320696162843404e+00
-2.218146891168364832e+00
-1.361971024316438461e-01
3.095624862810199218e+00
5.508704301664727687e+00
5.633869407654740868e+00
3.422922509857115880e+00
2.405666737368179486e-01
-2.068997061048546193e+00
-2.412770120189993150e+00
-1.141094109772256671e+00
2.707939749743523139e-01
3.266761231647878905e-01
-1.376604105029299419e+00
-3.813420033903454076e+00
-5.217496618540995001e+00
-4.317592285493677906e+00
-1.255623056102513679e+00
2.453904865092483067e+00
4.887148691433250924e+00
4.918514953309994553e+00
2.847856914129071271e+00
6.683320676855458720e-02
-1.921979773031715855e+00
-2.394046158664410839e+00
-1.606248232543334042e+00
-2.970649114834155724e-01
9.958477211514409344e-01
2.203759392746326373e+00
3.411363153593432340e+00
4.346264998200256358e+00
4.264855824450553001e+00
2.480310686312328539e+00
-8.412161287250530251e-01
-4.349002601240732346e+00
-6.115039599240414958e+00
-4.919861976371001866e+00
-1.312803342596307044e+00
2.451540275699697791e+00
3.756913058927680016e+00
1.432097911472963503e+00
-3.255996225377555842e+00
-7.233651051625458628e+00
-7.568383473629810787e+00
-3.451142710697938654e+00
3.163176949609532329e+00
8.732931889326634334e+00
1.033591487784961416e+01
7.404205046129125556e+00
1.851407902261599236e+00
-3.377595854111655971e+00
-6.205046100444442381e+00
-6.414186560831740103e+00
-5.172428971421999755e+00
-3.676410405215797539e+00
-2.134164281924030959e+00
8.330533330321554519e-02
3.341512723955843533e+00
6.764514227494517584e+00
8.389815352168556117e+00
6.520374880456648370e+00
1.265290063535894127e+00
-5.043872732615323429e+00
-9.102742920207848698e+00
-8.797566913752284279e+00
-4.723043905885607963e+00
1.457531805512242151e-01
2.508256472080804933e+00
1.090453552288368488e+00
-2.428362678422448795e+00
-4.643592652799579668e+00
-2.962346838130077042e+00
2.387250573499027251e+00
8.363260516818190382e+00
1.116953970932485696e+01
8.906249233827953304e+00
2.909553308395064875e+00
-3.179480930807931038e+00
-5.943731110023939834e+00
-4.509011217421177165e+00
-1.020796474285910138e+00
1.019755928180862137e+00
-6.542490841584960304e-01
-5.390289691573395103e+00
-9.986788675504827850e+00
-1.082457637482703916e+01
-6.289925475169065194e+00
2.103342212049674309e+00
1.055109945204469213e+01
1.513124987907037777e+01
1.392349707400989622e+01
7.868768479355065182e+00
4.027663902276135133e-02
-6.070536329455245905e+00
-8.227643450960103522e+00
-6.276144580181163946e+00
-1.891637073090300269e+00
2.437896575128340348e+00
4.634961047015629276e+00
3.928504792845535665e+00
1.087465239466969935e+00
-2.076893763975658835e+00
-3.713079580181199546e+00
-2.952156805344580803e+00
-3.906954488103711598e-01
2.292543370596151764e+00
3.411043489638378112e+00
2.375477845075763650e+00
6.922639056341117758e-02
-1.818986543738297712e+00
-2.073023966767349346e+00
-8.985257462340989765e-01
2.272283043261404956e-01
-2.243263284165391003e-01
-2.438112080162976536e+00
-4.822932551030226556e+00
-5.026288235136306071e+00
-1.761863638483734285e+00
3.919195089879966343e+00
8.999229014311989516e+00
1.041569285071578932e+01
7.220213366948680545e+00
1.358439741212956520e+00
-3.615522920811579777e+00
-5.045324630893045281e+00
-3.073619892402733811e+00
-4.784705621580591650e-01
-4.919136833461598135e-01
-4.191926920158898007e+00
-9.452501393622622317e+00
-1.232726200628547630e+01
-9.922826193365922975e+00
-2.656138732585677786e+00
5.809578378184008685e+00
1.096046393787758255e+01
1.044158280771465996e+01
5.508192230428575087e+00
-8.598615995999203676e-02
-2.863158409094272105e+00
-1.961129846200873272e+00
6.510172613931040075e-01
2.096558634916287467e+00
1.036766363919244149e+00
-1.313146147306657907e+00
-2.353363781164740764e+00
-4.462168150700724922e-01
3.503600890380189181e+00
6.557960873317314920e+00
5.989849520405355676e+00
1.509928129465702984e+00
-4.296226953741147270e+00
-7.714340831984965341e+00
-6.536527539753088867e+00
-1.609695853609096616e+00
3.833533560772938831e+00
6.500338475552474016e+00
5.243875039601883614e+00
1.557315540447689717e+00
-1.851414403048803115e+00
-3.149798739701894945e+00
-2.486274916024410420e+00
-1.385343851218478584e+00
-1.139761262000291708e+00
-1.664765756372178718e+00
-1.772101993053641023e+00
-5.243477055368295225e-01
1.633239964863513860e+00
3.068435757322687252e+00
2.397086037377294865e+00
-9.440442842508622867e-02
-2.396812027964965175e+00
-2.347179123299248271e+00
3.645214696019892786e-01
3.478814695875064977e+00
3.578582008915817347e+00
-1.228126225419874373e+00
-9.372300339804409575e+00
-1.628459750112299886e+01
-1.718591658514219489e+01
-1.034811285770811295e+01
1.511326200929000940e+00
1.277263256324690310e+01
1.837016737258305454e+01
1.677109685422888674e+01
1.047359675619742880e+01
3.857570148740324889e+00
1.078263722211862952e-01
-5.390738029453356894e-01
-1.380408055819062896e-01
-7.811184364337375730e-01
-2.702165361382117048e+00
-4.241941638228269085e+00
-3.557468687604226520e+00
-5.165769670326860741e-01
2.895515038720168910e+00
4.057804261706894344e+00
1.885056445567318661e+00
-2.122254598386922542e+00
-4.886929666286797591e+00
-4.101564590779380737e+00
-8.467175316644648397e-02
4.340650918427340521e+00
5.904634956282173164e+00
3.333596427472586221e+00
-1.680652779486321524e+00
-5.711829540209206968e+00
-6.082276468940499115e+00
-2.731362358299019633e+00
1.874342148143230080e+00
4.617324924357310678e+00
3.910772215637638993e+00
5.882980348755455502e-01
-3.002242730253168013e+00
-4.822516022692248328e+00
-4.422400288966557014e+00
-2.812595184629889555e+00
-1.279807223429504814e+00
-2.884463976842532862e-01
6.186018943205109366e-01
1.988675316689688222e+00
3.606468399510331935e+00
4.501083928141991208e+00
3.850777887580715042e+00
1.933913970625239731e+00
1.535412998422627240e-01
-4.669730480511036230e-02
1.475796444144725772e+00
3.170970208701281656e+00
2.864889844284714382e+00
-4.286089571420130806e-01
-5.407226463472971645e+00
-9.113773834010350683e+00
-8.995005710398928045e+00
-4.881215427325726885e+00
6.839163939564389949e-01
4.143117267316739571e+00
3.471336421004094674e+00
-3.289165081336405949e-01
-3.946469151925509067e+00
-4.206500791901895298e+00
-4.411691370969668125e-01
4.973208109772867758e+00
8.301667356546158061e+00
7.098418637994760694e+00
1.880834480986894874e+00
-4.322055864169362493e+00
-8.095739380752112524e+00
-7.814164824232094908e+00
-4.347976618897419598e+00
-2.280701411253927002e-02
3.138962452069396392e+00
4.483084788054783054e+00
4.461802155525967706e+00
3.608080860572562276e+00
1.888448069069979418e+00
-9.191871611991875302e-01
-4.264563820167868613e+00
-6.401794488036970598e+00
-5.244774835487463704e+00
-8.029304778294088507e-02
7.231056093771300652e+00
1.278913732503531442e+01
1.290217839941011491e+01
6.621133132218934847e+00
-3.285781032079482689e+00
-1.177492555996330381e+01
-1.452818743225737741e+01
-1.050686040954458100e+01
-2.357531677255011893e+00
5.490226256943010696e+00
9.584613070684468994e+00
9.146188368334620122e+00
5.736085193803107884e+00
1.525718758435294919e+00
-2.257779012588643219e+00
-5.529863529137485578e+00
-8.332138757603180679e+00
-9.836510439511782167e+00
-8.538614245775002942e+00
-3.651213465197205466e+00
3.526644059196732073e+00
9.690007314770969771e+00
1.139052911526539980e+01
7.475835976275050143e+00
2.095332955082778170e-01
-5.998534896283025830e+00
-7.529100649235562770e+00
-4.061861426217377335e+00
1.255009815662162964e+00
4.189839887676578556e+00
2.632462509493948222e+00
-1.804511488087607862e+00
-5.052283955803817506e+00
-3.811238542012076902e+00
1.710613990046255806e+00
7.689403205785211526e+00
9.396519992812720545e+00
4.771636377110707095e+00
-3.808718187071340022e+00
-1.094756306573448335e+01
-1.187605686083759515e+01
-5.737970593103741024e+00
3.823633895912900371e+00
1.115465539371940196e+01
1.234119258076378145e+01
7.588301402209011393e+00
6.802961760960672954e-01
-3.892044574204628127e+00
-3.968225991109566753e+00
-8.172504300543925737e-01
2.249276845967849159e+00
2.495883785528008048e+00
-3.711668469014766103e-01
-4.307678427931823428e+00
-6.664148807366368388e+00
-6.084937903047843655e+00
-3.200292712843411547e+00
1.758281023566682366e-01
2.485154304387775070e+00
3.319060170399818155e+00
3.218779741267053573e+00
2.801574549622980026e+00
2.113964592527335817e+00
7.712509485097756023e-01
-1.346465986629109990e+00
-3.588950956573270901e+00
-4.778651506470328769e+00
-4.060510406277156648e+00
-1.641570830532852909e+00
1.242180391525268046e+00
3.155942928448071338e+00
3.445589920882353052e+00
2.589259126954959189e+00
1.666718427875752306e+00
1.422989100773274007e+00
1.722618993285530697e+00
1.832220450877440010e+00
1.240605483017163557e+00
2.523972733740923458e-01
-2.164884985512561255e-01
4.920573396876869454e-01
1.999536576363709850e+00
2.951056228475799514e+00
1.999280804955003710e+00
-1.000274103747575971e+00
-4.563380433930969815e+00
-6.382969853683177597e+00
-4.893829761461823580e+00
-4.914314341283586574e-01
4.520769298840151329e+00
7.298590212980913705e+00
6.241651836866073388e+00
1.992610556680835643e+00
-3.004372966117172084e+00
-6.051772931404151734e+00
-5.801477870430170825e+00
-2.898326219921398827e+00
6.373733252521704973e-01
2.750896054478561226e+00
2.495256832870948571e+00
3.218231772418338466e-01
-2.484355358943205694e+00
-4.694421589573021691e+00
-5.735409380820999381e+00
-5.714552024492487448e+00
-5.020624681400876810e+00
-3.887747121289535812e+00
-2.235689875348053413e+00
1.490881011119016275e-01
3.255385899471374689e+00
6.564113637170807536e+00
9.043667033646880071e+00
9.498613013279893380e+00
7.177334725431371965e+00
2.367903629900838691e+00
-3.393344170319012587e+00
-7.788166194500067974e+00
-8.807163545766311330e+00
-5.956686769408423565e+00
-8.095236922465909313e-01
3.649890928741201357e+00
4.725715063182390985e+00
1.805176242110061446e+00
-2.984434520616106479e+00
-5.916491828772309169e+00
-4.089716377940526115e+00
2.384493487957692892e+00
1.001176275804871629e+01
1.386045633849125025e+01
1.074139992238071528e+01
1.551476266624523870e+00
-8.905911346646014692e+00
-1.470536025362165589e+01
-1.249185512973943979e+01
-3.676442012542652016e+00
6.357003623246507473e+00
1.157130808074776951e+01
8.988787522220896165e+00
4.236016295541984444e-01
-8.800028422978153131e+00
-1.320024348638258616e+01
-1.035542530144662088e+01
-2.037277892110100019e+00
7.202231886106421399e+00
1.282837824725403664e+01
1.267150269150279129e+01
7.581705195775690242e+00
4.078179114937334759e-01
-5.711854200819553640e+00
-8.664904757511932232e+00
-7.825387962176548307e+00
-3.883217457697620389e+00
1.527731558445736271e+00
6.247542786526162573e+00
8.204815167550730592e+00
6.298309038036693508e+00
1.189279462378092678e+00
-4.654066318513494949e+00
-8.048249465178816564e+00
-6.918405611002664379e+00
-1.731437876119352737e+00
4.557447740159882521e+00
8.222816961448023321e+00
7.119092131849531491e+00
2.059376342103707902e+00
-3.786243230502794876e+00
-7.082492587892884828e+00
-6.544578965790528002e+00
-3.580424227385881508e+00
-9.441654199139370984e-01
-4.974877938541460987e-01
-1.843722516204024497e+00
-2.884859349141739138e+00
-1.799615260357955826e+00
1.220385953768341025e+00
3.964383390162424803e+00
4.010725389218296577e+00
9.082332073809107342e-01
-3.114238223502725056e+00
-4.654584539011639599e+00
-1.823237540573602100e+00
3.981862266951974316e+00
8.734573399273671157e+00
8.577068451800331061e+00
2.759263282640575632e+00
-5.509089808557831702e+00
-1.105359323004255856e+01
-1.023289429781145721e+01
-3.443749351310711582e+00
5.168886624189819479e+00
1.056687353418338304e+01
1.015813388434364128e+01
5.248441364585820779e+00
-3.075275798240850733e-01
-3.092318417407635689e+00
-2.459685174808922348e+00
-5.584725902597431624e-01
-2.265590272032073083e-01
-2.534486702550278636e+00
-5.914236991138344557e+00
-7.472003595697605860e+00
-5.355294445478399723e+00
-2.779347088469406035e-01
4.951566506944347523e+00
7.453521406632105162e+00
6.239822114441121670e+00
2.654863674472939472e+00
-8.894320029423209428e-01
-2.739044009756001152e+00
-2.914691369966778911e+00
-2.530043099300394616e+00
-2.415561847113907756e+00
-2.269414422942304999e+00
-1.106467565146977305e+00
1.439512450821689216e+00
4.227863305907380465e+00
5.110420509340310780e+00
2.602001577038928648e+00
-2.588058196485095053e+00
-7.527002468465133767e+00
-8.800074861143226457e+00
-4.882444073295253872e+00
2.592161341898863380e+00
9.672328244489969862e+00
1.252367943698340902e+01
9.782020536656279575e+00
3.231043410354196510e+00
-3.548380262044048994e+00
-7.474305896121077097e+00
-7.569457373747893847e+00
-4.925800039021275722e+00
-1.386630477138426132e+00
1.816026435087462865e+00
4.425174164723618908e+00
6.489933460627137940e+00
7.552596991224501011e+00
6.637456357069788204e+00
3.166696957645821264e+00
-2.026566162561486362e+00
-6.649808785668669842e+00
-8.194892481953957031e+00
-5.689399560690141300e+00
-6.161275605346037132e-01
3.828120548813736868e+00
4.742564458735445854e+00
1.425243836420214016e+00
-4.173240280129502544e+00
-8.746311226910346903e+00
-9.730182645350808457e+00
-6.745565757659392148e+00
-1.501565355646210076e+00
3.551661707849611993e+00
6.703478484170242169e+00
7.582093807835600607e+00
6.713415571345459298e+00
4.718548509665796864e+00
1.962926113398181016e+00
-1.137853059701668723e+00
-3.688381574565952725e+00
-4.457537900223661254e+00
-2.718880567473156429e+00
8.783886466471749754e-01
4.314549892823936084e+00
5.370401113631499967e+00
3.236295064877624306e+00
-7.098214786933190190e-01
-3.734713547886358231e+00
-3.739977642195413843e+00
-9.454392574805703386e-01
2.115002999512713089e+00
2.443763006792970760e+00
-1.030260270195091143e+00
-6.368615927085535589e+00
-9.805065420796182707e+00
-8.441609901866103272e+00
-2.482445065793329242e+00
4.723325692619632754e+00
8.961446752589703024e+00
8.123101620408652579e+00
3.664555077113822890e+00
-5.503517697596509439e-01
-1.173454736490131545e+00
2.125699336296229092e+00
6.452826757635972577e+00
7.917840722753162197e+00
4.605838037615548330e+00
-1.945192365824272240e+00
-7.842695876612689965e+00
-9.646724428706296095e+00
-6.764807969069389415e+00
-1.691116371498730064e+00
1.975466674807574208e+00
2.139497129162145406e+00
-5.277579362830314702e-01
-3.496074555317932209e+00
-4.562679570936820639e+00
-3.494232585874616603e+00
-1.856769758920164382e+00
-1.311369776936684772e+00
-1.918740223454983518e+00
-1.962577287167186046e+00
4.898580532888098249e-01
5.564840384065354861e+00
1.084673598512171644e+01
1.272724063618565005e+01
8.986375396102586066e+00
6.996461434314125150e-01
-8.045282759117087679e+00
-1.257454708683669864e+01
-1.057811616422466727e+01
-3.561056010230849722e+00
4.175968545415251754e+00
8.283958875693976154e+00
6.966474744084024451e+00
1.779284356678941137e+00
-3.703408499696047240e+00
-6.272265363922841175e+00
-4.901463612130312342e+00
-9.907386117125278613e-01
2.823981216230894820e+00
4.308892353369830452e+00
2.712667453383445615e+00
-1.112744470147773113e+00
-5.306791008300701051e+00
-7.834800136602373399e+00
-7.254780634543944728e+00
-3.321651757590649900e+00
2.686482360244701884e+00
8.196394642655757679e+00
1.035072440981229214e+01
7.575746001032515942e+00
8.711327115997287152e-01
-6.204368120019892352e+00
-9.264623822135787279e+00
-5.783444534193894704e+00
2.939616337535445378e+00
1.205450615492327771e+01
1.585753933279554140e+01
1.138810739617498413e+01
5.708057635644046002e-01
-1.068217611733792438e+01
-1.601805835312688941e+01
-1.260111200095831840e+01
-2.862244030824594887e+00
7.142817085420738898e+00
1.165738307178081001e+01
8.779054867466886236e+00
1.303021330268982148e+00
-5.559464440564157783e+00
-7.839383367728106400e+00
-5.246769924361302628e+00
-8.114003651782586424e-01
1.759417757250924419e+00
8.968724889605477202e-01
-1.915207595034829069e+00
-3.648862194800366332e+00
-2.335678378463286187e+00
1.311559839680781492e+00
4.479046384002913328e+00
4.510109178527179630e+00
1.045443303559495440e+00
-3.606922713905201583e+00
-6.131287293557785567e+00
-4.614382860384472096e+00
9.194758232347233218e-02
5.009714063201267109e+00
7.123054269738018363e+00
5.352879796734946183e+00
1.057070814857884677e+00
-3.129846786300725103e+00
-5.108025118426634315e+00
-4.438323941712807752e+00
-2.141701242640734026e+00
3.946683350721381656e-01
2.388379197831020484e+00
3.799094737576325542e+00
4.758916365964546813e+00
5.032269268312820287e+00
4.117063932541342730e+00
1.899948794000874575e+00
-8.322339354968864011e-01
-2.668437243790047653e+00
-2.579031671491813782e+00
-8.538997241586036013e-01
9.169618952099798381e-01
9.970050674628311294e-01
-1.011491016181552016e+00
-3.572143302154784816e+00
-4.163750151051146098e+00
-1.236854425603444385e+00
4.260213180569106584e+00
9.071169444552827699e+00
9.636143305260318925e+00
4.626541074138880383e+00
-3.801411403841950865e+00
-1.105906700262710984e+01
-1.291771416670058237e+01
-8.215244853088806920e+00
3.510056932799283658e-01
7.891856293418519464e+00
1.033736440587278160e+01
6.802276297177083819e+00
-1.723230347164710352e-01
-6.490189903793644355e+00
-9.086015246774655552e+00
-7.497321853348760001e+00
-3.566609704646345413e+00
2.190713646512169044e-01
2.398334271519663830e+00
3.079470127217778685e+00
3.223081689549368800e+00
3.484466356701359402e+00
3.635875228324019659e+00
2.963474166642165120e+00
1.162337446575227640e+00
-1.140856555393975125e+00
-2.735489321707036403e+00
-2.757614273659294124e+00
-1.394874391222598708e+00
2.625553216219969621e-01
1.127437641492770037e+00
1.021035538425098421e+00
7.916029225186334006e-01
1.500383246231356216e+00
3.328059861247087525e+00
5.145986939238950342e+00
5.210563334971896943e+00
2.532899352036502627e+00
-2.132413479181548777e+00
-6.531930364357867447e+00
-8.338724136108911722e+00
-6.773771254552538146e+00
-3.210514786596011749e+00
-2.433700040218061966e-01
1.688601892199927401e-01
-1.851958644277289068e+00
-4.160617985286803489e+00
-4.168248043763644439e+00
-8.380299559023614009e-01
4.358425171786397989e+00
8.273228864586393172e+00
8.182344449248951435e+00
3.709927498156279313e+00
-2.775405944299248695e+00
-7.597360811914828815e+00
-8.085119711873399950e+00
-4.217094533395785660e+00
1.468929005648380581e+00
5.573209204628917668e+00
5.958097798243505494e+00
2.912462370064390793e+00
-1.296450927273800513e+00
-4.029464804030862268e+00
-3.887140159891971702e+00
-1.318342507217871828e+00
1.985023338894110090e+00
4.294599466173037783e+00
4.766642423922439420e+00
3.577569454923731129e+00
1.438117709849350501e+00
-9.488675741777196082e-01
-3.052575398318319699e+00
-4.340125241186106209e+00
-4.167634670280401465e+00
-2.064843139862467147e+00
1.700192466335002983e+00
5.791833473104196273e+00
8.195342025737817337e+00
7.297120823749371432e+00
3.021695065038380257e+00
-2.813664813426401512e+00
-7.335597615729447796e+00
-8.243087352556358383e+00
-5.218187807844382853e+00
-1.701779612259319285e-01
3.902059587610967384e+00
4.728789709920993900e+00
2.109058506507404562e+00
-2.068051837052348407e+00
-5.083451688201127361e+00
-5.070271067058282455e+00
-2.045246127123981683e+00
2.280923452179822952e+00
5.655971023335561121e+00
6.574029997360401723e+00
4.915029028609321671e+00
1.697191342586428675e+00
-1.693607594845109254e+00
-4.199810456674821779e+00
-5.343980182374894028e+00
-5.094629538324448426e+00
-3.660602212777107844e+00
-1.442667576672103991e+00
9.125218507004624335e-01
2.588818190315238077e+00
2.931435075818876967e+00
1.864089419268891046e+00
3.887356984323031561e-02
-1.501349774108726720e+00
-1.987887269214401842e+00
-1.445046100186104576e+00
-6.372919471510982703e-01
-4.369850613419642427e-01
-1.079281715717025136e+00
-1.906001701009582661e+00
-1.849259910925980854e+00
-3.163980569625086670e-01
2.221753702453824086e+00
4.451498836557100880e+00
5.137144566572422022e+00
4.053793111789278036e+00
2.182275288009844605e+00
9.606506204687241812e-01
1.136635694047946954e+00
2.126678285006533997e+00
2.440608288546703086e+00
9.069437151365660199e-01
-2.236540541751607769e+00
-5.290679843901485491e+00
-6.227616666737320728e+00
-4.223836288875228107e+00
-4.283008077812815451e-01
2.695607333109446557e+00
3.064809890652967272e+00
5.017043388155024708e-01
-3.059466671633101154e+00
-4.904742291524624598e+00
-3.494751930826032194e+00
3.709473409169842806e-01
4.056397957529166654e+00
4.939785732821085240e+00
2.305944310835918110e+00
-2.077433580498068366e+00
-5.130651737990161720e+00
-4.573729292200750862e+00
-5.153373225113142553e-01
4.565423565906123748e+00
7.408110286292923341e+00
6.042405657519034357e+00
9.916197985636063805e-01
-5.089051621438596129e+00
-8.988240126501676031e+00
-8.674754420053711002e+00
-4.203600271690569379e+00
2.536285807633326783e+00
8.846242820189774037e+00
1.234053533256365753e+01
1.170154260892301323e+01
6.988628942547495448e+00
-3.789169207861426969e-01
-7.925257212828976883e+00
-1.280325702798555909e+01
-1.286377759185052128e+01
-7.762846787944395643e+00
5.415685112837413939e-01
8.432881022439989493e+00
1.232970593187713781e+01
1.058584025904245252e+01
4.440666423202271673e+00
-2.669028139959234380e+00
-7.106377465560822060e+00
-7.123038350029367471e+00
-3.716544005040542942e+00
2.647472336451806574e-01
2.118550121672710951e+00
1.017546237097404216e+00
-1.658982471065856945e+00
-3.506136815962324516e+00
-2.857712705335794467e+00
1.263319046797106715e-01
3.728949050538043153e+00
5.966121914235733570e+00
5.880673088888036304e+00
3.944686023102818240e+00
1.438070928102559431e+00
-5.608826313794573748e-01
-1.749957089863419357e+00
-2.398872550456494945e+00
-2.718679249514935670e+00
-2.477551733937319423e+00
-1.239684222171355765e+00
1.017582689466029811e+00
3.539020572086432725e+00
5.112867182707321767e+00
4.897336459051102153e+00
3.077122584082673029e+00
7.527804626482970107e-01
-9.141311231947029103e-01
-1.622569944122177032e+00
-2.123850010175163838e+00
-3.451884472386014036e+00
-5.779454405063131794e+00
-7.884603683421028464e+00
-7.809938631286222233e+00
-4.360326145642338780e+00
1.663548980975752212e+00
7.531043918392602343e+00
1.008544166612534276e+01
7.742756853040875242e+00
1.601926536024853132e+00
-5.148009358068131647e+00
-9.151763683733420862e+00
-8.838232371618493843e+00
-5.105523066471603144e+00
-3.883966207541457161e-01
3.090229286029179789e+00
4.575362486074794788e+00
4.726384741177152016e+00
4.507045186793839697e+00
4.072661461614830003e+00
2.626279077878471924e+00
-6.520621406830604538e-01
-5.435544637694347259e+00
-9.917339183889858134e+00
-1.174107511939142334e+01
-9.592628433422726530e+00
-4.263617064595904615e+00
1.669422662769816545e+00
5.394846707325124946e+00
5.574790506270973722e+00
3.026233079311951180e+00
-4.840304932995675991e-02
-1.649541645429588144e+00
-1.211458382627731867e+00
3.468520901133940182e-01
1.632888492979073902e+00
1.954640172240857066e+00
1.726763246805127272e+00
1.876359965376937389e+00
2.850424350354879621e+00
4.121813654363886137e+00
4.626951554335954953e+00
3.749406403382018027e+00
1.976208034255317436e+00
6.078994252327138970e-01
6.974795152750672411e-01
2.076329223764716403e+00
3.321573879812776298e+00
2.799430454151020875e+00
3.635582810758175576e-02
-3.667982672355003970e+00
-5.962856508139896761e+00
-5.080115909983821787e+00
-1.217718163499566630e+00
3.383887369690878444e+00
5.825325490206572532e+00
4.486720084180894297e+00
1.787179234304554498e-01
-4.322031925225059190e+00
-6.072225246273633914e+00
-3.894173471428497013e+00
8.514934266822449249e-01
5.154304575100116637e+00
6.293018465620104251e+00
3.541910322170609859e+00
-1.441395395776886579e+00
-5.736774543581654839e+00
-7.011237059354405332e+00
-4.902040076544828651e+00
-1.102257961995152247e+00
1.826080821811384203e+00
2.106997496587940777e+00
-1.652157037639513382e-01
-3.147309614924548526e+00
-4.456253511492454855e+00
-2.709052681513603567e+00
1.536773604424083395e+00
6.009168705616049877e+00
8.004350089062793216e+00
6.002148225893590983e+00
6.728615924399607984e-01
-5.353753299076363881e+00
-8.894788858461886605e+00
-8.031010047906505633e+00
-3.269318919695807679e+00
2.691782005233849695e+00
6.527155920531491518e+00
6.278065067405810495e+00
2.543284094503352577e+00
-1.918119674576858058e+00
-3.968400660040582562e+00
-2.134850566467492605e+00
2.425155949441807124e+00
6.700091679990141103e+00
7.842013384586811853e+00
5.064916441710616724e+00
1.192601041789664862e-01
-3.986961831278258206e+00
-5.116271608841440610e+00
-3.457676521843692452e+00
-1.255675523345055389e+00
-1.002357503162736752e+00
-3.420320799363870456e+00
-6.755225003701155195e+00
-7.969371045183699209e+00
-5.029220590103294697e+00
1.372440406265709179e+00
7.977046421102186535e+00
1.099651167596201695e+01
8.652023691463231359e+00
2.430990163591036701e+00
-3.855796742355700246e+00
-6.592209033979335331e+00
-4.709012822413065180e+00
-2.451922351124978250e-01
3.236398903293890239e+00
3.219417696443730659e+00
-4.322939632361277873e-02
-3.847564036894050243e+00
-5.111156110831631239e+00
-2.667241776741752446e+00
1.876606928209892722e+00
5.306413573266365091e+00
5.120953181584852132e+00
1.320085184383414489e+00
-3.603785963857301322e+00
-6.426836952524912050e+00
-5.419669515987443731e+00
-1.459662220377465403e+00
2.707608516074716754e+00
4.460097601696287661e+00
3.085572977936189787e+00
1.136172884081146084e-01
-1.965204922567432178e+00
-1.592859593135504293e+00
7.465784544943669943e-01
2.977134624553835263e+00
3.060288696613374881e+00
5.777728370050304596e-01
-2.895880605066383229e+00
-4.896636155790271339e+00
-3.845556667421883734e+00
-2.145857961207218167e-01
3.753392808333992470e+00
5.577221092874893316e+00
4.248433990998016441e+00
9.262012128720233939e-01
-1.867108095472629570e+00
-1.996765156052968004e+00
7.856574386854979775e-01
4.617252232794042399e+00
6.729501947206571799e+00
5.283972781610862590e+00
6.253280576762756393e-01
-4.867273822173396880e+00
-8.228331305430682363e+00
-7.717128306113102632e+00
-3.843810294519129478e+00
1.011008348524919498e+00
4.102545709449208822e+00
3.982830606381976057e+00
1.291555538211484278e+00
-1.762106926491092018e+00
-2.840392265737288646e+00
-9.165897616368259282e-01
3.146734694875761740e+00
7.159284731122377288e+00
8.882718275087389870e+00
7.228749121809065592e+00
2.718130403122239080e+00
-2.942106894366910197e+00
-7.783444181223490688e+00
-1.041733183346009284e+01
-1.039474547847867925e+01
-8.071613852524382793e+00
-4.257395965423432571e+00
6.260484273793931465e-02
3.850893600042619713e+00
6.122658790027895037e+00
6.190567110581017829e+00
4.022747243183841803e+00
4.669539043822621416e-01
-2.941440034156989292e+00
-4.640823969819543926e+00
-3.874380779907598438e+00
-1.182123315141185849e+00
1.826342621186876736e+00
3.373352689300892049e+00
2.588914237347099689e+00
9.234335954383904310e-02
-2.327282848631328172e+00
-2.791249672174012098e+00
-5.407305347783897265e-01
3.469237384797868362e+00
6.989274426967122977e+00
7.706372567793362549e+00
4.595126900184077101e+00
-1.385471786572952446e+00
-7.661093053258051455e+00
-1.129626407422065704e+01
-1.047176716305225419e+01
-5.412087808192509897e+00
1.708862406277977142e+00
7.819732362150339178e+00
1.041417773951305215e+01
8.687941454490481163e+00
3.803111997155208535e+00
-1.809582819829183453e+00
-5.708969344068288265e+00
-6.589726081002095448e+00
-4.734758963892478967e+00
-1.596026602326839461e+00
1.178505713172202096e+00
2.654240675185955745e+00
2.917880591063248374e+00
2.663051816245165515e+00
2.423443972765840115e+00
2.058688740976845288e+00
9.038214547942404753e-01
-1.513258137114191770e+00
-4.747274933556810517e+00
-7.336374293781750211e+00
-7.546865299960684226e+00
-4.546664316308882015e+00
8.039070294101074987e-01
6.188060788598905404e+00
9.073536126562487425e+00
8.216170448370577972e+00
4.431990811554253895e+00
8.237538039762504205e-02
-2.423855310612910596e+00
-2.121826368841940091e+00
2.586731356951244010e-02
1.959720241088908299e+00
2.052728503141363348e+00
2.364028642424058635e-01
-2.071384175557621443e+00
-3.145063493482638695e+00
