5.071265008768905957e+00
-1.751661962101942471e-01
-6.955398794983788768e+00
-1.089920826167262469e+01
-9.075421474275838563e+00
-1.971521050015414556e+00
6.621773306451196106e+00
1.178401895432852875e+01
1.037253229562955958e+01
2.901689067877496697e+00
-6.711858332063413535e+00
-1.334494921495711495e+01
-1.349072646125577180e+01
-7.105125044257880162e+00
2.482742506278900141e+00
1.043272453500344810e+01
1.293573215640109986e+01
9.085986813449286714e+00
1.194151593689280144e+00
-6.501260419206010610e+00
-9.996631569703477993e+00
-7.480019584042751468e+00
-1.650808471782254649e-01
8.359131357923278216e+00
1.392908523582717528e+01
1.388079514817020765e+01
8.367389279251742806e+00
2.341557660179498512e-01
-6.512568893786420787e+00
-8.844425205205238782e+00
-6.284488856439399029e+00
-1.020504507799782523e+00
3.504508748701566034e+00
4.671364393178075503e+00
2.160968569593681110e+00
-2.065527286769812676e+00
-5.210709239997274977e+00
-5.512484760859993393e+00
-3.291286166296269133e+00
-5.185143952518410648e-01
7.100987181366917866e-01
-3.332446052046983964e-01
-2.604381651708211454e+00
-4.194088510333057407e+00
-3.801761965925671838e+00
-1.646886575839640710e+00
8.362934608645100631e-01
2.216535471004192459e+00
2.191138905708728934e+00
1.714344133290403471e+00
2.041868614636033197e+00
3.494930044772592836e+00
4.998084495927009208e+00
4.841882416729296423e+00
2.125119270968353291e+00
-2.268981916526353171e+00
-6.013921527554050073e+00
-6.855727113409436413e+00
-4.224585698509936371e+00
2.748881325059320813e-01
3.912555365225403481e+00
4.689553809919244642e+00
2.650311667813136651e+00
-3.060672909208726478e-01
-1.942496112046789181e+00
-1.353971661294961049e+00
4.855887460958580037e-01
1.690290318305781803e+00
1.138471538951570050e+00
-5.189548578325680062e-01
-1.381866182733975990e+00
3.403606091105404463e-03
3.125186604716226224e+00
5.476553239442816690e+00
4.239576045631885393e+00
-1.438498248268407664e+00
-9.282853899059142933e+00
-1.487785344424177580e+01
-1.434486371719389552e+01
-6.993240525272613084e+00
3.878607457498569389e+00
1.269065392128237946e+01
1.480311390963574070e+01
9.244634877259889194e+00
-7.535397517224993180e-01
-9.711171144370556618e+00
-1.307907179795010499e+01
-9.690241158012106837e+00
-2.088567492592943609e+00
5.279775601816695918e+00
8.755265544888306550e+00
7.384568371284257360e+00
3.054262204001768399e+00
-1.016798055637855080e+00
-2.348098441910044798e+00
-5.627479217584473448e-01
2.659011431072336951e+00
4.853739114954292333e+00
4.412345411222688085e+00
1.590612918889414029e+00
-1.671118944341638990e+00
-2.981024746180883866e+00
-1.048208010132271495e+00
3.366336288325821435e+00
7.703806200861143871e+00
8.998898639284421463e+00
5.660137484707812305e+00
-1.408872742115786725e+00
-9.092169059205934545e+00
-1.369776100752522652e+01
-1.304918788159137222e+01
-7.772368841604853529e+00
-9.345551405760028629e-01
3.807657832488498428e+00
4.424900413904158114e+00
1.686130129571096870e+00
-1.484597388757148861e+00
-2.052284340919241501e+00
1.037112027534075498e+00
6.114072236963174589e+00
9.884494083192180369e+00
9.618815475012002736e+00
4.954259024642568399e+00
-1.875196903734100751e+00
-7.474756153402429604e+00
-9.368443536810216798e+00
-7.333788148177064592e+00
-3.203614461510646994e+00
5.607729422079241743e-01
2.434371811442802791e+00
2.486416194926978740e+00
1.853857614732320469e+00
1.618163461120493141e+00
1.999694994466874487e+00
2.396533386603697302e+00
2.072070224064282762e+00
8.308466122439577273e-01
-8.574617386363518889e-01
-2.291475539661455230e+00
-3.072682784460285532e+00
-3.272590906174875247e+00
-3.162313403963959324e+00
-2.851184224627192343e+00
-2.232018058377752912e+00
-1.282098253388189502e+00
-3.626876673210222002e-01
-1.014228382323396627e-01
-8.244210196874108831e-01
-2.002129937148090733e+00
-2.309333718258829382e+00
-4.764980912480911712e-01
3.581699928701831848e+00
8.256069439198403970e+00
1.092849997779661919e+01
9.573535977745835979e+00
4.231276591984373781e+00
-2.737547649438452968e+00
-7.919173690266716470e+00
-8.866564968190957075e+00
-5.532881409053146626e+00
-1.657447594375320854e-01
4.217568121252345925e+00
5.682576151408996523e+00
4.308468316970402334e+00
1.692709506957753796e+00
-4.224694606400062891e-01
-1.296303145595346207e+00
-1.326277215209425098e+00
-1.278134304967343926e+00
-1.416730905217307601e+00
-1.317595052997731830e+00
-4.549645303898556814e-01
1.058839039562012641e+00
2.337611256273598670e+00
2.379243911445049875e+00
9.545009849292562798e-01
-1.099426334061414545e+00
-2.519415208463045008e+00
-2.692593004034108617e+00
-2.217985409519070750e+00
-2.376046229271428167e+00
-3.863509386936522461e+00
-5.867082163849691057e+00
-6.390279195791150002e+00
-3.761801119630774792e+00
1.790036082069228929e+00
7.824826442955455263e+00
1.108456992555632148e+01
9.695623188513891932e+00
4.543707988404996456e+00
-1.286767326244391274e+00
-4.667911481035718069e+00
-4.575356361326832655e+00
-2.578546814381243113e+00
-1.295416489355366352e+00
-2.056465589185229259e+00
-3.703256897072153109e+00
-3.583502011664903453e+00
-2.254530875281357538e-02
5.745897316588427728e+00
9.927878175827396845e+00
8.802128796870576366e+00
1.762485549528364004e+00
-7.631037385411660878e+00
-1.364943006409639104e+01
-1.222023366311598025e+01
-3.872978332359537923e+00
6.411349723707155057e+00
1.247414808798834684e+01
1.111498156613505550e+01
4.157530463329436543e+00
-3.007918526362008294e+00
-5.312846831277630244e+00
-1.509577919629232934e+00
5.180064932824840263e+00
9.586766379517982273e+00
8.313402650268125527e+00
1.934258779021043484e+00
-5.757227771232368951e+00
-1.062721787448301747e+01
-1.090526620494193111e+01
-7.782822851998533409e+00
-3.785888409053362658e+00
-5.432362728813782127e-01
2.129581834799016082e+00
5.210973014517437107e+00
8.651301669587878607e+00
1.059682101304044544e+01
8.587216063081667627e+00
1.870968024690194298e+00
-7.151054016011233472e+00
-1.382499360452336568e+01
-1.413555229242215994e+01
-7.558374438705591558e+00
2.310559335335126363e+00
9.960333751032916183e+00
1.150287264730183345e+01
7.027063665917384405e+00
1.419456315148857062e-01
-4.811276426277460772e+00
-5.708850348978718792e+00
-3.607943834277631101e+00
-1.241247328204720057e+00
-5.057272231221546788e-01
-1.080580539558793962e+00
-1.212616100064690894e+00
2.047673484525907583e-01
2.246693218408863935e+00
2.627067512598197929e+00
-6.421588729579785770e-02
-4.547419070044037781e+00
-7.277695144318154341e+00
-5.111922402430597145e+00
1.786172213233686357e+00
9.302050971304002047e+00
1.190867718323216984e+01
6.779274789395191902e+00
-3.616388902314335851e+00
-1.266117454399065601e+01
-1.400042827674533719e+01
-6.165268604161689758e+00
6.035696341115031949e+00
1.459196873584101262e+01
1.380439502941191066e+01
4.316141393508901913e+00
-7.295679869138811391e+00
-1.314376131537390080e+01
-9.567770453834519628e+00
4.031464131735935652e-01
9.412131436630636117e+00
1.118851038622361216e+01
5.036379546333020762e+00
-3.849442625756470004e+00
-8.386216512332019590e+00
-4.910633835387137047e+00
4.118744731245839397e+00
1.194971560507555353e+01
1.247696959295738850e+01
4.653694431981769242e+00
-6.779623471323316330e+00
-1.465217900164348208e+01
-1.427859046058522452e+01
-6.425616798865020129e+00
3.599961567858303901e+00
9.818514571286822701e+00
9.482472888652216270e+00
4.342003046040500358e+00
-1.279588275061047886e+00
-3.838563933797634053e+00
-2.788269972435071686e+00
-2.508410718938764994e-01
1.207215756452120425e+00
7.094888480201981817e-01
-5.454222067576142141e-01
-7.301975871247333716e-01
7.412822545143435971e-01
2.564116272661542961e+00
2.642938808223747049e+00
-1.512825342525669914e-02
-4.221960776851553909e+00
-7.276119031698381256e+00
-6.896927721338043327e+00
-2.940196122381310673e+00
2.412288305192845428e+00
6.118676817741937946e+00
6.293885834415013925e+00
3.324064003637863696e+00
-6.284031106422446333e-01
-3.229438918271305248e+00
-3.453877508620178727e+00
-1.947418932242896750e+00
-2.068492848445669940e-01
6.328830745050764151e-01
4.696489066969685711e-01
-9.347922982823331228e-04
-4.350945559636634763e-02
5.370276725267019158e-01
1.401123252291186727e+00
2.105699987867649448e+00
2.475208654802300678e+00
2.586224791267159429e+00
2.474040671101978450e+00
1.945562687281508385e+00
7.471988635080166752e-01
-1.060291097843843122e+00
-2.926242512760467651e+00
-4.090860674380644824e+00
-4.142829833342039692e+00
-3.360114464673546131e+00
-2.473543289423901559e+00
-1.998540660983239459e+00
-1.719757383325340783e+00
-8.586661557161308078e-01
1.113329279896670965e+00
3.681040249383741969e+00
5.294297010892520916e+00
4.384995989264812266e+00
7.292160812846084639e-01
-3.952059600159119945e+00
-6.830815340998706020e+00
-5.857556068156051232e+00
-1.392203433444950900e+00
3.715914785224800010e+00
5.868158805759128072e+00
3.195746019282724504e+00
-2.962521488668485858e+00
-8.733355645327712580e+00
-1.019797045224644094e+01
-6.038080095087822841e+00
1.499844418555032144e+00
8.025331238088050156e+00
9.854671573681628161e+00
6.343583240882933794e+00
1.378762199596017535e-01
-4.747041774336415720e+00
-5.611245218022417269e+00
-2.658460870594185455e+00
1.505289555252568690e+00
3.939901831852424152e+00
3.432628365412794924e+00
1.112479433316884592e+00
-6.780831610360072981e-01
-2.843424813172606980e-01
2.026262164217162987e+00
4.336022809718373061e+00
4.545402368728169940e+00
1.904183591256139341e+00
-2.467716307676165677e+00
-6.332447085455051194e+00
-7.725196447118937826e+00
-6.013818514979839769e+00
-2.038624212090139221e+00
2.546383657614294194e+00
6.140549569412136144e+00
7.742136691858514830e+00
7.058705545686272842e+00
4.414771610715736649e+00
6.828668882442276988e-01
-2.804546790889034025e+00
-4.591446965270685077e+00
-3.763493288320495012e+00
-6.344663623967552457e-01
3.103801115467943461e+00
5.116750033029853206e+00
3.785347195133643705e+00
-6.432002855899147109e-01
-5.970748818155947824e+00
-9.249510621515359077e+00
-8.585665322076820871e+00
-4.357906228874703913e+00
1.015432858708857911e+00
4.651750684448555440e+00
5.062922832307875431e+00
3.014347070061479172e+00
7.966315830720730462e-01
4.549474673190511131e-01
2.271048852151470232e+00
4.604178962955697507e+00
5.196558405061774799e+00
2.965046766925258925e+00
-1.068261656940397764e+00
-4.427563956060684092e+00
-4.968266061167571301e+00
-2.490086543044532252e+00
1.033986945154454107e+00
2.835997328004045137e+00
1.384977576330516769e+00
-2.391229731218363685e+00
-5.620150483892818905e+00
-5.443144151222309546e+00
-1.087590010697772280e+00
5.399279624798255739e+00
1.031487012487985844e+01
1.063122718007638312e+01
5.955488667055074181e+00
-1.176885086990276275e+00
-6.864702920558453769e+00
-8.226685682750050077e+00
-5.065327815659886213e+00
2.146046885577202468e-01
4.282022534498147515e+00
4.977241609544471146e+00
2.462900010357246483e+00
-1.220780327238366159e+00
-3.741560231232471168e+00
-4.026031631611570738e+00
-2.730905142102268091e+00
-1.432078541674365324e+00
-1.254681413551949287e+00
-2.017197132143340177e+00
-2.511255878284143428e+00
-1.643446274273667740e+00
5.010939983719451263e-01
2.555455027250999045e+00
2.869473592097828707e+00
8.795471037087817523e-01
-2.223453109527387284e+00
-4.133817550224391013e+00
-3.023062451159006958e+00
1.025279098593433025e+00
5.819751644430867898e+00
8.353483257821519459e+00
6.770759944671423725e+00
1.665557911253019441e+00
-4.215164295061380351e+00
-7.699181825716711280e+00
-7.182152514705697044e+00
-3.530904010596978004e+00
6.884935425803841991e-01
3.059885003102549295e+00
2.901838283712447453e+00
1.480853139197712665e+00
7.809175703685129477e-01
1.825002672591227171e+00
3.850591302081558975e+00
4.960965798184947317e+00
3.723600482522158917e+00
4.431449779729563776e-01
-2.925854549867977106e+00
-4.211584295299486413e+00
-2.723198753419961093e+00
1.192062709393195696e-01
1.779296307870965155e+00
5.395969867665360020e-01
-3.069903895881584965e+00
-6.478750334659350685e+00
-6.855767966609851882e+00
-3.210401519188526898e+00
2.722903144443981738e+00
7.505157085408049156e+00
8.231334144770324102e+00
4.415782715834092542e+00
-1.784517963986660405e+00
-7.106056920709769464e+00
-9.313072237615347859e+00
-8.394595854739126395e+00
-6.057493155436714183e+00
-4.057722531626799523e+00
-2.760808279329827641e+00
-1.074873442566009807e+00
2.235406618541782908e+00
6.979016204344457464e+00
1.108445931517882954e+01
1.178846188184395061e+01
7.695412336422092103e+00
1.748488247350030722e-01
-7.058199906889909059e+00
-1.006853055738160840e+01
-7.178453269991750929e+00
-1.308235962704360489e-01
6.882539022602752965e+00
9.734315729735497413e+00
6.824321702415377722e+00
-2.900978604667425742e-02
-6.744267051270981028e+00
-9.381388519901298295e+00
-6.320854671861420471e+00
9.779600971522068864e-01
8.898483081201341349e+00
1.359056296128141028e+01
1.281502590959129861e+01
6.860466877822645415e+00
-1.737064634424454912e+00
-9.397802242985571652e+00
-1.305739234427831974e+01
-1.146263905073163691e+01
-5.695880476788961921e+00
1.331899844302630864e+00
6.280230129030975661e+00
7.066387784289497986e+00
3.955702305134479957e+00
-6.449356879184939828e-01
-3.694853399310699338e+00
-3.478816831043318736e+00
-7.452464077124011377e-01
1.832295509055485994e+00
1.625522175690979232e+00
-1.860817085485374500e+00
-6.327165419059757490e+00
-8.090525002044604008e+00
-4.735036842834104753e+00
2.846126960488584157e+00
1.060010227701100405e+01
1.376896582082135545e+01
1.008373776167443658e+01
1.473152031734390022e+00
-7.014448488024969564e+00
-1.045416465429648767e+01
-7.263560345133988072e+00
-1.592447930964723257e-01
5.828071143325135317e+00
6.880056562152041977e+00
2.960583118077584786e+00
-2.374145991994800475e+00
-4.730482104068203242e+00
-2.153966156371133867e+00
3.464964091443694549e+00
7.849268019500325266e+00
7.540023685750183446e+00
2.465030271700356934e+00
-4.009409698127619492e+00
-7.547561390049197350e+00
-5.988652060424531243e+00
-8.595125938342323968e-01
3.812296551330593974e+00
4.460183945386628324e+00
5.253086092003940166e-01
-5.232951605757324209e+00
-8.804283271225424201e+00
-7.795988599883342474e+00
-3.023398762371117154e+00
2.235148337824376608e+00
4.648917985843669776e+00
3.101023856024762271e+00
-7.642254776021968343e-01
-3.942475552282347806e+00
-4.251799175168932798e+00
-1.695806411412336789e+00
1.837598325655615872e+00
4.109059463797418488e+00
4.047294086931128021e+00
2.204775396537516752e+00
3.087731678079574937e-02
-1.280082344177294607e+00
-1.442842423494649973e+00
-8.832907609304327945e-01
-8.179258739540151701e-02
8.545042275853724778e-01
2.044288185648288625e+00
3.368826930326120905e+00
4.254526293757049160e+00
4.004425553351776301e+00
2.422010644752916164e+00
1.389667888895298464e-01
-1.725442145739187749e+00
-2.359028009214290122e+00
-1.855513752436832808e+00
-1.089522690819638928e+00
-9.423001926654116511e-01
-1.526170049124089267e+00
-2.089815160242121550e+00
-1.720867390290085952e+00
-2.611189135541076567e-01
1.378693747312845552e+00
1.844407469171250424e+00
4.401480441971890034e-01
-2.211419013289089186e+00
-4.552916248080850714e+00
-5.262320035444320254e+00
-4.256752766351971751e+00
-2.663990655384119943e+00
-1.744267724971197531e+00
-1.673375755149484334e+00
-1.300298330003432534e+00
7.754072394469060381e-01
4.623976299835305781e+00
8.304526570692082998e+00
8.911663976497020911e+00
4.800202504259189595e+00
-2.673836062815911685e+00
-9.436399071635653613e+00
-1.113692543269285018e+01
-6.186586034981504945e+00
2.825327462446506566e+00
1.055276086674936664e+01
1.234413180738392057e+01
7.356064321700015007e+00
-9.100676806861578427e-01
-7.081619956489809908e+00
-7.641041733939960778e+00
-3.215475300492013133e+00
2.200430975811738410e+00
4.432211688700242291e+00
2.272472224399906704e+00
-1.797261352520787447e+00
-3.804265403533885870e+00
-1.628173950086352573e+00
3.176469017900342973e+00
6.556025333336664929e+00
5.243053530505569881e+00
-4.416571251987088109e-01
-6.551981708826607687e+00
-8.400729505879416692e+00
-4.209809155814460802e+00
3.317015317574611100e+00
8.822773691771566007e+00
8.250888904126789214e+00
1.959832347426039512e+00
-5.409333865168308719e+00
-8.299895886855976457e+00
-4.366559047380883740e+00
3.728924441497373898e+00
1.022202952944056520e+01
1.044477251145672980e+01
4.193442287567977544e+00
-4.223770224876818524e+00
-9.238414386347852059e+00
-8.083874131375804239e+00
-2.623548618687906231e+00
2.343878337088662445e+00
2.894417701643762886e+00
-1.068475237400215327e+00
-5.946103639991832779e+00
-7.449866578710119036e+00
-4.047081786706927531e+00
1.869657941177844451e+00
5.962893794032657624e+00
5.451986485387545045e+00
1.319021838566971194e+00
-2.545693815097817669e+00
-2.569146948563711064e+00
1.508145216902701646e+00
6.311912780989565874e+00
7.520878879418706475e+00
3.469490749894560633e+00
-3.232371818205838299e+00
-7.479490823583296866e+00
-5.610951842455248695e+00
1.502302841340632744e+00
8.707422812091230924e+00
1.016349925682250266e+01
3.715781437681046739e+00
-7.207574196029744584e+00
-1.568649471851463417e+01
-1.598658708267253736e+01
-7.510941748253602057e+00
4.777095812274382070e+00
1.371939584580180238e+01
1.468432745339366008e+01
8.335701246544243048e+00
-3.361973308964333329e-01
-5.779670786057507392e+00
-5.599457100721578762e+00
-1.644173444673518780e+00
2.016278922886009184e+00
2.414969954922144169e+00
-2.689538766702667671e-01
-3.325424192293046755e+00
-4.025327541159894551e+00
-1.881230806385467691e+00
1.117409959526298069e+00
2.338362977120813646e+00
7.947119058941654046e-01
-2.018175629442538366e+00
-3.397023847693173337e+00
-1.743967906127472212e+00
1.982648164703769700e+00
4.874456232030500935e+00
4.284231749096463204e+00
-7.724300284492235935e-02
-5.780486534781678287e+00
-9.320853975673189851e+00
-8.508147562862287572e+00
-3.829106443625597933e+00
2.135934869603925979e+00
6.653236972022311235e+00
8.575684706669091995e+00
8.617666108390798385e+00
8.155068374657377106e+00
7.718407157504688421e+00
6.512023868945519212e+00
3.352471509639882719e+00
-1.826336052064327031e+00
-7.276333291235234313e+00
-1.029231521177386455e+01
-9.091653595668073962e+00
-4.290302716475969724e+00
1.235897233571842779e+00
4.134460840214492450e+00
2.789471236050915071e+00
-1.603879930162525946e+00
-5.866209336441358779e+00
-6.968768865523397693e+00
-3.983523389656816072e+00
1.448534533841211669e+00
6.330736853987502855e+00
8.247805720436755195e+00
6.680032390662727693e+00
2.936656239429490611e+00
-1.003626190949905794e+00
-3.757438581160831959e+00
-5.030617684622868069e+00
-5.199362316034518372e+00
-4.559496686481601557e+00
-2.982240537514547540e+00
-2.512644752137613846e-01
3.292255507987790430e+00
6.459287639635810763e+00
7.656128951542985561e+00
5.837812546078758658e+00
1.316377893349726325e+00
-4.167597238993289821e+00
-8.212972238982583661e+00
-8.929452483507400729e+00
-5.856349652618995094e+00
-1.701144767247080303e-01
5.857055323055194052e+00
9.831524946850327851e+00
1.020712703910763075e+01
6.888956981250767164e+00
1.271355969517814266e+00
-4.321003901684507653e+00
-7.627757498427866878e+00
-7.506291992740636410e+00
-4.530507013301785513e+00
-7.300282969731806126e-01
1.519276631743982975e+00
9.014266474105492311e-01
-1.987588036124381841e+00
-4.955872682856989009e+00
-5.599495415794964792e+00
-2.906934370541028212e+00
1.992212985249445456e+00
6.488779531866422978e+00
8.159752508073911059e+00
6.309331640057128432e+00
2.322011680438691883e+00
-1.394077566563555415e+00
-3.080208488954228052e+00
-2.692480470962840933e+00
-1.622479228028836484e+00
-1.374216200562244028e+00
-2.288428627615560984e+00
-3.331315654455826447e+00
-3.084840536690258261e+00
-1.089464870235227201e+00
1.607536539812191467e+00
3.201393760180453629e+00
2.601857987760274327e+00
4.158220904999541667e-01
-1.425817554134906961e+00
-1.180255468000036556e+00
1.232878134736939302e+00
4.012502780132552793e+00
4.774131420776114965e+00
2.407774562656570527e+00
-1.962642268631134890e+00
-5.720470501654696172e+00
-6.668866991260312460e+00
-4.629757459034829381e+00
-1.454302937294901010e+00
5.785006229510878395e-01
6.818372759621200707e-01
1.977923903407261541e-01
1.349373952432236567e+00
5.062935062014812360e+00
9.679777392740199105e+00
1.179010234799363133e+01
8.764844620593756019e+00
1.103876882518413094e+00
-7.340284650547992840e+00
-1.170809541296873846e+01
-9.511887577018498519e+00
-2.571183180396418244e+00
4.067009241273387588e+00
5.623658771568573300e+00
1.052507828736461537e+00
-6.076119076147865172e+00
-1.002652121173867172e+01
-7.013907536162866663e+00
1.950898878606470932e+00
1.156736870706773956e+01
1.579182053904232852e+01
1.192941291716869223e+01
2.393067201413381362e+00
-7.055514121731118138e+00
-1.124791199578841372e+01
-8.897362844610636756e+00
-2.980962310003083982e+00
1.850116004454015473e+00
2.758059757836158088e+00
5.027651864583142505e-01
-1.664798873656094580e+00
-9.597529620298967945e-01
2.519685431414955268e+00
5.797195404860802981e+00
5.404641551885855932e+00
2.678695403190420876e-01
-7.158680924435953941e+00
-1.241245417485006008e+01
-1.209358290132269076e+01
-6.232687164774373123e+00
1.750788893954497993e+00
7.417772246174745732e+00
8.254457134342356284e+00
5.109681613435490988e+00
1.229034944238058591e+00
-2.489288682785208984e-01
1.551260213868031812e+00
4.907611451486225462e+00
7.024783131694879224e+00
6.122954799072645393e+00
2.539659478590246433e+00
-1.802482594605417709e+00
-4.929008381278503492e+00
-6.061186534349331190e+00
-5.699847075298417387e+00
-4.713966785120721426e+00
-3.395938356265407521e+00
-1.361423326213752283e+00
1.664176921018713839e+00
4.979009395154264439e+00
6.894675526628047280e+00
5.808202941859279989e+00
1.608374665724418229e+00
-3.752545870734970368e+00
-7.170332316450140908e+00
-6.327226673648846500e+00
-1.350268215835905394e+00
5.037319529378702754e+00
9.098623824660592163e+00
8.410248497332620587e+00
3.391663719903115215e+00
-2.988853418767988490e+00
-7.128732684141775522e+00
-7.042939656206525179e+00
-3.479179333254523776e+00
7.735977233975962486e-01
2.835780313860710500e+00
1.604316704801865168e+00
-1.670293067611379634e+00
-4.384154902708884194e+00
-4.398558701968660500e+00
-1.441538114896810718e+00
2.783179453620431509e+00
5.759073189749193133e+00
5.760284019868724847e+00
2.851768105019458766e+00
-1.289150897834880904e+00
-4.513339682401088737e+00
-5.500850419769705013e+00
-4.394095862186448542e+00
-2.436935380070087476e+00
-9.634036758387842792e-01
-4.769604078699072325e-01
-4.446446096104264001e-01
9.979910545797815447e-02
1.628535182663681580e+00
3.586873944329739050e+00
4.697557377219744090e+00
3.933744862291973732e+00
1.463487680579494299e+00
-1.190565329871911215e+00
-2.033542762585456298e+00
-2.616650823318245056e-02
3.926013785326074590e+00
7.235098509214144435e+00
7.166148935002899734e+00
2.746732934485629052e+00
-4.246089723275645156e+00
-1.004174991631628799e+01
-1.107941887750282461e+01
-6.327600437039904158e+00
1.825902372826462727e+00
8.825977579209247637e+00
1.066727349213131504e+01
6.377750244066585417e+00
-1.355566116379697261e+00
-7.867470932441168685e+00
-9.436182791239557943e+00
-5.551985850913135678e+00
9.234042304114159494e-01
5.749056083891272095e+00
6.067715885790399000e+00
2.098736656963095193e+00
-3.281685300545656325e+00
-6.645903105032537894e+00
-6.275495324000714525e+00
-3.056059735999737459e+00
4.603528440828775214e-01
1.993424728584884509e+00
1.030740249260581942e+00
-1.101484361826795766e+00
-2.460892295376617689e+00
-1.962553114013313449e+00
-5.209893161029599540e-03
2.085642218165001616e+00
3.200248601802074599e+00
3.199989889651154495e+00
2.740612126276543048e+00
2.445515992715787235e+00
2.240220049725140772e+00
1.467963512139749849e+00
-3.186687271053495474e-01
-2.627698218390427165e+00
-4.091882552827516228e+00
-3.404791541842731473e+00
-4.367468322176029094e-01
3.398142994852955123e+00
5.927111003366064779e+00
5.661829620313611144e+00
2.846287391526118427e+00
-6.988635230454341984e-01
-2.855946881959264161e+00
-2.679543500265283651e+00
-9.668302452007880854e-01
4.808388749309674415e-01
3.184954586301941282e-01
-1.292508416741189103e+00
-2.850569600003131754e+00
-2.753643989111218993e+00
-6.374567126914971738e-01
2.236848697786830265e+00
3.855376755902774732e+00
2.920069831626122880e+00
-2.037766413852653558e-01
-3.764203223551260358e+00
-5.878684915023908886e+00
-5.787457800802873642e+00
-4.165662212745836257e+00
-2.331347495847996498e+00
-1.067741878551897283e+00
-6.123872685309805775e-02
1.582197703218150453e+00
4.203664222388622917e+00
6.859621997122268056e+00
7.730753957769101348e+00
5.488522754191797581e+00
5.942806552248225405e-01
-4.567521005696971059e+00
-7.014508303260231337e+00
-5.134474655342526894e+00
8.799105867729406505e-02
5.534641278404424547e+00
7.890623196164991526e+00
5.779119774270760956e+00
6.383583037744338107e-01
-4.263842062108622599e+00
-6.000117470290340371e+00
-3.854824226672045828e+00
3.513586727757441186e-01
3.637510229506010884e+00
3.926420292367347464e+00
1.359248484517684208e+00
-1.990699822525423990e+00
-3.710798374865921012e+00
-2.769487529118466185e+00
-1.620967492064501747e-01
1.910473673730317623e+00
1.685272408284762768e+00
-8.796228991292369681e-01
-4.062401038968982192e+00
-5.567638662547489403e+00
-4.105824288533849398e+00
-2.925726685290275242e-01
3.708304687256090304e+00
5.533008745888668756e+00
4.073524227783266838e+00
1.362874801239213340e-01
-4.061216232048572294e+00
-6.201638449279880838e+00
-5.182009059709427490e+00
-1.680957522761234113e+00
2.296622052698675809e+00
4.588480020082644550e+00
4.081952366366592422e+00
1.303877511912692633e+00
-1.902710577161332850e+00
-3.421539909496210896e+00
-2.059785219284805180e+00
1.745684049506150526e+00
6.105276466496022181e+00
8.667670835784399230e+00
7.910607519664528020e+00
4.026364196099923909e+00
-1.115065362157351414e+00
-4.947981297325271477e+00
-5.619444948797683637e+00
-3.031373544325667524e+00
1.098094646061846813e+00
4.213520020424616597e+00
4.385865437590721783e+00
1.405323748108323834e+00
-3.139740660036349329e+00
-6.832395074687984682e+00
-7.847075076122001391e+00
-5.958789518089391279e+00
-2.551737966415974057e+00
3.321130243426749784e-01
1.276123287483768243e+00
2.985087410080903281e-01
-1.284331427445343676e+00
-1.799857628216017913e+00
-3.307641132217806756e-01
2.709908995612583915e+00
5.867235737910343474e+00
7.561814454375625161e+00
7.022910180916776213e+00
4.658020000036558805e+00
1.678171467578683185e+00
-7.165476457771985386e-01
-2.031515895143709116e+00
-2.616576694196949493e+00
-3.213135720108893700e+00
-4.270735154717752557e+00
-5.529728278598756042e+00
-6.162250912995324015e+00
-5.368413971143234598e+00
-3.007873089050258741e+00
1.810557202242000230e-01
2.946526932161783741e+00
4.250303687932205143e+00
3.885403823535137136e+00
2.574925878136276047e+00
1.477935573411255366e+00
1.418085716435912413e+00
2.338873055548660318e+00
3.349584407774767847e+00
3.344702169026267491e+00
1.801781439369771309e+00
-7.661646747449222250e-01
-3.020957574613315266e+00
-3.574494237367261462e+00
-1.868544047620379178e+00
1.384231319045366337e+00
4.492065310691990554e+00
5.672531537044853245e+00
4.047667503275203416e+00
1.836281645717232625e-01
-4.141819492943524139e+00
-6.841105517124871582e+00
-6.622431581071603901e+00
-3.716263810769448117e+00
1.777860221253712014e-01
2.735995799048920318e+00
2.252343319971140456e+00
-1.350556695402275187e+00
-6.304483286485375260e+00
-9.776873228077272771e+00
-9.343220289678665580e+00
-4.421930658436531658e+00
3.143835013829872516e+00
9.811149398278054434e+00
1.213437118228868350e+01
8.731239875367611702e+00
1.279436002442844167e+00
-6.171550784033094317e+00
-9.357527576223287014e+00
-6.280369281195408604e+00
1.465800846561255755e+00
9.439829027907856940e+00
1.287969209781586422e+01
9.574225522755561713e+00
1.314216212106024795e+00
-7.066678521472305796e+00
-1.057972519613084117e+01
-7.161195607244592587e+00
9.936251524458106221e-01
8.736524554132813591e+00
1.114090140928252559e+01
6.556426633588786856e+00
-2.396036616074008307e+00
-1.051541779583007497e+01
-1.328981655510510507e+01
-9.626294072151967640e+00
-2.309440488880742048e+00
4.020025809734342204e+00
5.942528942312415907e+00
3.323122298052363810e+00
-9.485081687239742543e-01
-3.230586709239719578e+00
-1.748237510506086334e+00
2.272665095548979330e+00
5.680014954620030032e+00
5.822426935422246430e+00
2.539387875886463863e+00
-1.718969821142681820e+00
-3.707083000416945051e+00
-1.803655353066065059e+00
2.724037332419300128e+00
6.539544036569162166e+00
6.578009101368984091e+00
2.258769696446604414e+00
-3.996956125689605788e+00
-8.324057462558082321e+00
-7.981262692933736247e+00
-3.169801133458741926e+00
3.122825523874110942e+00
7.112033928421259255e+00
6.657283474063298456e+00
2.514262383637780207e+00
-2.374869595239873288e+00
-4.967217807098954552e+00
-4.098676637572097547e+00
-1.037960951326228898e+00
1.645325323568932685e+00
1.983571983571745800e+00
-9.729547014915373992e-02
-2.949538812362761053e+00
-4.590200277908458304e+00
-4.196467443342500658e+00
-2.592721211789873248e+00
-1.419371786902918320e+00
-1.679771860301250364e+00
-2.821231012415937212e+00
-3.090605999823402783e+00
-9.317784025655413416e-01
3.615607736889383528e+00
8.601414493182799603e+00
1.126025534161333042e+01
9.822457115253406812e+00
4.798580815352867290e+00
-1.182549715267533275e+00
-4.929539615238228478e+00
-4.638077149572920277e+00
-9.671171177956592313e-01
3.439375079051080419e+00
5.639950566977578461e+00
4.182589471088074440e+00
-1.254797058557115541e-01
-4.867121593097526677e+00
-7.566755543353168356e+00
-7.117565518808297576e+00
-4.248470344435397728e+00
-8.837058290219810264e-01
1.070723066144079860e+00
7.375722845648279291e-01
-1.428299347877739045e+00
-4.041484640014212815e+00
-5.526137428863888701e+00
-4.793299566017640956e+00
-1.648208739008275803e+00
3.096669068713443274e+00
7.796376270690866583e+00
1.047684211220062522e+01
9.649159094913343893e+00
5.180923366582140588e+00
-1.276871927034158638e+00
-6.776094164540874765e+00
-8.483707607602186229e+00
-5.363772609047169126e+00
9.253095518694319788e-01
6.692227727157214368e+00
8.283515277247568420e+00
4.403441783313519764e+00
-2.838114613299799416e+00
-9.005589665565592483e+00
-1.004127712828184826e+01
-4.924016245955892934e+00
3.500383884904251897e+00
1.018438125304967024e+01
1.104905314275484862e+01
5.599713291288849426e+00
-2.769490196167403440e+00
-9.011969556923098423e+00
-9.712244566352703501e+00
-5.203067140609109131e+00
8.910081195384692565e-01
4.308002697893581256e+00
3.115148607773880585e+00
-1.073449750818078252e+00
-4.418247794838229936e+00
-3.705996901707269586e+00
1.319492955125401989e+00
7.763530284461379161e+00
1.157943262896024450e+01
1.028071445078499480e+01
4.470200635163322112e+00
-2.765055574715345799e+00
-7.989505589947558661e+00
-9.475421536542306455e+00
-7.802428724903307966e+00
-4.829081213582874454e+00
-2.070367473729724850e+00
1.901013916515910118e-01
2.490926549057355555e+00
5.065838342519277226e+00
7.147108274157188745e+00
7.402491765443776295e+00
5.153759894548938014e+00
1.268399733225887172e+00
-2.181830631273703247e+00
-3.379261541098305788e+00
-2.214497609133953659e+00
-4.903048640907494704e-01
-5.546192996011264364e-01
-3.323854414853107730e+00
-7.262180232238103272e+00
-9.261861086524286080e+00
-6.932132442202227907e+00
-6.383767428177764547e-01
6.320818928325163455e+00
9.711942232049818102e+00
7.231267429640341859e+00
2.039427725038862604e-01
-7.154930767943424641e+00
-1.046679017922939359e+01
-8.022942100649867569e+00
-1.763742225639110206e+00
4.224101443257811894e+00
6.554682697074211362e+00
4.692017996246008238e+00
9.517488566371975489e-01
-1.482324044694379506e+00
-9.509855647414171553e-01
1.641938614631710980e+00
3.792200108219554888e+00
3.480315413553217496e+00
7.268508808292315493e-01
-2.519117331498848422e+00
-3.954349495037478235e+00
-2.656307529817407254e+00
3.527265791701621467e-01
3.043797533437096359e+00
3.962031043905048122e+00
3.153649858393169580e+00
1.767327088968032367e+00
7.920833477006286039e-01
9.622426145671925113e-02
-1.363158413666354152e+00
-4.323517385942448499e+00
-8.064498428813132946e+00
-1.041311790680306615e+01
-9.093444513842115384e+00
-3.489693700584035163e+00
4.535281282632710464e+00
1.149225067825480195e+01
1.428996718122433407e+01
1.205293450031135727e+01
6.494648534777185844e+00
6.586156677632235557e-01
-3.005936746127290782e+00
-3.874202729887003649e+00
-2.950592586523283156e+00
-1.635156995529341017e+00
-5.637946806057113625e-01
5.683713746434593261e-01
2.202580469535454721e+00
3.980676822158026873e+00
4.619207122897849516e+00
2.812520046042704891e+00
-1.540750024049716949e+00
-6.846246169624063072e+00
-1.058911897457593021e+01
-1.091007468990801854e+01
-7.845502638192938250e+00
-3.296866419328805975e+00
2.727938746022151584e-01
1.472575537320305772e+00
7.752805032532923413e-01
-5.357643360075248218e-02
6.081742249028809777e-01
3.036911091410730013e+00
6.042255677795044022e+00
7.910125428475371478e+00
7.610527491516377196e+00
5.364876864146145508e+00
2.264243371876085931e+00
-6.009195836992833328e-01
-2.729101751551274102e+00
-4.107536752243536426e+00
-4.693753994977120314e+00
-4.126800969806440733e+00
-2.059754605505101033e+00
1.153288185053290782e+00
4.139847608710907068e+00
5.086976148607110559e+00
2.990324524113527449e+00
-1.339794438705699919e+00
-5.433280196171472731e+00
-6.607464639197982770e+00
-3.815840204608679898e+00
1.439707444557367211e+00
5.918904397472998014e+00
6.745474940437580891e+00
3.378460219803510967e+00
-1.967096425818733341e+00
-5.811219742650100883e+00
-5.800925199501436147e+00
-2.314377049967890621e+00
1.872870753763014706e+00
3.624354493121868526e+00
1.717177071430029178e+00
-2.284082059089623584e+00
-5.180121485179847163e+00
-4.480311449991095429e+00
-2.498091352906509632e-01
4.858865569496112258e+00
7.404914539090032832e+00
5.513725921200145486e+00
1.510321105949046228e-01
-5.524584156288725012e+00
-8.225690684577907419e+00
-6.577916705218140869e+00
-1.805322779378822684e+00
3.272272810751354122e+00
6.115478661693636298e+00
5.908482840998338759e+00
3.700131361130358787e+00
1.346482718349921059e+00
1.410292723159597417e-01
9.766435797688327591e-02
2.617928900650718371e-01
-3.372136655389847970e-01
-1.862551765794697056e+00
-3.540396658713508948e+00
-4.226980544104253390e+00
-3.202131799163387971e+00
-6.444881883864697070e-01
2.457424898348740339e+00
4.812638424353485433e+00
5.408338293614775694e+00
3.888056743472735555e+00
6.517047843660828121e-01
-3.262607799375686568e+00
-6.455861507744698358e+00
-7.595164702246419708e+00
-5.948761534918793892e+00
-1.849952375283121064e+00
3.203710291726978632e+00
7.034428156271945731e+00
7.766706893812542312e+00
4.857878607473057109e+00
-4.311087996688172108e-01
-5.508011996100306007e+00
-7.723639756409248491e+00
-5.794359408117428778e+00
-5.610889868795894131e-01
5.393012061927374923e+00
9.095794795832588875e+00
8.766525384215537287e+00
4.735288386133484018e+00
-8.082825200924157460e-01
-5.070871399835688464e+00
-6.179881323281936290e+00
-4.109192697827058538e+00
-5.130048301856007242e-01
2.378293533306897523e+00
3.110078068634745563e+00
1.796699100099764301e+00
-9.063262258489068746e-02
-7.736457657972592994e-01
6.144437992624879330e-01
3.402508610807407852e+00
5.739018542332947170e+00
5.719903451021709273e+00
2.599693165358516467e+00
-2.653500569421268551e+00
-7.798999909449531032e+00
-1.049879286792360844e+01
-9.536531181342191132e+00
-5.394655703068532482e+00
7.926604167483469743e-02
4.641839339241997209e+00
6.663285286139839059e+00
5.663326813181525310e+00
2.236991698289403807e+00
-2.390761976909335118e+00
-6.826446324480576422e+00
-9.801222416473837740e+00
-1.036518578213729214e+01
-8.136397041741957992e+00
-3.596147014911431405e+00
1.815992389503541693e+00
6.094521513687590542e+00
7.554698006862723858e+00
5.789077391363010250e+00
2.047656279652251499e+00
-1.356043234280686960e+00
-2.381593433528304438e+00
-5.293106688832800444e-01
2.836707216049078717e+00
5.404394116144136007e+00
5.497227542526440303e+00
3.231491167659170216e+00
4.017282381912862244e-01
-8.561828358195127109e-01
3.351353706566669866e-01
2.925569616999375011e+00
4.732333476170242470e+00
4.131177714353240660e+00
1.359423852807630784e+00
-1.611744522375268218e+00
-2.610065712844606534e+00
-1.061978285163096114e+00
1.371224764583634848e+00
1.942384295033921848e+00
-9.834313252625931367e-01
-6.312323646055007842e+00
-1.052807093724653598e+01
-9.927195352832463016e+00
-3.340310476686744856e+00
6.591101011800475362e+00
1.462947246791935640e+01
1.601265518291554812e+01
9.438517047700781148e+00
-1.986322804269766928e+00
-1.246671227170686258e+01
-1.681179594965964696e+01
-1.324084519347653455e+01
-4.060867156592715688e+00
5.983065358660440758e+00
1.244897258815845653e+01
1.330897893292551615e+01
9.375151515187013729e+00
3.198519232506943588e+00
-2.537630130737091427e+00
-6.108682497871654959e+00
-6.971883245205997781e+00
-5.460875530541411393e+00
-2.468901388895778037e+00
7.049793051041954861e-01
2.583621884076424458e+00
2.068989185754706028e+00
-8.269118913876662980e-01
-4.651711051997555302e+00
-7.093433355975057530e+00
-6.354662312372242994e+00
-2.471379581735155817e+00
2.452993161811845013e+00
5.478191938291934626e+00
4.818032175112679560e+00
1.194026428961646902e+00
-2.532203022464533770e+00
-3.336264818097969265e+00
-2.735149181494810344e-01
4.672905254530196117e+00
7.873819172421894663e+00
6.651143780242498416e+00
1.338605868064825621e+00
-4.753824764840938855e+00
-7.557795368325806784e+00
-5.124223248997271440e+00
9.110677944418617002e-01
6.388398054797304049e+00
7.521645759990627234e+00
3.592566440579861187e+00
-2.494465735999012335e+00
-6.230059128453651951e+00
-4.690895953095572501e+00
1.337936922519871175e+00
7.804245736586874038e+00
1.009264174002451853e+01
6.127977801965165838e+00
-2.223236803137571549e+00
-1.034371048443663099e+01
-1.377156544652145520e+01
-1.086117541172720991e+01
-3.534156005971040848e+00
4.169394100208313247e+00
8.595263320245562610e+00
8.366138133488538742e+00
4.622576484693006194e+00
-2.067937564228601310e-01
-4.030014024597713629e+00
-6.016613298695919099e+00
-6.448921603597507435e+00
-5.948767282394569200e+00
-4.845749271128830138e+00
-3.131918556540951304e+00
-8.551388792002563299e-01
1.546868867688769411e+00
3.337407699366170988e+00
3.930561686257249221e+00
3.305571518200540293e+00
2.033208494446045567e+00
8.996647011427331142e-01
4.338289054924258648e-01
6.804701784327903402e-01
1.317604943542388884e+00
1.933825950988244058e+00
2.209528459197123151e+00
1.918623173225842748e+00
8.882057221107106937e-01
-9.082964849035854993e-01
-3.136743640731648686e+00
-5.001661582752428004e+00
-5.503419915414099250e+00
-4.027724426202968111e+00
-8.992011123879459777e-01
2.568792605438219301e+00
4.704586802451422578e+00
4.461284175735277024e+00
2.098870950490260512e+00
-9.443945209023165699e-01
-2.949999449487805236e+00
-2.985020466909883652e+00
-1.399212164621009613e+00
5.700267485890040398e-01
1.749647214190416689e+00
1.805638380761474870e+00
1.277935218556701225e+00
9.207247830402287558e-01
9.530197487056103478e-01
8.839589042094733173e-01
8.127275463444616488e-02
-1.404100190999185482e+00
-2.518897827567974534e+00
-1.798298883651056057e+00
1.465347494733735934e+00
6.347979473396407002e+00
1.047772955553590890e+01
1.131990892872327059e+01
7.784790408025379804e+00
1.074668000716576977e+00
-5.853078442548405036e+00
-9.914665665255478544e+00
-9.602076923538414022e+00
-5.709199029908900158e+00
-6.978548805605042649e-01
2.804093186106600744e+00
3.396542245698166429e+00
1.409979213322120284e+00
-1.604680491389090635e+00
-3.898285487804594496e+00
-4.378204261654698115e+00
-2.909990920090874233e+00
-1.317774364273081034e-01
2.908302027617964303e+00
5.065274297701424011e+00
5.366565973836746828e+00
3.342349736109937908e+00
-6.198249249052270038e-01
-5.154396695028093056e+00
-8.313824067663166062e+00
-8.471265253974827658e+00
-5.290626349037487408e+00
-1.183031563199852254e-01
4.592769263268280611e+00
6.605975201941569175e+00
5.200954051321977190e+00
1.614037454831626972e+00
-1.705148913081986795e+00
-2.580154610272521687e+00
-4.050721304473192674e-01
3.551973862649287828e+00
6.987391205508031611e+00
7.962481044939890396e+00
5.975909787677848861e+00
2.104639189531603893e+00
-1.751423755441174013e+00
-3.952717969877013182e+00
-3.868907838406905775e+00
-1.965097193496866179e+00
6.415968832832499302e-01
2.765971396260748172e+00
3.557319747248124386e+00
2.646462535599346300e+00
1.484845695773326923e-01
-3.371872414743934510e+00
-6.987059049195341487e+00
-9.628203622105843351e+00
-1.044332860336962909e+01
-9.140717306367696082e+00
-6.104379649658953078e+00
-2.189818604566165838e+00
1.670224537188827130e+00
4.788750018066850522e+00
6.797193174326321419e+00
7.519586677940838904e+00
6.870799559877873719e+00
4.946409092360886994e+00
2.229214144369433548e+00
-3.648934482914836241e-01
-1.819814095575400525e+00
-1.628012032795404851e+00
-2.462994473678613017e-01
1.045242323370641380e+00
9.368597306476575959e-01
-9.445604263736527839e-01
