5.774187126562981831e+00
3.595152640335355088e+00
7.385309656442018422e-02
-3.331650868632652696e+00
-5.299208297241366772e+00
-5.257469582661228102e+00
-3.578499962931517064e+00
-1.285672221891169142e+00
5.242389989129123684e-01
1.220680751646742168e+00
8.754354538877293646e-01
1.133842933295195754e-01
-3.068275353691378160e-01
5.149721351350393383e-02
1.047093646759628793e+00
2.038918212265480090e+00
2.269125927655312402e+00
1.356126137966129575e+00
-3.873555298640105060e-01
-2.042273932417273397e+00
-2.597228514853760384e+00
-1.628171866005893254e+00
2.924139539767006690e-01
1.806510389677598916e+00
1.589670359084376594e+00
-6.767126918149836134e-01
-3.848960066490454413e+00
-5.819667719782732007e+00
-4.808648078308785934e+00
-6.792144609572672298e-01
4.647761537346190686e+00
8.127611289057053767e+00
7.438329988177026841e+00
2.601541089309164612e+00
-3.755074257150304184e+00
-7.826451790599252334e+00
-6.962227610020615742e+00
-1.429949081137497302e+00
5.594098962026766486e+00
9.900799196377416678e+00
8.847329635804236148e+00
3.013939319302698649e+00
-4.166186950849899873e+00
-8.567822342164429728e+00
-7.913869746865505483e+00
-3.053256429725627275e+00
2.795702470060906997e+00
6.243440298455037230e+00
5.852574303452004578e+00
2.804052510330660830e+00
-2.179575294935305330e-01
-1.029145631702228725e+00
5.899901251110156730e-01
2.916240450972570564e+00
3.650747190055632529e+00
1.583387874715930010e+00
-2.600441279735590250e+00
-6.830066921827202542e+00
-8.999288641691105539e+00
-8.178716206382539156e+00
-4.949121670585634014e+00
-8.210987929183619638e-01
2.687708146079597071e+00
4.663434087961809915e+00
4.849481302232916846e+00
3.390538130083728952e+00
6.738413516200854048e-01
-2.586162170499106683e+00
-5.259457384118401357e+00
-6.063244234023915880e+00
-4.234270904127011015e+00
-2.087668477551958279e-01
4.285248994059987382e+00
7.005125340397785116e+00
6.484376999283282927e+00
3.008072970760632181e+00
-1.452529533789779448e+00
-4.401596777596330057e+00
-4.356203845222143656e+00
-1.734869107130915022e+00
1.507933343383201841e+00
3.242588710789404693e+00
2.572534571486250421e+00
3.270153260735219058e-01
-1.657340309993445171e+00
-1.903244986643520820e+00
-3.165000807986747544e-01
1.829738558945747773e+00
2.871274584238819205e+00
1.936858387232746725e+00
-5.054010079148636425e-01
-3.065017813522244339e+00
-4.422827255623387188e+00
-4.141933828585745658e+00
-2.748917632960840240e+00
-1.131057849376705615e+00
2.032576141415282089e-01
1.410282771159867998e+00
2.961108244996569994e+00
4.990727928565430460e+00
6.904922513743709800e+00
7.588388700583354129e+00
6.094075734641736908e+00
2.340856591725113400e+00
-2.652213758408360267e+00
-7.148692735789110131e+00
-9.466671633516762441e+00
-8.721617266512129873e+00
-5.198116112262962218e+00
-2.349961138267464555e-01
4.285950362293656113e+00
6.654134007632055869e+00
6.019588226976594569e+00
2.810498612522312367e+00
-1.350963002207120400e+00
-4.323795215048956919e+00
-4.510713901425751793e+00
-1.792027342137609613e+00
2.266507155199550816e+00
5.208227848491138623e+00
5.142017766637012599e+00
1.995616680827067668e+00
-2.308249164451773972e+00
-5.003292674132008067e+00
-4.303582694885177418e+00
-6.881088961986469021e-01
3.310072953202116253e+00
4.784462557756777201e+00
2.516393502057880482e+00
-2.039491141703440036e+00
-5.636480595019841999e+00
-5.477488013506703446e+00
-1.286092120807771355e+00
4.304434932775922817e+00
7.434837653874319940e+00
5.694636745507848374e+00
-6.745405557189054768e-02
-6.131655010149895446e+00
-8.328207508357976963e+00
-4.884129188951551903e+00
2.264639559378458955e+00
8.640517236453128191e+00
1.012182778750649348e+01
5.630132389957231531e+00
-2.187794008894348607e+00
-8.703910075809469404e+00
-1.026384829277420607e+01
-6.375332741361993349e+00
2.415539082170282681e-01
5.614446875496277300e+00
7.045047823153899991e+00
4.517510999675483419e+00
2.268421999227343555e-01
-3.186590846077926198e+00
-4.318302653487076981e+00
-3.487008900782341048e+00
-1.941722101483192020e+00
-6.489205519404153133e-01
3.104487698691683062e-01
1.361586091534435994e+00
2.589192699959187660e+00
3.317000894403104638e+00
2.584943537724024409e+00
1.496740101192812755e-01
-2.908990533113390509e+00
-4.652009331163200478e+00
-3.627693152767730744e+00
-1.151578074064655288e-01
3.779058746908415145e+00
5.420613976542507650e+00
3.514019162897433546e+00
-8.227676413401370237e-01
-4.658958212091635076e+00
-5.222194681640552893e+00
-1.893492109749251640e+00
3.224919279140819661e+00
6.657745301348860778e+00
5.943172333593684797e+00
1.395186562941372443e+00
-4.031585152789301851e+00
-6.730695686335751660e+00
-4.924120384325417099e+00
1.013904044981343011e-01
4.882292382339520564e+00
6.182004399157934316e+00
3.231385989859335339e+00
-1.763551877993575490e+00
-5.200269799180621710e+00
-4.633438313902727756e+00
-5.109285309657453089e-01
4.123378314244917853e+00
5.751157671314756747e+00
2.848185620775241844e+00
-3.008148792787467940e+00
-8.146762488526718471e+00
-9.222450363040621824e+00
-5.396399784410387035e+00
1.170518560652582973e+00
6.780131293913487234e+00
8.566207192426949391e+00
6.170991215391526730e+00
1.685985409665823997e+00
-1.957978308794571687e+00
-2.943777237898197008e+00
-1.529043338769550120e+00
5.212813261853003199e-01
1.458840614437416860e+00
8.398011499506045086e-01
-3.401047308112991052e-01
-6.614815927516357608e-01
4.154590012220453765e-01
2.002410090487789951e+00
2.424016945593339578e+00
5.642433843948422290e-01
-3.109399961148218594e+00
-6.644813250386518710e+00
-7.809983232029344080e+00
-5.580143838444076465e+00
-8.739501977394126264e-01
3.969264300532891365e+00
6.608299077523231091e+00
6.060070436455724519e+00
3.134723180190205571e+00
-2.482539580584713357e-01
-2.306091732520371806e+00
-2.341801620758642954e+00
-8.538803146829865298e-01
1.086098610804186793e+00
2.600869024980933641e+00
3.353961736952163264e+00
3.355642700752138552e+00
2.581991314282482630e+00
8.717824549784176646e-01
-1.756624323201124938e+00
-4.686545005610566861e+00
-6.684473082566714019e+00
-6.503054224675086203e+00
-3.784462777851811843e+00
4.154483156037259706e-01
4.003653327458380318e+00
5.034410014774328701e+00
2.975096602263773704e+00
-8.329876895767100997e-01
-3.921772206474949840e+00
-4.234689069269488293e+00
-1.461786293639422585e+00
2.727638954105827906e+00
5.729237315548568077e+00
5.641565567954399896e+00
2.424147202425663394e+00
-2.152871694148821291e+00
-5.668907689072025136e+00
-6.503120050639326521e+00
-4.632261874682952474e+00
-1.358281236404176084e+00
1.693982691996775980e+00
3.529534087530322495e+00
4.069478644493448982e+00
3.738798682041070354e+00
2.852100391722614869e+00
1.367807468573772445e+00
-8.162089511888309667e-01
-3.364980571296949829e+00
-5.342005548082219057e+00
-5.634067598992465342e+00
-3.703672192436411770e+00
-8.566806531091919474e-02
3.804149425261221129e+00
6.464173854965443056e+00
7.149568831486435627e+00
6.161563026691828426e+00
4.410621668705697829e+00
2.644248104623584172e+00
9.765782158623568243e-01
-9.174994931308242396e-01
-3.158134180578876293e+00
-5.186252900463567350e+00
-5.963124390074559855e+00
-4.777952809269648604e+00
-2.027262259271922051e+00
7.542697623323537659e-01
1.806931460289658897e+00
4.344838773356659578e-01
-2.302050456165767311e+00
-4.127383909260315065e+00
-3.096004164167643236e+00
8.962436322231760455e-01
5.760640539612406741e+00
8.407116552476564308e+00
6.769385062104256612e+00
1.299509542298793896e+00
-5.141908549311373200e+00
-9.000493161213395155e+00
-8.233559168277780671e+00
-3.532651653135155279e+00
2.242414543835040242e+00
5.990959094987726274e+00
6.309465608845808759e+00
4.129363353304713158e+00
1.707686559771308232e+00
8.059091316545301531e-01
1.435568633264161953e+00
2.071279513878628187e+00
1.101409311832446614e+00
-1.651029318905372412e+00
-4.553906728032723450e+00
-5.281569086472135410e+00
-2.620869567138292666e+00
2.391293444732720985e+00
6.908898986420336286e+00
8.069088013842874219e+00
4.913454547940352413e+00
-9.076829487067815672e-01
-6.151639994913938203e+00
-8.023561183553812981e+00
-5.848592556518213748e+00
-1.282630322994510408e+00
2.976427442457375783e+00
4.980057197707260741e+00
4.552981290497807088e+00
2.932832839013928439e+00
1.470562292524811632e+00
5.030316641320449200e-01
-7.050694543993639707e-01
-2.958869798790895178e+00
-5.964778624670588947e+00
-8.062035410467697005e+00
-7.232521092049748468e+00
-2.733489188716324403e+00
3.887501981226804126e+00
9.297590368770157099e+00
1.025120072310926744e+01
5.660147230944166274e+00
-2.538826536623270513e+00
-1.036501663186183109e+01
-1.404179411066398941e+01
-1.208587555857606155e+01
-5.938466330561514184e+00
1.163629149629903825e+00
6.219755035308354607e+00
8.026090940127266649e+00
7.341668357355314534e+00
5.782120526881231903e+00
4.428269279391632729e+00
3.213086387722780213e+00
1.436600430017774599e+00
-1.164760018118559559e+00
-3.786873077100781693e+00
-4.965352184842360295e+00
-3.742764538886922843e+00
-6.474410877849089418e-01
2.386484037119322998e+00
3.240835681297421722e+00
1.153275803008120937e+00
-2.573669097772229630e+00
-5.307470149862840714e+00
-4.844285985700603092e+00
-9.921736634641380448e-01
4.158524862880983441e+00
7.527046384192534134e+00
7.050951269062791127e+00
3.046006736018592953e+00
-2.015301679820977299e+00
-5.151441188241879132e+00
-4.813120774832059467e+00
-1.802366529394157313e+00
1.417795385334794878e+00
2.493775367225589790e+00
7.830854524990125132e-01
-2.297434559055385961e+00
-4.357614419526685268e+00
-3.745054790364634290e+00
-6.830803823592679347e-01
2.912064812150355397e+00
4.746201633572932010e+00
3.653927095580124185e+00
2.907604385438298245e-01
-3.379443074792576329e+00
-5.365964116540874684e+00
-4.807501154144163458e+00
-2.293031000773940509e+00
7.295603370091843232e-01
2.932033701582735574e+00
3.781459600933107179e+00
3.548739087542679638e+00
2.807194851311372474e+00
1.901424278071356166e+00
7.913841691492813357e-01
-6.827775103453199712e-01
-2.408244659291288059e+00
-3.841761398431606356e+00
-4.232548903471906598e+00
-3.067670044273921537e+00
-4.257670458843665351e-01
2.989009105512011821e+00
6.131841720059208356e+00
8.033424825950689296e+00
8.134503536013939495e+00
6.433380456603990716e+00
3.460225551356783669e+00
1.293258504127874353e-01
-2.511707237467607712e+00
-3.629886241394429724e+00
-2.979327212466131414e+00
-1.121541802235917817e+00
7.056098698838595418e-01
1.126312462068719267e+00
-6.305529153713624879e-01
-4.188423928687980080e+00
-8.051086697861300934e+00
-1.027720900602931842e+01
-9.481899210130713129e+00
-5.611072034753195936e+00
-3.278909901773530144e-02
5.122799375359702090e+00
8.006854232171871644e+00
7.900183955071799602e+00
5.428090075929989489e+00
2.089175878649795592e+00
-5.745853718449182024e-01
-1.689989031415431109e+00
-1.308076042353243373e+00
-1.631246580075182973e-01
8.438163609855438008e-01
1.128617771701037942e+00
6.554640637724029606e-01
-1.358449345185713530e-01
-6.180109822055891433e-01
-3.264302441089406148e-01
7.811026558307547774e-01
2.267220211213166081e+00
3.400106698032860031e+00
3.517472818680848601e+00
2.399990980128713591e+00
4.411728616481158660e-01
-1.521059322648559586e+00
-2.656373816608119665e+00
-2.626954596035163014e+00
-1.794723057716941295e+00
-9.884762379912144237e-01
-9.523180044752566076e-01
-1.827958444792841197e+00
-3.027078307462799600e+00
-3.600896550802819895e+00
-2.873035829408221442e+00
-9.102255821774534184e-01
1.490885025983888168e+00
3.288892270570534571e+00
3.816562809319889560e+00
3.113244259329395636e+00
1.771256473016280975e+00
4.537466777655569938e-01
-5.330171150663840507e-01
-1.301792558128468835e+00
-2.076497492513253107e+00
-2.809114453697346470e+00
-3.073564789177110068e+00
-2.359715931987461435e+00
-5.551391952331961033e-01
1.774955777776972221e+00
3.574043305988881425e+00
3.872847263930519812e+00
2.388248477242692847e+00
-2.625618781768530585e-01
-2.881554031311233999e+00
-4.335750764389243450e+00
-4.122483886251304241e+00
-2.533328560714976696e+00
-3.838309566596683764e-01
1.455941298633007586e+00
2.428823445147808346e+00
2.400790666174267507e+00
1.568212014021669543e+00
3.169282298291837829e-01
-8.735358168133331436e-01
-1.514616460607733917e+00
-1.263156182817798401e+00
-1.364218169279937665e-01
1.360458729105158637e+00
2.375068389597683627e+00
2.145810595861242120e+00
5.216954208489923417e-01
-1.793019691367188306e+00
-3.513643761612342153e+00
-3.485121024474676421e+00
-1.418018030996921475e+00
1.833747924441315291e+00
4.678303528588532600e+00
5.662788554750396663e+00
4.292853963927005800e+00
1.290982701412576095e+00
-1.853742416207283750e+00
-3.745531531895802679e+00
-3.814701536922703973e+00
-2.503614184783435004e+00
-8.580055802034471935e-01
1.588688611381927629e-01
1.868719404709245080e-01
-4.529412494759447183e-01
-1.090595616217160169e+00
-1.180539388848470317e+00
-6.153849337588234159e-01
2.695853177827049474e-01
9.488396695040003381e-01
1.038931575112931549e+00
5.297890220153397278e-01
-1.887092351437396065e-01
-5.124288003340671249e-01
5.299024864251913880e-02
1.566044990407798432e+00
3.489489976098573809e+00
4.831085392147650204e+00
4.591801913293200421e+00
2.341104804251653793e+00
-1.397935747983171328e+00
-5.235050239074581668e+00
-7.513137494766238156e+00
-7.142979177725822026e+00
-4.201049341095158596e+00
8.332265249448589373e-02
3.968264788088913253e+00
6.091080170496783630e+00
6.077339888630922005e+00
4.529720038509903901e+00
2.477928305133637821e+00
7.158106690144026008e-01
-5.224782661747012780e-01
-1.395573945293019591e+00
-2.033555082816631998e+00
-2.272957164406636199e+00
-1.790442041430892584e+00
-5.103274851638435194e-01
1.099850480304791489e+00
2.165571096658102324e+00
1.943902798335104931e+00
3.817529641456409717e-01
-1.752010631097764781e+00
-3.310040680550327075e+00
-3.498921069228504876e+00
-2.379283207767624475e+00
-7.722026398072555642e-01
3.497227601445682121e-01
5.260877855759684696e-01
3.939024559843086470e-02
-4.271660425679999484e-01
-3.969137381048967184e-01
2.953815539446752458e-02
3.304738026885962743e-01
9.432226318931224984e-02
-5.394035197565214546e-01
-9.233498962209628624e-01
-4.222786288451785275e-01
1.003739850854874049e+00
2.643066031319952991e+00
3.469327709224664602e+00
2.866030338967521907e+00
1.092169382005317990e+00
-8.711327311885068703e-01
-1.981207542577258174e+00
-1.805813286781511984e+00
-7.176222819164199684e-01
4.902215498637382263e-01
1.217076415310942572e+00
1.394602335833033724e+00
1.316898109540433515e+00
1.177544746352950700e+00
7.851636973878115544e-01
-2.363935503964700868e-01
-1.911194760528678316e+00
-3.541883207073553752e+00
-3.945836282875073486e+00
-2.261827287495065342e+00
1.224136488496891495e+00
4.913258143769536623e+00
6.659148393852014181e+00
5.060936478629403545e+00
4.452158920298878719e-01
-5.154288252817162963e+00
-9.060146101604246383e+00
-9.405010450732767424e+00
-6.079926318355317605e+00
-6.478960813539229591e-01
4.616027740018115111e+00
7.883790068490328373e+00
8.456296519010859214e+00
6.731469398978877194e+00
3.717838702642414894e+00
5.347551150319849178e-01
-1.859439868580346156e+00
-2.792489650278154212e+00
-2.053625313520645701e+00
-1.282590041753010057e-01
1.770226233866061261e+00
2.157021605014109333e+00
1.636998448953310703e-01
-3.663496353958739071e+00
-7.329383523868130190e+00
-8.394121565333392709e+00
-5.540460787727012892e+00
3.191023610238362673e-01
6.275402261607389676e+00
9.036683968112082965e+00
6.975343038641090843e+00
1.250888651145336539e+00
-4.812309807691677932e+00
-7.754306233741800725e+00
-6.099627186617090580e+00
-1.169388743732040048e+00
3.917393012717000911e+00
6.313442092538398498e+00
5.145587870969642097e+00
1.749608187196059816e+00
-1.562166376814321023e+00
-3.167563428966539973e+00
-2.995209030001193540e+00
-2.069988098809245169e+00
-1.300197673954872624e+00
-6.209193932243712855e-01
7.655055105748149735e-01
3.292345180107927760e+00
6.094931795179725498e+00
7.189051564852568355e+00
4.817529404443807728e+00
-9.909280584233414180e-01
-7.914803633321601417e+00
-1.245915193286575473e+01
-1.207380041908445811e+01
-6.837410255143021587e+00
4.987887429206026013e-01
6.189026238964962623e+00
7.767434769963293739e+00
5.390905510060384209e+00
1.412421493841442777e+00
-1.392691171623579027e+00
-1.626255138042900450e+00
1.301285262047806035e-01
2.162476064205626436e+00
3.103184312381862764e+00
2.853279518691183014e+00
2.322493966043625679e+00
2.358179734817131834e+00
2.858100673698955596e+00
2.838970355666578627e+00
1.381724189016106941e+00
-1.386927476139737214e+00
-4.161544099813988318e+00
-5.352855610223781646e+00
-4.316914300138837923e+00
-1.908231617569706717e+00
1.383194727844323513e-01
5.470003553068738533e-01
-4.998521251106928798e-01
-1.532357728696547294e+00
-1.042738573283751746e+00
1.162521230312264287e+00
3.620461245703180175e+00
4.236087802525661417e+00
1.947990684796633065e+00
-2.253315078739285937e+00
-5.818293108323691953e+00
-6.382527010669477363e+00
-3.520842314173898036e+00
8.081738284265014283e-01
3.530262169127845517e+00
2.588483041258972328e+00
-1.565531471695447596e+00
-6.198174402441363640e+00
-8.100042968824940459e+00
-5.718098444476746423e+00
-1.488661808286706467e-01
5.643570105534058357e+00
8.772603873077899905e+00
8.161613621561095044e+00
4.930759733478488727e+00
1.324907553436589058e+00
-9.106321180204873800e-01
-1.512470472415155420e+00
-1.442964247239057141e+00
-1.773990404990419822e+00
-2.689783035692531410e+00
-3.392212465266532639e+00
-2.906324755854901465e+00
-1.052469097210163129e+00
1.257888708201641670e+00
2.672133565793681331e+00
2.479030850762919069e+00
1.242136054547755997e+00
4.359582911097116265e-01
1.310676162973680281e+00
3.826488229907542227e+00
6.482406175177051644e+00
7.225729807693001661e+00
4.842661308682334464e+00
-1.257875657169025274e-01
-5.574841660005969146e+00
-9.010103644065857509e+00
-8.937503661211490424e+00
-5.607649200607503381e+00
-7.323598321955422374e-01
3.531603573521979733e+00
5.636955309635657052e+00
5.152202091721333588e+00
2.598828026728710938e+00
-1.059449452065098329e+00
-4.839972993943328916e+00
-7.871849947926838453e+00
-9.357352185018664059e+00
-8.627736335711363225e+00
-5.413538151257876407e+00
-1.740740104630811302e-01
5.819380149339215436e+00
1.083464799347779106e+01
1.335121202417061781e+01
1.269503072143644395e+01
9.278728229357360746e+00
4.339886830409787066e+00
-6.233808037415178305e-01
-4.380350692642421606e+00
-6.227446062645781488e+00
-5.988339039349848569e+00
-3.928668425348603055e+00
-7.255781698726611051e-01
2.545253476743597254e+00
4.578166293545438137e+00
4.275956413507811860e+00
1.336533134229922481e+00
-3.360244787153680246e+00
-7.917356221990742071e+00
-1.020736416099851240e+01
-8.942867013088992678e+00
-4.438052202671446622e+00
1.426640498724961015e+00
6.090185324582399140e+00
7.595097472165889485e+00
5.564246493997263343e+00
1.331139079254340274e+00
-2.827417183899080477e+00
-4.899488201759566230e+00
-4.109257975724737832e+00
-1.155907683673136566e+00
2.326313062791072639e+00
4.704314662441361428e+00
5.133699471396806047e+00
3.815667317585452079e+00
1.688608280287935859e+00
-1.765930483658932348e-01
-1.110667503844955162e+00
-1.061414125995242763e+00
-4.616870187089603395e-01
1.030417654533782312e-01
2.260105051124914610e-01
-1.396238326325405232e-01
-7.035459095371457972e-01
-1.034054380288406794e+00
-8.359146050549096651e-01
-1.802659130003650967e-01
4.498995198375279614e-01
3.777964543450894608e-01
-8.402704781910137477e-01
-2.994401726125432539e+00
-5.100315430269562356e+00
-5.768538416707987615e+00
-3.974238786919801036e+00
1.708693514398341717e-01
5.162082939974530049e+00
8.664849723701570028e+00
8.722477780947517800e+00
4.965735452712603859e+00
-9.446733166283391991e-01
-6.043904052356091405e+00
-7.662728475530367511e+00
-5.004998026907911957e+00
2.838481967674505446e-01
4.999332566288711810e+00
6.266709779494991750e+00
3.315516683343315840e+00
-1.981789628412806703e+00
-6.205083462949138706e+00
-6.492484073454884097e+00
-2.365195504241180302e+00
3.885590633637039382e+00
8.526925111844715133e+00
8.628651705437823338e+00
3.842816869941317215e+00
-3.374130279460148873e+00
-9.212225503107388747e+00
-1.071414880328759445e+01
-7.386181702015225170e+00
-1.288516134992990114e+00
4.341334059832934855e+00
6.992426272320526159e+00
6.134204341782417913e+00
3.157127054216169793e+00
2.147622971081513121e-01
-1.170202285978090284e+00
-8.478848514329374586e-01
2.130443588546793166e-01
8.288751070890958417e-01
4.431430942592046174e-01
-6.388746564947974660e-01
-1.661260150597195784e+00
-2.056706686916012217e+00
-1.807072262204101998e+00
-1.309385547018190099e+00
-9.409051358562741108e-01
-7.250730559090122762e-01
-3.709029442868395643e-01
3.764467245583019706e-01
1.397533848007802115e+00
2.181496928008050951e+00
2.170610082175387312e+00
1.206627852445327553e+00
-2.756018985585902970e-01
-1.477336237337637082e+00
-1.738171251001842554e+00
-9.518989313352981263e-01
4.034667061611949546e-01
1.636656142755396726e+00
2.334401108069884323e+00
2.604786661817505511e+00
2.890485034821038024e+00
3.493666693818229696e+00
4.180530689463827443e+00
4.195277487266316996e+00
2.731498367921197712e+00
-4.245262859112770570e-01
-4.518739288819821454e+00
-8.025769364647334925e+00
-9.371873859157597408e+00
-7.798034343811884206e+00
-3.859490192675476550e+00
7.567378926840733211e-01
4.032747044043161644e+00
4.620724119828221177e+00
2.505524464041831489e+00
-1.025512920189123545e+00
-4.077973081534262079e+00
-5.122339600316631270e+00
-3.717539226882017100e+00
-6.217707708933608579e-01
2.715991315897981373e+00
4.948613795783998626e+00
5.445319175669039780e+00
4.418931187912138903e+00
2.581826812510379821e+00
6.308679875590588182e-01
-1.075731916670713328e+00
-2.474942056625658360e+00
-3.510683760504073270e+00
-3.909516834156296472e+00
-3.266570477283668339e+00
-1.419397514966959761e+00
1.185520183528375959e+00
3.487374705862528401e+00
4.293755637498131605e+00
3.010114863897833004e+00
1.329975890289374352e-01
-2.888783122319734442e+00
-4.428089939051740309e+00
-3.646180235630846145e+00
-1.029165921008046380e+00
1.889927750129311246e+00
3.482821047591289521e+00
3.047698800011235498e+00
1.223835041067464546e+00
-4.892082636983370314e-01
-7.929490618076562303e-01
4.905214338065770896e-01
2.284353907618211110e+00
3.022930755292474458e+00
1.806311724167003696e+00
-8.612569799670822812e-01
-3.297109661429033167e+00
-3.731251953682593658e+00
-1.557003696058778530e+00
2.113774507905583189e+00
5.019490103478710274e+00
5.136164584103057429e+00
2.017011878856057372e+00
-2.792517683136447104e+00
-6.579264426536608035e+00
-7.059380470507304217e+00
-3.777730028877669621e+00
1.559296677281720722e+00
6.039276458924123681e+00
7.219797244593362251e+00
4.518257295228704784e+00
-5.091237716449776851e-01
-5.138634658267642763e+00
-7.082099042607151063e+00
-5.740434549546804099e+00
-2.375476273308051223e+00
8.400461664906477832e-01
2.240585099993223306e+00
1.638882301525404372e+00
2.604571785488780655e-01
-2.570612614859899003e-01
9.072334339285939020e-01
3.137134016455179086e+00
4.780522038604789969e+00
4.294165894394519789e+00
1.355299130772168681e+00
-2.812911404979991925e+00
-6.127677631885868337e+00
-6.896546069656244171e+00
-4.816036072815278679e+00
-1.086728529971423551e+00
2.388489399415751002e+00
4.156581265727057328e+00
3.957508664064414372e+00
2.628660694602936498e+00
1.340963459085854570e+00
7.735366570367712136e-01
8.062702636959993008e-01
8.664674710476029107e-01
5.594418023724321287e-01
3.024273380479747253e-02
-2.292107544079264869e-01
7.555289945938048479e-02
6.575828110018642203e-01
8.079254535004736226e-01
1.260409669678641542e-02
-1.484595346996067988e+00
-2.701157282770562329e+00
-2.602242530848399404e+00
-9.715808034952024830e-01
1.244886415550536141e+00
2.495091101358315022e+00
1.758031592188694647e+00
-5.742421350065277652e-01
-2.811873107601519095e+00
-3.122937024522506988e+00
-9.582802081275760830e-01
2.328990875491797397e+00
4.247700098347687359e+00
2.903919563672539450e+00
-1.481052532387821197e+00
-6.415593312796925574e+00
-8.596373920444358774e+00
-6.085172262328014448e+00
2.667359434434485310e-01
7.173037860969076362e+00
1.088204648233585736e+01
9.484183691879168876e+00
4.032560477488040362e+00
-2.243264501907408892e+00
-6.054318440686333069e+00
-6.046622489325038430e+00
-3.366655533282654211e+00
-5.337425287944246310e-01
4.686873147048268295e-01
-5.050077930719852892e-01
-1.926263229823864886e+00
-1.972433895386345171e+00
-1.438226429295930142e-02
2.900832024672643783e+00
4.873668239474647557e+00
4.595838265777127063e+00
2.300673650072505794e+00
-4.699843516591345471e-01
-2.053910502532927396e+00
-1.877680446049081464e+00
-7.792372122179910265e-01
-2.431525386437774494e-01
-1.176197451238887304e+00
-3.172938139152580828e+00
-4.815318837127627205e+00
-4.750829616674657530e+00
-2.717003662523826524e+00
2.511064899097485981e-01
2.558366598709890027e+00
3.157577690641445223e+00
2.210592409581162876e+00
8.573706394182707413e-01
3.243516658041519229e-01
1.064192619017596986e+00
2.536993625241013461e+00
3.719048435589282775e+00
3.883990773958105880e+00
3.050200166460680595e+00
1.808894964820277007e+00
7.547294806458852978e-01
2.708663615730078078e-02
-6.718264611523749874e-01
-1.643948835003833597e+00
-2.761770857698435666e+00
-3.441471603113975597e+00
-3.078941342056294772e+00
-1.602523240157716966e+00
3.270347832760288620e-01
1.678871828311436332e+00
1.743818928137380597e+00
6.454247069593939123e-01
-7.312699645972344786e-01
-1.373115726735174125e+00
-8.920633940631219616e-01
1.520810422568690257e-01
6.186595999552275682e-01
-3.829530737093725379e-01
-2.761678178031754527e+00
-5.329671544224254376e+00
-6.424609449487899582e+00
-4.909580597194703522e+00
-9.401807444240364298e-01
3.979185625782995395e+00
7.706554380025116835e+00
8.552684703385910581e+00
6.153556541066581786e+00
1.661300704569336872e+00
-2.831572328323381793e+00
-5.316712655830349021e+00
-4.811798087324239859e+00
-1.760332576220914547e+00
2.270694846068177064e+00
5.397190179776817587e+00
6.298778712754005582e+00
4.748010029752359529e+00
1.580178020557416740e+00
-1.803778113340715583e+00
-4.095119597867436845e+00
-4.568925261323538045e+00
-3.238047487917211420e+00
-7.076539051693990778e-01
2.107436044791207053e+00
4.260328880221559089e+00
5.005789861781661187e+00
4.017437014608002954e+00
1.572278102609823591e+00
-1.417788860282110486e+00
-3.678201331564296073e+00
-4.157500205196555498e+00
-2.677709272321544542e+00
-2.225031072215719607e-01
1.460615793694452158e+00
8.659223078249747019e-01
-2.203638516305190809e+00
-6.237091738802226004e+00
-8.697912433360073692e+00
-7.521177268320418108e+00
-2.544464924235311898e+00
4.096588422462206225e+00
9.001158492473393835e+00
9.443632026463866680e+00
5.053095244095755945e+00
-1.847518640979267879e+00
-7.509752809837024756e+00
-8.884679225563699489e+00
-5.309486375442966200e+00
1.243536853324352265e+00
7.424753032911167061e+00
1.041169115342581719e+01
9.284696515989889321e+00
5.159075918910187575e+00
2.182974938003003906e-01
-3.568299648305490734e+00
-5.240777303845673529e+00
-4.867534495712287246e+00
-3.083829440701029156e+00
-6.582171369165221719e-01
1.651021139186494624e+00
3.089432183641730223e+00
3.048099600666426490e+00
1.427202851004933937e+00
-1.072097523371454031e+00
-3.134538496879635261e+00
-3.582031681933955269e+00
-2.247413496100411301e+00
-2.679177346977795748e-01
5.888482143280246994e-01
-7.769492469724542660e-01
-3.804941168477516733e+00
-6.433570224312800789e+00
-6.464010927910974758e+00
-3.230035428313148493e+00
1.686324217559702632e+00
5.360954602809971270e+00
5.539772684525993363e+00
2.336531932478381979e+00
-1.695735990695869777e+00
-3.305541505415962256e+00
-9.234719132190649660e-01
4.056586797422279567e+00
8.122885614439169899e+00
8.115810021918740347e+00
3.582168234439607524e+00
-2.727522272187568042e+00
-6.667026069564565560e+00
-5.581234643254039618e+00
-2.189851096260247987e-01
5.724718699811118583e+00
8.145515326757468699e+00
5.356654434713311375e+00
-7.921204374847466978e-01
-6.267274435360191021e+00
-7.665555353827088858e+00
-4.463416741530654264e+00
8.543589543546490361e-01
4.761756404565709921e+00
5.221648871854856822e+00
2.916394959788832786e+00
3.695011694670546909e-01
-2.417941517310316923e-01
1.163910444828649027e+00
2.602914432226578256e+00
1.767403713961934075e+00
-1.920225142889193215e+00
-6.573776892223217594e+00
-9.050437464333931814e+00
-7.237031517644493483e+00
-1.723920830116392189e+00
4.391635146269604384e+00
7.474002505906856442e+00
5.721997445018728534e+00
3.141549558797298580e-01
-5.410542282017476445e+00
-8.105811249974308907e+00
-6.420971052259036860e+00
-1.589029555746077627e+00
3.612422707769367580e+00
6.659592838189487551e+00
6.607891177654378723e+00
4.222067828913595555e+00
1.096748656377479314e+00
-1.433065968113380606e+00
-2.850575065661045571e+00
-3.305968588238426875e+00
-3.130719416245441700e+00
-2.522665132677402777e+00
-1.599227934830590003e+00
-6.106007757212591480e-01
2.910984779913855514e-02
1.002974286624591649e-02
-5.321726625412784850e-01
-9.581284732461542442e-01
-4.957925019458010452e-01
1.183381296817709316e+00
3.614120018942584611e+00
5.704175723128745545e+00
6.332557869575462739e+00
4.982359077405419612e+00
2.006321101990440336e+00
-1.592962672661062840e+00
-4.657856502166280777e+00
-6.315848891122104902e+00
-6.178334781904331052e+00
-4.344328805527165827e+00
-1.354686345059235686e+00
1.858990733304185294e+00
4.143439030165035675e+00
4.526463846358350196e+00
2.759753180497024339e+00
-3.395569116407975985e-01
-3.110505433608982351e+00
-3.879699041551271321e+00
-1.983134985178947485e+00
1.691355197394435406e+00
5.091654264145617503e+00
6.173192405407017525e+00
4.144706082752369625e+00
-2.610875017443647916e-02
-4.192369115387406531e+00
-6.312304340087048438e+00
-5.592678108451231367e+00
-2.776740463359987920e+00
5.187997359040102952e-01
2.870676252077069002e+00
3.770572116241201588e+00
3.601314926318035514e+00
3.057739378110003070e+00
2.562899896185731219e+00
2.111511988121561156e+00
1.529337372511069049e+00
7.781933944396794978e-01
-3.334967912256425748e-02
-9.104981395388891396e-01
-2.146433714484580424e+00
-4.086787036479706536e+00
-6.568115918723926860e+00
-8.535739875463757897e+00
-8.360051756426312153e+00
-4.872509148622089725e+00
1.515975994749965139e+00
8.514155408900169419e+00
1.292809047255968125e+01
1.247695657069519726e+01
7.296413251530063704e+00
4.379712897563736718e-02
-5.600364889484148456e+00
-7.128897123511634959e+00
-4.660891727437961762e+00
-6.746676771666483274e-01
1.784214778165380766e+00
1.172901879404095737e+00
-1.623009420886638354e+00
-4.100232072346328138e+00
-4.043607431400523922e+00
-1.137718798520093388e+00
2.842041546881025837e+00
5.329974399712309463e+00
4.771196705494419987e+00
1.627415262581086264e+00
-2.071794396857812970e+00
-4.218695541223160816e+00
-4.033062674484616750e+00
-2.400259173028937099e+00
-9.965421707522508221e-01
-9.392180879469889110e-01
-1.984657026877823194e+00
-2.821490915355959750e+00
-2.169711103304847288e+00
1.703211308607237573e-01
3.085896607301307881e+00
4.875968131650445514e+00
4.392564454121963280e+00
1.809989470831414593e+00
-1.464250166180317780e+00
-3.631438940274646754e+00
-3.535513493566843302e+00
-1.276277230808330776e+00
1.895415256193873521e+00
4.272138929304483135e+00
4.568297909690219427e+00
2.550061023409408101e+00
-8.509644437009886708e-01
-3.971109262586225874e+00
-5.204096884300214221e+00
-3.798507632883561413e+00
-2.749633061564091818e-01
3.790325640957550757e+00
6.561044022727890557e+00
6.910742572898088021e+00
4.998564500366039276e+00
2.072437351686198692e+00
-3.930599366209056589e-01
-1.644968002733821599e+00
-2.011817158789249049e+00
-2.409458196048740675e+00
-3.381990089462324267e+00
-4.471346065298393846e+00
-4.502934018320734921e+00
-2.652418276379397089e+00
5.448323075875860511e-01
3.172955262161075041e+00
3.150812702479475202e+00
-7.613312662921511986e-02
-4.672863146467103768e+00
-7.256468051765339489e+00
-5.115539254076126419e+00
1.647993142133861166e+00
9.671246228724038829e+00
1.414602809674497053e+01
1.187290716777793698e+01
3.530217073106602932e+00
-6.478618205196943869e+00
-1.264669785105165545e+01
-1.179057916229284153e+01
-5.010167635345774251e+00
3.127507861718912707e+00
7.606777161501258711e+00
6.130364703450392305e+00
3.431282614635408068e-01
-5.575281290666129763e+00
-7.819811006487161542e+00
-5.308201355721343440e+00
3.313952378002893440e-02
4.980085187363043175e+00
7.274376701842776072e+00
6.787337151338731722e+00
4.947772898448723922e+00
3.176235062478041549e+00
1.730980063744856245e+00
-1.350625164726397820e-01
-2.995817233018638781e+00
-6.213065294097701141e+00
-8.052089620140783666e+00
-6.953277834798268664e+00
-2.934658154764704818e+00
2.082147884000702387e+00
5.406214788892974354e+00
5.384681131847962376e+00
2.524617450256954498e+00
-9.312959014840185290e-01
-2.653949975620670809e+00
-1.846898492686556814e+00
3.698630942746459205e-01
2.031165272846692904e+00
1.939865813757926105e+00
5.255416586647473354e-01
-6.916124999836228415e-01
-5.198496740354632273e-01
8.262277116140720468e-01
1.911305177948249057e+00
1.384206542756047265e+00
-7.017524711596915266e-01
-2.715636356149224717e+00
-2.673376328949090386e+00
5.466600800150378525e-02
3.942185175892247262e+00
6.170468643839345901e+00
4.637811242361063790e+00
-3.457399242805860862e-01
-5.994086511919106464e+00
-8.770605893948053122e+00
-6.746848506506845311e+00
-9.458683886746253044e-01
5.276087156885620466e+00
8.377365577839134048e+00
6.828416303991362568e+00
1.902471473369185873e+00
-3.364554982983185116e+00
-6.210022452730548537e+00
-5.753336343363265826e+00
-3.191844051961989503e+00
-6.583086770548653988e-01
3.069838377948257979e-01
-3.930698514727462012e-01
-1.670916618656294705e+00
-2.233975465864337373e+00
-1.490997364779475198e+00
1.921167361688601583e-01
1.899974462668717834e+00
2.813901685452312673e+00
2.639641459296633741e+00
1.644314373380227012e+00
4.258245657943185436e-01
-3.802977601248390127e-01
-3.539641994533899716e-01
5.062244221919587339e-01
1.679442253335662771e+00
2.259491964302930089e+00
1.423285815356440498e+00
-9.333316366491767324e-01
-3.831523266569575537e+00
-5.543449399431837676e+00
-4.623534768468965162e+00
-1.041480343916531215e+00
3.451620842313888549e+00
6.207558470080849489e+00
5.415718844963789635e+00
1.532226213951585647e+00
-2.734623497627828304e+00
-4.102339322908308716e+00
-1.039869802324547621e+00
4.903153470817454007e+00
9.860606985866493090e+00
1.016474929153632090e+01
4.941247350058586285e+00
-3.085735362206199373e+00
-9.276177004548973315e+00
-1.017524766589998109e+01
-5.879099630469965199e+00
4.871287524588213680e-02
3.113728640861791241e+00
1.110534704963429764e+00
-4.279201442998704863e+00
-8.688497410586492720e+00
-8.240299441504523870e+00
-2.433594337910649053e+00
5.341222869665133821e+00
1.006028556903920546e+01
8.528444547854338254e+00
1.625275981637240186e+00
-6.221514093089027142e+00
-9.951835978628171375e+00
-7.167358465396499234e+00
3.975508447393532041e-01
8.113496324241628699e+00
1.144839413551652463e+01
8.684773852121068671e+00
1.687558959441653794e+00
-5.536546049995961560e+00
-9.329330815612941308e+00
-8.283105639494880990e+00
-3.557678918040174665e+00
2.229266221131132486e+00
6.568200104677940132e+00
8.106726776965212267e+00
6.821886994333211440e+00
3.601043348343947237e+00
-2.734199737276563624e-01
-3.478058393884815747e+00
-4.913658137540317661e+00
-4.029074827942974224e+00
-1.141181654879131147e+00
2.527205739093138170e+00
5.303632298504319387e+00
5.877383641779271528e+00
3.988780488547323699e+00
5.246082090707666623e-01
-3.055446598420143545e+00
-5.550695061785162920e+00
-6.527472246758982521e+00
-6.215110501836415224e+00
-5.015330706973172070e+00
-3.141612059669967483e+00
-7.189169202900607125e-01
1.822489754597918177e+00
3.574656843187617561e+00
3.568242026976963466e+00
1.584640303288651131e+00
-1.317745695712766674e+00
-3.180982920035706485e+00
-2.386599817983541705e+00
1.055097505102109867e+00
5.197697093434186399e+00
7.260348859098691321e+00
5.515562245196893976e+00
6.431394607841143252e-01
-4.514911966085740858e+00
-6.761219739374259241e+00
-4.708292304310710996e+00
2.385631550343392249e-01
4.823543987756560014e+00
6.168322595480834281e+00
3.699769498704398529e+00
-5.968801039916726836e-01
-3.743753433032829037e+00
-3.963935003375575139e+00
-1.871978737735857878e+00
1.877065917136969131e-01
9.860478638216851888e-02
-2.292368544991284729e+00
-4.981422850489766851e+00
-5.289528544304776148e+00
-1.893920304256536014e+00
4.097238801820950016e+00
9.782625541327327312e+00
1.229955031879620719e+01
1.051271809329589857e+01
5.442206951012469318e+00
-6.713877924281548282e-01
-5.789687779431627490e+00
-8.917183926782268344e+00
-9.947410136588892726e+00
-8.993335072410500786e+00
-6.038502640996914472e+00
-1.298701142882459081e+00
4.129678236950120152e+00
8.178914172322883758e+00
8.726365006241241673e+00
5.052264489746125520e+00
-1.277030715011373996e+00
-6.980732451328962362e+00
-8.939533393866218702e+00
-6.173321566810225924e+00
-5.055919534601729382e-01
4.632483225719944642e+00
6.465362663022798273e+00
4.613009360732506003e+00
1.091856465036628920e+00
-1.352000536383460183e+00
-1.280296148600793105e+00
5.562160761155457989e-01
2.084551603415782495e+00
1.749111972681736793e+00
-1.834486494666526246e-01
-1.895590372358859410e+00
-1.622704781690272435e+00
7.360403109707593927e-01
3.344124315731769936e+00
3.774493185849176147e+00
9.571873228147473878e-01
-3.803548373634711766e+00
-7.583247206340862689e+00
-7.844131510857637934e+00
-4.209759668883689798e+00
1.301485733204653883e+00
5.717634111954174259e+00
7.109005622444346528e+00
5.655393749289272520e+00
3.085916522139559248e+00
1.080781127683464016e+00
-9.615801249182154287e-03
-1.117423396098238264e+00
-3.219225902504187609e+00
-6.049883854517530857e+00
-7.953484903062685518e+00
-7.100632019841497389e+00
-3.125141582306270926e+00
2.196836441824602026e+00
5.910272382004422731e+00
5.882980202311440365e+00
2.372418721815671372e+00
-2.058244988848696444e+00
-4.277844310190992871e+00
-2.737329482289366567e+00
1.525855846842014252e+00
5.729851670668664632e+00
7.363891486125615060e+00
5.863563498646621852e+00
2.751520588048356863e+00
2.553326499097086089e-01
-4.404828591386391601e-01
5.792685667702512919e-02
1.180553962172621318e-01
-1.348071079882761092e+00
-3.827140162878086560e+00
-5.530164993356335046e+00
-4.833521655364338088e+00
-1.666036624148226286e+00
2.283611103660149855e+00
4.723582570720141760e+00
4.384202069903988530e+00
1.856159727454445463e+00
-9.788030008062825749e-01
-2.431233843492324187e+00
-2.205806449231205058e+00
-1.388416233314614834e+00
-1.290385533393021422e+00
-2.156080308887455388e+00
-2.850221684325979332e+00
-1.834169253770340680e+00
1.339494560974302528e+00
5.266814013146118967e+00
7.397550006796955735e+00
5.796734658791928396e+00
6.808469418509579540e-01
-5.465148301673344200e+00
-9.373384328346475058e+00
-9.082562965057251247e+00
-5.168856100013168309e+00
-2.628835012261652171e-01
2.775751098673755024e+00
2.716641757603555085e+00
5.692888718991084840e-01
-1.387779214733909861e+00
-1.354664282430663169e+00
7.647992275933679363e-01
3.484090827985033112e+00
4.983861676422062459e+00
4.467867714942748592e+00
2.612664500698500536e+00
8.629299720353176273e-01
2.188221039042816951e-01
5.015880516363071528e-01
6.432343393561084088e-01
-2.929524848383980862e-01
-2.223821499592148143e+00
-4.021864934627259913e+00
-4.382302599873114879e+00
-2.895028852496737581e+00
-4.658025118726921709e-01
1.271022870689442197e+00
1.132066699804536780e+00
-7.173024911548897542e-01
-2.821915336434955179e+00
-3.428431428246885293e+00
-1.709913914410983171e+00
1.637627204498896649e+00
4.832600698595565625e+00
6.158184006888066442e+00
5.028965928878753822e+00
2.272047238093829247e+00
-5.109019236260095020e-01
-2.011479970129382622e+00
-1.973931908716590300e+00
-1.173195345226339059e+00
-7.003902142389897278e-01
-1.102734350279729103e+00
-1.983025437107196254e+00
-2.315211662236728252e+00
-1.236491489536495569e+00
1.235596432555459812e+00
4.054010224165203624e+00
5.683832643958647957e+00
5.019632032507157504e+00
2.123485644071261280e+00
-1.679467810441010567e+00
-4.447298797841564344e+00
-4.680390390237794129e+00
-2.209264166962404463e+00
1.609771273754416310e+00
4.552355980055169837e+00
4.725072509077408611e+00
1.663718750718725659e+00
-3.299734692875994302e+00
-7.658291616409375280e+00
-9.046937690617033567e+00
-6.546847952099240864e+00
-1.239641592023205785e+00
4.324935251168758654e+00
7.471786051859566236e+00
6.810485319897061629e+00
2.930352655939117312e+00
-1.985630389747872648e+00
-5.374657922316510295e+00
-5.631901661416656601e+00
-2.846043989768922700e+00
1.402066665990186145e+00
4.970211705136156510e+00
6.245730206668797635e+00
4.830072022581980207e+00
1.558105026550123284e+00
-2.026418623069765168e+00
-4.393719115989314972e+00
-4.615592488231254009e+00
-2.645606829444384633e+00
7.191790501839804284e-01
4.131386456853646472e+00
6.164668585594154315e+00
