7.055044685978020813e-02
2.215544602376978478e+00
2.682894841630701688e+00
2.865835479297921262e-01
-3.652537891154703509e+00
-6.214963141770317279e+00
-5.179514228759524386e+00
-8.691202624774776453e-01
3.966403900119493287e+00
6.195844985436366414e+00
4.702339108553955427e+00
1.239152363443941640e+00
-9.632438325506387233e-01
2.130066376894940161e-01
3.999943630294427788e+00
7.201553384538751601e+00
6.588515743755015919e+00
1.434217315555844863e+00
-5.740242562164372231e+00
-1.080890202975397152e+01
-1.088166880368595102e+01
-6.269598493938348227e+00
-1.723699196341041961e-01
3.623129835530515042e+00
3.318447985092326746e+00
1.232756271977901719e-01
-2.889958750201792714e+00
-3.117267767742202711e+00
-1.934878493734975002e-01
3.985542827852060821e+00
6.806761145921766953e+00
6.767300144087109004e+00
4.261027158578805540e+00
9.373004926643369039e-01
-1.650294149983647651e+00
-2.975408371162586274e+00
-3.437335030735840125e+00
-3.541790157054728549e+00
-3.227378441682490884e+00
-1.958404612119077903e+00
5.528271343165326313e-01
3.719119630287293976e+00
6.191646186984447908e+00
6.703421557267595254e+00
4.982964500293387999e+00
1.990197944075933201e+00
-7.318845798875431852e-01
-2.088850504991313084e+00
-2.064397612155559614e+00
-1.518938723759274190e+00
-1.404099328078886488e+00
-2.064571422430478975e+00
-3.141366215989597421e+00
-4.028437446749128625e+00
-4.378700046369053744e+00
-4.194774338841298800e+00
-3.505386891884697320e+00
-2.066521968403665532e+00
4.863717463690631071e-01
4.076457084244302642e+00
7.745857343333736544e+00
9.896897749441391667e+00
9.242757367799598001e+00
5.829015641001662473e+00
1.279155589848901986e+00
-2.080882325908810060e+00
-2.698371515259451847e+00
-8.153295975375053350e-01
1.745918426654335054e+00
2.902193367645000244e+00
1.756380479741508793e+00
-9.006573071772836503e-01
-3.355256693386682088e+00
-4.327143000309195742e+00
-3.807383229707936412e+00
-2.755887350020355342e+00
-2.031639370364613839e+00
-1.583154049723965562e+00
-6.663121118961015110e-01
1.110871869920876609e+00
2.949049145795456184e+00
3.179370159269888418e+00
6.996526478839857344e-01
-3.631800482128595853e+00
-7.014697374218193282e+00
-6.499006967194634221e+00
-1.395868222592874464e+00
5.620442164790695472e+00
9.898161165149641505e+00
8.002648785848952784e+00
4.687259771730238889e-01
-8.102300248598783838e+00
-1.200201995925990062e+01
-8.496841080759502063e+00
-3.462217046520343899e-02
7.259128832663660269e+00
7.951109789376530124e+00
1.444819524640701625e+00
-7.245908659995061285e+00
-1.090868764538612545e+01
-5.446629073361887841e+00
6.753497101399930536e+00
1.801935143197257361e+01
2.053837689696636559e+01
1.190263865941122035e+01
-2.933368157601993875e+00
-1.481146420270198050e+01
-1.654024768522054956e+01
-7.780552244610706936e+00
4.791084806104700000e+00
1.215839723607643030e+01
9.193237706676047338e+00
-1.910036067798453141e+00
-1.331915635741946247e+01
-1.707607470715496234e+01
-1.052209422905315606e+01
2.086756947855999744e+00
1.271888492897777567e+01
1.508902819535975937e+01
8.677789919753076120e+00
-1.382632701056816904e+00
-8.194473066492006907e+00
-7.840888224840144360e+00
-1.711395237038638939e+00
4.968198471220112822e+00
7.080659196140199008e+00
3.147934703732343742e+00
-3.908838233280642172e+00
-9.058639734535976373e+00
-8.710856090935081397e+00
-3.067568511451240099e+00
4.162683905112688265e+00
8.287930493724317671e+00
6.618194424818010901e+00
4.320257259629745050e-02
-7.612983027675213066e+00
-1.188759451334123085e+01
-1.019560861153473930e+01
-3.191980174701428474e+00
5.637832420449968573e+00
1.183330716037509234e+01
1.227137344239254091e+01
6.788175664652284169e+00
-1.695416816646144964e+00
-8.653480198845784344e+00
-1.035334105433739715e+01
-5.939850900254986854e+00
1.986933148244184322e+00
8.758592038624268383e+00
1.032124334700001711e+01
5.676541131934651041e+00
-2.448469128029183928e+00
-9.219071631731686978e+00
-1.066278397673719880e+01
-6.120279171645936600e+00
1.419930260415586787e+00
7.326304338644161973e+00
8.324396862813742359e+00
4.482328323598557596e+00
-1.104041889083888339e+00
-4.600819486400480329e+00
-4.029302479707371987e+00
-3.701314616435826821e-01
3.456469338679194259e+00
4.820139088631401947e+00
3.118052539189855032e+00
-1.625617416018593775e-01
-2.881317063533114009e+00
-3.891912128844845942e+00
-3.590357672938712774e+00
-3.077917309860697781e+00
-2.837865933839218258e+00
-2.189288486325917216e+00
-4.058941606849297834e-02
3.736511016976256094e+00
7.619105598860763884e+00
9.225041730190500999e+00
7.115223555102106801e+00
2.171504866876929452e+00
-2.700392961556977056e+00
-4.526304255354254735e+00
-2.486499933448118593e+00
1.338692497197768061e+00
3.415276597967631833e+00
1.430782865293387829e+00
-3.793582761387840119e+00
-8.676496829324143789e+00
-9.383314809219051256e+00
-4.679111625798490159e+00
2.993499425759840182e+00
9.072241639632601107e+00
9.991500519138266867e+00
5.615132054765014757e+00
-7.668621540243318879e-01
-4.847116330990430377e+00
-4.337137016009084967e+00
-4.348788494017485906e-01
3.275010583001846776e+00
3.592418077730817227e+00
6.878186204459690867e-02
-4.729990881747380804e+00
-7.168845556399510599e+00
-5.203998430848022494e+00
1.719580483648244229e-01
5.657120723177749610e+00
7.904800961593208442e+00
5.668672914919659078e+00
4.021858357908051351e-01
-4.912397951136588503e+00
-7.711626186040539288e+00
-7.209210521495107216e+00
-4.420830248385138717e+00
-1.135237910450871635e+00
1.258504852320760481e+00
2.319234973125898769e+00
2.356554161636508216e+00
1.920739186120251185e+00
1.464837982399797456e+00
1.303529415627275423e+00
1.645555602381052696e+00
2.479089808304576259e+00
3.387762013233606595e+00
3.605627000952844163e+00
2.484158712569098260e+00
1.217411648101742738e-01
-2.397270595148016881e+00
-3.531081595270573636e+00
-2.352052029172171821e+00
6.119201574862769277e-01
3.516796016882493880e+00
4.391490168464003752e+00
2.588372567208402586e+00
-6.205368252133578455e-01
-2.869097219254340914e+00
-2.436188408553682017e+00
3.885329989831562969e-01
3.419053615098615051e+00
4.192529604086302264e+00
1.926215929708119834e+00
-1.716500326351397820e+00
-3.757980518137207682e+00
-2.202131653508032194e+00
2.212942109472185948e+00
6.227480683976938991e+00
6.256912317131517298e+00
1.080491978589714908e+00
-6.948139762394776042e+00
-1.317061700042691896e+01
-1.362090023248061321e+01
-7.719392136920825820e+00
1.221328904495507128e+00
8.074277056322610946e+00
9.170045709296438474e+00
4.558878806502050907e+00
-2.222544326483762767e+00
-6.641146671738624718e+00
-6.167438693417133244e+00
-1.775125796621865870e+00
2.964168611417312249e+00
4.444497113061503413e+00
1.452716105552330106e+00
-4.119888024948545890e+00
-8.622529575910993671e+00
-9.032547330693073917e+00
-4.797232161318460975e+00
1.962625529776906408e+00
7.853016540281013924e+00
1.020809066364994599e+01
8.459263256913544637e+00
4.175533895332613099e+00
-6.304277073138270238e-02
-2.173994571840515366e+00
-1.599161743240302469e+00
6.174440998334156383e-01
2.604763714087567017e+00
2.786003738541719343e+00
7.409416567015083555e-01
-2.601434507510725247e+00
-5.493484377361632198e+00
-6.320805836764860075e+00
-4.470140737581868251e+00
-6.536488767604176076e-01
3.480067729771192830e+00
6.220341606884572272e+00
6.646878678331200163e+00
4.976237785878192987e+00
2.248585218044044431e+00
-3.724233720507971190e-01
-2.187265544249318516e+00
-3.074860136390989318e+00
-3.170198433069267185e+00
-2.486011638962611237e+00
-8.707879449089414026e-01
1.639892359980655856e+00
4.425354562969388894e+00
6.298035472707284477e+00
6.095459150900883749e+00
3.498542237603755822e+00
-5.556507811628035309e-01
-4.284423580088226657e+00
-6.113222896882962054e+00
-5.661578747820108504e+00
-3.927707812657038833e+00
-2.492769139958091351e+00
-2.304611313652777493e+00
-2.953604887251895406e+00
-3.017559955034795571e+00
-1.252129708987072876e+00
2.262532717362401691e+00
5.917495386383119005e+00
7.533693620214108044e+00
5.836717839218989567e+00
1.398212086456817271e+00
-3.636076432569539829e+00
-6.845895611991081431e+00
-6.962993282939583750e+00
-4.479008650286726123e+00
-1.116113574052373547e+00
1.358262563646353449e+00
2.113549617139296899e+00
1.452489561440355681e+00
2.867800798358938197e-01
-5.618018302517775453e-01
-7.162032833847788993e-01
-1.636314007797234349e-01
9.536696855982426113e-01
2.355912637799335130e+00
3.469263944626244545e+00
3.429918432241660486e+00
1.519296750444334432e+00
-2.137768997130076620e+00
-6.195364119733116404e+00
-8.557331433014510935e+00
-7.625823559943865959e+00
-3.545188887188894356e+00
1.546690806341862956e+00
4.663884949405566971e+00
3.895758091612047558e+00
-2.030024888904921054e-01
-4.827654216777780505e+00
-6.726967686003126445e+00
-4.404060980609091125e+00
8.397940938261700961e-01
5.796122618173040308e+00
7.566870016288760326e+00
5.527117000289147875e+00
1.632506515421980664e+00
-1.111014500368291635e+00
-8.504233680421486863e-01
1.866515358176916939e+00
4.666429767611187884e+00
5.226141339605526959e+00
2.976872890277486139e+00
-6.301505399617542968e-01
-3.394842506607187005e+00
-4.078778243460400965e+00
-3.174118526840029375e+00
-2.178138176018054928e+00
-2.071614317794020721e+00
-2.352536937148558494e+00
-1.499729791502193876e+00
1.480570199573869594e+00
5.740909380289060948e+00
8.733162301369720382e+00
7.901995707701045646e+00
2.745740249605772565e+00
-4.360074416864020641e+00
-9.361793806668304185e+00
-9.061199858822966746e+00
-3.271562469145814944e+00
4.912076622830099382e+00
1.094484953331918753e+01
1.154698652495256184e+01
6.531733091957021564e+00
-1.339042591892444012e+00
-8.191169108774809970e+00
-1.124010925450905241e+01
-9.991725545496340288e+00
-5.939920497118285958e+00
-1.298505517184036506e+00
2.231112347901650139e+00
3.974904156992038473e+00
4.097285511544061620e+00
3.177842068715332591e+00
1.946085457629070925e+00
1.173798316469639280e+00
1.479114487623302443e+00
2.949781917431314682e+00
4.855844679101221750e+00
5.862530656314072885e+00
4.833556844730345858e+00
1.754217906309711417e+00
-1.978487859024659512e+00
-4.304620348391233975e+00
-3.899910786519964923e+00
-1.217656028447508643e+00
1.703576186919555147e+00
2.665773149369972561e+00
9.794918446841460735e-01
-1.915281495248745358e+00
-3.454801988695571424e+00
-1.926486611726289100e+00
2.058572576528442610e+00
5.779678280577128291e+00
6.258166478005551703e+00
2.434572728929238927e+00
-3.948461607142032648e+00
-9.452972693208121058e+00
-1.125762873055874635e+01
-8.982711347788464806e+00
-4.707406168832825699e+00
-1.233835614040694750e+00
2.521314221513937248e-02
-9.166896545113667472e-02
5.014821962837565650e-01
3.128728393430045163e+00
6.985318269371851407e+00
9.545639672059419212e+00
8.470106697853633904e+00
3.538926686746944661e+00
-2.908911070411696276e+00
-7.421121212441046389e+00
-7.720570515247885623e+00
-4.166991794539163685e+00
6.378688131314285137e-01
3.740665605611682487e+00
3.793770287640721328e+00
1.694074188545494186e+00
-4.193071360451505747e-01
-9.082005058138409304e-01
2.350430573458174299e-01
1.630591822045150074e+00
1.780480117122603012e+00
2.874819897701956783e-01
-1.890864019159366194e+00
-3.232573907256972578e+00
-2.776232860650641676e+00
-7.283051517773226902e-01
1.778249298534720912e+00
3.432421866466992988e+00
3.394398220253572074e+00
1.513168659719386078e+00
-1.764873204609694879e+00
-5.502745038950984657e+00
-8.335890337578312881e+00
-8.746104684026393628e+00
-5.762710691399849594e+00
1.564994440984328605e-01
6.778919366069340313e+00
1.091023993465825903e+01
1.020997310120214507e+01
4.908927334702119616e+00
-1.937396631260215552e+00
-6.186818352249463970e+00
-5.388912399614491200e+00
-6.536569480925007447e-01
3.940360262542327519e+00
4.246174084639039670e+00
-7.159553262907403237e-01
-7.655086464010674163e+00
-1.111724290236745816e+01
-7.499016697640418450e+00
1.943454938390882791e+00
1.149435495472678959e+01
1.477964485755911284e+01
9.361932479829171427e+00
-1.272604018747911514e+00
-9.983787139559915147e+00
-1.103448866557862118e+01
-4.288804449679882502e+00
4.619799136017665120e+00
8.424757002073652856e+00
3.714395155951399907e+00
-6.306171738181078013e+00
-1.395088037355761834e+01
-1.265653462871024715e+01
-1.987560390054268211e+00
1.169352265583056116e+01
1.950511485851084714e+01
1.625704882740783574e+01
4.120909655813845163e+00
-8.890100292791366599e+00
-1.451892245481309729e+01
-9.896893681097417073e+00
7.848114651722667423e-01
9.610569984271251087e+00
1.069591566209649081e+01
4.139530689905694061e+00
-4.554053274664563666e+00
-8.883460053357516983e+00
-6.140993525827394883e+00
9.431895226640938379e-01
6.697739715783082914e+00
7.006725623858641505e+00
2.300232110604124802e+00
-3.125423426359202672e+00
-4.719810554152436666e+00
-1.293851366726504137e+00
4.143212232827397479e+00
6.848424093057906781e+00
4.087059841134448313e+00
-2.753071881966583145e+00
-9.207209419509259973e+00
-1.100892229411779155e+01
-7.047660215007273798e+00
1.304590406202030817e-01
6.424330443017561620e+00
9.080111636203687553e+00
8.179197369102610082e+00
5.817138816498251153e+00
3.963585364762036711e+00
2.911746801086708913e+00
1.520639248683548495e+00
-1.182682080425488280e+00
-4.629194657339301244e+00
-6.880496466674795641e+00
-6.250803984465084895e+00
-2.956113311592495130e+00
7.263997452798032217e-01
2.076428855774930859e+00
8.657748945819776498e-02
-3.618572062161484748e+00
-5.939202413802329161e+00
-4.700387073907398516e+00
-4.163699207341136077e-01
4.009159492113304246e+00
5.459608341208610938e+00
2.975894394566577894e+00
-1.534407218937655193e+00
-4.801477556270485891e+00
-4.716120981966568593e+00
-1.875869902693502844e+00
1.053763925201922191e+00
1.622180889177692098e+00
-3.367265848063762945e-01
-2.538973875220733145e+00
-2.157271359371708552e+00
1.703168610995110077e+00
6.957240352789133553e+00
9.835825913756393035e+00
7.621887496679221385e+00
7.860329390074536349e-01
-7.097049987249498315e+00
-1.162223731174915997e+01
-1.038520918780006497e+01
-4.385741405667929804e+00
2.867255136357832690e+00
7.738158402179469597e+00
8.561076562864885275e+00
6.095111027629945610e+00
2.347919098857697229e+00
-1.039803214965864031e+00
-3.549773502613081888e+00
-5.322061442451710533e+00
-6.225289543892151833e+00
-5.546675677708631014e+00
-2.696059268457917657e+00
1.746243488663542953e+00
5.773010562460369144e+00
7.028702686306778524e+00
4.579251796693671217e+00
-4.118530923498847640e-02
-3.551527932418714784e+00
-3.143888494710920689e+00
1.324493145191353527e+00
6.864700952494953157e+00
9.166960089010595780e+00
5.576462563807084827e+00
-2.821855529641432270e+00
-1.154719515038262578e+01
-1.538493273672526129e+01
-1.164976281490266175e+01
-1.912047788196022502e+00
8.905304653448776975e+00
1.540657485465015952e+01
1.470467667710121518e+01
7.719355751079946870e+00
-1.765179667930611318e+00
-9.410539213993128982e+00
-1.246394000923472056e+01
-1.060493586167954838e+01
-5.404248402872778634e+00
8.688695025574832975e-01
6.232356918455549177e+00
9.394614547452571074e+00
9.759546481809969976e+00
7.393317957309538002e+00
3.069470108500221173e+00
-1.807723657489487490e+00
-5.629094434938381575e+00
-7.278902408649042144e+00
-6.693658140066757412e+00
-4.852603216878639714e+00
-3.139904907310270943e+00
-2.486280121378599883e+00
-2.871113723760005065e+00
-3.491551002243057145e+00
-3.405669029186750851e+00
-2.141192656090343149e+00
1.286415928681106102e-01
2.832966050184482221e+00
5.337356732001977910e+00
7.061164366300896944e+00
7.408163032461315467e+00
5.818580256159295416e+00
2.161786252649078310e+00
-2.727755427298053981e+00
-6.923038109518738992e+00
-8.121705661536974930e+00
-5.026622482860720886e+00
1.466716456027267412e+00
8.265006773173064758e+00
1.158281736768268821e+01
9.211090207968304355e+00
2.093537120812032803e+00
-5.971098994773729629e+00
-1.050594274111885618e+01
-9.111596506282673147e+00
-3.008652162619405601e+00
3.693443586487447305e+00
6.568923324185178103e+00
3.629721642521875680e+00
-3.504281406774835794e+00
-1.070213310865943868e+01
-1.387089658477636256e+01
-1.126719772865368974e+01
-4.187568564440665497e+00
4.158913998641543763e+00
1.061639881950891251e+01
1.354587935532268084e+01
1.304189722255534711e+01
1.015075481955435599e+01
5.951642806112055872e+00
1.205165490306697507e+00
-3.400308092894601675e+00
-6.937250182296453183e+00
-8.384786804321247899e+00
-7.235713598782825606e+00
-4.043119121754284784e+00
-3.375295537812366131e-01
2.169265179304600721e+00
2.573474440734990765e+00
1.240676883058839497e+00
-5.954376828088678852e-01
-1.769283817635799227e+00
-1.931485470500249990e+00
-1.576639161105702458e+00
-1.425267070410356940e+00
-1.744603278535567181e+00
-2.185883473191259974e+00
-2.217739938260711252e+00
-1.692556185891777254e+00
-9.762690892644636520e-01
-4.988144914542040897e-01
-1.621195269404972494e-01
7.595598032753752005e-01
2.994736235362629007e+00
6.381984990017270931e+00
9.534146785326402807e+00
1.054530306062536305e+01
8.380212975538178455e+00
3.905043559560127164e+00
-3.808733040648430990e-01
-1.941391937493553543e+00
-8.308450168096370714e-02
3.306419894177174523e+00
4.882544685001129814e+00
2.204301565826461307e+00
-4.299120231362977052e+00
-1.124519064529395429e+01
-1.432143643843138570e+01
-1.112430895673543674e+01
-2.871489204987385691e+00
6.228105285544208058e+00
1.154935912789540176e+01
1.082885677592362050e+01
5.297952473608970259e+00
-1.476962858823648084e+00
-6.079731158556797688e+00
-7.237547885404244319e+00
-6.009755148718975981e+00
-4.292246885297820391e+00
-3.007326924115302447e+00
-1.477724746775814335e+00
1.567925536931201957e+00
6.290946047862107093e+00
1.088482065241942998e+01
1.246082677996141186e+01
9.160488153444410031e+00
1.902767876892980325e+00
-5.697615387596513870e+00
-9.416420037437459811e+00
-7.176818066515295413e+00
-5.475860779615140395e-01
6.148029154027836896e+00
8.593761537222794900e+00
5.270698596413738279e+00
-1.607206572507146491e+00
-7.623806997553646880e+00
-9.084890345946432078e+00
-5.350397039243710573e+00
9.369688063503529563e-01
5.753198413514701848e+00
6.322599304351674832e+00
2.685382044057929907e+00
-2.725574362239866488e+00
-6.991555827203979945e+00
-8.620136793622577898e+00
-8.129122813918794321e+00
-7.052307790655866881e+00
-6.303638701080735984e+00
-5.261178001995228115e+00
-2.319705589349287500e+00
3.504081931802959016e+00
1.117748898182023254e+01
1.764193611984498133e+01
1.939317009970979910e+01
1.469940802081239539e+01
4.974642558377857959e+00
-5.696521097238696818e+00
-1.270641270988304328e+01
-1.347023685386313119e+01
-8.807193977108067173e+00
-2.306027189049872028e+00
1.919992399223138246e+00
1.687826653769859853e+00
-2.098759209514901691e+00
-6.259225126154746910e+00
-7.535412057953827514e+00
-4.740307845191614078e+00
5.205225915050301078e-01
4.991332383886648572e+00
5.993904622042601105e+00
3.252712228759131907e+00
-9.111142045283169288e-01
-3.172885025313568086e+00
-1.541008643912923581e+00
3.143296273333450408e+00
7.618282702661757000e+00
8.347925719120128818e+00
4.028966390892266602e+00
-3.244950296421064362e+00
-9.061685738623884490e+00
-9.449590868704550672e+00
-3.582002400919483520e+00
5.386498466968232535e+00
1.203470198162504801e+01
1.197278078881210028e+01
4.661928137332856714e+00
-6.089405190618071728e+00
-1.435688765405609679e+01
-1.570571728297611536e+01
-9.892834450933719381e+00
-9.319580791528168096e-01
5.526907353299664649e+00
5.813493749772830732e+00
5.114191981300919565e-01
-6.067617289747087916e+00
-8.833334824793235285e+00
-5.331692086398946984e+00
2.620858881144275898e+00
1.013881472636848713e+01
1.248641194965374623e+01
8.180621903067534006e+00
-5.131258201730548585e-02
-7.055737686640068063e+00
-8.574161863864089739e+00
-3.921562173939410201e+00
3.691682329266259721e+00
9.335307689302414502e+00
9.553588752357821789e+00
4.490664440438302485e+00
-2.376292225758521059e+00
-6.625473899438978798e+00
-5.774056507985942943e+00
-7.830556100102060713e-01
4.717065442008714804e+00
6.872204647390268484e+00
4.073146622940476469e+00
-2.125723971634360332e+00
-8.126611411486717174e+00
-1.060463327154700330e+01
-8.474811599977776666e+00
-3.305985090714275820e+00
1.929260605696618613e+00
4.802972671497661494e+00
4.758332892261774028e+00
3.040410778266883440e+00
1.468598610567591001e+00
1.044675243349560523e+00
1.394367776580240470e+00
1.344791030673084586e+00
8.351335749737420766e-02
-2.049649083035885777e+00
-3.756297340670564644e+00
-3.792821147512808633e+00
-1.997080430935822992e+00
4.951503623503477058e-01
2.048827844227707473e+00
1.757979331093434627e+00
1.564467268195790517e-01
-1.179289964410855429e+00
-8.932447436401678154e-01
9.582424481274712802e-01
2.744116064881870543e+00
2.371940009403260774e+00
-1.034616943339063067e+00
-6.110823377684089230e+00
-9.740407683272147565e+00
-8.904706828667828589e+00
-2.747427271326236209e+00
6.542357746062752000e+00
1.472321187940712761e+01
1.784775494204664881e+01
1.452622525633784889e+01
6.690027800571813899e+00
-1.608502293504861180e+00
-6.570967182207818169e+00
-6.697009398186584583e+00
-3.276205759166986198e+00
8.304340912490514315e-01
3.174169338122914574e+00
3.115557126977349878e+00
1.803078145693683965e+00
9.357853555144621804e-01
1.320325576096707199e+00
2.276178006488314587e+00
2.248650307217597621e+00
9.645661022747908930e-02
-3.928389682512343661e+00
-8.210497235370514346e+00
-1.075344435041813718e+01
-1.039072515974095978e+01
-7.393740335440636358e+00
-3.130215569050696978e+00
8.871616281155907391e-01
3.839040040309493307e+00
5.769467182504460112e+00
7.082584615667368411e+00
7.862691058591221527e+00
7.606417524732655089e+00
5.600337171924734569e+00
1.662341431598155062e+00
-3.327985525979698433e+00
-7.558461630723896540e+00
-9.083196783144542152e+00
-6.860477947542497290e+00
-1.436302997077015586e+00
5.127700475134741254e+00
1.008077914987442369e+01
1.118728369669910094e+01
7.760774202318108550e+00
1.058151965158220076e+00
-6.170855925812997356e+00
-1.083648137564521186e+01
-1.090554744764506623e+01
-6.416701590824989587e+00
4.213480040841777186e-01
6.206383787360637783e+00
8.006960694814551971e+00
4.890456162952141916e+00
-1.540826868670002847e+00
-7.978992274517079153e+00
-1.119920300211968467e+01
-9.790408826356511440e+00
-4.796805908355685766e+00
1.105212781085548324e+00
5.332539909532574285e+00
6.870063324784117853e+00
6.530219610299917932e+00
5.904481603821102986e+00
5.865565515934297203e+00
5.811972392439970214e+00
4.281827228020310017e+00
4.838899831688681097e-01
-4.498058181709089887e+00
-7.936227346942696492e+00
-7.198149810113918079e+00
-1.854795509100079176e+00
5.446344865387468204e+00
1.022762736268284023e+01
8.953892540876498884e+00
1.537841726048267077e+00
-8.221381646183086644e+00
-1.477012074669559105e+01
-1.424684712696333477e+01
-6.994821985801189967e+00
2.583895703145605793e+00
8.812974222474544206e+00
8.354869703598474473e+00
2.254931428399926219e+00
-4.932105805687382549e+00
-8.302615500778031787e+00
-5.876747386478577084e+00
2.316927140913773719e-01
5.480926083017632067e+00
6.174883677446169727e+00
2.045138672986412942e+00
-3.617594074457546327e+00
-6.301957555353725482e+00
-3.407538933981225870e+00
3.986964013926574069e+00
1.185344170771960570e+01
1.582729811522060004e+01
1.386074870683848559e+01
7.187087216529608469e+00
-8.447053864053364336e-01
-7.026168477292768166e+00
-9.983241542729246021e+00
-1.027072099687029194e+01
-9.127234870115852772e+00
-7.118392942636650567e+00
-3.832680068640840432e+00
1.185604706687652721e+00
7.171868734772115062e+00
1.178417014934568918e+01
1.220530952725841445e+01
7.075628245845546616e+00
-2.134167405580561727e+00
-1.144135794726298272e+01
-1.636617748530788674e+01
-1.445552997732893274e+01
-6.721583822176422807e+00
2.924786036998442640e+00
9.881315227769864151e+00
1.132362937704336048e+01
7.476115458720475893e+00
1.072800187295457786e+00
-4.449897342984501236e+00
-6.804572951874924058e+00
-5.698622445012248683e+00
-2.425433374394835528e+00
1.239478734942396798e+00
3.996205274110002481e+00
5.325583199837729431e+00
5.229876898509186134e+00
3.870005028488601617e+00
1.477004746192082330e+00
-1.469318669244321640e+00
-4.114698866879054506e+00
-5.449392931150121910e+00
-4.836376312434261138e+00
-2.485150213195337798e+00
5.281806580115051553e-01
2.791111821501092383e+00
3.324694541519232160e+00
2.092555070999988054e+00
-7.434232842054633306e-02
-2.051403666448003094e+00
-3.075976659176365313e+00
-3.055609503143085881e+00
-2.394307476811627922e+00
-1.561525208823546507e+00
-7.775784377979046980e-01
-3.290132989857830204e-02
6.534830672908791271e-01
1.035324131958482496e+00
7.326594371302356246e-01
-4.245731134237461513e-01
-2.093395744481120868e+00
-3.455631703449405290e+00
-3.648328047183507117e+00
-2.320623100370714731e+00
8.331561243570528852e-02
2.549014743841006236e+00
4.101879251334014320e+00
4.395297032062593701e+00
3.869130041857800517e+00
3.365430884593492156e+00
3.471193990155930109e+00
4.056575193031452642e+00
4.346700437924052807e+00
3.492641912844404395e+00
1.249747626027107206e+00
-1.721341698221363625e+00
-4.173830806393279858e+00
-5.037446177074307307e+00
-4.130588469567198828e+00
-2.329956518519594511e+00
-1.039016775028130501e+00
-1.256346104490721594e+00
-2.835682463087777716e+00
-4.451815721309602125e+00
-4.366506486213108218e+00
-1.573127443916740198e+00
3.387932263684071632e+00
8.506317278693543926e+00
1.131501169678777075e+01
1.029093195696428253e+01
5.802263062426188611e+00
-1.545553345374051091e-02
-4.438031438208485113e+00
-5.703159616526832565e+00
-3.983346909523441948e+00
-1.166040108905940453e+00
4.243506016108403722e-01
-4.607505152596067521e-01
-3.232338462989941430e+00
-5.944295047035216051e+00
-6.670545412549438780e+00
-4.822629330129734271e+00
-1.499408979517620200e+00
1.351169126553980471e+00
2.328874671995613710e+00
1.509039744839018926e+00
2.294202341079185636e-01
-7.355466487471473691e-02
9.436026795694628655e-01
2.271943314547097081e+00
2.466118227780502714e+00
1.030766094562725499e+00
-8.735560707619625109e-01
-1.106587726195174870e+00
1.754085988169383548e+00
6.943796138185879485e+00
1.151402875227715228e+01
1.206351742230307877e+01
7.145523321609886125e+00
-1.354166269713300341e+00
-9.013406904332601499e+00
-1.152170143716607065e+01
-7.494686578809719890e+00
4.811471979572282676e-01
7.391959526645932144e+00
8.987947185512446424e+00
4.510965095767626387e+00
-2.882293283074575996e+00
-8.282578098573228687e+00
-8.288372521143937632e+00
-3.145121744771455674e+00
3.635627532801792849e+00
7.797925424933252359e+00
7.163121884676275641e+00
2.797226790271159835e+00
-2.154143426274144346e+00
-4.940443291958498406e+00
-5.091639899169262407e+00
-4.373765807466713618e+00
-4.998669657068863792e+00
-7.589543943646403612e+00
-1.052805546041088647e+01
-1.118060492581088994e+01
-8.015482491978509927e+00
-1.931329954184761277e+00
4.256411146238785470e+00
7.781184370529889094e+00
7.822705191468669383e+00
5.878113906669026001e+00
4.352952592911972118e+00
4.520366163422526284e+00
5.496087525699183907e+00
5.072371896133253344e+00
1.765613700108851880e+00
-3.574483793249880303e+00
-7.964752332666787282e+00
-8.286394506361416390e+00
-3.642013190859088034e+00
3.726644080580195251e+00
9.740025523178882594e+00
1.113276500223967957e+01
7.558285032615556176e+00
1.631959066978593054e+00
-3.077982678738483635e+00
-4.585545065813698251e+00
-3.659443034517693594e+00
-2.811156303035809323e+00
-3.959037810460008799e+00
-6.641985842116887362e+00
-8.224258921846640646e+00
-5.983766383367508546e+00
5.065053784907460610e-01
8.572166621219016847e+00
1.392387692319360859e+01
1.343856743352345440e+01
7.251484723161919277e+00
-1.337554337644430991e+00
-8.048840467901591467e+00
-1.030426613181841766e+01
-8.517570668919780985e+00
-5.207560820419690373e+00
-2.785178312160835556e+00
-1.791227505156918642e+00
-8.997587570741965024e-01
1.451773641123330849e+00
5.243112833032063769e+00
8.436162077966008255e+00
8.376992155821794128e+00
3.991969898642783399e+00
-2.963564637762825527e+00
-8.691116323298889057e+00
-9.735032166995758018e+00
-5.301316593954127576e+00
2.161811653495746555e+00
8.554964175717698183e+00
1.076575774733206359e+01
8.505406981899476193e+00
4.123105093086298467e+00
6.656431482134581579e-01
-3.167522959954613970e-01
3.696535045185636026e-01
5.508148658424115718e-01
-1.354467108050937618e+00
-4.946475168339677708e+00
-8.061324946737357777e+00
-8.373720112409106520e+00
-5.144115451725803645e+00
1.806036738822263121e-01
4.900669660773679048e+00
6.790948839777430912e+00
5.375665792813920874e+00
1.941456274070314958e+00
-1.544228180993834076e+00
-3.702063484312700936e+00
-4.308823352400563245e+00
-3.947750626966841203e+00
-3.250048522455201816e+00
-2.438298096725127095e+00
-1.466768400067127276e+00
-4.462602985934346345e-01
2.027346206307488186e-01
1.035732720625572312e-01
-5.505687685708987589e-01
-9.002744874406303222e-01
-3.046070335100925508e-02
2.106563115545399878e+00
4.273568730932703730e+00
4.588689059371750645e+00
1.944691605613206864e+00
-2.824534433062927175e+00
-7.069569788042033842e+00
-7.918072505997827193e+00
-4.356586636944411062e+00
1.723331546293942917e+00
6.465983220898530170e+00
6.549592401834329891e+00
1.596989018528536031e+00
-5.256353228140040912e+00
-9.217787773833654441e+00
-7.004905084127211801e+00
7.958374450214757978e-01
9.856478317840362990e+00
1.474988451034224290e+01
1.240728798935213106e+01
4.096908932118887847e+00
-5.394719652118673991e+00
-1.081660993412949878e+01
-9.695969223053715780e+00
-3.651911112977734852e+00
2.976105007645471812e+00
6.121372415341030937e+00
4.524298929942540681e+00
1.739805577731665109e-01
-3.449772432823279278e+00
-3.943533444771932128e+00
-1.527916209636173139e+00
1.400200678802337562e+00
2.224949972067462589e+00
8.100665468441042849e-02
-3.552806469703024383e+00
-5.957904248903689748e+00
-5.097029955674971191e+00
-9.786282203790293011e-01
4.411757003091986817e+00
8.440578507706177902e+00
9.422024292586469230e+00
7.431022326996425065e+00
3.939365453814124507e+00
7.047696719871296978e-01
-1.251449067844853547e+00
-1.964932807994643316e+00
-2.122245985475491370e+00
-2.381688739573152525e+00
-2.932541156854518327e+00
-3.497171765525353138e+00
-3.620544587940875747e+00
-2.960658647955876521e+00
-1.424772865296709767e+00
8.046286263632408398e-01
3.254327723903418956e+00
5.170609020356485175e+00
5.689826004343364829e+00
4.244817195417128097e+00
1.044983091004731746e+00
-2.737649529126932268e+00
-5.374845250554933784e+00
-5.499410071711126058e+00
-3.011400953491549348e+00
6.812820656028722999e-01
3.385593150032701892e+00
3.451994103649940637e+00
8.630611002131136633e-01
-2.687845806473800447e+00
-4.849219423458417388e+00
-4.126126866768577095e+00
-8.306452556696046763e-01
3.190838548869562530e+00
5.854159862317279917e+00
6.222772775275559276e+00
4.982763271615517020e+00
3.683245912114393228e+00
3.347899249720120096e+00
3.555155396313280036e+00
2.750641093012360816e+00
-3.822024888106598794e-01
-5.521214094486042612e+00
-1.041742808063022530e+01
-1.210961262368265956e+01
-8.922871767927855302e+00
-1.872027054452920947e+00
5.609668021894737677e+00
9.597435977447377198e+00
8.084265590737715002e+00
2.299275948995788799e+00
-3.979217586437335807e+00
-6.735170914804141873e+00
-4.203617986968698261e+00
2.034168034424956861e+00
8.023668429865288942e+00
9.838243858599733827e+00
5.898972262599722072e+00
-2.178570650421229882e+00
-1.062179799475718056e+01
-1.566551088291823390e+01
-1.548050878587367940e+01
-1.079401127097963808e+01
-4.045297386883718538e+00
2.183826705260202061e+00
6.412267572741349397e+00
8.521105663883510317e+00
9.129256618113592125e+00
8.742654733240064147e+00
7.359662653197093007e+00
4.754140812988104869e+00
1.093593686264482834e+00
-2.702153506781062475e+00
-5.237260194878762931e+00
-5.422881838019111278e+00
-3.228193520689205620e+00
1.595923984642057536e-01
2.941116350925607748e+00
3.730251375992654772e+00
2.352885039993864780e+00
-9.843580576098065471e-02
-1.996107880660238587e+00
-2.227437820669490254e+00
-8.867291993936656791e-01
8.340815487917869753e-01
1.475614202527092633e+00
3.084996664866290761e-01
-2.164011148975541143e+00
-4.528712954578696603e+00
-5.386119109200123489e+00
-4.245386604351821802e+00
-1.783917535930919396e+00
6.913846601543007786e-01
2.181954529389349862e+00
2.650222741936331339e+00
2.908390928095364814e+00
3.828597082506667526e+00
5.480895062032454135e+00
6.891810200363177152e+00
6.676295895306904704e+00
4.128349670858015408e+00
-4.636205721541752922e-02
-3.978541007083114867e+00
-5.793518440178440976e+00
-4.903136458336554426e+00
-2.474031388033505863e+00
-6.456506600520847128e-01
-9.741228732720842443e-01
-3.202573311103031450e+00
-5.309686203000408611e+00
-4.913833972264947114e+00
-1.106499711680251075e+00
4.606018681542617621e+00
9.023328200949112698e+00
9.252842519855159154e+00
4.666957557186938388e+00
-2.547896151006900922e+00
-8.676804009928609673e+00
-1.075460980380035636e+01
-8.300799464428296304e+00
-3.364422289376193476e+00
1.067051365082404280e+00
3.098109854064012403e+00
2.943382301333009821e+00
2.291464450217234550e+00
2.630120163401258537e+00
3.906497698692939391e+00
4.586480761564244446e+00
3.046748048437088574e+00
-8.415703570337229600e-01
-5.258716864972364569e+00
-7.565156590698882688e+00
-6.213486786530727279e+00
-1.979995014152239552e+00
2.483238908935103684e+00
4.511391205591110065e+00
3.337915834535125192e+00
6.046217642039171114e-01
-9.466251701029907428e-01
3.612640326155803217e-01
3.757171024244481128e+00
6.497844158799347625e+00
5.890211903780397051e+00
1.370102035719277023e+00
-4.918503896489530902e+00
-9.496016377769757710e+00
-9.879399438584986370e+00
-6.184005977983122904e+00
-8.723843374829725050e-01
3.084266988925095543e+00
4.217041845762491192e+00
3.277612703820850903e+00
2.251955370720075678e+00
2.573002189782883864e+00
3.991982954182576648e+00
4.960078481590178612e+00
4.115689447174943894e+00
1.584411673482305272e+00
-1.016610239181931163e+00
-1.886013903802723268e+00
-5.702337267929553644e-01
1.576055957159237186e+00
2.432550757912280925e+00
8.479419185437389039e-01
-2.347897753694218714e+00
-4.919638674734442496e+00
-4.974224978667923125e+00
-2.483741923829831055e+00
6.761322372382982948e-01
2.248993116453860797e+00
1.465286063633204794e+00
-3.031614260825368223e-01
-7.211759315494784550e-01
1.388130687311995182e+00
4.731294099093393157e+00
6.260645283010938478e+00
3.548745324534014145e+00
-2.966200946828872365e+00
-9.731394045033281870e+00
-1.227228371221222858e+01
-8.375194176348209396e+00
9.410949198917517577e-02
8.220414412129398940e+00
1.132923771788381018e+01
8.208585012749212595e+00
1.881891635201755619e+00
-2.695247942681491704e+00
-2.349391898463732975e+00
1.955289185847482347e+00
5.926216401748616747e+00
5.357772724513940155e+00
-4.133822666227799925e-01
-7.691886266847923537e+00
-1.099906899868375199e+01
-7.227547089853108453e+00
1.720539609414420301e+00
9.900110418740094786e+00
1.137257012642374576e+01
4.504738269172809950e+00
-6.606693979430927399e+00
-1.471982930694667147e+01
-1.432040416741781286e+01
-5.402164112215964487e+00
6.484758892867150237e+00
1.394480620218712019e+01
1.262304760871765552e+01
3.920471315462619621e+00
-6.220500908462610390e+00
-1.146375864628383390e+01
-9.209415129131340194e+00
-1.931935373119431976e+00
4.967079409155475744e+00
7.056900437390501324e+00
3.729276917262356772e+00
-1.842234743032203248e+00
-5.326451720983796712e+00
-4.375026887414347421e+00
-4.866396774125381075e-02
4.291587629617334976e+00
5.596303946972287058e+00
3.260140854226150520e+00
-6.749345019516019839e-01
-3.200097078270881301e+00
-2.549813942309171910e+00
6.383066366393983504e-01
3.903374067785820856e+00
4.715293353593427383e+00
2.127918856206531206e+00
-2.704517845194742698e+00
-7.308363491783014254e+00
-9.314073527458047508e+00
-7.631986742093468834e+00
-2.845305826090803514e+00
3.163919736648332925e+00
8.007821322593507318e+00
9.658148315917401305e+00
7.183686615665567210e+00
1.216297350154328605e+00
-6.057240537312903683e+00
-1.156838165112965555e+01
-1.263766851887131537e+01
-8.346949204679301459e+00
-2.438255005183944668e-01
8.189964352214289534e+00
1.320221598277570152e+01
1.271606358907405365e+01
7.424945221142634999e+00
3.489042140953495519e-01
-4.905155635509376388e+00
-6.131211087790752856e+00
-3.578623092090241542e+00
4.828838120054343430e-01
3.298253567196359537e+00
3.244751926072103831e+00
5.869460166657252120e-01
-2.928388349731798179e+00
-5.208152650719703125e+00
-4.923821425019900389e+00
-2.041261954058602779e+00
2.319433627362822214e+00
6.430144914395408584e+00
8.594683478156298406e+00
7.718397269857392828e+00
3.746346948798096932e+00
-2.145684511479585499e+00
-7.809409591268755335e+00
-1.093126471226431562e+01
-1.014348384139129777e+01
-5.838456906465278706e+00
-7.678334903727601635e-02
4.531392501458367583e+00
6.366280895104700299e+00
5.734522840376417463e+00
4.473430105221998687e+00
4.407768398067675619e+00
5.748838413792592306e+00
6.705295642776887277e+00
4.781996098168257880e+00
-1.033847559095069313e+00
-8.826062199447090251e+00
-1.434260679628492241e+01
-1.355275349242322847e+01
-5.587042195954938784e+00
6.038006912229117340e+00
1.504167863883411194e+01
1.608394930852617932e+01
8.250255073453077515e+00
-4.044286307401940839e+00
-1.351860232619761426e+01
-1.443638826248068163e+01
-6.187741599326283648e+00
6.279520300941036304e+00
1.549293785963276449e+01
1.602818927752474565e+01
7.717510460408121276e+00
-4.485492409159624216e+00
-1.377078554701284929e+01
-1.566322712808285189e+01
-1.045180002096179273e+01
-2.448991576489830457e+00
3.199925821875451160e+00
3.902970034932066401e+00
9.821279262627793383e-01
-1.723370071927610381e+00
-8.700799295940909728e-01
3.898867666630986939e+00
9.643889757371233884e+00
1.211446424646231179e+01
8.622021791830638549e+00
-1.134825108844501607e-01
-1.028919566700621679e+01
-1.721402916209792266e+01
-1.792385494850006111e+01
-1.263011235027800439e+01
-4.274333062632318381e+00
3.326057677018037673e+00
7.488953003554356336e+00
7.686242927468076580e+00
5.206828974773759278e+00
1.974095977004724833e+00
-5.807138286943402949e-01
-1.948029609641913407e+00
-2.253739818201395906e+00
-1.732580794089407794e+00
-4.751933623811457341e-01
1.405150302334301493e+00
3.468565299775254296e+00
4.920922221251913697e+00
5.015967827296449855e+00
3.619457379623597593e+00
1.450406512753412480e+00
-2.924295034990501141e-01
-7.326362547525219204e-01
2.998071326015516735e-02
9.572986547228756748e-01
8.635276470118038450e-01
-5.779048034161849978e-01
-2.395178324268363745e+00
-2.886741062650446832e+00
-8.995447238214127061e-01
3.085014393792256726e+00
6.940762452575918395e+00
8.141378105008547195e+00
5.506911054832516861e+00
2.221595312087294438e-01
-4.711246744159013566e+00
-6.366254493686980709e+00
-3.896425127669214117e+00
7.696743235072753819e-01
4.140663047373748462e+00
3.541966387484678958e+00
-9.704717253215752182e-01
-6.559695334717625670e+00
-9.546602218669834272e+00
-8.024773585238772711e+00
-3.278065954640094759e+00
1.088730921002230678e+00
1.770245503162396039e+00
-1.719898153916407102e+00
-6.502002172549534720e+00
-8.270142635811437160e+00
-4.429360028829428586e+00
3.805440821331765644e+00
1.193903297299717181e+01
1.511003302073950039e+01
1.141326379244146771e+01
3.286223749227373148e+00
-4.076107585558578883e+00
-6.227662207430216590e+00
-2.468993978119924826e+00
3.761974737927110013e+00
7.376739344602113668e+00
5.243014621437728451e+00
-1.625469503006747196e+00
-8.809520757363797472e+00
-1.158400727755754644e+01
-8.158187768133494444e+00
-7.972142540308015946e-01
5.875266012709348118e+00
8.087907266939653894e+00
5.336299646403823260e+00
3.731183133540081354e-01
-3.044579183048471638e+00
-2.885307370421737794e+00
-6.374159403106083310e-02
2.599831141099476106e+00
2.723393375887605661e+00
1.563855557055595646e-01
-3.089869317255593995e+00
-4.586756558212274903e+00
-3.444745005555180040e+00
-9.309418238499808096e-01
6.829819917623274339e-01
5.698629701357915689e-02
-2.081868347673626829e+00
-3.521367697971160560e+00
-2.393211041228832769e+00
1.222995209275791417e+00
5.220020795629300103e+00
6.999040376093025095e+00
5.426161806935591692e+00
1.668194007524510081e+00
-1.757166818093153671e+00
-2.965262146792161602e+00
-2.133653345827274617e+00
-1.208220506609297029e+00
-2.091995181002205939e+00
-4.780530053699634685e+00
-7.036183390850848873e+00
-6.035272180418186139e+00
-8.298092599547928216e-01
6.322150353065816297e+00
1.100922954905930240e+01
9.611665161886607578e+00
2.123838169719757474e+00
-7.287070813665151192e+00
-1.266048652834320798e+01
-1.015060234280429441e+01
-8.386434740716084413e-01
9.595178535438137146e+00
1.432943385808462722e+01
9.828975189197725726e+00
-1.670855383243009529e+00
-1.333527782581558974e+01
-1.789013979638479768e+01
-1.213710937635143772e+01
1.051818846833249443e+00
1.450022038930158885e+01
2.107843101638680849e+01
1.786370040496140632e+01
7.559500699410261149e+00
-3.537715603630947392e+00
-9.542679838290895944e+00
-8.351487493823997355e+00
-2.372801507438326851e+00
3.563306377690437898e+00
5.516254183067387018e+00
2.755447624050037625e+00
