-3.773176414792039246e+00
-5.149419419052660096e+00
-3.607302407264160404e+00
-4.494512462014532694e-01
2.040928275369377154e+00
2.257451835668201845e+00
3.378114561053155995e-01
-2.095271907244613097e+00
-3.237793510340234882e+00
-2.412985956513865826e+00
-4.116336738267032391e-01
1.302832011180784066e+00
1.801746832396873499e+00
1.314439964107682934e+00
8.061043951254152073e-01
9.394603462487701728e-01
1.363453974769164745e+00
9.908094279304365815e-01
-9.223345234379144442e-01
-3.803573059935491329e+00
-5.799142783750237840e+00
-4.953925787482053700e+00
-7.386246119405566191e-01
5.238716596842483142e+00
9.977267684468555942e+00
1.087988801580078047e+01
7.406527557508835180e+00
1.449146393984290793e+00
-3.832785409513766339e+00
-5.925254805823239934e+00
-4.356384665169378501e+00
-7.289171202283876161e-01
2.494415821898338326e+00
3.536099035315715788e+00
2.169803896335761095e+00
-5.034568412941935467e-01
-2.996461198685461014e+00
-4.333612941023223364e+00
-4.362341090764355833e+00
-3.485906205197546459e+00
-2.227535066331131741e+00
-1.005360249537418538e+00
-1.551096803459760531e-01
4.384113407038620069e-02
-4.670474953402641294e-01
-1.284261077955859864e+00
-1.562913571388649947e+00
-5.013871845199358024e-01
1.942132877204005403e+00
4.682388512922125656e+00
5.958730886176528685e+00
4.491023571768675282e+00
5.881114373319277222e-01
-3.686341210308267335e+00
-5.620455703583532525e+00
-3.632712079175302033e+00
1.482654522675102227e+00
6.811280772233763159e+00
9.052042562325066655e+00
6.638726650791516803e+00
8.097109564032916040e-01
-5.146031518998940513e+00
-7.989784325753326755e+00
-6.561738432338176885e+00
-2.369237784360475274e+00
1.616362012686596961e+00
3.052436704435102399e+00
1.718361419301469795e+00
-5.925740514343882381e-01
-1.601117170485370611e+00
-3.043261037278482961e-01
2.318676356897465762e+00
4.115155786118215531e+00
3.414786143254567197e+00
2.840100197304993301e-01
-3.513699718790351589e+00
-5.759134827207383012e+00
-5.269978158194526863e+00
-2.581883538189203797e+00
5.819265527161630036e-01
2.556941925712693298e+00
2.750545615068868965e+00
1.755476034875901092e+00
6.354572376418953228e-01
5.182764391217033889e-02
-8.127897330536690279e-02
-2.393517944738838832e-01
-6.454279094532041627e-01
-9.542975075576252131e-01
-5.450894551012702705e-01
8.417357106481708762e-01
2.689907523683891633e+00
3.903806709167993549e+00
3.507361650581476642e+00
1.333536710757601718e+00
-1.799843410427572676e+00
-4.539683859970912394e+00
-5.734968362248531903e+00
-4.966164211499772385e+00
-2.592906335267622708e+00
5.727443501875875143e-01
3.642568090365886135e+00
5.845972101200364257e+00
6.574735259092895134e+00
5.471586058136788999e+00
2.652683269827204704e+00
-1.099248944165849284e+00
-4.461539398743710194e+00
-6.130477582743762532e+00
-5.548720734888473061e+00
-3.289512294779575630e+00
-7.350405739685881290e-01
8.164422040059209351e-01
1.004393189843414413e+00
5.660091289651759672e-01
6.342560025234128540e-01
1.686772359341360827e+00
2.994694025291185557e+00
3.095652824110490364e+00
1.022569025295513745e+00
-2.644387176634707792e+00
-5.817272945068446610e+00
-6.185587343211112810e+00
-2.926381587667466366e+00
2.423697825038214848e+00
6.708594971972255294e+00
7.149903146946139820e+00
3.279895589215878982e+00
-2.574176413664202023e+00
-6.694083219940297980e+00
-6.385757011811497463e+00
-1.780529047794054076e+00
4.222504287072350593e+00
7.853662838915917987e+00
6.926696224260100010e+00
2.196411315615119264e+00
-3.255992651840578844e+00
-6.122982834933575091e+00
-4.986850711088821164e+00
-1.051133844879720280e+00
2.889178136615210946e+00
4.399436818435741969e+00
2.891995758566305863e+00
-2.846267603863529838e-01
-3.028357075441421298e+00
-3.951178571828510844e+00
-3.076858317750182259e+00
-1.411262640744243013e+00
9.440899718985509836e-02
1.278187960207362028e+00
2.639657820427485202e+00
4.549181992876018654e+00
6.543106629734957380e+00
7.373160645274365876e+00
5.853513829532463575e+00
1.883893974384885261e+00
-3.159842487169791880e+00
-7.044610565031691252e+00
-7.961521378975975338e+00
-5.638534916487292215e+00
-1.548209940489448044e+00
1.934357136050365966e+00
2.900052305982259604e+00
9.714905991931739315e-01
-2.542708991699019094e+00
-5.451436178954805811e+00
-5.950888253189154931e+00
-3.651083912529067721e+00
1.799509222821275567e-01
3.273899701834879661e+00
3.594758739015609272e+00
5.327404474038727189e-01
-4.573611336760734503e+00
-8.947361569063208009e+00
-9.780591869757124357e+00
-5.879858361788980581e+00
1.378752907386192161e+00
8.484924553238414546e+00
1.159447066299816420e+01
8.794734829108026730e+00
1.469963947032832063e+00
-6.237295302998641766e+00
-9.764884928427358446e+00
-6.948061210936369747e+00
4.953092453647109927e-01
7.923081268786971165e+00
1.072628195605458679e+01
7.423155190097951106e+00
7.709163639928516831e-01
-4.013332707155623957e+00
-2.874271476614319809e+00
4.040693325755993826e+00
1.210961001112207924e+01
1.512147130831919206e+01
9.512304303225208812e+00
-2.911912865758493840e+00
-1.573479317049629067e+01
-2.182625964440983424e+01
-1.786131025175125586e+01
-6.446249174407132188e+00
5.593887701554494107e+00
1.162553560399203434e+01
9.351953930219703892e+00
1.945507689443996657e+00
-4.483083556280877957e+00
-5.219344244223911744e+00
-5.585414233893448710e-02
6.888234951919932847e+00
1.034195298442773492e+01
7.684674882758885772e+00
6.804734930474891641e-01
-5.967983933604512181e+00
-8.059848249857175517e+00
-4.792650605663323127e+00
9.055095789615135171e-01
4.696085039835581121e+00
3.995049826817580474e+00
-3.229971534786544307e-01
-4.801976172342905969e+00
-6.061141479164035673e+00
-3.204239324543693979e+00
1.727299054444043636e+00
5.429016804766368054e+00
5.754453812894472442e+00
3.071172157174640205e+00
-3.265333915849548685e-01
-2.118587804343950332e+00
-1.627775337168273495e+00
-3.157759512041602434e-02
8.807532036314971169e-01
2.752386970476428107e-01
-1.129022230172609387e+00
-1.851311757268380376e+00
-1.085151804492990868e+00
4.798295998604708013e-01
1.177238473073389580e+00
-1.747710226811551859e-01
-3.074986681017195078e+00
-5.443134075700728935e+00
-5.055678126343790879e+00
-1.279392139852820964e+00
4.215057675540326620e+00
8.355948201214548732e+00
8.607078314941302821e+00
4.605704593780258982e+00
-1.605391633727170531e+00
-6.855286354447182262e+00
-8.713893768572248177e+00
-6.724635676730223999e+00
-2.332008460730782051e+00
2.224533350261808096e+00
5.171731508003261979e+00
5.847354715277699455e+00
4.574309844863425845e+00
2.172752696067268730e+00
-4.021956552984317090e-01
-2.173756372500231571e+00
-2.264298510402460440e+00
-2.755488644268497822e-01
3.208379792638528905e+00
6.499233701848141642e+00
7.477933923354205703e+00
4.885985675446340437e+00
-5.845050011623271757e-01
-6.320587111122238255e+00
-9.190113196216502800e+00
-7.544525292429274721e+00
-2.454072358644579843e+00
2.816708061809704233e+00
4.898215600298760464e+00
2.603139027898079938e+00
-2.211314046390693733e+00
-5.898322755852106525e+00
-5.581275054418846970e+00
-1.220256905638658740e+00
4.318594817495791105e+00
7.282968374651066945e+00
5.713659089051073003e+00
8.458587354092088617e-01
-3.797347697659787080e+00
-4.969729793348156122e+00
-2.054564531586882126e+00
2.518299424078742632e+00
5.095450796315383890e+00
3.517369333696891420e+00
-1.276386625874630587e+00
-5.940352662886981605e+00
-7.202614326744369855e+00
-4.297678817014038088e+00
4.479930262883769498e-01
3.318994407431870464e+00
1.960655876508402784e+00
-2.836317162980231288e+00
-7.626305455596160243e+00
-8.733515526503808246e+00
-4.877172860283883082e+00
1.869931774994919360e+00
7.456032784966581062e+00
8.575227454270439864e+00
4.842544852892381790e+00
-1.043816357895103408e+00
-5.184063403869153319e+00
-5.047700807018638436e+00
-9.947125668970400181e-01
4.174569340843570231e+00
7.187417177722985606e+00
6.376844547628692794e+00
2.534471908232165394e+00
-1.853064621567015680e+00
-4.290838381080291697e+00
-3.708159138070791450e+00
-8.126987413342230404e-01
2.633442056313509472e+00
4.948863933927776237e+00
5.318038110505113991e+00
3.886607060127230007e+00
1.358756943286246965e+00
-1.466079385420970160e+00
-3.920500094117116863e+00
-5.476505136827962694e+00
-5.735795096200687837e+00
-4.539012283447542373e+00
-2.127156106889676046e+00
8.294204566949205937e-01
3.438016299167015344e+00
4.934670346127802532e+00
4.965110465478010937e+00
3.642713030153017506e+00
1.410790567640120230e+00
-1.135975775730708293e+00
-3.353492605730964193e+00
-4.604571004801563561e+00
-4.392965732981350513e+00
-2.619076412678154497e+00
1.905199286707755513e-01
2.935665181432238757e+00
4.403704772649414956e+00
3.948935638019441363e+00
1.944925855583622631e+00
-3.786515927477448473e-01
-1.707178134578890560e+00
-1.541169481302335109e+00
-5.728963142950671550e-01
-1.993356053601194056e-01
-1.449123131716349100e+00
-4.078284572301962285e+00
-6.539948834679630174e+00
-6.942697744443430352e+00
-4.382734165929565329e+00
2.926314606237117033e-01
4.884304673680247788e+00
7.191154975065511934e+00
6.405567837075177628e+00
3.585856274577444935e+00
8.689709929959805734e-01
-2.576219553078717972e-02
1.052150955835326585e+00
2.682574633810834719e+00
2.999979334932755926e+00
1.116488642238552931e+00
-2.190100259711091457e+00
-5.012527873335503870e+00
-5.671920977174030654e+00
-3.903496413181998914e+00
-1.011081014721726179e+00
1.112177178646041931e+00
1.373938558527573850e+00
2.626828524493629580e-01
-5.620808122116969230e-01
4.119929346397542269e-01
3.270311944291547590e+00
6.374783408914066918e+00
7.326028210780443750e+00
4.586869194007948458e+00
-1.309152529982367863e+00
-7.801590603245399436e+00
-1.164106841950992610e+01
-1.073474394205071114e+01
-5.383075315732658517e+00
1.840384743365340192e+00
7.494330850026011070e+00
9.130065260372751013e+00
6.533692606342675013e+00
1.672121375637353413e+00
-2.562159584166140203e+00
-4.029228905689800300e+00
-2.461972842650421711e+00
5.795734900512274912e-01
2.819943937346669482e+00
2.726633319799151245e+00
4.226752464013430188e-01
-2.476371572819686229e+00
-3.959275529528316184e+00
-2.936474585328334719e+00
5.904423133561226278e-02
3.224196847206609373e+00
4.653790739141283161e+00
3.563458967616835338e+00
7.735114047602698051e-01
-1.856960573085383315e+00
-2.666956021423238177e+00
-1.280760367147018908e+00
1.172659550404505202e+00
2.843983479967195471e+00
2.416122380212537113e+00
-1.650222931984091090e-02
-3.018384303746064479e+00
-4.760131054972884357e+00
-4.186402212979132287e+00
-1.629271823293819921e+00
1.497383168846413870e+00
3.650941197076839284e+00
4.079120311288166434e+00
3.110888235634006627e+00
1.713735585368243441e+00
7.259128662247131825e-01
3.429634324785000299e-01
1.740251389060083476e-01
-2.786163580903945336e-01
-1.157968493062075721e+00
-2.169621741587034247e+00
-2.883045489289578711e+00
-3.101043274604691202e+00
-2.956308266992356604e+00
-2.667538684069894472e+00
-2.211844031150630663e+00
-1.259257844120512670e+00
5.134913674281358364e-01
2.967641788679530102e+00
5.316882343523048782e+00
6.450286282990305153e+00
5.604253384550903938e+00
2.917696895025891912e+00
-5.524445803630768648e-01
-3.401982488765405765e+00
-4.657608356206790923e+00
-4.238269880289124103e+00
-2.822372495744248866e+00
-1.285141035946651300e+00
-1.602657195785966160e-01
5.000567301969409684e-01
8.574174951592218319e-01
9.389707413745507214e-01
5.643601474050177202e-01
-3.881541691097599167e-01
-1.659467099663600509e+00
-2.600946589563143618e+00
-2.581801038943456916e+00
-1.515222241069065223e+00
-3.139280635633234784e-02
9.362089963517279401e-01
8.953448800239616201e-01
2.763172787715257317e-01
1.861916580871330607e-01
1.521637932694432482e+00
4.083285098052525264e+00
6.433729489852249905e+00
6.744284852911448525e+00
4.116497387369675742e+00
-5.771487860499278089e-01
-5.031969986394337013e+00
-6.908354847735828308e+00
-5.368971418764501458e+00
-1.669524756318422787e+00
1.657262940882823221e+00
2.493112833022378627e+00
5.327416254032675269e-01
-2.582948377053475575e+00
-4.472435423595255699e+00
-3.681189304748124780e+00
-6.270560166519287826e-01
2.807695263214400772e+00
4.674056400464361438e+00
4.283616673939465436e+00
2.512117459144968201e+00
9.318578319818424660e-01
5.077561195447028997e-01
8.860458487370380665e-01
8.067781152894717422e-01
-7.188162439638970946e-01
-3.420046242356622912e+00
-5.772857553711492784e+00
-6.037759848777820793e+00
-3.570648503127335616e+00
5.760612639077919983e-01
4.234673629771878112e+00
5.502562636257485096e+00
3.967960258106940419e+00
9.454234611215233119e-01
-1.417477827823649061e+00
-1.538775990111957093e+00
6.167530547349842074e-01
3.566708103216550185e+00
5.261293406448324994e+00
4.313604126234697134e+00
7.788657555983835579e-01
-3.895647280496476572e+00
-7.627102045078929748e+00
-8.705914617531647082e+00
-6.571729833560335798e+00
-2.057389672710503437e+00
2.956882804058413861e+00
6.337062550449118703e+00
6.644027802839683972e+00
3.844679697621404380e+00
-5.907887703831260495e-01
-4.361558915975325412e+00
-5.532352765818504103e+00
-3.627610498017511897e+00
6.371249131098905005e-02
3.257048435388333552e+00
4.112635128254443551e+00
2.429944863252358811e+00
-2.460359165466737275e-01
-1.746409386811934361e+00
-8.833737622813921941e-01
1.622255598526829656e+00
3.631065919025576516e+00
3.211442444722737655e+00
2.269976051768326508e-01
-3.356456133200210523e+00
-4.799414339550861719e+00
-2.671011554283609257e+00
1.858629723767375452e+00
5.590573014268350960e+00
5.477887282843154182e+00
9.181758034985825212e-01
-5.541888034376550642e+00
-9.731895976438510232e+00
-8.653421600250972290e+00
-2.606577100399463554e+00
4.894522951893041096e+00
9.422186522264750508e+00
8.571730260302395266e+00
3.481431731063461932e+00
-2.113544361022056783e+00
-4.579106090473555213e+00
-2.877289373675431250e+00
9.096078421214373044e-01
3.326123322951062278e+00
2.203987257476630823e+00
-1.748720240578523377e+00
-5.564246958557951928e+00
-6.304449615202523560e+00
-3.261354608059315208e+00
1.572621563862615313e+00
5.058170732955371562e+00
5.245434256033231435e+00
2.697175176499719829e+00
-1.703130314229099607e-01
-1.144620299123851881e+00
-1.269330494108653062e-02
1.340078781111238015e+00
6.148055218179608872e-01
-2.768086161171763315e+00
-6.820516254433262482e+00
-8.204622816549420605e+00
-4.712277154203382779e+00
2.817501510689447652e+00
1.063510253392702865e+01
1.430617193056214909e+01
1.154724588014739339e+01
3.728196695439220498e+00
-4.980689039882120639e+00
-1.021079933375068194e+01
-9.975883675552221774e+00
-5.563652135354681505e+00
-3.093785366624397515e-01
2.733036237374055766e+00
2.577203185343623471e+00
4.596207582509873601e-01
-1.477852870519197337e+00
-1.833206371216894670e+00
-7.174986530640744542e-01
7.310087429025944328e-01
1.492750507226384915e+00
1.466090236508659439e+00
1.327998997286266691e+00
1.697310943033232267e+00
2.402328233792027756e+00
2.519088856448425062e+00
1.167450464502976182e+00
-1.597844205190150246e+00
-4.562932038903530163e+00
-6.041433045003688385e+00
-5.001690971497291471e+00
-1.813240303259793684e+00
1.935358735651097728e+00
4.419415497830616602e+00
4.671102175110605437e+00
3.048233685598591425e+00
8.215402410051952931e-01
-7.557471569703252401e-01
-1.217823431399306600e+00
-1.001982054780270692e+00
-9.194503230897262958e-01
-1.429149889785854555e+00
-2.244088756766302595e+00
-2.517926598360233470e+00
-1.451861759927703943e+00
1.089747723997732454e+00
4.335465282545410304e+00
6.875099723018993636e+00
7.306498607345644380e+00
4.955450696472392558e+00
3.341232007993788500e-01
-4.905970958033037732e+00
-8.586999465423639677e+00
-8.994909013159954725e+00
-5.816206949310780416e+00
-4.984709409436656191e-01
4.297493600474714626e+00
6.019422026592002872e+00
3.668896243735193075e+00
-1.494401507664293582e+00
-6.532157410717920776e+00
-8.480153105472064468e+00
-6.128888714841131957e+00
-7.945188253246633359e-01
4.491006454153692040e+00
6.921438047107255187e+00
5.739062735172079321e+00
2.695470611340819111e+00
7.843205388647040976e-01
2.068551810545411485e+00
6.098611986456953460e+00
1.006857585798597654e+01
1.067957414087903700e+01
6.473884347128469940e+00
-9.770300368216671139e-01
-7.903873807440409571e+00
-1.068886572191100548e+01
-8.176819315232297214e+00
-2.398659060878012728e+00
2.770418253111577300e+00
4.103084978843696717e+00
9.971272958830899036e-01
-4.330680098281442625e+00
-8.462152657148550361e+00
-9.030799032933627402e+00
-6.089828361808105051e+00
-1.779822586274558027e+00
1.312185018227112199e+00
1.867932555709019393e+00
4.707612921384499161e-01
-1.132084994142811940e+00
-1.444419407679010448e+00
-2.304687048961815421e-01
1.539637207188059520e+00
2.613366550091727802e+00
2.438004769822555318e+00
1.448070483955662402e+00
5.289720910379951402e-01
1.932935922259833017e-01
1.908387705583652894e-01
-1.377386211694426599e-01
-1.101873417856078508e+00
-2.186145262428812241e+00
-2.321633111407287231e+00
-7.453853342863654419e-01
2.223391139542639117e+00
5.150268783441337206e+00
6.312635097842594689e+00
4.840813491066635166e+00
1.355960090221816738e+00
-2.374397349067933316e+00
-4.539666900421073237e+00
-4.380615433622994992e+00
-2.526218417793200999e+00
-3.881121834996692499e-01
8.890717220498651763e-01
1.130411580997807697e+00
1.002242026739274650e+00
1.229286509734625943e+00
1.838413360209826930e+00
2.071402077640192019e+00
1.059749729444294131e+00
-1.278486998248854700e+00
-3.879161917741471122e+00
-5.088291562246325839e+00
-3.805445166989311456e+00
-3.884951888652810048e-01
3.396977358170090611e+00
5.435498373377962267e+00
4.633049663721283018e+00
1.638886254904912576e+00
-1.615033698545770724e+00
-3.250049734836037985e+00
-2.702265893446993417e+00
-9.967205127848961510e-01
1.645729103536481830e-01
-1.845679121104823461e-01
-1.446806609475826289e+00
-1.900415572568217470e+00
-1.418167964881065224e-01
3.536180791685818114e+00
6.946865390034605348e+00
7.312972286472371408e+00
3.281562287459150351e+00
-3.763301744082470535e+00
-1.014633522633838147e+01
-1.200605003048226571e+01
-7.777558291843577720e+00
5.993068675361268305e-01
8.647728063621753947e+00
1.198636081809753762e+01
8.984617061973672492e+00
1.732753088790583984e+00
-5.308417183992677479e+00
-8.104714137215569991e+00
-5.484640180355195405e+00
3.280937660263185673e-01
5.350094536694706804e+00
6.487421081254609589e+00
3.435322941009995468e+00
-1.352492166778910931e+00
-4.471746404180501067e+00
-3.843833978203227364e+00
5.788558688284184406e-02
4.732081932760294762e+00
7.405502801145441794e+00
6.744402443090386612e+00
3.425261595653576130e+00
-6.264418019444027985e-01
-3.598217755100375115e+00
-4.736580888564506431e+00
-4.342272653456488385e+00
-3.080434992467202537e+00
-1.343988396554104181e+00
7.826302895819693406e-01
3.048812410955814123e+00
4.653812401799157783e+00
4.496011272390767033e+00
2.010752941680523875e+00
-2.063427007851195150e+00
-5.745057261140460447e+00
-6.884350171656779871e+00
-4.618578462185947586e+00
-1.535971664298865780e-01
3.816500043465144376e+00
4.794728365657856983e+00
2.171243704071657454e+00
-2.275103896827585181e+00
-5.481182539977184298e+00
-5.110994442401756821e+00
-1.119161226581923962e+00
4.198245183698830374e+00
7.689455522630800566e+00
7.342928514296312770e+00
3.452758812511203423e+00
-1.759438617298155094e+00
-5.686172881033978221e+00
-6.898235034307190539e+00
-5.687620368370925661e+00
-3.378796620697166464e+00
-1.110344133336597983e+00
9.020374036137551732e-01
3.100053113255129666e+00
5.660741721216376199e+00
7.810999759559865474e+00
8.071477863794381591e+00
5.341260801069407371e+00
-3.085365130266914946e-03
-5.921304853120018308e+00
-9.725882408842677407e+00
-9.687189122711181710e+00
-6.129413167031938947e+00
-1.233274912881522356e+00
2.343854295737755500e+00
3.095072242143641628e+00
1.446487336270528168e+00
-7.800278854313136279e-01
-1.767608793425945457e+00
-9.406751965413100436e-01
8.090917526720402542e-01
1.979848051876268222e+00
1.690646736743305567e+00
3.493111791620928663e-01
-7.166970099329845745e-01
-3.531386900732698120e-01
1.444854901159843497e+00
3.411595902952734516e+00
3.849970907847549917e+00
1.844335260661189135e+00
-2.000345631896396803e+00
-5.807599701106732404e+00
-7.510547213495544661e+00
-6.069962623527757728e+00
-2.074602296525156930e+00
2.608921395070408877e+00
5.875795012983720866e+00
6.472018846846271600e+00
4.532828279668398963e+00
1.349914276879156994e+00
-1.406426016477429375e+00
-2.534498625848614850e+00
-1.790223568747162597e+00
1.513308188745091654e-01
2.144561252287350506e+00
3.150564969595821552e+00
2.666949618179065951e+00
8.603217583097344523e-01
-1.591069934022802057e+00
-3.823106961042338714e+00
-5.121611824865063944e+00
-5.143757921240252884e+00
-3.973766459723094613e+00
-2.033804683867818763e+00
8.830080553630514917e-02
1.830521116405028348e+00
2.820893850948007930e+00
2.980396113234094813e+00
2.529769522241614776e+00
1.873847551827881208e+00
1.381750832238826998e+00
1.158274559246071478e+00
9.561099908656740531e-01
3.384519203539355647e-01
-9.517065468728047595e-01
-2.643998525209250161e+00
-3.910386215220909012e+00
-3.792792156185321506e+00
-1.903922816042225463e+00
1.063917650138635373e+00
3.478412511448847333e+00
3.638772394489948603e+00
9.277914446161328321e-01
-3.523648479438987735e+00
-7.233696233323726688e+00
-7.744398921155450921e+00
-4.181040018282235593e+00
2.038291236772364901e+00
7.906363320886155677e+00
1.058262220648482810e+01
9.087866049139188718e+00
4.806645267580108793e+00
4.510002320453063707e-01
-1.794226102646653942e+00
-1.640044092329481673e+00
-6.194725697561090927e-01
-6.715016381134297774e-01
-2.483122146613135239e+00
-4.878009520361755946e+00
-5.748875172428322244e+00
-3.833124945157909913e+00
6.279370601071643243e-02
3.417996266575834774e+00
3.769622955704842848e+00
6.185217441484300860e-01
-3.999242167351481747e+00
-6.799418877889904955e+00
-5.529012102588009903e+00
-5.856858665646020867e-01
5.231743402815802746e+00
8.677395183857523620e+00
8.275739849691898797e+00
5.161691322946137639e+00
1.955514726946500303e+00
5.982978458169005975e-01
8.788063431654842272e-01
8.336468909801578731e-01
-1.299992188740042520e+00
-5.190289318417084630e+00
-8.224407597199288489e+00
-7.374077908903289291e+00
-1.783167959102162303e+00
5.979911591445866037e+00
1.120093020168567755e+01
1.014674135775003982e+01
2.859194048746434902e+00
-6.500122910647998076e+00
-1.219767838384616887e+01
-1.070987884113257849e+01
-3.105026825922819533e+00
5.688917156329540425e+00
1.025104415804908697e+01
8.303667073522458253e+00
2.061331806311377690e+00
-3.607619928409675936e+00
-4.807519185385563887e+00
-1.368103746019798894e+00
3.247722921263376250e+00
4.733768193563309801e+00
1.304580081815740478e+00
-4.875153842837541163e+00
-9.240449310907976610e+00
-8.192038460685507673e+00
-1.797437083330518881e+00
6.135302180748819723e+00
1.063907407068323074e+01
8.947958456037635955e+00
2.265192578648149269e+00
-5.212385510795325416e+00
-9.184912186102728526e+00
-7.948870149883230596e+00
-3.099318710877997152e+00
2.014648324726612927e+00
4.734765245331638894e+00
4.617001226738134179e+00
3.106821041363563740e+00
1.919051711007072836e+00
1.577285656293365923e+00
1.258898517634243763e+00
-8.669991457387338230e-02
-2.435846300172311629e+00
-4.395561771225342973e+00
-4.220117758305500288e+00
-1.322399322674307154e+00
2.979192755370338119e+00
6.155080409345305981e+00
6.145577409944273484e+00
2.793439988998628998e+00
-2.031767196167704626e+00
-5.696961858868736073e+00
-6.518970204030026139e+00
-4.706600103114491063e+00
-1.939326217903609262e+00
-1.313356272819821147e-02
3.876453498337080195e-01
-6.218484873146697123e-02
-1.033445430112903685e-01
1.024475855441918437e+00
3.035650534536165068e+00
4.909582504504901301e+00
5.681662930674988843e+00
5.031371190539192462e+00
3.270301095403177705e+00
9.028815958540370445e-01
-1.729484581631977491e+00
-4.380736550629587001e+00
-6.558802239341808615e+00
-7.396063359554227112e+00
-6.064676341065216469e+00
-2.538076705515339704e+00
1.940631003154582590e+00
5.241167106712309121e+00
5.526836346092160568e+00
2.499095186577609873e+00
-2.213843372999004799e+00
-5.921985561028049183e+00
-6.505228438875902519e+00
-3.735465887477076308e+00
6.168293465667988862e-01
3.966148264375042753e+00
4.568133367420234237e+00
2.528551272683847717e+00
-4.592587006969189867e-01
-2.364294225847233477e+00
-2.124243892005569734e+00
-1.404335907066467382e-01
2.237795451106598499e+00
3.710499324653588893e+00
3.734799941122161293e+00
2.537906610122220297e+00
6.452068561760251342e-01
-1.528142868458713499e+00
-3.661420669749228196e+00
-5.227806788745798627e+00
-5.384605018752001371e+00
-3.380421803899849920e+00
7.130872405228351196e-01
5.563719968065979238e+00
8.973053611574371757e+00
9.048549936010907402e+00
5.439962453539439302e+00
-2.542194683422913659e-01
-5.303447960263567573e+00
-7.425024608229945144e+00
-6.093703282011926348e+00
-2.703171913515040270e+00
5.024700072262739958e-01
1.948769011766279480e+00
1.631901114244498796e+00
8.167380838401228083e-01
8.435062654860880915e-01
1.989732904186499951e+00
3.247688059169870023e+00
3.156386518185117396e+00
1.027800439983995506e+00
-2.374832410177694975e+00
-5.223161225963724341e+00
-5.799569216923785575e+00
-3.626277992135668260e+00
2.248704751639264976e-01
3.809076319934847632e+00
5.462235114870280128e+00
4.658017621793043794e+00
2.085498171432025316e+00
-9.600029514007912823e-01
-3.360292847662312177e+00
-4.622733861382148035e+00
-4.831606440911795808e+00
-4.313601351828483033e+00
-3.350339780083203323e+00
-2.110558835203556249e+00
-7.312288598566554221e-01
6.241510366777576202e-01
1.805448367262342479e+00
2.734690770427654627e+00
3.370457103816301370e+00
3.589675683076456458e+00
3.143285443349737474e+00
1.828059711283301692e+00
-1.870026015793510576e-01
-2.163211072138719882e+00
-3.012714920036238642e+00
-1.940544873539142401e+00
8.756809053270778742e-01
4.112637437431457599e+00
5.915567128491788118e+00
5.024666220534621530e+00
1.690079375445150411e+00
-2.312521850336356710e+00
-4.692762243155628177e+00
-4.087353765296239061e+00
-9.789636731399915526e-01
2.561545469183663659e+00
4.181004561305741163e+00
2.746704501560231826e+00
-9.500954046967804434e-01
-4.741358126626518121e+00
-6.481037373781740385e+00
-5.341297477036282437e+00
-2.173175301115134239e+00
1.216245780271272725e+00
3.278780123147612802e+00
3.570406321828281548e+00
2.719767375065900161e+00
1.688157081966967343e+00
9.705121967189287435e-01
3.415470378500631288e-01
-7.377697441523283217e-01
-2.463751777008511112e+00
-4.354487593930548961e+00
-5.508823557461379750e+00
-5.242018283753186125e+00
-3.589021727643244120e+00
-1.288078306100156389e+00
7.274933678112308622e-01
1.930430905177935808e+00
2.448957540199187211e+00
2.812905494958660046e+00
3.431311155308189420e+00
4.218579061268110664e+00
4.644619965120566185e+00
4.150929294098418154e+00
2.610690105035599284e+00
4.995733444036156712e-01
-1.335223280583672345e+00
-2.147883829600190086e+00
-1.712530818378076525e+00
-4.519725068086730690e-01
7.783291017025323333e-01
1.132422461921157586e+00
2.336649947386176818e-01
-1.559420247176831253e+00
-3.232725549729183356e+00
-3.573777555648896431e+00
-1.859779088251288570e+00
1.555657808276326604e+00
5.153755701702526615e+00
6.876767107982731275e+00
5.276116932933652137e+00
5.669743208781006238e-01
-5.140845414171447914e+00
-8.785178336138484312e+00
-8.086447057941622774e+00
-3.070356900827893032e+00
3.663783191491296165e+00
8.282506647797760024e+00
7.978771409877035481e+00
2.766967694919704179e+00
-4.396335383846996514e+00
-9.350414851733273025e+00
-9.282748234927092668e+00
-4.459252728606326599e+00
2.009714769601745665e+00
6.221638422555933801e+00
5.989715517250306043e+00
2.142186687791899580e+00
-2.216977259024558222e+00
-3.921110776655771346e+00
-1.877851184315269872e+00
2.315183783131911532e+00
5.622684106375063884e+00
5.739528791102058491e+00
2.637454028257122829e+00
-1.535271355358287293e+00
-4.029364029223025057e+00
-3.366661427063203593e+00
-2.115287820540152630e-01
3.261317788506259419e+00
4.925693126362419960e+00
4.035527191064825381e+00
1.466133580684041426e+00
-1.131652411185805507e+00
-2.505171680026389680e+00
-2.434627570865642632e+00
-1.504663730414748324e+00
-3.923918747036911903e-01
6.465127459758872597e-01
1.703189429386848808e+00
2.745087289218310467e+00
3.300595077390620524e+00
2.686555773997528096e+00
6.402672693350701660e-01
-2.203889739601783582e+00
-4.491906966826266334e+00
-4.966732860748393819e+00
-3.359202311502039517e+00
-6.638292013245274958e-01
1.463832520859958519e+00
1.793623777980600575e+00
3.199251448091249284e-01
-1.793942170121184176e+00
-3.063799234208190114e+00
-2.691323194421021192e+00
-1.013859344601860446e+00
8.664550159536734686e-01
1.921127090794422010e+00
1.844799422241790054e+00
1.079327377404214916e+00
3.073016604581594313e-01
-9.266167083150034234e-02
-1.818588699626357275e-01
-1.570532921843689755e-01
1.919917821843716843e-02
6.372369012193879190e-01
1.847861967518902304e+00
3.231427681965389542e+00
3.812057545933679847e+00
2.659297007743920638e+00
-3.101650838063156890e-01
-3.983910982894077080e+00
-6.549666273301803621e+00
-6.599119645139997381e+00
-4.091108613094736945e+00
-4.544269460747164535e-01
2.300941041696034084e+00
2.871745682378099573e+00
1.448266517302477352e+00
-5.446217625266358553e-01
-1.534794487661888862e+00
-9.056560427438549166e-01
6.798275874344552605e-01
1.917473130686218497e+00
1.918978513865337909e+00
8.572565064453794292e-01
-2.700570152445055383e-01
-5.196387235160381257e-01
2.105880143146096062e-01
1.120277253752902213e+00
1.202592951106629782e+00
1.142646286908710618e-01
-1.499186534434495677e+00
-2.496839766781516534e+00
-2.163432293130021833e+00
-8.161548357585078906e-01
4.023886237772434926e-01
4.027000707120791390e-01
-9.765666025496273495e-01
-2.776880508885293697e+00
-3.569114705377189001e+00
-2.464449595860581876e+00
2.522295677088610133e-01
3.302249084369829113e+00
5.231282504147621637e+00
5.252052664446694052e+00
3.550660654693988505e+00
9.559818606601617752e-01
-1.656193825883835125e+00
-3.739812326550247423e+00
-5.045064907384089636e+00
-5.388048443878679095e+00
-4.583390721310497185e+00
-2.670356694596958569e+00
-1.895654282583874028e-01
1.877846435834653827e+00
2.640378660572761937e+00
1.967757219151488046e+00
7.309209394375506541e-01
2.812865659268085627e-01
1.438045257138405475e+00
3.730143815026552900e+00
5.560318073589527010e+00
5.304911481943431539e+00
2.602653631636286491e+00
-1.167716497452720104e+00
-3.699807811611249164e+00
-3.378763318698157825e+00
-5.430668594420571260e-01
2.611020864879609604e+00
3.527962239059078797e+00
1.173738916015634182e+00
-3.085541515566250226e+00
-6.328177550144392427e+00
-6.118735354803070514e+00
-2.304073887060646531e+00
2.762150869337119730e+00
5.786856832508409099e+00
4.814739725819834781e+00
5.945113536355930428e-01
-3.948695901480683723e+00
-5.757383672377528683e+00
-3.736591756803789632e+00
5.843360998337685519e-01
4.248521568312757957e+00
5.004494207542037998e+00
2.808824483275408568e+00
-3.503752706829533214e-01
-2.088349866636327601e+00
-1.433221573291812545e+00
5.480865003669019853e-01
1.725759700803860319e+00
6.809464287457083209e-01
-2.107009595540578317e+00
-4.566092290983507773e+00
-4.586669989628646249e+00
-1.643173146359795833e+00
2.732439987069876342e+00
5.966684306675961835e+00
6.190457294580644643e+00
3.450528195587983848e+00
-4.386078067819201842e-01
-3.211926609840390689e+00
-3.632852971732760672e+00
-2.095084529241720173e+00
-3.138935743693943570e-02
1.296304427079214783e+00
1.664298927130548167e+00
1.812105620128418471e+00
2.599684546403125296e+00
4.139887611192772710e+00
5.598829077945699062e+00
5.781711327477131235e+00
4.008752818481090330e+00
6.085372703005544892e-01
-3.292234721868557479e+00
-6.449394638823876313e+00
-8.114416486256336825e+00
-8.193523273598930956e+00
-6.991476159283632974e+00
-4.890714271116730849e+00
-2.265465221376176785e+00
3.925346781835676868e-01
2.423130218016840587e+00
3.247026198522014795e+00
2.803193991815335018e+00
1.772481526092133608e+00
1.254130639286123117e+00
1.992338064489406868e+00
3.700627155407912205e+00
5.086693094277986660e+00
4.713781224526444547e+00
2.159952036610704340e+00
-1.407575640409765461e+00
-3.803499140369795306e+00
-3.282096647879133577e+00
1.023337989004647897e-01
4.266682867463535089e+00
6.304397007721267876e+00
4.400027252572001224e+00
-8.460056626443331895e-01
-6.646156848787754257e+00
-9.724882624779414897e+00
-8.377869767934184253e+00
-3.513585644362323013e+00
2.005360277903203148e+00
5.235868699140510785e+00
4.947724464020401669e+00
2.154142019476042780e+00
-8.735161846894375914e-01
-2.301023633795678869e+00
-1.898746184071177456e+00
-9.133342876787223785e-01
-8.609285703501914355e-01
-2.221186431553170415e+00
-4.014095384311813675e+00
-4.531149172914679113e+00
-2.631181175011571671e+00
1.365391847305098327e+00
5.803382136829709381e+00
8.696423508308642525e+00
8.868438663847090453e+00
6.480493191865735803e+00
2.706050920032120999e+00
-1.072981259588317693e+00
-3.929744848115247269e+00
-5.540659259758383470e+00
-5.919107611219915910e+00
-5.132674958332223092e+00
-3.304522232307581131e+00
-8.405714651070673726e-01
1.450306830538114822e+00
2.612734201115136212e+00
2.099695665070261619e+00
2.236383339566770934e-01
-1.900652476027290039e+00
-2.974968038997618081e+00
-2.316386930071315575e+00
-2.853703738736271811e-01
1.960982161611262820e+00
3.214328907558951620e+00
2.935149979687322830e+00
1.470402466443223366e+00
-3.150972333104710144e-01
-1.652695311577740966e+00
-2.258205390106806654e+00
-2.266622170370505174e+00
-1.880449259007733964e+00
-1.113387890975573447e+00
1.229393151575061682e-01
1.693607424654053117e+00
3.035947248719550018e+00
3.362141573876880507e+00
2.202061188582819629e+00
-1.178137225200706073e-01
-2.487306708584620107e+00
-3.605874136407385411e+00
-2.794180813018177112e+00
-4.580798255188174295e-01
2.140341793256834269e+00
3.658975427239468114e+00
3.462913550147304953e+00
1.894769787025210039e+00
-1.027281779303951259e-01
-1.668461381987597525e+00
-2.480540602726154287e+00
-2.696559806457583974e+00
-2.532509137880813999e+00
-1.926126011640620028e+00
-6.239035907100494160e-01
1.377625490324081214e+00
3.466212093920693960e+00
4.546983099212139834e+00
3.703516227427892105e+00
9.433392246635048384e-01
-2.570965916352353275e+00
-5.080461595691105003e+00
-5.271558023137003168e+00
-3.097517901713030319e+00
2.092700712420466624e-01
2.957790048498662561e+00
4.072280452015456298e+00
3.658202519567177013e+00
2.685646758365647813e+00
2.083910099349043143e+00
1.981510674000620309e+00
1.696240615696596787e+00
4.739722347480184172e-01
-1.640406164845485293e+00
-3.555917276585120135e+00
-3.804332903319390891e+00
-1.689277904638561978e+00
1.953603136477136015e+00
5.040454783807848393e+00
5.487973326572152644e+00
2.621465265326562211e+00
-2.240972704906086577e+00
-6.486837851867550242e+00
-7.778678772022715293e+00
-5.479281134506207351e+00
-1.006227575639628391e+00
3.092817853623873070e+00
4.709751813699045719e+00
3.366100589262021714e+00
3.067550643405465571e-01
-2.459346721389637391e+00
-3.456739894535512114e+00
-2.524367378183163257e+00
-6.620650604491736813e-01
8.142731395925063564e-01
1.151816242678937563e+00
5.004420162576067588e-01
-4.035102596965987609e-01
-8.628657471236280685e-01
-6.634820434122584709e-01
-7.174148789258324999e-02
5.037610590462935356e-01
8.514272812608082441e-01
1.032420410860557691e+00
1.193703264678166898e+00
1.340786641641026122e+00
1.297087967792165841e+00
8.846782333738443249e-01
1.521889303954072625e-01
-5.709012512243853976e-01
-8.660477820539911331e-01
-5.245148856041981222e-01
2.813526917608085154e-01
1.092292657450608440e+00
1.453421647127334015e+00
1.187666900398183678e+00
4.625614405377267424e-01
-3.700176231404577187e-01
-1.013707263817751336e+00
-1.364681794202555531e+00
-1.476107395216136098e+00
-1.432611212778049481e+00
-1.275962496406914726e+00
-1.044559480273658636e+00
-8.546259609734341289e-01
-8.920461719917364141e-01
-1.264174046011718344e+00
-1.815239535363783352e+00
-2.093970447896034592e+00
-1.580765916621019285e+00
-7.592460032068815146e-02
2.020113969305839863e+00
3.785034556014671203e+00
4.237373905603644353e+00
2.927983210844633088e+00
2.768239363818694176e-01
-2.590177614281209184e+00
-4.427172373819262319e+00
-4.517665147608053822e+00
-2.987750590211879054e+00
-6.173948583207284901e-01
1.678242684780083982e+00
3.325644935729040519e+00
4.230746659196758408e+00
4.559820758509546934e+00
4.410545930752636679e+00
3.672279433141262928e+00
2.185860902288078833e+00
4.442465101132619942e-02
-2.253163874521505683e+00
-3.971228395807306022e+00
-4.539113607296866526e+00
-3.895591842142537065e+00
-2.513422896003635110e+00
-1.081002053290997411e+00
-8.025258402483992359e-02
4.257101682667802089e-01
6.580296027174221685e-01
7.909894783950680575e-01
7.380458474218420939e-01
2.664462900621539232e-01
-6.434634875325894177e-01
-1.527060054328261085e+00
-1.567546289647314683e+00
-1.443977570611042482e-01
2.558224502518156473e+00
5.378025418372842203e+00
6.690934303711240538e+00
5.388647597614584228e+00
1.702930307992978065e+00
-2.721741000378934405e+00
-5.654495381302112378e+00
-5.549287114798335807e+00
-2.471828893129287774e+00
1.922773730184483387e+00
5.364941693954150992e+00
6.281609716695577106e+00
4.613146099682635892e+00
1.648058935198007280e+00
-9.499748224146344899e-01
-2.222587095117635414e+00
-2.375102054821932818e+00
-2.357899206312820350e+00
-2.948296201109147585e+00
-4.049361986753964082e+00
-4.733353897588348680e+00
-3.988916350157493351e+00
-1.601432482327838525e+00
1.509903711806002358e+00
3.782407046264227191e+00
4.008513297013859500e+00
2.147492628052381392e+00
-6.226708958030560126e-01
-2.655201896293359454e+00
-2.870818031390026892e+00
-1.377629996219406294e+00
7.194433666363313495e-01
2.139852050073622447e+00
2.274515733322856725e+00
1.475141882146148387e+00
6.364065843752491070e-01
4.397981051450222667e-01
8.499223042990751154e-01
1.228209902959486843e+00
9.381046001862878292e-01
-6.408758030568606490e-02
-1.140598225771075613e+00
-1.473913050043830664e+00
-7.711203735589624575e-01
4.013182738843278363e-01
9.657987596110195749e-01
1.578002581785779568e-01
-1.775960806161593908e+00
-3.568845496363920677e+00
-3.709008860656412665e+00
-1.514685722912330945e+00
2.238502280559214963e+00
5.629727095662973468e+00
6.711980630058272723e+00
4.738208812710688278e+00
6.844965132421259035e-01
-3.300394444970955021e+00
-5.186794370910927654e+00
-4.271385185995932865e+00
-1.526626128825677942e+00
1.114915646550530548e+00
2.049165086261875324e+00
1.005788075558769368e+00
-8.763384237750311279e-01
-1.916346400340366296e+00
-1.088945695337562913e+00
1.260001082296324348e+00
3.645434924957237754e+00
4.442544179688862727e+00
2.969448456561853966e+00
-6.346116194541417954e-02
-3.011539028866489609e+00
-4.331356288437170576e+00
-3.505038080518293242e+00
-1.274714404819340174e+00
9.129326156358558153e-01
1.841977447101057930e+00
1.226296275186401719e+00
-2.363727812823826491e-01
-1.415608521132422970e+00
-1.491119863275498503e+00
-4.087392442724748776e-01
1.181215650536310946e+00
2.378744780523490920e+00
2.543791596389492149e+00
1.565759453664850032e+00
-1.816015291745762816e-01
-2.067686420979963913e+00
-3.433572998497577355e+00
-3.743019528332049095e+00
-2.701570786761772425e+00
-4.048828330327223224e-01
2.529125404560928381e+00
5.002261405962294738e+00
5.786996722197674359e+00
4.127793031153188075e+00
2.940834235375022754e-01
-4.301315750056321718e+00
-7.621528934483543516e+00
-7.987376850236110215e+00
-5.011441582272075479e+00
7.361847557266221198e-02
4.942969028299685874e+00
7.321718702173757087e+00
6.128423764488557524e+00
1.996385512869943035e+00
-3.092664862888504729e+00
-6.826666950095328978e+00
-7.660302044356544826e+00
-5.432059564933092943e+00
-1.262576981215017602e+00
3.102440737011633143e+00
6.098522576894289671e+00
6.911321878624629100e+00
5.629466437937749923e+00
3.033084289997158844e+00
1.940327238758967621e-01
-1.935781611722852569e+00
-2.829387229893942202e+00
-2.514461520054921628e+00
-1.493560729488775607e+00
-4.739194593658364596e-01
-1.169970282176402421e-02
-2.467565160816698466e-01
-8.839174152179314348e-01
-1.438965161696891037e+00
-1.586485630184379714e+00
-1.359809482033408568e+00
-1.050511977801479091e+00
-8.870933960860852840e-01
-7.660201086476936538e-01
-2.938628518433016312e-01
8.414911708912746757e-01
2.447322629541392125e+00
3.731212553335775617e+00
3.709940032436943813e+00
1.905861046180327367e+00
-1.164806910519943450e+00
-4.128383319240557903e+00
-5.509249280812893446e+00
-4.628909245854269550e+00
-2.021653450729678614e+00
9.439714735474116214e-01
2.974722173919296164e+00
3.629752913316949936e+00
3.399876250423481849e+00
3.068734876042054971e+00
2.913263974355384089e+00
2.442807577735693680e+00
9.384985134753922598e-01
-1.639280945103651632e+00
-4.193455994902045347e+00
-5.019493400172041930e+00
-3.071169276315874441e+00
9.774326044512691158e-01
4.815759121849664481e+00
5.887364434934134749e+00
3.218421110801564566e+00
