7.538474726020035988e+00
3.734016760041130034e+00
7.152635590952898248e-01
7.480854047177264432e-01
4.002466131015767203e+00
8.364700578395119379e+00
1.082746289512380500e+01
9.520030915753942224e+00
4.972444848101215342e+00
-2.496334218576348185e-01
-3.250141880562902763e+00
-2.642654444695991867e+00
7.080491438186327091e-01
4.437171925982668519e+00
6.265627766978666635e+00
5.268532624564612021e+00
2.050201968535202646e+00
-2.063173656642612652e+00
-6.015116022972898158e+00
-9.411058442563728477e+00
-1.215908303527951517e+01
-1.388894598544868408e+01
-1.383931855478579109e+01
-1.142752424821345336e+01
-7.028335908482162608e+00
-2.192867419145556163e+00
1.081337189990026371e+00
1.640603215586673880e+00
8.977448058964010436e-02
-1.446591125256982968e+00
-6.954398869882005840e-01
3.143534447176845159e+00
8.673589518402183174e+00
1.305319233431789172e+01
1.378562805170246719e+01
1.036208965578629027e+01
4.644274340822289737e+00
-2.828464322153467769e-01
-2.027766996505335317e+00
-3.168330368219070547e-01
2.977693192575395553e+00
5.162346321528168858e+00
4.479629003241583973e+00
1.150488512203612146e+00
-2.912117376907755517e+00
-5.441258637350449234e+00
-5.283160430316990563e+00
-3.063769592197109759e+00
-7.001754426624695604e-01
-1.410092229850807843e-01
-2.150790304820576093e+00
-5.853528642648507585e+00
-9.247116845094952353e+00
-1.033562172965298487e+01
-8.223296209809172197e+00
-3.594699900872949883e+00
1.630952147260639418e+00
5.257665402232516882e+00
5.889156419581473401e+00
3.601441850843092318e+00
-1.016157771218848538e-01
-3.019611910085195916e+00
-3.318419345671320908e+00
-4.100120992961198141e-01
4.775654940899301870e+00
1.024623626556172873e+01
1.387979073004417785e+01
1.435107818619781384e+01
1.160366957386676212e+01
6.700066000230375352e+00
1.228346911730695545e+00
-3.358855905250035967e+00
-6.155371199577212238e+00
-6.882942494672183997e+00
-5.785910301927041921e+00
-3.524843653389901021e+00
-1.114187842976882559e+00
2.206762221989302386e-01
-5.912630107134188018e-01
-3.921454118106802778e+00
-9.005413147948504005e+00
-1.398577069680770357e+01
-1.659561658348567548e+01
-1.523733075288334149e+01
-9.883861598061200127e+00
-2.237746566944692539e+00
5.027257147578326979e+00
9.570472009546909575e+00
1.051188522162212280e+01
8.744675582334394903e+00
6.272895858873089203e+00
4.988568623892256859e+00
5.614660949361002906e+00
7.408405946066114467e+00
8.744507011360663995e+00
8.183688445085518737e+00
5.382159595298233512e+00
1.332168371268863005e+00
-2.169396016065545219e+00
-3.498854686445049822e+00
-2.084752906459993227e+00
1.276048742175597717e+00
4.816261786370744424e+00
6.688079217959069567e+00
5.874364607824149154e+00
2.644441281106344022e+00
-1.678947036428449779e+00
-5.497283334066719540e+00
-7.799672769061364974e+00
-8.591454451488729660e+00
-8.626687571721914694e+00
-8.636673754552445459e+00
-8.613884720987913468e+00
-7.720260082955417325e+00
-4.978198310080240496e+00
-3.080199859730305967e-01
4.884982941963367686e+00
8.180279450737012681e+00
7.577573778355762180e+00
3.040847303471442942e+00
-2.973534046981951562e+00
-6.609223131687324226e+00
-4.872698428447126417e+00
2.286735894476179975e+00
1.151144606335098430e+01
1.770561471893924121e+01
1.698651786984420653e+01
9.129894054326124220e+00
-2.086229323754753118e+00
-1.096701282347071071e+01
-1.319250534683365927e+01
-8.287715429556115510e+00
2.543830115626672939e-01
7.223570304012485899e+00
8.837843127976729107e+00
4.789825980137657702e+00
-2.001344138174364407e+00
-7.585597284301950793e+00
-9.547104643806664015e+00
-8.249188030096746616e+00
-6.088126849749129654e+00
-5.475727998893271220e+00
-7.062187309103893362e+00
-9.404953040953692778e+00
-1.017949884046923614e+01
-7.945685145553500917e+00
-3.180032539020811733e+00
2.092179779354984781e+00
5.696053796973891359e+00
6.685133791591003849e+00
5.763067587803642589e+00
4.572072752739136270e+00
4.471911710163148257e+00
5.705358623306916677e+00
7.456447926310321606e+00
8.611706768527263023e+00
8.568538812774114888e+00
7.506241849042660341e+00
6.022295368005647020e+00
4.527029680183287219e+00
2.918691866208884989e+00
7.767037518939177154e-01
-2.123186204815964651e+00
-5.408687497749902207e+00
-8.152330909423916694e+00
-9.341986643136024782e+00
-8.471656612004936804e+00
-5.888240817403350924e+00
-2.709247317766915408e+00
-3.758327792802330647e-01
-5.970278688306318582e-02
-2.155750972947870547e+00
-6.030236173364383667e+00
-1.012890243176925154e+01
-1.247815082779598761e+01
-1.148297059382157137e+01
-6.737179844068689860e+00
5.724755063200070992e-01
8.004443302440993335e+00
1.292494110978385713e+01
1.381335074827172527e+01
1.107041087741031227e+01
6.783063165109963322e+00
3.502467533101218500e+00
2.741016588410061239e+00
4.133537409537730412e+00
5.820558833080195171e+00
5.813768764650643739e+00
3.428617733035979498e+00
-1.999829847287926121e-01
-2.889220952695585432e+00
-2.949619503755389172e+00
-4.341564855306707660e-01
2.778840522362043153e+00
4.148304063547422871e+00
2.109126920707989239e+00
-2.897414114038955546e+00
-8.661638778677659189e+00
-1.252143836664527043e+01
-1.288303551252969115e+01
-1.000541859215085516e+01
-5.652011004326677579e+00
-1.952860255895306985e+00
-2.483669047640812977e-01
-5.655414282686765937e-01
-1.877100641825829364e+00
-2.810577525911696739e+00
-2.321042877638083812e+00
-3.307038800189676664e-02
3.741142443953955787e+00
8.147221438420944040e+00
1.199782450827842872e+01
1.407405498724208570e+01
1.355415286844960043e+01
1.045153105246482106e+01
5.787752245838661658e+00
1.268795679997590131e+00
-1.480981501016443325e+00
-1.731833276403140109e+00
-1.736528405454240698e-03
2.301222332771588164e+00
3.725300383403095772e+00
3.546401217977417364e+00
1.964140358069637937e+00
-3.369694708043011744e-01
-2.837175234449749617e+00
-5.476743355828524784e+00
-8.359048330482274025e+00
-1.116647379004092322e+01
-1.290251421008158239e+01
-1.235915161974850207e+01
-9.097017593570841498e+00
-4.190987382701633734e+00
-3.454731729660709405e-03
1.118710454479914684e+00
-1.514969554592707324e+00
-6.113640576287424189e+00
-9.153785983424373995e+00
-7.440635688016804750e+00
-2.559029045404201952e-01
9.842653721390266952e+00
1.823453712162113050e+01
2.083774600395124921e+01
1.651763179434153628e+01
7.772870565880195315e+00
-7.654852611123514894e-01
-5.084281925483178810e+00
-4.042467475221616091e+00
2.811894353048062234e-01
4.291102958062318784e+00
5.416530542973370999e+00
3.743714835586172462e+00
1.640037047330942688e+00
1.674835570601331813e+00
4.349074057824648953e+00
7.325124729229950837e+00
6.846595624881770092e+00
5.040081238529827701e-01
-1.053151468807971014e+01
-2.148129451955590596e+01
-2.644002611964565119e+01
-2.197964204608246064e+01
-9.606150901569172618e+00
4.642562064948727141e+00
1.344646381267133961e+01
1.245955586696673123e+01
2.980400130517966595e+00
-8.687100190405121936e+00
-1.490518587803085282e+01
-1.123203033462076839e+01
9.407877576151721932e-01
1.525076238141538454e+01
2.417126192143566499e+01
2.339311094343481301e+01
1.410523084663998539e+01
1.886218957337208124e+00
-6.915760817667278459e+00
-8.909601602289360045e+00
-5.173762595462133795e+00
1.817111301359881637e-01
3.165551336533707349e+00
2.502973078436308452e+00
-1.514143141456369968e-02
-1.432516387733062224e+00
-1.910632181756966030e-01
2.595725202913776730e+00
4.053370627015463690e+00
1.869383730259453369e+00
-3.780456621352401569e+00
-1.017798109624455449e+01
-1.392991406736248905e+01
-1.336354717872669084e+01
-9.668909389856972680e+00
-5.944366584301105760e+00
-4.857933886757582975e+00
-6.651935118512245282e+00
-8.953107421917913200e+00
-8.518061126541379480e+00
-3.638394051794273665e+00
4.524490900847643715e+00
1.260389333810419821e+01
1.718221542614681141e+01
1.690544813836808657e+01
1.313280834762072402e+01
8.789076715151932007e+00
6.332187263364700058e+00
6.262310088751296355e+00
7.089448999097988313e+00
6.604115272259286407e+00
3.465999372671341838e+00
-1.928574154967319654e+00
-7.708830538679181998e+00
-1.157090729023292752e+01
-1.189731359998006610e+01
-8.429431889463314675e+00
-2.368536241929794173e+00
3.973539360572894807e+00
7.866497329738407984e+00
7.147373639830854053e+00
1.305887247442165222e+00
-7.834863519393934439e+00
-1.646925970343230716e+01
-2.041850820360971142e+01
-1.738550923730270981e+01
-8.537212732452807984e+00
1.805208908815287838e+00
8.516942197224018685e+00
8.776908984159577543e+00
3.902156483403963705e+00
-1.478588836320580580e+00
-2.547162261569309027e+00
2.332316206406295223e+00
1.037266235130238456e+01
1.624006737572921111e+01
1.581459717101727946e+01
9.164341328143798648e+00
5.383818328133607167e-01
-4.679434658704301420e+00
-3.848638258232924159e+00
1.105551959899516490e+00
5.323532826302024290e+00
4.886403168126341789e+00
-3.945673480954381418e-02
-5.286334955602670860e+00
-6.052787539076327050e+00
-1.012692785326318345e+00
6.110013035280659643e+00
8.977348380155760310e+00
3.491596907410170481e+00
-8.550171519627948413e+00
-1.997300550272037256e+01
-2.290602766830483006e+01
-1.445520815426061034e+01
7.730992337238813406e-01
1.336264586566493584e+01
1.534797466668346821e+01
5.738293735471266643e+00
-8.628376260418628263e+00
-1.761248494173852563e+01
-1.460220283749949211e+01
-9.278178261101617252e-01
1.515548493500708815e+01
2.411866419182009835e+01
2.145142363308392675e+01
1.028346077563380945e+01
-1.271797294734904105e+00
-5.934705744067240829e+00
-2.053061675367199967e+00
5.843556684249556987e+00
1.078112642785431241e+01
8.432648955610725139e+00
-8.313457036510873976e-02
-9.428803424242031994e+00
-1.405915020057793541e+01
-1.194737248876252167e+01
-5.485056836525977531e+00
7.070144772883133477e-01
3.112900799544912722e+00
1.316144855989342055e+00
-2.497001310279435948e+00
-5.685606948049578335e+00
-7.040320690830121464e+00
-7.044809926196713867e+00
-6.687260504593846910e+00
-6.171147638675340552e+00
-4.759122026052323484e+00
-1.797910654346641657e+00
2.177116842683875397e+00
5.451752957386596599e+00
6.418252668264853078e+00
5.060908604794128962e+00
3.241542560782256999e+00
3.316933864853511604e+00
6.070202767423088730e+00
9.675651940401547080e+00
1.074659613652305268e+01
6.889145002573926035e+00
-1.120961375978872132e+00
-9.314510114056329115e+00
-1.290521490848788311e+01
-9.489887372074283789e+00
-7.857468859588796484e-01
8.389803430636805004e+00
1.320874935474617651e+01
1.181178415834211748e+01
6.117367256509709250e+00
2.888287444549186844e-02
-3.495820828398060076e+00
-4.307410411591135357e+00
-4.587497819660379506e+00
-6.599032255324480900e+00
-1.055298232881536080e+01
-1.429071450277850985e+01
-1.498527741599423635e+01
-1.146186411771983593e+01
-5.273544674718742442e+00
3.289557875044843982e-01
2.741084838017225689e+00
1.861317894637726678e+00
5.889594665643249627e-02
3.110377763438241239e-01
3.942347342278905042e+00
9.644586972431662630e+00
1.443232349303657003e+01
1.573169932821502925e+01
1.302803485480775514e+01
7.950691675662397984e+00
2.922489938347430538e+00
-4.624277448523543832e-01
-2.117815496681446419e+00
-2.874893222983834207e+00
-3.342345916426099350e+00
-3.293795457599749454e+00
-2.089635641655402054e+00
3.254697040457299462e-01
2.837973345653069579e+00
3.638259765575020399e+00
1.480131812218138165e+00
-3.255221953796659129e+00
-8.580857091052383367e+00
-1.207253970399274934e+01
-1.235062644019873446e+01
-9.802371686370207726e+00
-6.072079807732383649e+00
-2.794250709580438752e+00
-5.798657596369882761e-01
1.020207135479471949e+00
2.693085938697448611e+00
4.493260823434905404e+00
5.713380565494647456e+00
5.594775540631260036e+00
4.212601007566610711e+00
2.688511208863358259e+00
2.445122884472775038e+00
4.054573989783342824e+00
6.638113704620606015e+00
8.382232840913196981e+00
7.844561556763302690e+00
5.053054733301750368e+00
1.518398889517790895e+00
-8.833408558492599205e-01
-1.300936337200658599e+00
-4.798595003668225667e-01
-6.320839579606940539e-02
-1.185546727412775780e+00
-3.504055254767316274e+00
-5.474554467602573915e+00
-5.674374902701901036e+00
-4.097463939084863505e+00
-2.318477132863585588e+00
-2.300136968561412143e+00
-4.730091718885623742e+00
-8.230322503583195726e+00
-1.017893066730812635e+01
-8.642434433534685212e+00
-3.985709153723934861e+00
1.140419009900363712e+00
3.576370906084606727e+00
1.990512078512413519e+00
-1.947050754903437930e+00
-4.525855749651083393e+00
-2.544824574843388199e+00
4.293957331587261450e+00
1.287625250582643588e+01
1.851950138695725201e+01
1.799844364067360658e+01
1.171871013652677362e+01
3.537868216312974212e+00
-1.692623952610052385e+00
-1.255506676552557987e+00
3.693865911626226683e+00
8.910509476331450074e+00
9.832617776509191998e+00
4.532795963101095893e+00
-5.032636458184712502e+00
-1.421625684960377356e+01
-1.849290726534473350e+01
-1.610691601007496132e+01
-8.967642142332465482e+00
-1.369065994742451720e+00
2.561752823695770065e+00
1.111796791357915870e+00
-4.321989538855120827e+00
-1.031042633589300728e+01
-1.343450555615255304e+01
-1.205095307546924310e+01
-6.873489568742256139e+00
-2.542985889734863392e-01
5.227985723188018241e+00
8.013324688473815627e+00
8.045195281957528977e+00
6.432379176065083470e+00
4.661332992039127987e+00
3.854837870534986166e+00
4.396881460034949285e+00
5.959156681255324273e+00
7.770989323869795129e+00
8.950470337677579380e+00
8.797361010803999903e+00
7.019637534972332560e+00
3.862157091455808988e+00
6.643604708484662780e-02
-3.394120692826633867e+00
-5.744551294259043317e+00
-6.794365339533595005e+00
-7.017313454164303188e+00
-7.203691662622104808e+00
-7.848972091758325220e+00
-8.682224810545010385e+00
-8.726201841521987745e+00
-6.963101186300567846e+00
-3.231700212424520657e+00
1.280548169153635563e+00
4.424479906124436646e+00
4.281311175507181765e+00
4.878841676234435543e-01
-5.196360894457581203e+00
-9.595492516943258110e+00
-9.821464982876772609e+00
-5.001027154890349991e+00
3.067083661994816968e+00
1.081341149003414159e+01
1.487547726225918687e+01
1.396268915781762843e+01
9.462554778777834130e+00
4.433448167239657955e+00
1.657939523682552041e+00
2.015343002344733403e+00
4.184560462945801973e+00
5.782996198447461822e+00
5.102119645541717041e+00
2.249543128071771925e+00
-1.032786035571666039e+00
-2.675639538361697767e+00
-1.766021977343534832e+00
8.129900340071516407e-01
2.984153592467133187e+00
2.860864003881284034e+00
-4.232866383532529753e-02
-4.555947486585746553e+00
-8.655663450415341131e+00
-1.071451073001945709e+01
-1.036302105375099814e+01
-8.452133469769821161e+00
-6.257677891529660030e+00
-4.555533569805366056e+00
-3.217245336209114903e+00
-1.553053277613965832e+00
9.160495398331369721e-01
3.865758863787562838e+00
6.217637281965117779e+00
6.827681197294531934e+00
5.349747994775293947e+00
2.657348889768520905e+00
4.687612841782925477e-01
3.362688494777684722e-01
2.608243052527619454e+00
6.058867117846425288e+00
8.517509659679223688e+00
8.205658425284299895e+00
4.978598746893272420e+00
6.223643544957548901e-01
-2.127643661757722349e+00
-1.361356534361790160e+00
2.537450262281089053e+00
6.785499896309231005e+00
7.737399881908421762e+00
3.257926830837238441e+00
-5.569833019111351646e+00
-1.465190679517145256e+01
-1.911222277786558266e+01
-1.628645340525471141e+01
-7.570821141106135244e+00
2.193444238955676084e+00
7.569086408750537842e+00
5.858268953552340008e+00
-1.244358724949212291e+00
-8.807333481701707711e+00
-1.188934292409134663e+01
-8.682022073175625465e+00
-1.457329872540297444e+00
5.270038646235565949e+00
8.002846061251396748e+00
6.592517940362779605e+00
3.994501246642428338e+00
3.707730775932826184e+00
6.877034332446815945e+00
1.128760034773113219e+01
1.305184543527167662e+01
9.728781644367709092e+00
2.474617794238966439e+00
-4.505949382514158330e+00
-6.916698772982019960e+00
-3.576205712492250832e+00
2.566496654791995624e+00
6.474502553134763971e+00
4.703127105374042216e+00
-1.990483379761004201e+00
-9.096022250668024611e+00
-1.160545227805728352e+01
-7.716026053721280142e+00
-2.359612294662174481e-01
5.390762280237360038e+00
5.025543264485222927e+00
-1.149053472354999217e+00
-8.767160177821612166e+00
-1.247210585688480222e+01
-9.799804490826508285e+00
-2.879136406778157742e+00
3.293279483306569055e+00
4.688229428591766279e+00
1.298245077707664397e+00
-2.894356846318013154e+00
-3.031765065509402834e+00
2.739857121241464633e+00
1.154060624677801350e+01
1.753270877264872496e+01
1.599507472861781388e+01
6.802065946085170012e+00
-5.183497230596922023e+00
-1.311706609822516612e+01
-1.253169435635472340e+01
-4.125092063759419503e+00
6.792764803634886661e+00
1.366919261491683812e+01
1.258772189003675024e+01
4.232582473510499099e+00
-7.015356519947630431e+00
-1.590818087846107076e+01
-1.912806363641123042e+01
-1.648945484033982467e+01
-1.027451029885762779e+01
-3.580645990087933050e+00
1.158195160292743831e+00
2.850622953661655412e+00
1.723212200550408468e+00
-1.003291388854623323e+00
-3.522849197871382287e+00
-4.016680694151960829e+00
-1.443132741149776965e+00
3.753189956574553676e+00
9.578000532234993258e+00
1.340200829474577660e+01
1.348938943058245599e+01
1.015354976821042143e+01
5.614058715703632352e+00
2.483288304686659842e+00
1.883613872022940061e+00
2.620157439536058508e+00
2.161359084203093417e+00
-1.184886084579878762e+00
-6.543454865955514066e+00
-1.066499194841484943e+01
-1.014520768855605226e+01
-4.176963394588517176e+00
4.254218613222104928e+00
9.857796862493799495e+00
8.422847027312647228e+00
-1.688107199142436787e-01
-1.148026557982488960e+01
-1.910210779095215727e+01
-1.865246083850077952e+01
-1.052963641505400538e+01
4.317223643872654115e-01
8.140605954243442355e+00
9.091249535845538077e+00
4.313074552026785469e+00
-1.740679219703033187e+00
-4.413990762777376453e+00
-1.875484348093424236e+00
4.037250471380680494e+00
9.492366168163620443e+00
1.144889105220509862e+01
9.533281797613682329e+00
5.840564900157942496e+00
3.071744895110663176e+00
2.536243828102901610e+00
3.457055369267269640e+00
3.910001322960597658e+00
2.511055204447875777e+00
-4.738659951222168321e-01
-3.355029000209855727e+00
-4.292102204851615532e+00
-2.610897985184768899e+00
7.519114972118434714e-01
3.873879380378808079e+00
4.995043974378869933e+00
3.400172099994084096e+00
-4.189459112565443455e-01
-5.218672104629935582e+00
-9.639448489060720604e+00
-1.264916502178224178e+01
-1.370884954116199950e+01
-1.278389213480151909e+01
-1.030420724372966568e+01
-7.038484211183375194e+00
-3.806887875954059197e+00
-1.096362509316407774e+00
1.178310244914487992e+00
3.530272015033240063e+00
6.394656059103484225e+00
9.606065878466445440e+00
1.229387509144342161e+01
1.335110384850284504e+01
1.217247261393008273e+01
9.096744385685386902e+00
5.182639920153093271e+00
1.479903919553311908e+00
-1.601574072680964633e+00
-4.269885969972313511e+00
-6.673160002567624538e+00
-8.188306266004374834e+00
-7.449782094519657782e+00
-3.356604738133281973e+00
3.570373877837777599e+00
1.061348351167108639e+01
1.384524522119268930e+01
1.038222051475756302e+01
5.510115909620338925e-01
-1.160518854555498613e+01
-2.014019065707578093e+01
-2.048808272850466494e+01
-1.227216654605444113e+01
1.796351097130934882e-01
1.009124484965381541e+01
1.202608758963414815e+01
4.984607083333059130e+00
-7.012482227313527439e+00
-1.716626290245557485e+01
-1.961885883301314593e+01
-1.251625791263990450e+01
1.214613513188432137e+00
1.561252578422597637e+01
2.480481769543601445e+01
2.576246409122076386e+01
1.935620896151993975e+01
9.424850324160898296e+00
5.854632718559189541e-01
-3.996435570234607049e+00
-3.828477311210680245e+00
-8.715284457651560901e-01
1.845605300750408961e+00
1.998269563897056234e+00
-7.807790942081311858e-01
-4.793976554116086142e+00
-7.365424346821736634e+00
-6.530529389077234903e+00
-2.362246568848085815e+00
2.891512282069794271e+00
6.028647109086056943e+00
4.805430546666715763e+00
-6.216855226354849329e-01
-7.671267370574792466e+00
-1.281435852640698592e+01
-1.366034213821376930e+01
-1.032328388367691296e+01
-5.186122047063235208e+00
-1.239165370347354855e+00
-1.264521147087886987e-01
-1.216049185577856351e+00
-2.279302443059887384e+00
-1.232638058505998613e+00
2.329678115586220066e+00
6.887484023893008178e+00
1.014588407265300596e+01
1.068618969749200076e+01
8.891326528932557594e+00
6.503844617239138870e+00
5.211932906933846255e+00
5.367884351127038656e+00
5.805328626247847623e+00
4.862634746074851577e+00
1.802343644730579619e+00
-2.470963037747970770e+00
-5.950163090064853222e+00
-6.931983137029425812e+00
-5.260769596936206938e+00
-2.508206975261313421e+00
-9.615198393500149487e-01
-2.127631515705757259e+00
-5.761402563032737234e+00
-1.001924252693853035e+01
-1.256551621191541557e+01
-1.188100881302085376e+01
-8.000274232497657678e+00
-2.365310055936081568e+00
2.963016803038014402e+00
6.221414465531775129e+00
6.574063616199492088e+00
4.319747325256948045e+00
7.377889956570611307e-01
-2.339646291612478723e+00
-3.172479906180927234e+00
-8.517716230956371426e-01
4.154637755675270050e+00
1.001673069115915027e+01
1.428988273301838419e+01
1.512790172716606207e+01
1.229729583981536578e+01
7.323526319820993891e+00
2.589761901547120715e+00
-9.183904131557252271e-02
-5.103309623926168825e-01
8.510218440909600446e-03
-2.941307600499318831e-01
-2.269018549559163933e+00
-5.260554442893184302e+00
-7.681147106963544857e+00
-8.300651859330645976e+00
-7.237968211974898480e+00
-5.859086183556486027e+00
-5.633376381008699418e+00
-6.838498274506857655e+00
-8.174714118158412646e+00
-7.685259254802210727e+00
-4.358189342691536794e+00
8.139001547995441399e-01
5.224475335835601975e+00
6.358599777801151376e+00
3.658715382415780759e+00
-8.268406353027457634e-01
-3.604194926064340887e+00
-2.026424294794116232e+00
3.809227798094866557e+00
1.089299831589989509e+01
1.506369582512676963e+01
1.359929651244352122e+01
6.964471004061151049e+00
-1.411589014697732347e+00
-7.169046773340262746e+00
-7.554728202888173705e+00
-2.893265770240173396e+00
3.821503432532712630e+00
8.808852245432044370e+00
9.591439634614051357e+00
6.050801452925847812e+00
6.426617486062546902e-03
-6.151903901667528984e+00
-1.076263885994875302e+01
-1.335954907346887666e+01
-1.426057493349521366e+01
-1.384695736720517978e+01
-1.219359805440532440e+01
-9.284351935755893237e+00
-5.486915297517318102e+00
-1.727289156978178752e+00
9.286180522533995507e-01
2.033732575913823837e+00
2.232436479355504488e+00
2.944635387172112928e+00
5.329950941256925034e+00
9.210264617247789332e+00
1.279850767210169948e+01
1.361925489992857585e+01
1.017564818804719806e+01
3.285888965209156076e+00
-3.929452517765701369e+00
-7.631909191220848321e+00
-5.582646551711151872e+00
1.258560235609322842e+00
8.992698045251282579e+00
1.292051136682696111e+01
1.034385161227763383e+01
2.284034477640461525e+00
-7.033674089200780521e+00
-1.268731751147997322e+01
-1.201384416192377458e+01
-6.140030519612885485e+00
8.808464436913968632e-01
4.730862379344646484e+00
3.511477664680362043e+00
-1.309950176104084818e+00
-6.235387736862666230e+00
-8.318946891673139277e+00
-7.126889068282265427e+00
-4.703725039103469285e+00
-3.653480023803957977e+00
-4.839008387165516289e+00
-6.490268804027540028e+00
-5.468410288440076705e+00
1.936352800944547425e-01
9.365883552008094526e+00
1.803329019319172488e+01
2.165107521452088335e+01
1.807704116708477926e+01
9.040702059809660796e+00
-8.975123306736265683e-01
-7.185775209482935466e+00
-7.956073979176220945e+00
-4.734177989552924792e+00
-8.331898997893566472e-01
1.253500931028913801e+00
1.484015337110416777e+00
1.766829427106833439e+00
3.835644129881713216e+00
7.265825603635507335e+00
9.297363507006650707e+00
6.743401613156447816e+00
-1.370506501907850172e+00
-1.244352876887830206e+01
-2.138352967524987136e+01
-2.357419612275186083e+01
-1.778345396873146456e+01
-7.045611484408109249e+00
3.103700036338727930e+00
7.896615039111601675e+00
6.007000212219197444e+00
3.858748957912938593e-03
-5.529351722500327249e+00
-6.849220018312053959e+00
-3.055646847523914467e+00
3.831443073308015368e+00
1.046314837962199462e+01
1.418922018629855053e+01
1.425736535793859439e+01
1.168610787659629580e+01
8.228486010224145275e+00
5.277455768340274744e+00
3.343451517598397871e+00
2.179015452062616376e+00
1.211512359814463036e+00
-8.152480482564827824e-02
-1.979018309300002221e+00
-4.423239848109547623e+00
-6.956262640770700223e+00
-8.762277938317350134e+00
-8.948988755707027565e+00
-7.045614976661035200e+00
-3.444879820495791112e+00
5.726244111156391092e-01
3.374933204844038137e+00
3.818496569924340278e+00
1.865879986222532594e+00
-1.436147123595708397e+00
-4.602497522368233618e+00
-6.528260791115582329e+00
-6.929870484730886737e+00
-6.173849708262662439e+00
-4.731480002646582861e+00
-2.751104115818277407e+00
-8.212145810909143862e-02
3.332509358951346812e+00
7.094549740738252730e+00
1.037178620822441388e+01
1.230171214464497709e+01
1.243904584546460868e+01
1.088587883672410861e+01
8.049294033160361295e+00
4.319166301256647245e+00
1.752405383781319159e-02
-4.329845379280148343e+00
-7.737368068855831282e+00
-8.949171732460056816e+00
-7.154775195028681978e+00
-2.780073016788439766e+00
2.336380115805239743e+00
5.733871483064658214e+00
5.713685974038309467e+00
2.392838740437406742e+00
-2.379505976986837190e+00
-6.269865276413810307e+00
-8.014329384143628943e+00
-8.133130447217043368e+00
-8.253193886585332706e+00
-9.551515537957234514e+00
-1.155130890945224387e+01
-1.227867528495395177e+01
-9.743644327965940377e+00
-3.635734470290570286e+00
4.119894562294740048e+00
1.047300190101492667e+01
1.326029077115391530e+01
1.260451759503535740e+01
1.060546562382983460e+01
9.535921525951472688e+00
9.950319758482983445e+00
1.023524131790680691e+01
8.031957043566452015e+00
2.460691631899863729e+00
-4.647748329272809897e+00
-9.636492019086283278e+00
-9.536479061666113921e+00
-4.390686263772575870e+00
2.427086507600074938e+00
6.309506488322144335e+00
4.544794581900888808e+00
-1.744204460297753556e+00
-8.291030368627909652e+00
-1.058611698009335456e+01
-6.980191713982869750e+00
1.677643834106056220e-01
6.070186016342598911e+00
6.685827942585813588e+00
1.306145961846470804e+00
-7.119442559199848475e+00
-1.396353100631645816e+01
-1.572254150416937080e+01
-1.178814842325843770e+01
-4.263557847018182301e+00
3.682337550666152648e+00
9.588626436780170792e+00
1.251141592638874478e+01
1.272954242291133475e+01
1.101755791585196143e+01
8.216184596067156676e+00
5.247766383882055408e+00
3.148515304626307021e+00
2.691556061039218406e+00
3.731170121468490475e+00
4.924708502282246769e+00
4.387897050896183870e+00
1.081241354629395524e+00
-4.067816390697057471e+00
-8.365251149540663178e+00
-9.046984584832479470e+00
-5.416173185390337430e+00
2.059490612411249977e-01
3.670590212193572732e+00
1.746679255925581931e+00
-5.444107244580551175e+00
-1.414106054507155541e+01
-1.920922812719405570e+01
-1.750273665841401538e+01
-9.985460000216042076e+00
-1.070373019963178685e+00
4.395427222786926436e+00
4.372660051740751896e+00
8.053801800941648992e-01
-2.052708562252207880e+00
-8.687879097180464250e-01
4.374171489948986746e+00
1.052849125089632487e+01
1.375825805934100288e+01
1.240487262291544290e+01
8.084767392297814936e+00
4.267167074446361674e+00
3.509994872832038482e+00
5.514094680859988884e+00
7.469315138799555776e+00
6.375028609648471623e+00
1.512573843615383939e+00
-4.834754028604488774e+00
-8.952371177504218736e+00
-8.355436929940754709e+00
-3.553986411789555433e+00
2.338674298205120738e+00
5.782327473933627004e+00
5.121348335214463532e+00
1.394212682142098814e+00
-2.779842721253873439e+00
-5.226252567802558424e+00
-5.582619583015402398e+00
-5.102184810944700111e+00
-5.267074098608649280e+00
-6.447887945213905958e+00
-7.663409696282941219e+00
-7.504218131425927751e+00
-5.342620796812913575e+00
-1.808249810438216976e+00
1.787211964737178693e+00
4.487635838664350452e+00
6.267579311579727808e+00
7.700816028898787913e+00
9.118023740211704364e+00
1.009897839818985510e+01
9.812711892707621786e+00
7.906950668230207313e+00
5.087072084044923059e+00
2.740718868139700781e+00
1.808442254398585192e+00
1.852094578785647094e+00
1.239656149679699171e+00
-1.507679573381389471e+00
-6.197744698463965918e+00
-1.058890413765066718e+01
-1.170151304102813228e+01
-8.044097733513526194e+00
-1.115782811283421605e+00
5.105668473808034236e+00
6.578632233907637072e+00
1.948366815005055486e+00
-6.326858037418587877e+00
-1.339595176807520538e+01
-1.512513848837384245e+01
-1.080147185852053049e+01
-3.554571614927493961e+00
1.818776881188597594e+00
2.140387438806626186e+00
-2.006999503702080467e+00
-6.730849402595524111e+00
-7.530950078887546084e+00
-2.392700258350308751e+00
6.796797731565187739e+00
1.539026546714214660e+01
1.884880541651685348e+01
1.544734129323190430e+01
7.167660265751406357e+00
-1.604124854633584452e+00
-6.592334855465752597e+00
-5.789719072457355509e+00
-1.391263537514100257e-01
7.349231353596985095e+00
1.326521066398583137e+01
1.525745501877673505e+01
1.269031777748621437e+01
6.496153659357998933e+00
-1.422306988024520269e+00
-8.885137359377145216e+00
-1.405259161226031672e+01
-1.591587085987850614e+01
-1.458398583224369816e+01
-1.122920808768844303e+01
-7.616123590721212366e+00
-5.345667035988586946e+00
-5.148795260377248439e+00
-6.584602623621854889e+00
-8.290659709545819211e+00
-8.636673977472046460e+00
-6.448768564670457337e+00
-1.500075938312121160e+00
5.367308127069478019e+00
1.246784755459980509e+01
1.776724176870015981e+01
1.956011386727524126e+01
1.718250848629847027e+01
1.148272423220137028e+01
4.713754363434992101e+00
-3.144126768427477625e-01
-1.567476954515045318e+00
1.068930969568050671e+00
5.576777533798318309e+00
8.817502396695509503e+00
8.297572645275181458e+00
3.648070420455796992e+00
-3.142039581940696102e+00
-8.940769951236745783e+00
-1.137718215979144176e+01
-1.019060826739404391e+01
-7.151191133376067377e+00
-4.672302305835460245e+00
-4.146997662525544470e+00
-5.198018749453346743e+00
-6.310364871125083042e+00
-6.255753667937555385e+00
-5.127436043220393813e+00
-4.142965647510606253e+00
-4.387379356247682161e+00
-5.567243327934815689e+00
-5.901045458801847055e+00
-3.398882885255351205e+00
2.364929654985125307e+00
9.402156830542613974e+00
1.422736315970619358e+01
1.408811433432244264e+01
8.989940854367135969e+00
1.998012783512353341e+00
-2.563712892555347622e+00
-1.899716316162277652e+00
3.368391480047224107e+00
9.548361179059412507e+00
1.228179168370198227e+01
9.406710077930178215e+00
2.353308457682880217e+00
-4.847295137492312556e+00
-8.233994372966265018e+00
-6.445357583583448680e+00
-1.442961639080435621e+00
2.958058201967110001e+00
3.655606767782412003e+00
1.643673702285264326e-01
-5.341431962640641906e+00
-9.712709333685381807e+00
-1.095974615602981572e+01
-9.366344640264976817e+00
-6.934675148686071822e+00
-5.706322706320471561e+00
-6.229820322743464978e+00
-7.242726961646645201e+00
-6.717482157570078272e+00
-3.463654266425887585e+00
1.866285836456955893e+00
7.066941095019478425e+00
9.767286510412391820e+00
8.990124318360688704e+00
5.858204686076385670e+00
2.973333110238040700e+00
2.823447056137955435e+00
6.167978821970777403e+00
1.137761285732841010e+01
1.516765183990860422e+01
1.437740959514478867e+01
7.842628870974319710e+00
-2.689828052391811219e+00
-1.318159673591354597e+01
-1.921802314562768643e+01
-1.824738805665028352e+01
-1.093395305267964446e+01
-8.450249850108617622e-01
7.400902724751922790e+00
1.051054700412161935e+01
8.071270956597974333e+00
2.408945929655850193e+00
-3.102246285832400474e+00
-6.169649282259799250e+00
-6.778876336778136391e+00
-6.719852246067277157e+00
-7.845388109789298348e+00
-1.034806534395683997e+01
-1.234135143969011139e+01
-1.111492456856418087e+01
-5.218157126864570117e+00
4.129649867334888924e+00
1.339986511540580949e+01
1.876342798230719566e+01
1.843410651626100005e+01
1.373182074333568004e+01
8.096817589841425189e+00
4.711677438182360511e+00
4.389077484858631806e+00
5.223729460894576349e+00
4.265435265420064681e+00
9.476534821417637033e-03
-6.131467722954932142e+00
-1.053095954961286118e+01
-9.843146850269874903e+00
-3.578445472313799058e+00
5.100489757043162875e+00
1.105725361170267362e+01
1.033056531666355937e+01
2.695474996555557112e+00
-8.083906695252965235e+00
-1.651442723577350691e+01
-1.868408334532957582e+01
-1.447697238264079722e+01
-7.305270085413305026e+00
-1.638826543098759636e+00
-5.122936751439954861e-02
-1.747918220982596305e+00
-3.466811848216656777e+00
-2.013177266243389774e+00
3.373996512715601526e+00
1.043105728274990085e+01
1.538920658803659336e+01
1.549739219596304451e+01
1.081212170661250838e+01
4.089412710120011063e+00
-1.057607797978931563e+00
-2.423712567394091799e+00
-3.869259046926206702e-01
2.687665801004592847e+00
4.260245241894424773e+00
3.313227809830023851e+00
7.899888999203890094e-01
-1.403371718888599240e+00
-1.988513502659416510e+00
-1.289873529897230808e+00
-9.048412270278491931e-01
-2.368789413701037017e+00
-5.847565346608792680e+00
-9.849212499785220842e+00
-1.218379896561111408e+01
-1.148223659211158854e+01
-8.176566616515685837e+00
-4.231526870332989354e+00
-1.811799149620531235e+00
-1.824805624178148733e+00
-3.358367770093075855e+00
-4.389220354733581964e+00
-3.240485054492275196e+00
2.456771938870914163e-01
4.626176814258315062e+00
7.883359786188760765e+00
8.800778083536435759e+00
7.714111133556488475e+00
6.142498009914989510e+00
5.615104789632017201e+00
6.560002826660383590e+00
8.036021814714366940e+00
8.454271355461873583e+00
6.733536046644856832e+00
3.066616197371755170e+00
-1.194972408348075943e+00
-4.382418699755522340e+00
-5.446659665625632307e+00
-4.384520445011834688e+00
-1.998377007581555453e+00
6.758226311315631563e-01
2.788932624079857980e+00
3.731720172663060886e+00
3.012434955100387057e+00
3.164262328248406142e-01
-4.126753580498714769e+00
-9.163879881507554614e+00
-1.282487616315441237e+01
-1.314992868105172441e+01
-9.383658869553118009e+00
-2.736889716635728220e+00
3.966872079285423514e+00
7.748347190730012102e+00
7.206458870136461137e+00
3.388118606434401325e+00
-8.586627786343044022e-01
-2.690985914671505608e+00
-1.053171608726763964e+00
2.769983247657219927e+00
6.191245329202532233e+00
7.188667462827256216e+00
5.652888669193048443e+00
3.258645066748031560e+00
2.009007700274644925e+00
2.599141214717489490e+00
3.882347487037437261e+00
3.872581652061633850e+00
1.510501583021594652e+00
-2.223996376423957422e+00
-4.828166461881837179e+00
-4.161343724252963838e+00
-3.239980160966899891e-01
3.968248927944613147e+00
4.993356306875365469e+00
6.285047404985601993e-01
-7.866130703309099914e+00
-1.625158397717559211e+01
-1.979490991930498822e+01
-1.625444553625065680e+01
-7.368163451984887757e+00
2.188507500260961081e+00
7.714509791809511796e+00
7.349729658423989065e+00
3.031735319632781422e+00
-1.016733377633130431e+00
-1.183839277618723429e+00
3.198798680696431695e+00
9.564365121653855439e+00
1.391894747565785906e+01
1.344530054627532856e+01
8.190393892120592767e+00
8.626514434692067468e-01
-4.944792926571834002e+00
-6.847222700314450350e+00
-4.795585867679003300e+00
-7.354155813535785402e-01
2.747552990807275552e+00
3.845648825459366371e+00
2.246707908185372027e+00
-1.028625781743429890e+00
-4.340302365629526982e+00
-6.223214101923632668e+00
-5.961030498754459117e+00
-3.849153879628820274e+00
-1.124282245548909431e+00
4.863480753246522958e-01
-4.275736205614982799e-01
-4.063717074551311370e+00
-8.942420065677081809e+00
-1.235159019769882782e+01
-1.171172433493144815e+01
-6.203609152142835370e+00
2.376168985448736226e+00
1.026719469656914896e+01
1.373524161708161806e+01
1.128477682407904226e+01
4.681988242366321273e+00
-1.970234255535253887e+00
-4.627637601614440044e+00
-1.698688427484766450e+00
5.075860414647463514e+00
1.179398619597721876e+01
1.480849663885213374e+01
1.280119781143917201e+01
7.238467070763936917e+00
1.087768827601269805e+00
-3.163913999418797030e+00
-4.797534142860065742e+00
-4.718188893370613535e+00
-4.256957124237458423e+00
-4.011848805941980345e+00
-3.631887935141562274e+00
-2.566534007888177982e+00
-9.735466865758573007e-01
1.230267142526908497e-01
-3.604808674331327900e-01
-2.479538121488883640e+00
-4.909955448277658618e+00
-5.801939525866071534e+00
-4.288703809049412286e+00
-1.439396383705108695e+00
2.605395366570719684e-01
-1.279008334694619275e+00
-5.913677036788526742e+00
-1.085737943704758202e+01
-1.223221488955610603e+01
-7.664834061975625445e+00
1.857068540372071030e+00
1.226512816552959606e+01
1.878043342815680816e+01
1.883803504287356745e+01
1.358539177267900833e+01
6.930157626721241471e+00
2.812545358913184579e+00
2.610639811590942827e+00
4.466857826480630678e+00
4.937285668446339315e+00
1.713367815375051784e+00
-4.566896289426212618e+00
-1.070328073601313257e+01
-1.319725398679324258e+01
-1.074212986596075048e+01
-5.162909641331871136e+00
-1.738606677929577515e-01
1.123145769697867724e+00
-1.767498424509729826e+00
-6.580687441212671018e+00
-9.963106080046337354e+00
-9.707836526560793544e+00
-6.003966123257406196e+00
-9.729029946042477839e-01
2.982727481511712853e+00
4.731109986990453820e+00
4.810157471632252602e+00
4.581970413126519759e+00
4.969722986648485552e+00
5.803230257664740321e+00
6.200360965360046883e+00
5.543470611758745115e+00
4.165761171078820269e+00
3.157558704988842280e+00
3.457857329201278418e+00
4.989923220695379413e+00
6.567203676967182879e+00
6.683297830712690235e+00
4.603636078136462473e+00
9.393206661814281766e-01
-2.725507339383771654e+00
-4.878654936873913606e+00
-5.045724426060316681e+00
-4.014039976616352590e+00
-3.207848601209358996e+00
-3.697405296467340730e+00
-5.526175223835489092e+00
-7.753761592557159688e+00
-9.096789105537400388e+00
-8.692146191516680886e+00
-6.520937497302874419e+00
-3.330928798579313010e+00
-2.122828080310994459e-01
1.895426975076256237e+00
2.564046927667842368e+00
2.033688893108891005e+00
1.146667265041398931e+00
1.031954312671121698e+00
2.561591406824713868e+00
5.762273703453531404e+00
9.533221851254998214e+00
1.199053126558243854e+01
1.142919165177029406e+01
7.426330347617486893e+00
1.357145163566015444e+00
-4.162022718690618461e+00
-6.715240210022723311e+00
-5.554897997212739469e+00
-2.091396866383225195e+00
1.024479681137640430e+00
1.691173153143201491e+00
-1.939739942550493534e-01
-2.688105893475603470e+00
-3.278700155453301512e+00
-8.932910662278144009e-01
3.011651278628610484e+00
5.172120309271111438e+00
2.686656367668403878e+00
-4.795019534666984384e+00
-1.440246506560699835e+01
-2.146128635503941595e+01
-2.216538963336158830e+01
-1.581467157827974646e+01
-5.203738594257760752e+00
5.039477919817734630e+00
1.105773045314639447e+01
1.168109976959366669e+01
8.593222558224084651e+00
4.882429926705371237e+00
3.089528861480181465e+00
3.994362634389630795e+00
6.690297021203932104e+00
9.568940954119963038e+00
1.135101875946875438e+01
1.151491399373086644e+01
1.009976755267010340e+01
7.340028196127903470e+00
3.567634033037248464e+00
-5.992436665676699192e-01
-4.144523682017518418e+00
-5.963987903318373363e+00
-5.531983067678113208e+00
-3.435205820131458143e+00
-1.249549387496871056e+00
-6.778097469703445732e-01
-2.457631447677612435e+00
-5.808765269110215179e+00
-8.872008077687016936e+00
-9.902166327353345565e+00
-8.420505994072494005e+00
-5.531244892125295465e+00
-3.175069946116403141e+00
-2.823124782120448817e+00
-4.487082897507031376e+00
-6.685778521560305165e+00
-7.357132871785706740e+00
-5.103608919177454517e+00
-3.202840859149347352e-03
6.442312194301640815e+00
1.209821738563137039e+01
1.521495092349443823e+01
1.513591770500380029e+01
1.242068518370627572e+01
8.435015967429551509e+00
4.664985665061564646e+00
2.062541671358082418e+00
6.848207964974717399e-01
-2.078336393430193496e-01
-1.596671406969313756e+00
-3.932894067415064310e+00
-6.599775687656121548e+00
-8.049523147651200361e+00
-6.713198520412444914e+00
-2.235591473250746031e+00
3.795173105476494335e+00
8.307277603414991773e+00
8.365930695951952600e+00
3.064501188270966736e+00
-5.580887315200516952e+00
-1.350469400383729734e+01
-1.686212503302002474e+01
-1.429821072090799738e+01
-7.690026401399157052e+00
-8.032285987322294041e-01
3.248702926349736231e+00
3.964806361624101161e+00
3.431453000021253086e+00
4.341199795525307437e+00
7.560587783461043543e+00
1.114987719333838356e+01
1.169648793577323076e+01
7.063095033733494787e+00
-1.516556192840771811e+00
-9.705966928394969884e+00
-1.271956805813270286e+01
-8.575321466136072601e+00
3.981434556292680060e-01
8.973845188290777486e+00
1.244354920121204167e+01
9.648771096641509004e+00
3.486285494462157963e+00
-1.426089720855209242e+00
-2.174009315858286051e+00
4.592729385538645293e-01
2.852794862353296601e+00
1.541626337009834646e+00
-3.958772116171742628e+00
-1.064079020788019569e+01
-1.418096225596677940e+01
-1.215033410238363842e+01
-5.844520807960268627e+00
6.181291962335153656e-01
3.227127751551206458e+00
8.550082486723799002e-01
-4.117536664084707532e+00
-7.657779060600205412e+00
-6.921097246610972142e+00
-1.971140120990193090e+00
4.713730798391742027e+00
1.028360331439648157e+01
1.335146847346057797e+01
1.425129464822897951e+01
1.382127638579652462e+01
1.208836717852490850e+01
8.229819737827853032e+00
1.922875292726367924e+00
-5.232408093863157639e+00
