1.405047422504602572e+00
-3.630840984627105694e+00
-7.333105764894254364e+00
-9.086540125295007542e+00
-8.837383974008250931e+00
-6.922021455199631745e+00
-3.905567471143118308e+00
-5.217838996675778773e-01
2.342997081480121313e+00
3.761906514340118690e+00
3.059126818755786292e+00
1.980503697551967424e-01
-3.974381213964499615e+00
-7.880071012920312867e+00
-9.824801266306797842e+00
-8.839358103478367923e+00
-5.284354513735696202e+00
-7.910723314422085650e-01
2.554174160384474312e+00
3.403804280128795323e+00
2.030660153697246173e+00
2.957970201083708339e-01
5.979392275774857435e-01
4.338033043072567096e+00
1.080840147260637174e+01
1.725164161389350070e+01
2.017870126232897832e+01
1.726639935915275714e+01
8.754883851724702737e+00
-2.490163105547700262e+00
-1.232402232010594112e+01
-1.733396033337691122e+01
-1.640109763126550746e+01
-1.099801941656742876e+01
-4.169504468251057361e+00
1.116812610965186137e+00
3.292119012159061331e+00
2.540473393534313118e+00
1.927430048412501762e-01
-2.292292477765935477e+00
-4.094150401548157348e+00
-5.182363480070629080e+00
-5.947282132388568066e+00
-6.690937922548799044e+00
-7.333617777189152420e+00
-7.450930369040628776e+00
-6.521328989625821748e+00
-4.192823457892110639e+00
-4.586506630300464238e-01
4.265404894254537282e+00
9.151907102487740531e+00
1.310271286832991322e+01
1.507300267247267378e+01
1.452436253931677790e+01
1.178435857206168613e+01
8.024280392474411272e+00
4.730020976089122087e+00
2.880838305712058123e+00
2.333222931101461839e+00
1.880576168297768636e+00
6.730221712690109825e-02
-3.695709773043224899e+00
-8.460364441986008899e+00
-1.205897114955168270e+01
-1.233388874990940032e+01
-8.561555887642587237e+00
-2.143272262228567815e+00
3.959323648379774241e+00
6.781440759340500612e+00
4.991424605589855901e+00
-3.839382003569269397e-01
-6.576764802113713948e+00
-1.064150440193947489e+01
-1.101002615382126493e+01
-8.143454621245323821e+00
-3.991151753143894254e+00
-6.979379424472078597e-01
6.102095188145357785e-01
2.863703476680868887e-01
-2.752106015474921064e-01
4.090844080492709312e-01
3.041065667815579410e+00
7.181300581382485504e+00
1.148204840114560454e+01
1.430443232032646250e+01
1.441322052633302775e+01
1.149512319557933182e+01
6.339575427466428437e+00
6.005778068623377486e-01
-3.838754594865438463e+00
-5.706160416105183764e+00
-5.006708226236283643e+00
-3.096026056143738714e+00
-1.975288711506476780e+00
-3.082468145688992411e+00
-6.266442571613841217e+00
-9.663514489491555892e+00
-1.072109404736874794e+01
-7.863976844888982853e+00
-1.767734479703563455e+00
4.685680222905700631e+00
7.922332874058895413e+00
5.835616439503069408e+00
-7.552797433351299272e-01
-8.349973494157055143e+00
-1.267294964477288488e+01
-1.112019414620403523e+01
-4.240267074654640034e+00
4.662675304118966579e+00
1.152082403490576823e+01
1.380431582060249696e+01
1.170646750324066510e+01
7.583688619009290477e+00
4.189279123234451063e+00
2.972835410813809531e+00
3.536668652352338071e+00
4.427633896875418529e+00
4.486778104952227508e+00
3.668313784250949006e+00
2.761361027288780079e+00
2.367686127594007317e+00
2.087220828389091398e+00
6.815868297551097577e-01
-2.830377764038698452e+00
-8.003785369628509727e+00
-1.274603450226634749e+01
-1.441190040236619474e+01
-1.158068302856118592e+01
-5.273852028205896048e+00
1.350907458027602814e+00
4.781247293329418113e+00
3.310418384378503998e+00
-1.852752084687928402e+00
-7.302788951552418695e+00
-9.555257135411476810e+00
-7.191395885082870976e+00
-1.634334700054193235e+00
3.922933873457263410e+00
6.686578868775894691e+00
6.064612683606867449e+00
3.918000810514735477e+00
3.136614467647651949e+00
5.533039614987887767e+00
1.047488350558690939e+01
1.515533218911419056e+01
1.631083361016468913e+01
1.226972086935563233e+01
4.045265462729862982e+00
-5.163929751602506002e+00
-1.169965179392328558e+01
-1.332597470191492128e+01
-1.020129565640577241e+01
-4.509814461224385340e+00
8.698645276920506930e-01
3.806083446828786521e+00
3.700827077713856994e+00
1.360815344661590931e+00
-1.761804235635866966e+00
-4.410929894579453503e+00
-6.007498429972938148e+00
-6.645602944026364867e+00
-6.767431465381124056e+00
-6.784343037054839876e+00
-6.837702081809142740e+00
-6.754967975094490207e+00
-6.159853332696683559e+00
-4.667105865576029800e+00
-2.094416421344201140e+00
1.381937439674451928e+00
5.206643570679188926e+00
8.604918821009672314e+00
1.087807923984791003e+01
1.169265108301969747e+01
1.119270971127198244e+01
9.853912768165351110e+00
8.161965167184266789e+00
6.325820458335236651e+00
4.224583890615314807e+00
1.629181450737495318e+00
-1.460210050380422508e+00
-4.616221369463753277e+00
-7.095026170183729164e+00
-8.209843485588969259e+00
-7.728933847153047765e+00
-6.030935930039885484e+00
-3.909844938864513786e+00
-2.157963395306351728e+00
-1.199844282442175114e+00
-1.001957922239276266e+00
-1.279747918872149226e+00
-1.814575567866082650e+00
-2.627526241515372618e+00
-3.878029757792487153e+00
-5.570747921019425064e+00
-7.307101440920791724e+00
-8.299529294885910957e+00
-7.691469742226270334e+00
-5.016270196325312014e+00
-5.249380878206721945e-01
4.819620337455576831e+00
9.694295893252670382e+00
1.293495216630507194e+01
1.396376469464414605e+01
1.292979660981056433e+01
1.052729821163166335e+01
7.616593982813128605e+00
4.853282503751881194e+00
2.503132020280994574e+00
5.073238591165760702e-01
-1.275024318866899486e+00
-2.815933305720175195e+00
-3.832866546259336094e+00
-3.945666521297672258e+00
-2.998148894756567540e+00
-1.336627033584137259e+00
1.777806557318988290e-01
5.120345624279761809e-01
-9.773524522504796197e-01
-4.081874458192955579e+00
-7.696214094731825384e+00
-1.029393053642558797e+01
-1.070416624299685537e+01
-8.746048374910968093e+00
-5.320677294554349679e+00
-1.875334168721549677e+00
4.450926178512675246e-01
1.425302032036707134e+00
1.779102549438857928e+00
2.526062733390165960e+00
4.176194767319919343e+00
6.297454214821587293e+00
7.786634651644304128e+00
7.672154566007085563e+00
5.885466543010662299e+00
3.430497306676771441e+00
1.781828234197231353e+00
1.886582982051679291e+00
3.452596225544805719e+00
5.047293498382613208e+00
4.996998439254944913e+00
2.521464059697804849e+00
-1.653279696107238239e+00
-5.643879390997534884e+00
-7.534072366692229572e+00
-6.566224273494477792e+00
-3.626265148606077737e+00
-6.921548925217162473e-01
4.152719800562534314e-01
-8.184422942621432107e-01
-3.297403662457826456e+00
-5.067305158822645872e+00
-4.654525910343525474e+00
-2.130850727704091341e+00
8.110121439288436873e-01
1.881608198267957555e+00
-2.675197392601971758e-01
-4.940813090417840669e+00
-9.474178544391243406e+00
-1.056322655184621340e+01
-6.164336619582458709e+00
3.107357297593883239e+00
1.394601458011013939e+01
2.182266700134814741e+01
2.323591441981746897e+01
1.754416786949714435e+01
7.355704475460829173e+00
-2.778344980283486976e+00
-8.682903779677412004e+00
-8.631654230858849530e+00
-4.052236144266760931e+00
1.478121582945605361e+00
4.319005366027095505e+00
2.720648466909995289e+00
-2.430316377642343095e+00
-8.385264758954178888e+00
-1.223725533920274344e+01
-1.247857578725001737e+01
-9.543792823349757981e+00
-5.187671274396801202e+00
-1.276029820136466597e+00
1.165149296094589282e+00
2.119116206592048801e+00
2.069756294039722722e+00
1.376657796331843375e+00
7.216525468683987476e-02
-1.820391849026922193e+00
-3.827714324482378139e+00
-4.940339582255546702e+00
-4.099004995104385429e+00
-9.507091039416692979e-01
3.709726533409391180e+00
8.218032319766692240e+00
1.092735120151152195e+01
1.112846433633490584e+01
9.376945396481644934e+00
7.010609512845437763e+00
5.210595141257368113e+00
4.268288253732888116e+00
3.546374121588781847e+00
2.107052546439570406e+00
-4.872539236568460552e-01
-3.779449092819509914e+00
-6.674535092625392352e+00
-8.116907379206327988e+00
-7.697542121255407821e+00
-5.818700748160570591e+00
-3.401360895046329436e+00
-1.415420855963636759e+00
-5.359556959303131141e-01
-1.023245247197131391e+00
-2.719080712113046694e+00
-5.040576338309191939e+00
-7.015040032936206593e+00
-7.525960931824220879e+00
-5.840062472566081908e+00
-2.190653707107635739e+00
2.034895207876026291e+00
4.841604641986757329e+00
4.770345076438056608e+00
1.978628162492848563e+00
-1.536314313504398843e+00
-2.912419014369653780e+00
-1.334542788502257604e-01
6.576925975774377875e+00
1.463494741101297336e+01
2.042219968380491224e+01
2.126685047484159696e+01
1.683424040660068854e+01
9.075904053033170271e+00
8.675843928670810001e-01
-5.665288831867278496e+00
-1.000275401476589465e+01
-1.281250450844497202e+01
-1.477064008355092817e+01
-1.565635557494371533e+01
-1.446115911466973536e+01
-1.039590698897658427e+01
-3.941139455466077912e+00
2.959125553145442566e+00
7.792427342354673492e+00
8.851108195856250305e+00
6.117321806968362807e+00
1.087103535550782762e+00
-4.231906453290035230e+00
-8.345500796788600795e+00
-1.062224690712206865e+01
-1.091959057892053231e+01
-9.061722661863100825e+00
-4.804798619843879237e+00
1.617272236025594445e+00
8.927847234854180414e+00
1.494346708777781174e+01
1.759728100189325062e+01
1.622417777483723356e+01
1.209520638016070571e+01
7.633135089507451454e+00
4.743056600218806373e+00
3.469620102792013050e+00
2.067778795092151789e+00
-1.449858399504228235e+00
-7.405381614238400800e+00
-1.370046103693634620e+01
-1.695287914875571644e+01
-1.483825879529467784e+01
-7.948012031840978153e+00
2.894650558851750155e-01
5.706374169824040443e+00
6.081671895017120022e+00
2.486374027956350208e+00
-1.702269728885947853e+00
-3.393778966283972132e+00
-2.051918054755097920e+00
6.700219448856470361e-02
-1.160305237789346355e-01
-3.831051087738203798e+00
-9.157143751566398038e+00
-1.215719607986794770e+01
-9.680785350638080544e+00
-1.780444587192918426e+00
8.071011893207982624e+00
1.517253264944507229e+01
1.664017639304299223e+01
1.313702404947051505e+01
8.106915935045167387e+00
5.164696863196631682e+00
5.599075705260563751e+00
7.766228592204146963e+00
8.673037139484318203e+00
6.418047969680966247e+00
1.602017621370266376e+00
-3.288764237949351354e+00
-5.921126055905273411e+00
-5.907911046383492071e+00
-4.956753824435670808e+00
-5.319666204220421690e+00
-7.829119246899901796e+00
-1.110405849619610308e+01
-1.256134622235988374e+01
-1.044177055284086997e+01
-5.271934845027646865e+00
3.713930898319219853e-01
3.620426661510985245e+00
3.277231943446581308e+00
5.347276064399216766e-01
-2.019814117341299564e+00
-2.316015655607289059e+00
-1.986865580409475918e-01
2.654129935048505473e+00
4.122330184662839514e+00
3.243662301598121189e+00
8.673506331528406665e-01
-1.011817133640567024e+00
-6.484917891032649928e-01
2.345525323883346225e+00
6.850000513512408240e+00
1.096064022082703104e+01
1.297026996913657726e+01
1.200918508124798656e+01
8.173819790420676412e+00
2.356868582883586249e+00
-3.979771603355412246e+00
-9.090708225987656377e+00
-1.145117045367949871e+01
-1.046684364979085657e+01
-7.007430241734495802e+00
-3.227332983741603822e+00
-1.488129878017379948e+00
-2.892450816837277117e+00
-6.422087018407053982e+00
-9.444206046493533790e+00
-9.436615570023796806e+00
-5.816035765624919307e+00
-5.176553661818417140e-01
3.232351336524351026e+00
3.189665956981885486e+00
-2.133052617665165407e-01
-4.057805273677972835e+00
-4.976818162674876866e+00
-1.600632991016003537e+00
4.407088194002889203e+00
9.541548025880540962e+00
1.102770773992617492e+01
8.843207263423430220e+00
5.638743311710368467e+00
4.586555764321809114e+00
6.796103690519101015e+00
1.031717424082311396e+01
1.156847585841377146e+01
8.156376523526624567e+00
9.228416281845133184e-01
-6.415418434775487455e+00
-9.859139966124883969e+00
-8.036958215593330124e+00
-3.214699553991144487e+00
4.154016432179012952e-01
-8.544588649389861512e-02
-4.162679922458288218e+00
-8.208350561511393195e+00
-8.397186569691109881e+00
-3.782017667170388897e+00
2.744184949364310455e+00
6.440718716649430853e+00
4.250032714430703962e+00
-2.761463000904079923e+00
-9.931073264477477736e+00
-1.219618427087409884e+01
-7.670617463747980480e+00
9.990181277418348493e-01
8.490095059403705235e+00
1.053010307778387400e+01
6.807202537289842148e+00
1.009999521967842151e+00
-1.948894399989237858e+00
5.471579579343596178e-01
7.084720219878499314e+00
1.341232235880261392e+01
1.554299529582779726e+01
1.243415322241856202e+01
6.360381141322003273e+00
8.978221956431422512e-01
-1.799510927515018288e+00
-2.336270191569600918e+00
-3.108119828330008438e+00
-5.929201098052969243e+00
-1.021209501976782974e+01
-1.318155006871677060e+01
-1.199708970602269531e+01
-6.165747302416436426e+00
1.629964412692678888e+00
7.008073845866347185e+00
6.695619870742572921e+00
7.200991505609670718e-01
-7.536819545106013152e+00
-1.345085021675656733e+01
-1.398947791916499916e+01
-9.401188540855699216e+00
-2.747575212648996512e+00
2.258859962260570065e+00
3.592277417925822558e+00
1.937250363969693856e+00
-9.972410714220147909e-02
1.109584511888679348e-01
3.522510358913106376e+00
8.924943860646136429e+00
1.380222636342734077e+01
1.584109054282008877e+01
1.413206535017928545e+01
9.450313856824992698e+00
3.633319558395011306e+00
-1.443626690311599958e+00
-4.692279780910195264e+00
-6.072265287562527369e+00
-6.283807980858279407e+00
-6.162975298084218956e+00
-6.142425452182138201e+00
-6.059208121732580388e+00
-5.393904234504016237e+00
-3.788927723826335914e+00
-1.516169862741830521e+00
4.481071480043548050e-01
8.780789838609555087e-01
-9.250281184892690245e-01
-4.518360306699878315e+00
-8.334964899281732897e+00
-1.044302932211260071e+01
-9.647412016636295107e+00
-6.231112717157024861e+00
-1.798683556942758166e+00
1.739688506195043338e+00
3.393168580659116973e+00
3.678956525872065786e+00
4.135766597852397197e+00
6.079635767318388950e+00
9.489019399370405949e+00
1.285222762106068473e+01
1.413678055862669680e+01
1.221702372764682920e+01
7.730323244659119908e+00
2.715532838824106676e+00
-7.373989254444284214e-01
-1.866232805801963934e+00
-1.643710139713514540e+00
-1.912745325231114846e+00
-3.883816539035091164e+00
-7.109608813419679763e+00
-9.714822085803252349e+00
-9.742095730408253829e+00
-6.648342000192106305e+00
-1.857935958492048734e+00
2.053237969802019780e+00
2.992237009788021318e+00
6.742876782005171599e-01
-3.256966314619822001e+00
-6.352865567948628112e+00
-6.913103221280327837e+00
-4.912370086875982977e+00
-1.750675035608678876e+00
8.708847975889584259e-01
2.081433594778353324e+00
2.212396351364581903e+00
2.279202261719695866e+00
3.095339152912655045e+00
4.727459313923205286e+00
6.626619962063899472e+00
8.184627509701986270e+00
9.153625123585037215e+00
9.565440493616646833e+00
9.297059319576153058e+00
7.794807862173179558e+00
4.361027185755059321e+00
-1.104858760154111330e+00
-7.507396695604039216e+00
-1.272141401593377452e+01
-1.462798321377396249e+01
-1.242626620471642873e+01
-7.300482064849331820e+00
-1.871246090332161938e+00
1.313548636870516706e+00
1.279245929756174904e+00
-9.077783189192316637e-01
-3.040524793826536509e+00
-3.411001708739028970e+00
-2.017056626036406008e+00
-4.588832524250974210e-01
-5.931954195048436684e-01
-2.935626399218072891e+00
-6.021278542397162425e+00
-7.264925655719894237e+00
-4.769032668027167965e+00
1.200732855408820576e+00
8.169829199085175020e+00
1.294567490171324131e+01
1.364953756244000793e+01
1.087695703730927477e+01
7.162029715194471180e+00
5.113641199821184813e+00
5.543675219413442434e+00
6.929298248688867012e+00
6.611279112614989018e+00
2.886547964556141821e+00
-3.507797096929778036e+00
-9.619004961736742132e+00
-1.211836433183886363e+01
-9.518033564744357022e+00
-3.240987645723985011e+00
3.202534845946638065e+00
6.383864324542987134e+00
5.016303023536097250e+00
5.606963859769311664e-01
-3.946495407606637418e+00
-5.960257343247446826e+00
-4.960700279255956247e+00
-2.486252461775660283e+00
-7.947743083765066441e-01
-1.207837544429525511e+00
-3.310380570778503451e+00
-5.458510094073217189e+00
-6.070082983134005516e+00
-4.666645269270373042e+00
-1.939464983773852680e+00
1.060519871676147918e+00
3.827472240765284806e+00
6.608166767226432370e+00
9.762569133703303592e+00
1.288796824913381833e+01
1.456949546913839377e+01
1.314249366893255377e+01
8.006683565277231907e+00
4.887549400458053306e-01
-6.531856742907675262e+00
-1.015760411685459630e+01
-9.209938820905634316e+00
-4.977934057186520711e+00
-4.108426018138336411e-01
1.753821080076380046e+00
6.907979599348474942e-01
-2.113948827880697046e+00
-4.009719407882091247e+00
-3.072001060689987462e+00
5.427323494243738722e-01
4.660762282583171157e+00
6.484713586246900974e+00
4.366689677821155691e+00
-1.174252990708480215e+00
-7.764059202407533888e+00
-1.251664291207447732e+01
-1.352354786368425543e+01
-1.064292743890324289e+01
-5.282266410121526867e+00
5.112935922583026205e-01
5.039597680564563476e+00
7.532914101926386330e+00
8.185915842658303632e+00
7.810568029319549410e+00
7.351770806042499551e+00
7.444676044591122199e+00
8.119344748969325565e+00
8.747337036607305549e+00
8.311394592443893004e+00
5.964589916319273044e+00
1.639896501492556169e+00
-3.668669412798274632e+00
-8.230306789476156126e+00
-1.042789802794571408e+01
-9.662356033750560513e+00
-6.717906441758163538e+00
-3.297676919810358154e+00
-9.972844822868747183e-01
-4.014601923954689289e-01
-9.298029918162938889e-01
-1.525506933272680943e+00
-1.648584130838378847e+00
-1.783876180449722959e+00
-3.022993393161320430e+00
-5.994761356754983339e+00
-9.967666544815678265e+00
-1.289376898952284733e+01
-1.250946802518381951e+01
-7.816058266819410960e+00
7.921049853751060965e-02
8.397633972758447030e+00
1.417990640710981687e+01
1.589110989697484300e+01
1.412082558171829660e+01
1.097750874522470887e+01
8.643826999000079780e+00
8.069901748797020602e+00
8.606573200682687386e+00
8.691107574950759584e+00
7.007871831026609044e+00
3.323236279618651423e+00
-1.470607839720178056e+00
-5.982090768287179117e+00
-9.098430377262817004e+00
-1.042388485456163849e+01
-1.023012140244781776e+01
-9.116386491434507633e+00
-7.678149576142226707e+00
-6.339024382260068258e+00
-5.308425375448169170e+00
-4.572152228131622920e+00
-3.912429187432111988e+00
-3.036233999541205097e+00
-1.829399244158592008e+00
-5.831899094900059310e-01
5.271515530567394414e-02
-5.051545985836319863e-01
-2.190137023980278652e+00
-4.000382597567271326e+00
-4.369279370889538328e+00
-2.099639660676067443e+00
2.716769578571477162e+00
8.490311391292053145e+00
1.291114901805229032e+01
1.428521799455029395e+01
1.253513991562113894e+01
9.142889960719996267e+00
6.047324388462068434e+00
4.286315321487467855e+00
3.388669232974644174e+00
1.972512219633695274e+00
-9.188724463454582825e-01
-4.808010620216402131e+00
-7.944290578950463200e+00
-8.576257784068207712e+00
-6.375707801535248187e+00
-2.871794986260450155e+00
-4.721947337101529696e-01
-7.449701109738809945e-01
-3.259425526078706614e+00
-5.917692341032643633e+00
-6.588705863917738270e+00
-4.825130413646535388e+00
-2.314228869048036152e+00
-1.630294734999354844e+00
-4.155262941698042667e+00
-8.728113084374388819e+00
-1.211477515087658219e+01
-1.107385512017354579e+01
-4.600390797262521758e+00
5.240884659683621827e+00
1.448804322969211711e+01
1.963034685163329840e+01
1.950169575000509070e+01
1.549232381593590979e+01
1.012917071818493397e+01
5.243093681530261563e+00
1.123735082530203488e+00
-2.838388883253171624e+00
-6.766226857147470852e+00
-9.501683352038821084e+00
-9.211025490715940123e+00
-4.984561575278801726e+00
1.893653091694091906e+00
8.190521405472942718e+00
1.053783608836374341e+01
7.612842433152660959e+00
1.090836752743201021e+00
-5.403607954951088921e+00
-8.670645966257620074e+00
-7.966306870095329451e+00
-5.250417372697469887e+00
-3.508763775679843988e+00
-4.416038811472795977e+00
-7.076533999332608182e+00
-8.760825645215101432e+00
-7.061677623796216885e+00
-1.836325155524854758e+00
4.532360094027300335e+00
8.767463010334456186e+00
9.025996176255008052e+00
6.208205572082651003e+00
3.278230304999587119e+00
3.077349871153147731e+00
6.204057927184484456e+00
1.048475989690774668e+01
1.242072829062050943e+01
9.603772885441372864e+00
2.433688576516432001e+00
-6.018105159342761468e+00
-1.187098180516504620e+01
-1.275442436445253946e+01
-9.081197122635167318e+00
-3.544449682573426408e+00
6.980124599666694962e-01
1.896769349231213653e+00
4.762750931898594997e-01
-1.644577997317462792e+00
-2.562204852010671718e+00
-1.661896935952223764e+00
1.335897643353186615e-01
1.185135200715211168e+00
3.852052091276140233e-01
-2.021311739013441855e+00
-4.557654263288029917e+00
-5.465382384672212268e+00
-3.859187184554054184e+00
-3.503182518138707735e-01
3.267671724204167738e+00
5.109950637314126354e+00
4.423890790047265931e+00
2.176969810100018332e+00
5.696939557586682135e-01
1.663932007268836832e+00
5.904365286764026166e+00
1.148632568222278394e+01
1.511289537477427736e+01
1.385946252646580135e+01
7.099523321241612450e+00
-2.742145951172423324e+00
-1.124203514874333010e+01
-1.437284256834448470e+01
-1.085940869895147642e+01
-3.013578709975049730e+00
4.565383173737506795e+00
7.698937395475591750e+00
5.077487908556632235e+00
-1.104090543681780057e+00
-6.725567029084789539e+00
-8.488352230720462188e+00
-6.011743732797620865e+00
-1.905164861002076160e+00
1.823727826785573880e-01
-1.832158188461070925e+00
-6.991364377460207891e+00
-1.192892301495133189e+01
-1.311887336951729921e+01
-9.168213278080717288e+00
-1.614716950109053251e+00
6.210682770981946987e+00
1.134952103546017810e+01
1.286455026554971681e+01
1.191668132030079974e+01
1.042045749666918297e+01
9.435744691216925162e+00
8.535313218905862698e+00
6.534219950178226100e+00
2.868167607820025111e+00
-1.583649025133786470e+00
-4.956440610134134062e+00
-5.805732176884655260e+00
-4.329346448367862976e+00
-2.368081466433080706e+00
-2.078718655808913685e+00
-4.230927451750464030e+00
-7.441775368241929201e+00
-9.021466817912161318e+00
-6.914251271261540488e+00
-1.361363962902590430e+00
4.956989730006578831e+00
8.493028305176952841e+00
7.086627258472723234e+00
1.367375803558662284e+00
-5.652895693693871237e+00
-1.049765618778530651e+01
-1.132155805249927027e+01
-8.775286693460730092e+00
-5.143864248487725277e+00
-2.493526803771263012e+00
-1.221511730147870178e+00
-3.456871297395824882e-02
2.716961231055753601e+00
7.431436392691463055e+00
1.263759508983711122e+01
1.586390946770408661e+01
1.536185928865237393e+01
1.139333323171441847e+01
6.099606417508720568e+00
2.015160419832030314e+00
3.033167910033269798e-01
2.011886926471673220e-02
-1.023924084239021370e+00
-4.411757531843949032e+00
-9.644893683336988488e+00
-1.418758064741654579e+01
-1.509856647711878175e+01
-1.115463458367742433e+01
-3.955195732955336219e+00
2.846619961776347019e+00
5.751502111158357522e+00
3.601931282832880665e+00
-1.734735549258652476e+00
-6.663813939203841130e+00
-8.260227088187482636e+00
-6.123633285371086643e+00
-2.426562196374150382e+00
-1.516562709053408398e-01
-7.863684375996720100e-01
-3.134412961023024025e+00
-4.127830277119967306e+00
-1.110709759114566708e+00
6.002027697530222028e+00
1.425499398869014911e+01
1.930559040405126225e+01
1.817104509296015280e+01
1.125061668713799001e+01
2.240844120207696744e+00
-4.059129835516330331e+00
-4.660354181296206377e+00
-1.498111875444951835e-01
5.797712545157573061e+00
8.797804262057468350e+00
6.463201869234054264e+00
-2.681281885889057470e-01
-7.928550258530747463e+00
-1.279301992991265813e+01
-1.309076429768484928e+01
-9.781293491998631850e+00
-5.558175799770344483e+00
-2.914981599342436169e+00
-2.631385467243218201e+00
-3.620582409804360413e+00
-4.076567720888416346e+00
-2.988180429726031484e+00
-9.176832224179691799e-01
4.685009031544005165e-01
-2.660470674695638582e-01
-3.093435754505962976e+00
-6.258211128639889154e+00
-7.195219524833005309e+00
-4.072301574917157829e+00
2.983219633057980325e+00
1.171286139292134898e+01
1.872564663364848059e+01
2.113020589770066593e+01
1.794215048995631534e+01
1.055589863125040218e+01
2.066359596981039992e+00
-4.202216616866661703e+00
-6.230444871931707596e+00
-4.158295708339551311e+00
-5.865388177213759491e-02
3.234181577533323804e+00
3.625785944754660317e+00
8.011300379336701027e-01
-3.747197025975793849e+00
-7.692872328884500455e+00
-9.266375772507647213e+00
-8.228866582751363623e+00
-5.853489893085310314e+00
-3.966710373517945420e+00
-3.708678826990791322e+00
-4.847518060279316643e+00
-6.090187082272059627e+00
-6.127074131953479608e+00
-4.622052904019614772e+00
-2.402503662260158990e+00
-7.039601785653024635e-01
-5.469729202126782930e-02
3.015089199992073699e-01
1.913897816947857988e+00
5.842474337901673920e+00
1.152047427770612664e+01
1.668754414688092425e+01
1.859968508318108249e+01
1.578309121499699863e+01
9.129272584544201763e+00
1.508202651998929333e+00
-3.923379194222799349e+00
-5.616377999290145695e+00
-4.446512753340737589e+00
-2.897604377449165547e+00
-3.186353085121846007e+00
-5.646516277163541098e+00
-8.509983340981598587e+00
-9.237695979485069486e+00
-6.456759278847840733e+00
-1.125336297304745159e+00
3.920283423130747735e+00
5.757970248828010007e+00
3.303961372582806089e+00
-1.932439995783397535e+00
-6.772725149690234758e+00
-8.358657581719061369e+00
-5.905970444526508878e+00
-1.108651864322942604e+00
3.016379063650811876e+00
4.058273806796997896e+00
1.684687236198894045e+00
-2.220942374142683917e+00
-4.768022594026774641e+00
-3.816797923039991325e+00
7.757797075740819892e-01
7.104141056756041017e+00
1.230391200512307215e+01
1.409972548623505517e+01
1.193600537106503623e+01
7.115490319430268329e+00
1.946654932461979293e+00
-1.571876241779408545e+00
-2.786792546552228522e+00
-2.586979831613390513e+00
-2.680050366086953240e+00
-4.388033505927463551e+00
-7.689457872478996592e+00
-1.111380448520670328e+01
-1.260000151234217824e+01
-1.082622759397148471e+01
-6.173116607186186044e+00
-6.517813008819008935e-01
3.239624743143934893e+00
4.047064240629777210e+00
2.274652023940278767e+00
2.205649272418952478e-02
-4.769116867014581151e-01
1.546409788415395337e+00
4.784000789948871457e+00
6.727076528234372965e+00
5.497474286154236722e+00
1.376895817043235937e+00
-3.097522909880507047e+00
-4.657113931157423892e+00
-1.492527088653555101e+00
5.368662120906996904e+00
1.248847605963832663e+01
1.603772495896635775e+01
1.410494875618358712e+01
7.780290665267457939e+00
3.276511851676904286e-01
-4.946558621030129999e+00
-6.662877521570018224e+00
-5.884024524473213447e+00
-4.942998050779221053e+00
-5.529782983677422159e+00
-7.446045531229453118e+00
-8.883538662281369014e+00
-7.943676282800432809e+00
-4.228639262923475250e+00
6.763241347268842407e-01
4.171503827294530176e+00
4.352367103895765865e+00
1.245574106093929601e+00
-3.266314710997694437e+00
-6.721105542397226351e+00
-7.624303997232757979e+00
-6.213572338411550433e+00
-3.998246504736980178e+00
-2.501396115255015928e+00
-2.138568999396293968e+00
-1.994721098349958588e+00
-5.888071194946609133e-01
2.954287979746548665e+00
8.128446698924976843e+00
1.315599149097504572e+01
1.588608453802940801e+01
1.493029067667033338e+01
1.040466802437609672e+01
3.918528498135711580e+00
-2.144529952281592600e+00
-5.690976490716643355e+00
-5.845545590191234986e+00
-3.335142467982763037e+00
-1.366583653752739824e-01
1.498608096466232942e+00
2.223526628115930492e-01
-3.625807781743396241e+00
-8.108363530930258634e+00
-1.071053578508808179e+01
-9.790077095765971293e+00
-5.612953737009404698e+00
-2.904953693211571597e-01
3.423566214317600220e+00
3.768709623212044946e+00
1.002023819586033815e+00
-2.870199981103027653e+00
-5.472082361071306522e+00
-5.592403134791828379e+00
-3.802695620544557897e+00
-1.752907449894997693e+00
-7.190373579594355746e-01
-5.450575306240592610e-01
1.742125327716571581e-01
2.788530914695774410e+00
7.196941435491122974e+00
1.152987687937734052e+01
1.328738503758600231e+01
1.116514560502295339e+01
6.180374390836371745e+00
1.142813987455938207e+00
-1.266495121065555951e+00
-4.433964741358087380e-01
1.651057074323648122e+00
1.931707963208814771e+00
-1.414142896862312204e+00
-7.338210018051108285e+00
-1.241174030045219290e+01
-1.315441059329732099e+01
-8.598218943064320996e+00
-1.215223632659223174e+00
4.549160561673675218e+00
5.188993258618699755e+00
4.849615037359245040e-01
-6.358098684452621718e+00
-1.087830343880017026e+01
-1.030756048409623382e+01
-5.265171759705387977e+00
9.119886094365461382e-01
4.619246101302763030e+00
4.417437613388210060e+00
1.769194916842088849e+00
-2.983716975735331012e-01
5.122566568352924232e-01
4.226096939566406085e+00
8.824585219077796694e+00
1.188825501920723049e+01
1.229225163733306303e+01
1.069119907806169678e+01
8.578698877536025336e+00
6.840043429787966645e+00
5.048342805263390964e+00
2.064895443311897338e+00
-2.613095522082900857e+00
-7.948305290666420220e+00
-1.174046338147618052e+01
-1.207795434810228130e+01
-8.764952777542303508e+00
-3.602573738283829652e+00
7.301395125761322991e-01
2.377584368329403564e+00
1.340279684511787472e+00
-8.729474913837229622e-01
-2.608426564230864386e+00
-3.321109377298485210e+00
-3.740343603316225618e+00
-4.892122078478293723e+00
-6.867729039595500851e+00
-8.434203047254250407e+00
-7.880211328664016079e+00
-4.447366294375236784e+00
8.390777732410441558e-01
5.701242622302640228e+00
8.189333669136997784e+00
8.122932137107374828e+00
7.236403088758426527e+00
7.827143148602240252e+00
1.086738321472113711e+01
1.500888503169749555e+01
1.729843835525836226e+01
1.516707086190942277e+01
8.294419210983473789e+00
-9.910309269739761007e-01
-9.071738732110642189e+00
-1.320272381730343270e+01
-1.297664081757187127e+01
-1.014890062320099595e+01
-7.091226134257319735e+00
-5.098649425869659524e+00
-3.784344609787691383e+00
-1.896554122272311460e+00
1.204547366835133859e+00
4.636292220057530500e+00
6.389276547341692591e+00
4.741789724217661650e+00
-3.687661602862072341e-01
-7.034070872793721563e+00
-1.235073144138850054e+01
-1.400218419223396538e+01
-1.140263456042888812e+01
-5.755550386792679163e+00
8.303741851035577604e-01
6.454966939932219816e+00
1.008172498466512934e+01
1.154020474614038960e+01
1.117987745692741086e+01
9.590418391062792480e+00
7.521852032750795836e+00
5.806769235020576403e+00
5.057876910378118929e+00
5.219023777041459589e+00
5.368228929685877837e+00
4.136038267485980136e+00
6.499531402687228621e-01
-4.607306454247765970e+00
-9.747397653488363289e+00
-1.245909195081424770e+01
-1.146329806633776194e+01
-7.421420726590625350e+00
-2.574561167851831200e+00
7.067285269947041204e-01
1.437747580802925862e+00
4.707365082996848304e-01
-4.679625141922661991e-01
-3.976053608231757686e-01
-3.356256190379780513e-02
-1.209999017988009351e+00
-5.122235632591234378e+00
-1.076620045688270189e+01
-1.495929259630765706e+01
-1.421252880458932033e+01
-7.271495048154585916e+00
3.534185558713624609e+00
1.330171944815588603e+01
1.745338846716607861e+01
1.463023986858881464e+01
7.568196220525087448e+00
1.278676678096807517e+00
-2.697526850542115717e-01
3.295398736291856867e+00
8.698850252532384530e+00
1.144401890914758191e+01
8.965197216447956308e+00
2.295192414927596403e+00
-4.839220349218567030e+00
-8.721187976838777445e+00
-8.137872114066638574e+00
-4.916492703897460181e+00
-2.265153578735369599e+00
-2.286939136069162437e+00
-4.552843100596509984e+00
-6.715565341106047192e+00
-6.559647131213200311e+00
-3.831828878569618624e+00
-4.458637390212762952e-01
1.037185947318892909e+00
-5.757371341920780594e-01
-4.165401803484175325e+00
-7.122258598668206098e+00
-7.260618961299284635e+00
-4.348202967014152875e+00
-1.278679007165313131e-01
3.100134151619757361e+00
4.184958993654686488e+00
3.820484754721200638e+00
3.779111485345267418e+00
5.379047321591595043e+00
8.419822716851086852e+00
1.137077557814859219e+01
1.256593742641228673e+01
1.139087704189464922e+01
8.536356385254526558e+00
5.220499681833832284e+00
2.136463535998360364e+00
-9.382485733861702926e-01
-4.557594034498654523e+00
-8.616651683965709907e+00
-1.191147934520772012e+01
-1.276165942109775031e+01
-1.029289878197487162e+01
-5.354201485616120415e+00
-2.516964898366192971e-01
2.617872876604714349e+00
2.269803475742398824e+00
-3.388807311197038485e-01
-3.134695496965725248e+00
-4.455852808247271035e+00
-4.109195710768251963e+00
-3.186573755873372882e+00
-2.875992796638166205e+00
-3.298247748983791361e+00
-3.346340807014126728e+00
-1.652283530853159821e+00
2.144390944666417109e+00
6.914888053631511156e+00
1.078538479022315855e+01
1.251401148575784106e+01
1.235073134660611949e+01
1.163317886228185394e+01
1.142904988615616091e+01
1.138107101513555541e+01
9.815688508258396894e+00
5.164812828788507559e+00
-2.386003136871714503e+00
-1.042443482363201923e+01
-1.558386792445579161e+01
-1.575480684001289866e+01
-1.159246354682450253e+01
-6.101360364845763051e+00
-2.506108011347170095e+00
-1.971329880571475401e+00
-2.928981980301015309e+00
-2.585666626903795340e+00
5.210767320962219618e-01
4.949100918315773256e+00
7.131653019382360625e+00
4.091623194194551338e+00
-3.907822382786859006e+00
-1.289203320659426133e+01
-1.747795502515204547e+01
-1.446654718784381899e+01
-5.163360466842732421e+00
5.338777995200495674e+00
1.152988183879642570e+01
1.117007200267736522e+01
6.665188398805389269e+00
3.127557906178782599e+00
4.506652271915033481e+00
1.058449721619650852e+01
1.702053871335879620e+01
1.843191282974056122e+01
1.230364231821299903e+01
9.291591736842388372e-01
-9.995368969341413390e+00
-1.510746170020203749e+01
-1.280476204395544748e+01
-6.011618158009366830e+00
1.166868171064441295e-01
1.796717441718630681e+00
-1.046770594840264135e+00
-5.235502897338847994e+00
-7.032946289087579572e+00
-4.972787553475833455e+00
-7.691263827527776709e-01
2.206410540196316550e+00
1.582186230889214951e+00
-2.267086815298473113e+00
-6.624775985673778678e+00
-8.551286517932197739e+00
-7.026960399647093958e+00
-3.507290816164634784e+00
-5.640271145840620726e-01
2.449718533605700355e-01
-4.056136905365140821e-01
-2.260773956511333838e-01
2.745563810382895653e+00
8.394340098035666387e+00
1.432650026430973789e+01
1.738902445038835509e+01
1.579853049329262049e+01
1.033328225387616683e+01
3.754398799429117695e+00
-1.078092677700627888e+00
-3.011414056135178541e+00
-3.062979290816181255e+00
-3.300125441759407252e+00
-5.050147384816329854e+00
-7.797609446831588187e+00
-9.570216996403399179e+00
-8.500626186599010481e+00
-4.398753182113269489e+00
8.266079688992025165e-01
4.232686208458537713e+00
3.690747348428453201e+00
-7.158147080111882943e-01
-6.660549721273934409e+00
-1.091920332727931608e+01
-1.122789609225838348e+01
-7.512716321393261509e+00
-1.796033064211555619e+00
3.080667623493291263e+00
5.097744152882815349e+00
4.104761669616031838e+00
1.739790864027391137e+00
3.612798391855636115e-01
1.654181613693098019e+00
5.679621555623690199e+00
1.083338613726273536e+01
1.467492100625498352e+01
1.515950808128063620e+01
1.164551560165437394e+01
5.198739018858749894e+00
-1.921876077815598549e+00
-7.317870448154689456e+00
-9.518881751974307193e+00
-8.551929570303968831e+00
-5.763218591904501586e+00
-3.025662128095577330e+00
-1.770933345659766012e+00
-2.351965711505950019e+00
-4.035603203852309306e+00
-5.564796251570114372e+00
-5.924007867314465159e+00
-4.864247381312133633e+00
-2.927854230284093084e+00
-1.030665552240618954e+00
9.175500636725186787e-02
2.324926766486943297e-01
-3.060933759031849721e-01
-1.006567425234154545e+00
-1.455054613164900701e+00
-1.467215289143446011e+00
-9.844808277695660248e-01
1.102475673248524135e-01
2.049993054371759715e+00
5.013194990968009357e+00
8.815060465806835666e+00
1.268852212265042745e+01
1.536823520542675148e+01
1.552648842467370471e+01
1.239380358132350501e+01
6.259758889639579493e+00
-1.426246875815714965e+00
-8.459216864685974002e+00
-1.265727186110557234e+01
-1.270588642470302077e+01
-8.718387737726912334e+00
-2.272421868939531464e+00
4.113499010175521775e+00
7.884446973229724875e+00
7.408448654840785075e+00
2.632238871701423122e+00
-4.832734091130849841e+00
-1.226611725943668674e+01
-1.686600747267571876e+01
-1.686722219940152812e+01
-1.228384497925832441e+01
-4.916563462130071116e+00
2.437580945190113368e+00
7.254461959429972850e+00
8.433646461075136713e+00
6.733991251463389283e+00
4.231717076730099336e+00
3.066925407670272108e+00
4.177059711154781141e+00
6.770657693492737828e+00
8.887357189639748967e+00
8.726127979847015936e+00
5.907589844949826308e+00
1.825386256882583602e+00
-1.206073614154856255e+00
-1.504667995072511921e+00
7.461582452139249311e-01
3.463746338242335465e+00
3.953792419331305208e+00
7.394451548039233657e-01
-5.278474962171760154e+00
-1.116846573833694123e+01
-1.369039972651035697e+01
-1.132594355381066364e+01
-5.296757028611273732e+00
1.120459311664795621e+00
4.561678452986359211e+00
3.560437107818470004e+00
-7.150017137459268035e-01
-5.389184530042721022e+00
-7.779494829525620325e+00
-6.970744927012904490e+00
-4.067699287543143249e+00
-1.096475642627358305e+00
5.451397035016474213e-01
9.529179353219885407e-01
1.353080241316289456e+00
2.913709303783138083e+00
5.720041465874269093e+00
8.707418980362593430e+00
1.054831242697525795e+01
1.072457276819319638e+01
9.880159161838218296e+00
9.145246115985727897e+00
8.979629528927000948e+00
8.521480939609510585e+00
6.082543384303079392e+00
5.424786608112261987e-01
-7.365564453212090967e+00
-1.492129733861875351e+01
-1.872107592008671162e+01
-1.668005272144370821e+01
-9.440756678802364021e+00
-2.260003372460103188e-01
6.829968052632213293e+00
8.861083706887663780e+00
5.650901102734226633e+00
-5.385744294984463609e-01
-6.449937175432916447e+00
-9.627772471010302979e+00
-9.476357488104657278e+00
-7.118687318863321067e+00
-4.374255009809561834e+00
-2.611896050436268268e+00
-2.126976525622989556e+00
-2.230650456516757973e+00
-1.804683681985406629e+00
6.905093087280356201e-02
3.667651738020585306e+00
8.447856210140660238e+00
1.312361088493430117e+01
1.602024134303505676e+01
1.570472286113819393e+01
1.173060344641311836e+01
5.125626995104544115e+00
-1.785193446232813619e+00
-6.339990539419995130e+00
-6.899651668685025996e+00
-3.844259470121432987e+00
4.794170873863281557e-01
2.973059267308325371e+00
1.541125185724284474e+00
-3.643125885525585250e+00
-1.014861796741092448e+01
-1.460216380283571347e+01
-1.454077227725828259e+01
-9.721962101114851151e+00
-2.179052554724638657e+00
4.914000523856175029e+00
8.833566821033803862e+00
8.462161694554861668e+00
4.504492167234575462e+00
-1.137682409099030956e+00
-6.324401064353070367e+00
-9.450703960407754067e+00
-9.793574226629409907e+00
-7.488386553056804118e+00
-3.306095923267315051e+00
1.652759896194450517e+00
6.304333413186737900e+00
9.902743992946978935e+00
1.219599407126711554e+01
1.329158569490427233e+01
1.328578428948553380e+01
1.194127111568062283e+01
8.753607942278263110e+00
3.495697618859917810e+00
-3.099080251548123943e+00
-9.119054954470044549e+00
-1.213659101455139577e+01
-1.055840192745092310e+01
-4.852434912758472052e+00
2.284442099309083041e+00
7.176799797796953762e+00
7.235708398192837620e+00
2.558059197081279379e+00
-4.061773594248161423e+00
-8.845828695742984138e+00
-9.428595613960471411e+00
-6.350008532606323364e+00
-2.598489435226811750e+00
-1.462963197629925105e+00
-4.138911372582331438e+00
-8.751778643540491842e+00
-1.151942703038968574e+01
-9.303180568857703392e+00
-1.818915773234300204e+00
8.008932753643920321e+00
1.580304316533846531e+01
1.841364531738449273e+01
1.573011459662345857e+01
1.046291664463621807e+01
6.145771205715310437e+00
4.796876002077588907e+00
5.827300158603203606e+00
6.831849441672892098e+00
5.557715975673954034e+00
1.577734217497552827e+00
-3.490170166115475592e+00
-7.259800580894105515e+00
-8.315689692455007886e+00
-7.114385802383307755e+00
-5.442380205684546723e+00
-4.925733048464692843e+00
-5.768855510988986524e+00
-6.679610432227573114e+00
-6.011001459426908333e+00
-3.224365061359066864e+00
4.603317947418330558e-01
2.753528668738986607e+00
1.859144797158791329e+00
-2.197436037723781599e+00
-7.421195994702394216e+00
-1.098745101306274918e+01
-1.088552285539261355e+01
-6.968645903265015207e+00
-7.782361168146216812e-01
5.609863853510534959e+00
1.082111335737482172e+01
1.463728048225336131e+01
1.746268676112601526e+01
1.936088072231367363e+01
1.952852000478115357e+01
1.670434487437286464e+01
1.025402100045565490e+01
1.099214268162438835e+00
-8.294184053223087716e+00
-1.500933893787787099e+01
-1.721183012032341608e+01
-1.512787483523089094e+01
-1.081053701734055039e+01
-6.839277126293146658e+00
-4.806176099243090860e+00
-4.564079716105085005e+00
-4.669446423484052922e+00
-3.632911039456955926e+00
-1.067814303255600006e+00
2.045253618217763858e+00
4.095107414707418236e+00
3.984258067408355419e+00
1.839439711676400746e+00
-1.178843101008467453e+00
-3.739144341333824784e+00
-5.159728035756044662e+00
-5.560037037880846356e+00
-5.298241919522031829e+00
-4.262979629878035581e+00
-1.733540651166571855e+00
2.940201329539136932e+00
9.317862553427353589e+00
1.540386630692105108e+01
1.835126813092542619e+01
1.610554524169032220e+01
8.954550603816008092e+00
-1.819504510474292402e-01
-7.158724903231563630e+00
-8.988872716319052714e+00
-5.709750505093248663e+00
-4.367696093011845804e-01
2.565791999430705683e+00
6.400787989242061604e-01
-5.462870652476383704e+00
-1.196073257877239904e+01
-1.442343587426934981e+01
-1.065806335174532116e+01
-2.229367898076833221e+00
