5.808273748726902497e+00
3.217607492371875821e+00
-2.060843402400679203e+00
-6.736130287417521956e+00
-7.786514431084337495e+00
-4.495568027755997953e+00
1.103417122350354163e+00
5.664848204838170531e+00
6.796370645544451250e+00
4.535132967646857693e+00
1.035273763560404348e+00
-1.204004714823283306e+00
-1.189299889492747786e+00
1.979370555840864743e-02
4.192593596581490889e-01
-1.099941932475780204e+00
-3.664858434589726155e+00
-4.986418495711125942e+00
-3.192688121759139630e+00
1.472627942845381233e+00
6.454520294663392832e+00
8.475625611241897062e+00
5.843707624458744476e+00
-1.925402638339357431e-01
-6.094515701286220555e+00
-8.329258427894828287e+00
-5.745299827813736826e+00
-3.597915784561978580e-01
4.021086751877869681e+00
4.406076864823006645e+00
6.397189534730922666e-01
-4.555971635053620794e+00
-7.519656205105174962e+00
-6.185454052018992677e+00
-1.441247557210727503e+00
3.595181170991159192e+00
5.801434777336730519e+00
4.161934099850701507e+00
2.945788671019364813e-01
-2.890596639357110753e+00
-3.337588808015756747e+00
-1.205032613417628129e+00
1.499273332303479256e+00
2.634893834589714601e+00
1.628598553168262963e+00
-1.512071270107033794e-01
-6.090027359872950408e-01
1.242275178715769091e+00
4.279967181509165997e+00
5.937740362914494696e+00
4.107171119001457704e+00
-1.116845463372222014e+00
-7.173841040409375758e+00
-1.053706617706034443e+01
-8.986394922395152918e+00
-3.103484774384644318e+00
4.024081317714606421e+00
8.667410301925544402e+00
8.627084582952400993e+00
4.321505929161098436e+00
-1.773807442424160108e+00
-6.773578112231811943e+00
-8.930395968352820901e+00
-8.159243355635188877e+00
-5.471890631694569684e+00
-2.008544372787398835e+00
1.533802592940536780e+00
4.795736965887092751e+00
7.338150688644202724e+00
8.500008294035264811e+00
7.766352190195777716e+00
5.313967316727945089e+00
2.152784883853583686e+00
-4.051017783917594262e-01
-1.602549736436405636e+00
-1.710388206596751282e+00
-1.656138480386115885e+00
-2.053835057292747734e+00
-2.460200561656741947e+00
-1.603055089961845203e+00
1.429923720224553385e+00
5.926490412167236599e+00
9.349816359810233735e+00
8.677155940896591702e+00
2.576038280699846084e+00
-7.092332083177724122e+00
-1.571172621674022274e+01
-1.832764632594415843e+01
-1.266969179918661936e+01
-8.364644117528037270e-01
1.156368493587863533e+01
1.842347482223097543e+01
1.651209802748562794e+01
7.183367914527659437e+00
-4.552653114833367098e+00
-1.292264060511172374e+01
-1.444514962012677373e+01
-9.415386006739097979e+00
-1.205033087224073540e+00
5.895596624976004563e+00
8.873189818021469222e+00
7.087161626836635975e+00
2.015937738745659402e+00
-3.803414833238563997e+00
-7.887701987778234169e+00
-8.546434084285078114e+00
-5.260302663767650877e+00
1.139138357805294710e+00
8.509105108610587109e+00
1.388135761712374006e+01
1.452286143120397810e+01
9.277674733233727267e+00
-5.147077690839618747e-01
-1.121788526695181076e+01
-1.835519850897104988e+01
-1.868993891047163913e+01
-1.183282030046953714e+01
-4.850881896951877437e-01
1.081187015395954809e+01
1.772514182945932504e+01
1.791592400154729958e+01
1.177186749218669526e+01
1.947252140073969073e+00
-7.854685867774472641e+00
-1.423741510539807287e+01
-1.515825477059790316e+01
-1.048822727379965514e+01
-2.040986865649756954e+00
6.967632998176426007e+00
1.301220743934168134e+01
1.365128372001160528e+01
8.665508594648157370e+00
2.962394223446516150e-01
-7.717694881289680175e+00
-1.194234219231804595e+01
-1.095470259460475759e+01
-5.975043574650788614e+00
-4.357173308754846985e-02
3.759094971363403204e+00
3.968222516249213072e+00
1.308871059255590774e+00
-2.040095159308208395e+00
-3.892097061514460776e+00
-3.248121297269438656e+00
-5.852654741685880957e-01
2.731992400413697730e+00
5.347312886776558472e+00
6.501134235650487980e+00
6.088808231103984170e+00
4.405246440892701010e+00
1.926991309951647580e+00
-7.320322737702021909e-01
-2.845271232067042355e+00
-3.786422556143929086e+00
-3.398206485623123108e+00
-2.204519088799191007e+00
-1.154877963960760923e+00
-9.463164117364522010e-01
-1.398500946081288721e+00
-1.451476439839066934e+00
5.704826751235736459e-02
3.326553674623503376e+00
7.084826872469260017e+00
9.175953072402576183e+00
7.977540423895115751e+00
3.667013356889909481e+00
-1.661556416480976406e+00
-5.254310729541582070e+00
-5.519418716514493894e+00
-3.105728226576363049e+00
-3.997108831435816079e-01
2.548005247684400620e-01
-1.665628133493057161e+00
-4.418088165157668001e+00
-5.254546775662652713e+00
-2.499221274692934092e+00
3.075919225123488587e+00
8.598231592476814455e+00
1.092705476004100973e+01
8.660543406431134628e+00
2.916459312961151795e+00
-3.570969732397508700e+00
-8.261974214121419635e+00
-1.017065217108781994e+01
-9.892417404478422327e+00
-8.530890794065813409e+00
-6.590080442452188159e+00
-3.799284331610469856e+00
7.076496422098066397e-02
4.272049313982181573e+00
7.044693533970688648e+00
6.726974109926861622e+00
3.191165720075616274e+00
-1.646129068161333864e+00
-4.867447213548084406e+00
-4.543422965195217600e+00
-1.197158343490069221e+00
2.465405674700745120e+00
3.505799857047731560e+00
1.006311144503321486e+00
-3.088669039375915304e+00
-5.281375148198232061e+00
-3.114464043054606446e+00
2.838378546587466467e+00
9.109734201157534628e+00
1.160524289765267625e+01
8.432156012294134584e+00
1.276021617832027388e+00
-5.667613051392841328e+00
-8.458075145097360803e+00
-5.934823625695616833e+00
-2.846269642315069071e-01
4.638390009934379776e+00
5.957672193718239306e+00
3.519343107366465162e+00
-3.617627090796903255e-01
-2.776667462783066753e+00
-2.257133200283836238e+00
4.378112998713792337e-01
3.153855648235843745e+00
3.986637358204185855e+00
2.485078000987114510e+00
-3.330478484618935031e-01
-2.934375193451192132e+00
-4.330927451190285993e+00
-4.495065379850478493e+00
-4.021162816134983053e+00
-3.512384477319403953e+00
-3.239087447089490812e+00
-3.210855119606392805e+00
-3.373986922596484028e+00
-3.602565159273407591e+00
-3.496711991148611087e+00
-2.346010791014305763e+00
4.409149642781100553e-01
4.609034836109781708e+00
8.657508646873250058e+00
1.034679847185134705e+01
8.048088238835065411e+00
2.093268185241458745e+00
-4.952768280698259140e+00
-9.553141863008512757e+00
-9.336698272914807362e+00
-4.688215872540179241e+00
1.396926872511224937e+00
5.216709774113814646e+00
4.771698295506537235e+00
1.006571704356507890e+00
-2.986232891147978741e+00
-4.203925784792818199e+00
-1.774113391377384108e+00
2.658321420058607387e+00
6.380823206434444117e+00
7.687672332888109139e+00
6.933863474992170595e+00
5.790113568033299352e+00
5.407809668531952774e+00
5.122053389398192991e+00
2.910490366075443092e+00
-2.629594384886097647e+00
-1.038045570136650575e+01
-1.660990544770520572e+01
-1.712498750726220464e+01
-1.032336867816408521e+01
1.112778509449058317e+00
1.136780939821450254e+01
1.499198751017571674e+01
1.047053310483932798e+01
1.352661686692403720e+00
-5.987498256929364437e+00
-6.557348102067127371e+00
-9.379590863880493679e-02
8.749012921261360987e+00
1.353193320428416158e+01
1.036999265996009356e+01
5.490553712877459525e-01
-1.031057490218120165e+01
-1.591541633799760724e+01
-1.328452257846317153e+01
-4.440198317756030910e+00
5.167367989456822741e+00
1.025990142096884838e+01
8.869824219941548904e+00
3.042070422568120769e+00
-3.081793543191577722e+00
-6.217468638450135643e+00
-5.826643028730261520e+00
-3.806189387524875123e+00
-2.503061603796848722e+00
-2.710073565718825961e+00
-3.146944303872844184e+00
-1.710970226424613827e+00
2.554877060242799924e+00
8.316674397109737882e+00
1.251321424747110989e+01
1.225475566197325428e+01
6.744175250670007671e+00
-2.073196562115799502e+00
-1.052522394208280332e+01
-1.518756149589844462e+01
-1.456693748025065105e+01
-9.561599172072099861e+00
-2.636414167974512779e+00
3.577391454043894026e+00
7.366134101488679420e+00
8.234901103740464023e+00
6.583282615069486532e+00
3.252401714773586416e+00
-6.943993242022927781e-01
-3.996160512101949891e+00
-5.335551227430526566e+00
-3.805244763849313649e+00
4.713601600191537067e-01
6.040086987329739365e+00
1.053492304997866746e+01
1.175809099573399408e+01
8.852716763742654038e+00
2.837742816778323629e+00
-3.874683668857761276e+00
-8.715078747238527157e+00
-1.019610445210271976e+01
-8.430121009563155354e+00
-4.714935418963152713e+00
-6.054239822075879740e-01
2.830632334631785429e+00
5.130349340845855366e+00
6.053005815426647729e+00
5.236199352134586427e+00
2.349336854345313697e+00
-2.309441147694302199e+00
-7.340069543015396825e+00
-1.051071851646669941e+01
-9.872098908000214834e+00
-5.090954411025011339e+00
1.970022358865003209e+00
8.019914071473033701e+00
1.014047328213508514e+01
7.510014686673332385e+00
1.882264752650460338e+00
-3.552408889355732402e+00
-6.175775857101786670e+00
-5.443730484930288327e+00
-2.862300419872824797e+00
-5.367816929477426946e-01
5.455725703484726186e-01
1.147031372447988140e+00
2.829110927064819592e+00
6.201149796964976701e+00
9.855648201130822628e+00
1.101963720900751298e+01
7.615092073874192735e+00
2.109266044219344494e-01
-7.758087637469593290e+00
-1.195135850520969001e+01
-1.005409334742785354e+01
-3.590168070984241844e+00
2.841754158915069883e+00
4.580744433273824967e+00
1.595467469037337160e-01
-7.509993859712882802e+00
-1.297006520865571311e+01
-1.189907376926127469e+01
-4.120197453506597718e+00
6.169307432079821574e+00
1.312860588902540471e+01
1.307676526848580423e+01
6.756104628685685398e+00
-1.428039160097913651e+00
-6.522310993098304976e+00
-6.217721077330296886e+00
-1.920806619489575873e+00
2.843104583769716420e+00
5.281515843631102491e+00
5.215851654375818214e+00
4.658313130912856259e+00
5.609275771113932052e+00
7.978450057397756368e+00
9.385360050090099548e+00
7.063467748525314782e+00
3.812730137724078538e-01
-8.065254668354850054e+00
-1.380066405218248704e+01
-1.342283612630623324e+01
-7.063145607651734714e+00
1.463569124086690598e+00
7.014831512703318950e+00
6.404834047897914218e+00
3.984897049111399969e-01
-6.882120653557389112e+00
-1.065558511093512806e+01
-8.439636789587193988e+00
-1.393120028731318349e+00
6.629154456014722641e+00
1.146996293433881320e+01
1.090445301812889767e+01
5.482495104458903867e+00
-2.182088357914897081e+00
-8.911757030765151910e+00
-1.229229551638414009e+01
-1.132226462369575692e+01
-6.462084596819496873e+00
6.173190792227887247e-01
7.461853180119532247e+00
1.153146081620633367e+01
1.117401240714558242e+01
6.515684077929956963e+00
-3.482950725500986167e-01
-6.243726448656333083e+00
-8.577527893152106842e+00
-6.803746719295101109e+00
-2.693389590184261717e+00
8.661467038755541470e-01
1.789937957586007711e+00
1.236218256847324559e-01
-2.148393017845790176e+00
-2.660632452296285866e+00
-4.430722855589883658e-01
3.380216323542007295e+00
6.450221503833613923e+00
6.904690584402395359e+00
4.670410169174977533e+00
1.383396678764418741e+00
-9.239271214263546916e-01
-1.307302625547686059e+00
-4.376425065491603705e-01
1.541481747479231945e-01
-5.737677716178698484e-01
-2.337319727053905005e+00
-3.830007884415789654e+00
-3.845839813413948427e+00
-2.264839259461402854e+00
-1.178761708265180785e-01
1.253440269188507150e+00
1.191550696290183842e+00
5.890618983542691978e-02
-1.272101325084689760e+00
-2.216927584450223865e+00
-2.799811773763488887e+00
-3.239178234443747417e+00
-3.289777199559961840e+00
-2.127369790916276759e+00
9.149505047420014581e-01
5.313602518990625967e+00
9.048006433295192608e+00
9.609677093043027085e+00
5.830577224618414434e+00
-8.286646529221869395e-01
-6.731904707694326362e+00
-8.258371519904757818e+00
-4.333453966501388699e+00
2.564296294396301690e+00
7.838622712606157172e+00
7.820093347776051473e+00
2.322777660626471175e+00
-5.149771318573074019e+00
-9.770455746554562282e+00
-8.677871719962118036e+00
-2.845310967107393729e+00
3.782712017917715830e+00
7.191490612623260503e+00
6.061101571772488761e+00
2.385974358533407447e+00
-3.894390666015315472e-01
-1.697573553538129776e-01
2.260815066383806027e+00
4.113937277000570880e+00
3.084357419445440840e+00
-6.159829718672357179e-01
-4.351612534009822397e+00
-5.223604120562924891e+00
-2.538891633450729213e+00
1.460149756032996793e+00
3.286011323066736267e+00
1.036227517852182034e+00
-3.903621815838631548e+00
-7.741966068448920879e+00
-7.189700172265828471e+00
-2.178922279426808384e+00
3.793172687168208324e+00
6.121747219076774549e+00
2.607679849320993615e+00
-4.628302050272314894e+00
-1.038798212282963362e+01
-1.002555235468391182e+01
-2.875489189203314311e+00
7.044037360831977068e+00
1.363911759426330050e+01
1.285654138174060179e+01
5.415114159624067725e+00
-3.744813155111909708e+00
-8.852859198785616002e+00
-7.129502395326738906e+00
-4.162294198630536179e-01
6.371068708040415807e+00
8.716699248261232214e+00
5.429231129608008466e+00
-8.936493619270647892e-01
-5.933622440199781245e+00
-6.614707565237212705e+00
-2.908079978249743291e+00
2.542692137304160216e+00
6.409537945717936225e+00
6.743685490995255272e+00
3.805890781173258297e+00
-5.753027889794627425e-01
-4.344445852468169278e+00
-6.239986744823075249e+00
-6.005462780096483932e+00
-4.030329989484289221e+00
-9.720799078524358094e-01
2.344533288347172117e+00
4.914771900904671753e+00
5.763891725085511730e+00
4.444079559183666817e+00
1.464519498768706462e+00
-1.810177771034851002e+00
-3.891993381138858510e+00
-4.078342692974830541e+00
-2.848661108116667950e+00
-1.402448289876546017e+00
-6.733088464780248028e-01
-6.077584502454120852e-01
-3.131202626776938835e-01
1.031690405813935119e+00
3.270813660957090807e+00
5.183097199192522986e+00
5.369574626203654333e+00
3.438626449713940936e+00
4.906968945572733887e-01
-1.589850179344976855e+00
-1.564118579408821930e+00
1.286177583779175571e-01
1.619591792538105812e+00
1.043702654290326493e+00
-1.913604551373910390e+00
-5.596791700849540696e+00
-7.507405687702208397e+00
-6.187545026670196791e+00
-2.419347739955613363e+00
1.242137838094207414e+00
2.328772916302429774e+00
3.372197163747302495e-01
-2.824264054149782321e+00
-4.220756478151862723e+00
-2.113586085781595791e+00
2.643735290833553631e+00
7.114096361369871779e+00
8.346569682850532246e+00
5.484079333536382883e+00
3.498687660128112498e-01
-3.903482170782587524e+00
-5.045462340631590159e+00
-3.226516332371074380e+00
-5.891784786178322353e-01
5.902982992462971756e-01
-2.692570701610576545e-01
-1.698255194839146220e+00
-1.553886591959866337e+00
9.963739123642665341e-01
4.517861341013533760e+00
6.227812008182338488e+00
4.161451058752176912e+00
-1.074635350357747487e+00
-6.389109817621213772e+00
-8.208729872207074507e+00
-5.010797701442826657e+00
1.464692525309633009e+00
7.263504678041233120e+00
8.838513070454537157e+00
5.408327635614340601e+00
-6.011965630512732250e-01
-5.308681374293355404e+00
-6.035682855013933867e+00
-2.977865939165771358e+00
1.232489127699519127e+00
3.634173246074456021e+00
3.088179419883443799e+00
8.904962219034027182e-01
-5.226234183208705586e-01
3.060452556527507584e-01
2.596227688572450010e+00
3.930501177778153998e+00
2.263087593935192210e+00
-2.226127918756227508e+00
-6.927079343605836215e+00
-8.523640961943462102e+00
-5.455170560536602764e+00
7.047681977963119460e-01
6.067070841349710086e+00
6.996656461463024890e+00
2.685894876238782203e+00
-4.103342032142531792e+00
-8.741639392386865381e+00
-7.794993088910693757e+00
-1.385927424671971941e+00
6.773010467128962375e+00
1.173108770520519606e+01
1.047369957684899333e+01
3.803031323581586243e+00
-4.297506264997139169e+00
-9.321634866962055455e+00
-9.079686287352517482e+00
-4.821042837593661368e+00
8.333343056726061349e-03
2.361477542455309830e+00
1.630681748225731198e+00
-2.909431306135533690e-01
-8.540247189588320298e-01
8.829966659573572629e-01
3.357382241062745631e+00
3.721332841928352231e+00
2.985714210146417358e-01
-5.615756624741159442e+00
-1.013025017965428809e+01
-9.277523124043430158e+00
-2.017935270233841560e+00
8.452496564728381401e+00
1.623186175233816186e+01
1.629097491782408724e+01
7.818173783622897943e+00
-4.936316890563336557e+00
-1.500838703672183527e+01
-1.685508206172939083e+01
-9.669812080278417099e+00
2.214019965866709683e+00
1.203674631443434428e+01
1.466335263493352592e+01
9.420668902711399895e+00
7.606832053511203284e-02
-7.783029461528823134e+00
-1.011820082011619881e+01
-6.445978675156439408e+00
5.129979308554257766e-01
6.923032906904374784e+00
1.006670204703469551e+01
9.358897120482586374e+00
5.874545202373796293e+00
1.176091040606677129e+00
-3.517590918005685019e+00
-7.373799809820587470e+00
-9.582258193419828984e+00
-9.296551692668790778e+00
-6.175703020693307899e+00
-1.079398609762442174e+00
3.885660981798304991e+00
6.358556712597305705e+00
5.255393822511209123e+00
1.715630424305637058e+00
-1.421062155160625506e+00
-1.468867828563185318e+00
2.124425086054983147e+00
7.133906032129800678e+00
9.870287764628029592e+00
7.676225892594144007e+00
9.035143844996786910e-01
-7.071366591358410503e+00
-1.191171464917612610e+01
-1.111664639095851825e+01
-5.648288206156740543e+00
7.308806370185302326e-01
3.960081476932576727e+00
2.317595137429680818e+00
-2.569424392712249983e+00
-6.952815580256730854e+00
-7.512997432105656515e+00
-3.484816790288430610e+00
2.986362626201309212e+00
8.332280562572865534e+00
9.762237338972266087e+00
6.724177441238862407e+00
8.581793733000935287e-01
-5.234171893508339224e+00
-9.397020835861296106e+00
-1.063560759729013938e+01
-8.986517975299030070e+00
-5.035745062897298396e+00
3.427195866017034298e-01
5.909454503622463051e+00
1.002666395816389233e+01
1.110509476882740287e+01
8.496963120373745681e+00
3.228860262942651271e+00
-2.154176452695624633e+00
-4.830760909267869607e+00
-3.392842068123348653e+00
1.139551523245198705e+00
5.787681093231929808e+00
7.410826429183371644e+00
4.721088491706411538e+00
-8.254340129287128791e-01
-5.901501034850467065e+00
-7.410575296916769084e+00
-4.448059486132743601e+00
1.155527509146913712e+00
6.032726166219859465e+00
7.390906591997062236e+00
4.648797627882345296e+00
-4.069589649150886501e-01
-4.926970585727781682e+00
-6.809445691230583186e+00
-5.824260322278359325e+00
-3.424667863427528047e+00
-1.536449830962787644e+00
-1.238179027053027959e+00
-2.198250286747561066e+00
-3.126838294506809390e+00
-2.806023424801455501e+00
-9.474362049522240259e-01
1.655899262161496077e+00
3.690859435610195582e+00
4.159657369921104575e+00
2.951922399030402655e+00
8.591402468323459107e-01
-8.977170965912091294e-01
-1.311803056422350178e+00
-6.943578203031713914e-02
2.325477428003265512e+00
4.787827313954387876e+00
6.122361292423923018e+00
5.538803292687279445e+00
3.008132436819499489e+00
-7.003639235135736829e-01
-4.345637122036528410e+00
-6.775207307427622005e+00
-7.440390124556475193e+00
-6.577252079785750993e+00
-4.942066532808087942e+00
-3.271112651009137728e+00
-1.830884402687200208e+00
-3.763633176232104027e-01
1.453750864332467030e+00
3.612294912292491667e+00
5.425687208559351049e+00
5.917546987294890926e+00
4.499052146404086905e+00
1.531936185837774689e+00
-1.699813661434454781e+00
-3.680198856721803580e+00
-3.593002056724236226e+00
-1.850897019315904224e+00
1.855697618414884897e-01
1.148106966233743087e+00
6.201056594101271857e-01
-5.760687036806508843e-01
-1.002524225619103149e+00
2.766758586109794860e-01
2.888692310552976039e+00
5.280248313094036305e+00
5.755612639232609240e+00
3.725994920874915906e+00
2.653342812786401161e-01
-2.495113723323378885e+00
-2.795455719911688952e+00
-5.423553722917157094e-01
2.466433280087465540e+00
3.643090231853988392e+00
1.384945644660913633e+00
-3.642606196819935249e+00
-8.632789156889026927e+00
-1.020997940564005191e+01
-6.534448012220643420e+00
1.368032005343625679e+00
9.924833808801889035e+00
1.485909390771057659e+01
1.350089685980912080e+01
6.230551991771154263e+00
-3.750417436837634177e+00
-1.213072375925048618e+01
-1.566095465126107555e+01
-1.358292693865379164e+01
-7.643099291732889711e+00
-8.735992340696761005e-01
4.032675146298672075e+00
5.847330759368377429e+00
4.971200571639460719e+00
2.792341336235321769e+00
7.789474379226372092e-01
-1.697144290860410631e-01
9.935254268679288847e-02
1.175796006115160885e+00
2.388896863636272627e+00
3.070608848697691684e+00
2.758613935383158466e+00
1.366444851662376836e+00
-7.188123884666188790e-01
-2.718636574364202474e+00
-3.780257170590478388e+00
-3.413146073826628157e+00
-1.780118928012343282e+00
3.877442200716764154e-01
2.241911427174779980e+00
3.336987712393144623e+00
3.832416172272078647e+00
4.199753967714163316e+00
4.648899692850541499e+00
4.752018538517599922e+00
3.645472601972778115e+00
7.558881882858852208e-01
-3.464037492704621357e+00
-7.417642305686033666e+00
-9.115300549260066276e+00
-7.409280615021248906e+00
-2.895024092811819383e+00
2.210900265496293926e+00
5.255099734429741432e+00
4.694731648718425632e+00
1.016526328085331166e+00
-3.575557913707823054e+00
-6.492541729553082952e+00
-6.233124635837096861e+00
-3.069661429173278222e+00
1.387386244578355354e+00
5.298557893018249310e+00
7.536560836714629730e+00
7.880907637638371988e+00
6.559710782369251092e+00
3.752531010799277311e+00
-3.886547507366224785e-01
-5.218309463753691091e+00
-9.182877216402696163e+00
-1.017962705290377556e+01
-6.763296134204345833e+00
5.328989336852991698e-01
8.839832188633140575e+00
1.413853769427479534e+01
1.349622708895224399e+01
6.977824411463769749e+00
-2.119542190149432237e+00
-9.046065310622230626e+00
-1.037321441657665488e+01
-6.003662206899473830e+00
8.956155364455886669e-01
5.984980291392450802e+00
6.468893280460589423e+00
2.652328500979635351e+00
-2.605986701155099006e+00
-6.024029616631638717e+00
-6.051647084874463900e+00
-3.591787065281607738e+00
-9.471199597438053619e-01
6.484524582465800435e-02
-6.279708474523231221e-01
-1.585059521484366796e+00
-1.257802958410671135e+00
6.252332406679571575e-01
2.793342339122108164e+00
3.458434177410033783e+00
1.778991509689098915e+00
-1.404883614461516883e+00
-4.130742711937795519e+00
-4.712485582739258660e+00
-2.894424528511827077e+00
8.692136744859416120e-02
2.499457753237403157e+00
3.330075932425872409e+00
2.778869727009481760e+00
1.750606226022042744e+00
9.046334490907064207e-01
1.508958824098753926e-01
-9.739399399659159906e-01
-2.453688386142368838e+00
-3.357292648603257490e+00
-2.403387289800978710e+00
7.892414106547045449e-01
4.817849668367611748e+00
6.937264305175520285e+00
4.826145313830219941e+00
-1.455514837420632812e+00
-8.843344109936577269e+00
-1.273945652323950561e+01
-9.867823740168137903e+00
-6.802140917898003014e-01
1.042226034640765242e+01
1.742999210688536138e+01
1.627808460832979165e+01
7.365944817787898558e+00
-4.606212592536031103e+00
-1.341455495627668171e+01
-1.494715995677358933e+01
-9.424148898673410102e+00
-9.040036704650906696e-01
5.445600788565869266e+00
6.461888836788879154e+00
2.544635139672383417e+00
-3.123377539086485299e+00
-6.921652318467609533e+00
-7.036943748165798596e+00
-4.220883025885744821e+00
-8.113114113046853149e-01
1.083658709024047484e+00
9.350196013075544599e-01
-1.272990238097220228e-01
-3.607972867847031306e-01
1.265574110115772921e+00
4.363747734930389477e+00
7.400279193708348302e+00
8.656117535279099329e+00
7.222783043189545005e+00
3.482871561524944148e+00
-1.098794123781390741e+00
-4.677768279210223312e+00
-5.855969735290702083e+00
-4.283129250619163386e+00
-8.096251727516072805e-01
2.877791375224175496e+00
5.025270716843880159e+00
4.678851508251872460e+00
2.217822046963650262e+00
-7.981234281699552957e-01
-2.489271650694253601e+00
-1.801740409794086339e+00
7.492199249881108525e-01
3.273936438312200714e+00
3.626693217188623031e+00
8.124112209355089931e-01
-4.213505171119313886e+00
-8.921490183581955336e+00
-1.059495355489726087e+01
-7.902057066250222306e+00
-1.694130701680776507e+00
5.434243448605798221e+00
1.051044455181006576e+01
1.162930260637871527e+01
8.684568621426464574e+00
3.133306496377409545e+00
-2.856386584903876980e+00
-7.280727850652604971e+00
-8.820321753201518789e+00
-7.029195886572741969e+00
-2.422459392026690139e+00
3.458174508821821647e+00
8.225087165031842673e+00
9.374082438526430749e+00
5.522130311288033333e+00
-2.442583337241417407e+00
-1.117488935134220540e+01
-1.615964371705690894e+01
-1.406547472706892066e+01
-4.887257794840125236e+00
7.546092487936951976e+00
1.728882198536924264e+01
1.943841069789404585e+01
1.293545243199503147e+01
1.270528168755970189e+00
-9.428946908727292353e+00
-1.384956119393216412e+01
-1.042652032777336935e+01
-2.022023724637483699e+00
5.987304725062971400e+00
8.962519777698458867e+00
5.589636979273919337e+00
-1.678356187378645448e+00
-8.402768630122970706e+00
-1.089930956337428469e+01
-8.224184802123925664e+00
-2.335298049045987145e+00
3.423002707957285118e+00
6.388094241786983929e+00
5.914420113575278748e+00
3.324913050354934008e+00
7.491841299684671718e-01
-2.775369873024124967e-01
3.994303576360972441e-01
1.724952915798596553e+00
2.296870720130760102e+00
1.317993419692140344e+00
-9.117259235872876566e-01
-3.186610442153946288e+00
-4.117928615697528549e+00
-2.983142294493684066e+00
-2.436418090708085682e-01
2.580467531020550709e+00
3.687278076991190812e+00
2.071664317809733369e+00
-1.690837606732467302e+00
-5.502634733489931484e+00
-6.783273977893467865e+00
-4.020764580461532844e+00
2.072525428808449810e+00
8.626680983100609268e+00
1.206747771207606412e+01
1.022071361183544624e+01
3.787917344460548286e+00
-3.836323126189316035e+00
-8.452325466849885061e+00
-7.572182581405183299e+00
-1.987387000925641800e+00
4.669742777901010555e+00
8.164404070261220170e+00
6.303200661416450856e+00
2.887238837349044296e-01
-6.089811086449223865e+00
-8.894121081539150708e+00
-6.511515260669313854e+00
-5.834504247756688855e-01
5.145279483903528295e+00
7.227741127522685716e+00
4.582925085486873940e+00
-1.030488807706648746e+00
-6.282089484911426602e+00
-8.322580226184605579e+00
-6.297068246912417067e+00
-1.518911555509380840e+00
3.548370780955273585e+00
6.678418318655449326e+00
6.810809412068978830e+00
4.212879532755010814e+00
1.119234540676010692e-01
-3.802275776473462710e+00
-5.829246959316036758e+00
-4.755107907596944017e+00
-4.581714862070846994e-01
5.630950392674843208e+00
1.071454524554393117e+01
1.175608520199400786e+01
7.195656218534955073e+00
-1.747615239325583048e+00
-1.122488807293187918e+01
-1.661261920581832996e+01
-1.515060842789449147e+01
-7.715005922890748380e+00
1.559341332038012951e+00
7.750443969721107607e+00
8.203493054535901052e+00
4.141508020120151734e+00
-3.130276732509897353e-01
-1.104262401557282391e+00
2.816626480527233412e+00
8.639596004115521310e+00
1.158794822628655652e+01
8.297096896652842446e+00
-6.509917368415774064e-01
-1.082398890060357033e+01
-1.665131217261433960e+01
-1.493836593283842085e+01
-6.832629267782342808e+00
3.020317897457828415e+00
9.467466723907975279e+00
9.920793067999928994e+00
5.520944412029343162e+00
-1.700809022418889871e-01
-3.799682043498985085e+00
-4.255224774661554576e+00
-2.807792427074880859e+00
-1.567127709368969724e+00
-1.636906410450505556e+00
-2.409526554638092399e+00
-2.404461703653028692e+00
-7.999737455343933767e-01
1.686548963453437855e+00
3.308481026440258432e+00
2.752669880776043243e+00
3.269153143935523143e-01
-2.137682010055629522e+00
-2.641037830048061252e+00
-5.739884995056483419e-01
2.757382084586314619e+00
5.086235270660109720e+00
4.900030274630731597e+00
2.585753542777209368e+00
9.942641724263112657e-02
-6.046558466664797571e-01
8.276656772108417215e-01
2.787973830929821872e+00
2.913511005286897770e+00
-8.385244362763222270e-03
-4.882441615559936388e+00
-8.822668477010488175e+00
-9.049446468633941976e+00
-4.845308834722539260e+00
1.820419737503039537e+00
7.451399126951638863e+00
9.170315862180048683e+00
6.393779796816085437e+00
9.648317748635624191e-01
-4.214881274098542185e+00
-7.000463297877466573e+00
-7.019609648233574362e+00
-5.345395112085978617e+00
-3.304551164170772548e+00
-1.463442737830455087e+00
4.466599173174959359e-01
2.752984560228766586e+00
5.022176060802811648e+00
6.029634728597524251e+00
4.664624344514250787e+00
1.081021965206599100e+00
-2.909504404880060235e+00
-4.713831201697389339e+00
-2.658933143966227597e+00
2.634538552705671499e+00
8.264255351115377124e+00
1.061779964312860969e+01
7.599125438315811110e+00
8.639465483879238406e-02
-8.376646803981921963e+00
-1.354322784874598185e+01
-1.290209119199836607e+01
-7.097534300638727700e+00
5.249501754918498575e-01
5.931187563369816118e+00
6.706411450044327260e+00
3.269182465870675180e+00
-1.657897255509797496e+00
-4.867488081975295700e+00
-4.572452213668138477e+00
-1.243899185760728443e+00
3.001113675410112869e+00
5.900321713406060375e+00
6.374161723551370784e+00
4.859379559734863463e+00
2.592167097607570359e+00
5.193575470328528620e-01
-1.289111222596235118e+00
-3.312139933487937782e+00
-5.676728460986192992e+00
-7.512971769412036593e+00
-7.230434920309669167e+00
-3.667083620449099968e+00
2.686471255494454979e+00
9.389019147932502918e+00
1.312637080173032267e+01
1.164282687712075948e+01
5.297179373330906493e+00
-2.879350054827845007e+00
-8.821403988111580219e+00
-9.811686321499520247e+00
-6.080871638091841724e+00
-5.491172376440431879e-01
3.148622631184970100e+00
3.043095123904647537e+00
1.228356524495693991e-02
-3.024616168922586112e+00
-3.309104510284818446e+00
-2.716310685717022722e-01
4.055589833709833059e+00
6.525995078978844788e+00
5.185300456944419878e+00
7.257189133177939233e-01
-3.966133535843409774e+00
-5.838709709338985476e+00
-3.811339676580885349e+00
5.213446843072985226e-01
4.098612411582671200e+00
4.601276768603560718e+00
2.034663654033617153e+00
-1.438609248672834573e+00
-3.222411425316439981e+00
-2.227604034028161983e+00
4.282167539577856341e-01
2.436411199767029245e+00
2.182260125650173244e+00
6.918536962077170838e-03
-2.129382040860402725e+00
-2.289477326486545561e+00
-1.826930540017769333e-01
2.541024673616470331e+00
3.585585132601898373e+00
1.881211521525870900e+00
-1.464236538516207942e+00
-3.940137040874617469e+00
-3.584188438597380344e+00
-5.968758325374615703e-01
2.692104374748323536e+00
3.570298671239203081e+00
1.114804726185690376e+00
-2.901745586606061078e+00
-5.169838340577098457e+00
-3.310134801893536594e+00
2.156439661729478097e+00
7.866945730049419439e+00
9.796297737193903288e+00
6.086788137128791298e+00
-1.482121128479102490e+00
-8.485795521648759276e+00
-1.069310178278674606e+01
-6.835489034701739186e+00
5.699269206926602660e-01
6.878267205266972439e+00
8.306871601980260422e+00
4.255981275260688257e+00
-2.509532989268064895e+00
-7.801065302483192632e+00
-8.675029832472789693e+00
-5.081683638065817021e+00
4.315888502652652225e-01
4.549408869267680622e+00
5.222229633929703851e+00
2.636484705186359356e+00
-1.285602302169560396e+00
-4.283490399728670184e+00
-5.040949250613809163e+00
-3.630284188136680967e+00
-1.076567994872536183e+00
1.455829465902711561e+00
3.268965752003200720e+00
4.254832067189161293e+00
4.648060680897950547e+00
4.699467397551229553e+00
4.488658991897816364e+00
3.918711819397911356e+00
2.827248739815011902e+00
1.144510592931783144e+00
-9.498572066834720662e-01
-2.944596955001804073e+00
-4.099206445801256926e+00
-3.787869464418986976e+00
-1.964076060173466587e+00
5.623002202191312859e-01
2.345408271814152013e+00
2.055445225095361650e+00
-6.150175614393118551e-01
-4.503162676705985135e+00
-7.415079636217579484e+00
-7.327990846999163033e+00
-3.669762171298427411e+00
2.158109748562158536e+00
7.422745359858897274e+00
9.533788915476819170e+00
7.464049322094927774e+00
2.262762286401683198e+00
-3.600248826896349286e+00
-7.587525778047333525e+00
-8.302164972630633244e+00
-5.919582933332193875e+00
-1.787020043067027331e+00
2.374728018131304630e+00
5.151293661879693175e+00
5.767239019942319800e+00
4.171474088064850427e+00
1.048563573368062718e+00
-2.261735075630270764e+00
-4.132549816252660158e+00
-3.390407922499516058e+00
-1.311629234295844659e-01
3.993240853153610104e+00
6.473740343026095800e+00
5.442595579454740040e+00
1.073880994690362911e+00
-4.183613869500081961e+00
-6.959449329042468158e+00
-5.195014926278557432e+00
2.360470676799361067e-01
5.788551700871080286e+00
7.438396323455704007e+00
3.447190636562755373e+00
-4.220632788087928411e+00
-1.094870769573461011e+01
-1.242183767955080853e+01
-7.518537480130071060e+00
8.811195255780630564e-01
7.800714224912182360e+00
9.509419028275605257e+00
5.976696468107413729e+00
7.138534420599194075e-01
-1.872734928361736051e+00
2.913816108781879244e-01
5.468416617853781858e+00
9.436906120385430086e+00
8.651659930317999070e+00
2.925375820154607176e+00
-4.330137446447396066e+00
-8.490337809367005661e+00
-7.011461735500487791e+00
-1.257198563556794157e+00
4.448934145598129497e+00
5.854334578785104881e+00
1.723329130222591932e+00
-5.370187186093000165e+00
-1.090087127114822252e+01
-1.151681396458420181e+01
-7.209290643995768022e+00
-1.073403497068721402e+00
3.030401513622371201e+00
3.145291095617285038e+00
3.238916168890146885e-01
-2.489110704682970354e+00
-2.820664169218597639e+00
-4.634185779429795815e-01
2.588004614868531839e+00
3.900734197279549065e+00
2.642090086606520227e+00
3.015142404036398327e-01
-4.720555508238365450e-01
1.947065180951810248e+00
6.609707660238089311e+00
1.029925995270817296e+01
9.604760035687196051e+00
3.389657776766649810e+00
-6.051546435688742065e+00
-1.402518373879387070e+01
-1.610336501628976080e+01
-1.079071454794459939e+01
-5.372969819210853260e-01
9.537757925904040590e+00
1.445310227947079262e+01
1.204870070486238731e+01
4.018311526715018012e+00
-5.216632848403528477e+00
-1.103870210737973423e+01
-1.106991169464037839e+01
-6.172008494774840592e+00
4.121581569584193971e-01
5.115427720821213775e+00
6.024092516857099788e+00
3.670309791966096746e+00
3.288935302926063731e-01
-1.587856556728702850e+00
-9.773317807876640284e-01
1.507329572418991237e+00
4.143886088814881852e+00
5.370421703917418910e+00
4.697302209920490412e+00
2.762124940401038842e+00
6.379594247810782548e-01
-9.884937217648631647e-01
-2.138153524674708983e+00
-3.187449688377566037e+00
-4.231299228421676162e+00
-4.774375874599997793e+00
-4.075479832823834414e+00
-1.895460970204800866e+00
9.972138516959577759e-01
3.085741375671321229e+00
3.068559135520744885e+00
8.628136988150949538e-01
-2.149451403931488702e+00
-3.935614783298729158e+00
-3.200283267394178122e+00
-3.659697224432134632e-01
2.620714151650338941e+00
3.609788516883585707e+00
1.805981666412292963e+00
-1.561453209426697075e+00
-3.999641137150577119e+00
-3.473073287633640316e+00
1.027272903052076636e-01
4.668045134817028874e+00
7.312564827897711339e+00
6.203451482055790223e+00
1.843262286829791208e+00
-3.193642382876364483e+00
-5.864749050605198910e+00
-4.537178468978755319e+00
6.255251457853117092e-02
5.364165547955220603e+00
8.508196405218484415e+00
7.916796929023075968e+00
3.980307688259681953e+00
-1.378061524797520754e+00
-5.812338257947867959e+00
-7.630423185543881104e+00
-6.357584258309791458e+00
-2.733127147467097284e+00
1.647752125303310944e+00
4.854046709172806118e+00
5.246189611448374812e+00
2.165608258975369349e+00
-3.537094677386446229e+00
-9.524180559183442085e+00
-1.280951869329039639e+01
-1.121506501902278785e+01
-4.720053356794988275e+00
4.172303368759161302e+00
1.146949523716439501e+01
1.369669059803832667e+01
9.765977685127133157e+00
1.591320763526077098e+00
-6.937916035139656046e+00
-1.201016544578940604e+01
-1.175443169222459439e+01
-6.888830019023822970e+00
4.440746680878504549e-02
6.195078912629386814e+00
9.688668496918744211e+00
1.005781484219786037e+01
7.891692353046301456e+00
4.239465821698324532e+00
2.442812658743107601e-01
-2.944000405369162632e+00
-4.281589434868331878e+00
-3.217297264047982441e+00
-2.028284200503638890e-01
3.161765832728695713e+00
4.737116533743166435e+00
3.057078589621496256e+00
-1.579406653733818722e+00
-6.963795817045573600e+00
-1.006606140666803384e+01
-8.792316833988476077e+00
-3.312567914164847416e+00
3.933922726336132492e+00
9.602256131207720813e+00
1.131920407439513632e+01
8.897433308858341050e+00
4.186840646319619275e+00
-2.182518324409137289e-01
-2.493549273194509475e+00
-2.375573614514567389e+00
-8.898712242151465279e-01
5.808003149162299650e-01
1.145479309123846878e+00
6.671658551789906300e-01
-5.225943257563814281e-01
-2.034019341750573862e+00
-3.576870271733175066e+00
-4.843726586008722634e+00
-5.398450424875216314e+00
-4.822582292584550956e+00
-3.065566542642538472e+00
-6.695623915342182597e-01
1.421552684471432348e+00
2.415751968613331524e+00
2.188166589279955776e+00
1.333392425671376724e+00
6.849450599672879392e-01
6.800311763538149368e-01
1.096461207056161236e+00
1.382454157873367340e+00
1.277399483159166627e+00
1.133333236130035226e+00
1.574917763086294942e+00
2.728718686399155935e+00
3.717627495457890063e+00
3.015782205305116204e+00
-4.024403418639659336e-01
-5.916743743304413883e+00
-1.109902939492172713e+01
-1.291258343908553563e+01
-9.639196149561316318e+00
-2.236972983760647793e+00
5.924871531910294031e+00
1.094761412418310265e+01
1.074205489421060022e+01
6.268892747834152956e+00
8.173683948871874883e-01
-2.211036287624987828e+00
-1.515032560925090532e+00
1.390063388178943482e+00
3.396998060854458767e+00
2.073957351341385369e+00
-2.613280251201845150e+00
-8.278880602605489969e+00
-1.173202294256725686e+01
-1.105104963940516249e+01
-6.698439390676756311e+00
-1.013519896446378077e+00
3.422065253886488634e+00
5.330853927385124535e+00
5.173456871982979877e+00
4.337422081776165506e+00
3.847368634933316933e+00
3.622331635988138565e+00
2.791993749379882761e+00
7.304281241481437315e-01
-2.077197946628002612e+00
-4.073334178376927461e+00
-3.616569660502714889e+00
-2.459351214582394807e-01
4.686771515960973744e+00
8.528514454165247116e+00
8.753142258057309277e+00
4.485945410798637845e+00
-2.781787159039846635e+00
-9.748614915941837822e+00
-1.289197361516543872e+01
-1.029249204033353315e+01
-2.751691360444867840e+00
6.411205102245673082e+00
1.286007109311614549e+01
1.336189827955548282e+01
7.483544357901180888e+00
-2.045779990943138671e+00
-1.059632956942809656e+01
-1.396579340911611133e+01
-1.057837393002963999e+01
-2.332965119471903215e+00
6.438474669503401415e+00
1.137427167918849413e+01
1.048698251811408788e+01
5.153084342782180194e+00
-9.041525218940427155e-01
-4.002737249250875706e+00
-2.763871699669595117e+00
1.168058671638407819e+00
4.366618510791580476e+00
3.974356018871002760e+00
-3.924559826894404857e-01
-6.413350457492833279e+00
-1.060324821941071782e+01
-1.055275721365806518e+01
-6.382463897828614563e+00
-5.096749571089889130e-01
4.018774323421604677e+00
5.449784552237824542e+00
4.238022424116369535e+00
2.441387044819075758e+00
2.125564087997359852e+00
3.912054982909499046e+00
6.613777861165302419e+00
8.111557422776551007e+00
6.809087234849774184e+00
2.694751539721445432e+00
-2.623257881994777385e+00
-6.849677583014900151e+00
-8.273159328959799552e+00
-6.623894377330256766e+00
-3.092408081691415234e+00
4.055146632414769470e-01
2.251111370527742128e+00
1.884507546105802955e+00
-4.358849609078463416e-02
-2.147789612173059304e+00
-3.125269505488744493e+00
-2.473171931158943515e+00
-7.195203544550441421e-01
9.651704129302612900e-01
1.556173338695007846e+00
8.769552381675150832e-01
-2.640843227073860211e-01
-6.499048927679980103e-01
3.997965753805149403e-01
2.379981279513889270e+00
3.792534794433362499e+00
3.168285910853982923e+00
2.679655811931611620e-01
-3.434472467812434981e+00
-5.481419874118844682e+00
-4.029754259543301131e+00
7.266680560388585342e-01
6.365856545668155952e+00
9.564988033349365537e+00
8.173299937635061241e+00
2.662266293631172509e+00
-4.071645875745955045e+00
-8.480949595910509231e+00
-8.553951910037419282e+00
-4.949427411029669877e+00
-3.441309877903288017e-01
2.491054495858478823e+00
2.499846198254652485e+00
7.864020706847548725e-01
-5.155871063627867068e-01
-1.137978312295290229e-02
1.904637280720596015e+00
3.463133518864432769e+00
2.997780951918980197e+00
2.904415343826336482e-01
-3.258026296142403133e+00
-5.713853387479641555e+00
-6.042590291450427031e+00
-4.733893708499782527e+00
-3.154138031749558202e+00
-2.219600084591519362e+00
-1.549951415760168594e+00
1.307972258069138860e-01
3.628499623227753546e+00
8.093410579700362817e+00
1.111616905472231132e+01
1.024234650313897177e+01
4.885153421440676880e+00
-2.820967833189611973e+00
-9.011768092930998009e+00
-1.039518622586180996e+01
-6.335488682831169172e+00
7.202422569777758854e-01
6.782718720408454693e+00
8.780408506074287800e+00
6.288130751425968334e+00
1.442672662607213496e+00
-2.739420824810592237e+00
-4.359329846887010085e+00
-3.576316202261265342e+00
-2.004095132422102132e+00
-1.223493389274942444e+00
-1.622746022277145483e+00
-2.377282622254826450e+00
-2.413377750734171379e+00
-1.448146398010822677e+00
-2.245512842557790822e-01
2.120864680310288186e-01
-4.610689699282471965e-01
-1.418241319110752352e+00
-1.260015378821379928e+00
8.284306967686644319e-01
4.239343228706230704e+00
7.105198017177932535e+00
7.398779668853691760e+00
4.221878417934020078e+00
-1.583422647053197574e+00
-7.862344570622003204e+00
-1.226122935080504561e+01
-1.328371763020609109e+01
-1.071721310723602727e+01
-5.385751024241194784e+00
1.377850234886809355e+00
8.115881469421688976e+00
1.337906876725632976e+01
1.583130148708580265e+01
1.457518714003274773e+01
