5.169769217752346435e+00
4.923887114194736014e+00
2.018637707335440012e+00
-2.130454024624084397e+00
-5.274617743229454980e+00
-5.683141201659264397e+00
-3.205705450165338366e+00
6.800246585403812993e-01
3.875645774986749892e+00
5.019007966634415396e+00
4.231092197860047754e+00
2.741529013097611767e+00
1.723911454489225559e+00
1.280912287895624724e+00
4.141728022163613243e-01
-1.957214471390093191e+00
-5.731902458063040662e+00
-9.196889179439914130e+00
-9.942131240371431034e+00
-6.588444185250199148e+00
-7.462042607259311566e-02
6.561606794135883547e+00
9.940251233316775625e+00
8.510868546758439734e+00
3.613092570281076110e+00
-1.395069588103568625e+00
-3.405215426922488131e+00
-1.653086606650782331e+00
1.856687705928909526e+00
3.917629740557996509e+00
2.554053543296009643e+00
-1.465647333652288165e+00
-5.175872738481583468e+00
-5.653514928221925473e+00
-2.306503457237741639e+00
2.521579284925004494e+00
5.162956901051071412e+00
3.347750968030255958e+00
-1.943561149203298921e+00
-6.921101526284760830e+00
-7.523238823550628673e+00
-2.324148927955747901e+00
6.243766081782771593e+00
1.327502855614135946e+01
1.450150799375190047e+01
9.042675824533986884e+00
-4.558190810562701145e-02
-7.755790447921919295e+00
-1.027349669307515434e+01
-7.186392957049027252e+00
-1.386297212688920588e+00
3.098713029297650134e+00
3.756517899388474468e+00
9.574140124309795663e-01
-2.714225854437682273e+00
-4.479799375984367060e+00
-3.228176350618733093e+00
8.104396620749465541e-04
3.040155191418837610e+00
4.208530337268781452e+00
3.317836125395043467e+00
1.478661280954284951e+00
4.537988727402064715e-02
-3.949981532970521236e-01
-2.596349677243345311e-01
-3.886254974096626236e-01
-1.225928054009526091e+00
-2.442684723028409000e+00
-3.248115527896032972e+00
-3.061491863128776192e+00
-1.969366330934115839e+00
-6.240185128278310511e-01
2.822891860659036967e-01
5.114538637094920848e-01
3.611317694796492561e-01
3.230648762845170219e-01
6.455002024267955107e-01
1.163486663301097623e+00
1.497348796476195121e+00
1.403786079924228547e+00
9.635537170542651797e-01
4.674976220011988204e-01
1.401014723692745045e-01
-3.332053030268139482e-02
-2.330075269129325832e-01
-5.860604252872528841e-01
-1.035856449286467029e+00
-1.430607569421081804e+00
-1.727000075296053705e+00
-2.068329389606046398e+00
-2.605382519146349107e+00
-3.198722867906862000e+00
-3.319231968772715646e+00
-2.350892771368110257e+00
-1.482477904296732873e-01
2.599263795133838872e+00
4.597979240696727921e+00
4.753567532210398738e+00
3.023713223570048569e+00
6.375359138656948588e-01
-6.198315844596099522e-01
3.353069030595370315e-01
2.969099803653855396e+00
5.303546158062677485e+00
5.192616928575079172e+00
1.882048088931076890e+00
-3.265074328722473496e+00
-7.481920604691330468e+00
-8.350398105187881725e+00
-5.411829647114793751e+00
-4.953148818955412924e-01
3.501295914204718862e+00
4.540924525245614518e+00
2.726362433345712155e+00
2.690398448822772792e-02
-1.320731835095859452e+00
-5.330521873187714643e-01
1.177082164057716485e+00
1.655590600753353847e+00
-3.346870471183664986e-01
-3.894790618916561531e+00
-6.421731293497092707e+00
-5.482590389558519739e+00
-7.955024494779525668e-01
5.197977260048264547e+00
8.739557886900961137e+00
7.284490264498308498e+00
1.416142280677860299e+00
-5.268837809437783903e+00
-8.364982474892110886e+00
-5.553403367208042951e+00
1.751365547341016127e+00
9.162088682570731279e+00
1.205326062994826408e+01
8.506482053108936014e+00
5.429719585356278522e-01
-7.161299004445615957e+00
-1.023401579190842448e+01
-7.315767937363181872e+00
-7.914551387005391847e-01
4.870509489708245709e+00
6.036536795783465692e+00
2.178583466652129541e+00
-3.927180085361058115e+00
-8.121445157781565172e+00
-7.595909264454854259e+00
-2.666465618142825456e+00
3.509526528431597292e+00
7.022253931112390823e+00
5.723136753340735794e+00
5.636283123306338183e-01
-5.049103266882513097e+00
-7.424119494843284706e+00
-4.897297466273055733e+00
1.150844298352254436e+00
7.163542744035711785e+00
9.584112858843605309e+00
6.982003624398639197e+00
8.417351304075868512e-01
-5.421405144712299062e+00
-8.564788111177891849e+00
-7.425485186444142904e+00
-3.474289806371904987e+00
2.761226891972623498e-01
1.276393177104663490e+00
-9.252364945164479604e-01
-4.445416802969175407e+00
-6.351379238548196859e+00
-4.625825098060693641e+00
4.596365673725597567e-01
6.445631607592570589e+00
1.019164294263582526e+01
9.815965929670785073e+00
5.827139800224417243e+00
7.416297587474811603e-01
-2.529613995489363720e+00
-2.455989036419316207e+00
3.161343422878504228e-01
3.602191815844091760e+00
5.246047623916243907e+00
4.514890413217647946e+00
2.396066700454276166e+00
6.700237722572537358e-01
4.922941230257464884e-01
1.533982365682606375e+00
2.293360561129732300e+00
1.324647115419728793e+00
-1.540899046947371787e+00
-4.901785993424557120e+00
-6.668088913247252947e+00
-5.510549807423294588e+00
-1.848335711436696283e+00
2.338122054408886541e+00
4.757973442977466050e+00
4.268001250888801223e+00
1.543509392689373705e+00
-1.472896759584492399e+00
-2.928687719213344920e+00
-2.270507165090520196e+00
-4.926106770837070381e-01
6.881992594878435510e-01
9.892663743526169950e-02
-2.081200476595408411e+00
-4.495894441128617025e+00
-5.580471182390732920e+00
-4.600509353024302861e+00
-2.049623901618094379e+00
7.947998887470588691e-01
2.754005912488749708e+00
3.405691227110123620e+00
3.099021317514053742e+00
2.432348049443691540e+00
1.688104446126824865e+00
6.909424170319700131e-01
-8.368680795737293288e-01
-2.774516612783450853e+00
-4.428380665334815447e+00
-4.885477528982637985e+00
-3.656873872212857535e+00
-1.117218252526600120e+00
1.624300374881488596e+00
3.370293372645416952e+00
3.561903622466771058e+00
2.583372181427421754e+00
1.440763749075989031e+00
1.048817984614543342e+00
1.618267315267004847e+00
2.542443373799937234e+00
2.825572549484495433e+00
1.742267285601320825e+00
-6.947666951972909510e-01
-3.711715182204905261e+00
-6.152281300360899152e+00
-7.006278386326323826e+00
-5.822528588229824109e+00
-2.867994941205715520e+00
9.684627015772702130e-01
4.467735062985351391e+00
6.497673799270106798e+00
6.454803538724854128e+00
4.559816711295108682e+00
1.808651750223789989e+00
-5.011277679050335498e-01
-1.488570806635098664e+00
-1.231962094012736708e+00
-7.188652638203888445e-01
-1.122503387030604927e+00
-2.819170205840310750e+00
-4.856852202517098149e+00
-5.391475665016074004e+00
-2.965129464919594504e+00
2.179963881703404383e+00
7.753970570678067276e+00
1.050957852581168517e+01
8.258856364878319312e+00
1.537961147839592257e+00
-6.309555723812469097e+00
-1.091474739647314607e+01
-9.545731384228467675e+00
-2.948352098483829842e+00
4.935621176505813779e+00
9.334440795541258495e+00
7.645972503803323939e+00
1.114499418440593193e+00
-5.967002618908433753e+00
-9.056808026507578546e+00
-6.336476772928596013e+00
1.245107639852903736e-01
5.798409965798568599e+00
6.767156481873636054e+00
2.365106533873036820e+00
-4.377392365953579834e+00
-8.772163905930472794e+00
-7.603238823966524507e+00
-1.245295500335449113e+00
6.616290380690008632e+00
1.141722535790112225e+01
1.062946714317013175e+01
5.234787970359618292e+00
-1.129277168511421348e+00
-4.657456257864946991e+00
-3.773432877904199678e+00
1.109278604119299239e-01
3.824959290620286279e+00
4.669713062196853670e+00
2.091664054636207304e+00
-2.236602809056946306e+00
-5.795815539318628140e+00
-6.961480399681354569e+00
-5.887950050891618936e+00
-4.041826724080248567e+00
-2.883545259390310367e+00
-2.740934054346918280e+00
-2.678893294220124233e+00
-1.384346381397244308e+00
1.647726982905921345e+00
5.516396755429835430e+00
8.336813094342710784e+00
8.390837656955733692e+00
5.237445561739695776e+00
7.569811594663145016e-02
-4.840974462974315884e+00
-7.360125918259098121e+00
-6.486354761166881033e+00
-2.797482928258181900e+00
1.918588416228685034e+00
5.544010540116085295e+00
6.569913142254804939e+00
4.687017043938962679e+00
8.272161181840504973e-01
-3.306804380396400678e+00
-6.000709962426692634e+00
-6.255981351446588512e+00
-4.178319634996914722e+00
-8.556893979970912056e-01
2.213815993045236574e+00
3.853403581088815422e+00
3.712696309100573799e+00
2.286300945044894117e+00
4.798281173468403882e-01
-9.615381969157581477e-01
-1.776697163025435344e+00
-2.082718563893061425e+00
-1.995298390763084351e+00
-1.349096063568717474e+00
1.909799118994197631e-01
2.673474596345476684e+00
5.440737843130382778e+00
7.181426670641172905e+00
6.580696936409197839e+00
3.222460373002697942e+00
-1.879324247946776660e+00
-6.583761397768819634e+00
-8.695126854854571263e+00
-7.194204558743445332e+00
-2.853848854931272605e+00
2.177781894606641622e+00
5.585712016412451852e+00
6.137570856102226635e+00
4.211454719302938798e+00
1.331521774953654091e+00
-9.090387078339360327e-01
-1.795635332182574651e+00
-1.724519806820412171e+00
-1.667774112608948700e+00
-2.336605840715052285e+00
-3.654252907141495754e+00
-4.858602124007089351e+00
-5.076544501844268531e+00
-3.906704488296228739e+00
-1.612390041366305926e+00
1.132120995039556988e+00
3.670160864592896921e+00
5.623953921746528195e+00
6.852656715407663413e+00
7.252111419342079479e+00
6.655408471249592672e+00
4.959525570295231667e+00
2.357486459744018159e+00
-5.748253306091082315e-01
-3.081794511871243092e+00
-4.611927360892127403e+00
-5.094659496499707174e+00
-4.884210511352408801e+00
-4.408875918991104648e+00
-3.814158870584181127e+00
-2.906381132501812292e+00
-1.457848151843821771e+00
3.832390981436776256e-01
1.958482954174782353e+00
2.427884063631492673e+00
1.372858787036921102e+00
-7.767132979870010612e-01
-2.863570912930612167e+00
-3.659088070552964922e+00
-2.630751683203662150e+00
-2.827123419867927367e-01
2.182256593709915649e+00
3.644466432529497979e+00
3.735904611182445656e+00
2.930564750489482062e+00
2.032245519480570639e+00
1.490328648620897756e+00
1.091480838365140205e+00
2.621582603592702565e-01
-1.283561516863422014e+00
-3.108403696333263078e+00
-4.230755163815294040e+00
-3.827931788249154810e+00
-1.928575179581528243e+00
4.777501678782662964e-01
2.062077121409611635e+00
2.085328072869168547e+00
9.377186118993167119e-01
-1.524314705426488281e-01
-6.377351375473766515e-02
1.312728555561528898e+00
2.912116999940359108e+00
3.250411086072625189e+00
1.576699789389060857e+00
-1.431002803572266835e+00
-3.984940393074207332e+00
-4.352547766772253190e+00
-2.064324900237104465e+00
1.702493878524991455e+00
4.862340787869184666e+00
5.780248164470254579e+00
4.301328664140572577e+00
1.734817569906880852e+00
-1.723931550841111271e-01
-5.145526248037270989e-01
1.703580470022102444e-01
3.993581729588983054e-01
-1.036995659458490593e+00
-4.039575946198922018e+00
-7.114913421079118727e+00
-8.316331657782404463e+00
-6.555497650038126345e+00
-2.373804697218235393e+00
2.344333161548494804e+00
5.495928018308605445e+00
5.951526232026453478e+00
4.056375714390663134e+00
1.206997525676745564e+00
-1.100063879807528844e+00
-2.063880356761154999e+00
-1.755123123906979110e+00
-7.153050395387534621e-01
5.868622902587472545e-01
2.003607663294635799e+00
3.550517353116194652e+00
5.090261983142095659e+00
6.200440285027140064e+00
6.356746359403453894e+00
5.258923153386050764e+00
3.007186224761902338e+00
-3.267204618429886409e-03
-3.324506287061758769e+00
-6.564548763136190068e+00
-9.250029564873081256e+00
-1.063380220302183332e+01
-9.790461879626466413e+00
-6.151280945603155637e+00
-2.034505781608113573e-01
6.227110512669063347e+00
1.055361333135513036e+01
1.073893764107289073e+01
6.589121076663149168e+00
1.117494677837007622e-01
-5.471743164271020810e+00
-7.569308374041486154e+00
-5.759769781994648064e+00
-1.972580227749299642e+00
8.826627370212669632e-01
9.483784254914345846e-01
-1.288277917073376688e+00
-3.379784248478291619e+00
-2.756017512870863051e+00
1.262487814344499748e+00
6.732670886357945861e+00
1.023291810571614313e+01
9.156086524404283722e+00
3.579061647517718825e+00
-3.615220496932354255e+00
-8.497500616333578449e+00
-8.565857162346832254e+00
-4.270075098219409782e+00
1.415372591665774227e+00
5.025022883638983195e+00
4.818091633921731898e+00
1.688071753758902283e+00
-1.753216355421308936e+00
-3.151782133294950938e+00
-1.998562658387321722e+00
2.484777136580376133e-01
1.469327761764580353e+00
5.559052309822867244e-01
-1.799871013273652398e+00
-3.731699306299770758e+00
-3.690965207684504534e+00
-1.639603695681930873e+00
9.487829845253834549e-01
2.246055626166244767e+00
1.482386031285022998e+00
-4.590352684462304378e-01
-1.709427554725381881e+00
-8.453277277173416593e-01
1.972102875718792614e+00
4.983285208987188852e+00
5.963219563522785371e+00
3.719374930834936421e+00
-1.058289504865142394e+00
-6.139039157201868768e+00
-9.026761758153734050e+00
-8.340272782791503303e+00
-4.482415229921524968e+00
7.008203526949235984e-01
4.949219217935450388e+00
6.663487033994401898e+00
5.498599575368826819e+00
2.319136091646933462e+00
-1.304782887748475062e+00
-3.762646594984050186e+00
-3.994602969695575823e+00
-1.871637728090199460e+00
1.731644847485837690e+00
5.245733135995594765e+00
7.065936008701383386e+00
6.330490415287332695e+00
3.416484744365914317e+00
-1.963685120925635630e-01
-2.717679071076176456e+00
-3.085474012260541077e+00
-1.613709627958591852e+00
2.049115605856310918e-01
6.654957878574786490e-01
-1.015026709024959395e+00
-4.142354787448969233e+00
-6.946287762010199707e+00
-7.677795795706346738e+00
-5.675024224145629681e+00
-1.711616311453308281e+00
2.547585787195326468e+00
5.550699724003516522e+00
6.623716027715788712e+00
6.044799308011397976e+00
4.523350151338025427e+00
2.595976889257501252e+00
4.302135730812215453e-01
-1.885283960929200031e+00
-3.932838532399665521e+00
-4.917803240445674184e+00
-4.137217813172620495e+00
-1.636416203948297232e+00
1.515079160060216923e+00
3.669758287586540213e+00
3.569522173385690778e+00
1.193150619838758253e+00
-2.137574048747951760e+00
-4.521685090502824522e+00
-4.628444787270625582e+00
-2.470001020542387682e+00
6.984105718244792982e-01
3.232638420035952365e+00
4.083985106362714390e+00
3.256605059623284948e+00
1.521370774033267592e+00
-2.726360617346288429e-01
-1.703496121997642332e+00
-2.750631252312395247e+00
-3.389366799686635012e+00
-3.293476924022358698e+00
-2.019957386007829925e+00
4.222070869430084583e-01
3.147511284668504050e+00
4.637390487939818229e+00
3.682309523871036383e+00
4.273896452425068881e-01
-3.320360232250020527e+00
-4.965570708361694230e+00
-2.791084599719290349e+00
2.648861839207162561e+00
8.463936346355872331e+00
1.096054969238993948e+01
7.956222230130869377e+00
4.147979021960022106e-01
-7.766859276824590097e+00
-1.187824118751532332e+01
-9.232722136325982376e+00
-9.776956332128783345e-01
8.329581792146084851e+00
1.324692694154442307e+01
1.062483217857165485e+01
1.535545792456634029e+00
-9.234165195266111681e+00
-1.586152937749236003e+01
-1.477225736601667450e+01
-6.613526198294000125e+00
4.202284857847643273e+00
1.205383555094176273e+01
1.322933565080703566e+01
7.812569893719303771e+00
-6.530133242363110879e-01
-7.376295325881215170e+00
-9.015876991968466925e+00
-5.313041964714390275e+00
1.138757365767617546e+00
6.646961365012911571e+00
8.532753522780510025e+00
6.386171664689427097e+00
1.900479107969432313e+00
-2.389926571229455288e+00
-4.579967692990707384e+00
-4.228243043245196731e+00
-2.234655199584064889e+00
-4.556832788512246712e-02
1.220385561272842256e+00
1.239789555895982831e+00
4.168949356218966118e-01
-5.219767282071325898e-01
-9.681737413156891181e-01
-6.989853225436688522e-01
7.390153175207803127e-02
8.351443526441485465e-01
1.023478779556659557e+00
3.517833406560583187e-01
-9.384851397190637767e-01
-2.074443172494556453e+00
-2.122182551130865846e+00
-6.225752534844735120e-01
1.884526997775112900e+00
3.897493029258018105e+00
3.724725092346373501e+00
6.448575949607218138e-01
-4.298798931926448574e+00
-8.554611728706928986e+00
-9.438418141493201574e+00
-5.886586157455867330e+00
5.790115402902326069e-01
6.480737588635831159e+00
8.410017504647193221e+00
5.237903761810295933e+00
-9.739308627506275684e-01
-6.101702005642485993e+00
-6.529179620305060716e+00
-1.529563288976504065e+00
6.138935960842295536e+00
1.188600961251224142e+01
1.215308930742941129e+01
6.621809772436117569e+00
-1.664160599467265245e+00
-8.286093638202000733e+00
-1.016715223004061031e+01
-7.222522788221197310e+00
-1.975447126475597059e+00
2.383159213686143918e+00
4.007711828441573587e+00
3.126577730334678229e+00
1.219278093628228810e+00
-4.504568491855951429e-01
-1.677788878679570495e+00
-2.946104165582634327e+00
-4.364596073958841416e+00
-5.044664318510827528e+00
-3.641140630311493265e+00
2.972000552780593718e-01
5.363509267539442682e+00
8.754913123221086835e+00
8.095064217313467481e+00
3.350251879303765001e+00
-2.719311704224437687e+00
-6.172341463544574580e+00
-4.603558263333985323e+00
9.654173584143628251e-01
6.516882239123861886e+00
7.669795312307078561e+00
2.753509775596372222e+00
-5.864056541801815570e+00
-1.321118645371748102e+01
-1.497103943397246262e+01
-1.030472041432722108e+01
-2.277686783646836410e+00
4.357175653765188450e+00
6.388276518288334316e+00
4.085268914798559692e+00
5.602380266365230010e-01
-8.264786362837801548e-01
9.933600863522903390e-01
4.171801685861131759e+00
5.583482098762529766e+00
3.370181332044194011e+00
-1.575782850551114223e+00
-6.260553092216959215e+00
-7.782493002039092111e+00
-5.352900566146918671e+00
-6.585973883367466364e-01
3.569902613368016731e+00
5.552197451286057017e+00
5.454105342336410089e+00
4.739310269936737541e+00
4.594094917618977370e+00
4.842464129352565649e+00
4.264007977302248342e+00
1.973842940324193052e+00
-1.414624992857618890e+00
-3.957206629882453086e+00
-3.851032183999078207e+00
-1.023446158500464831e+00
2.546897112486355308e+00
4.184707342181257950e+00
2.571810339029829695e+00
-1.133541432529681758e+00
-4.091069575185831475e+00
-3.968792016305749737e+00
-8.495337676297550766e-01
2.694309729066692860e+00
3.523725813192585932e+00
4.362205785935417968e-01
-4.701614710687233689e+00
-8.159934648232578525e+00
-7.073679412525330612e+00
-1.660073673855176679e+00
4.789985937009223704e+00
8.212915072054908450e+00
6.689787594800771231e+00
1.805036135848463452e+00
-2.581871454147758982e+00
-3.241724167938643042e+00
1.556473264021740466e-02
4.229355448709504195e+00
5.547153599105618227e+00
2.152679103934394877e+00
-4.322475069133108860e+00
-9.932883823949271829e+00
-1.122293812536427282e+01
-7.611169640778006951e+00
-1.637794070358813414e+00
3.007223434846052701e+00
4.122716165948158817e+00
2.336531016256827353e+00
2.548053506221431563e-01
2.154596186604138541e-01
2.443543970901748796e+00
4.995353024851407753e+00
5.432110958874117657e+00
2.834637455275992757e+00
-1.428595026889017738e+00
-4.733569020790758586e+00
-5.170432709130997395e+00
-2.900207292550323945e+00
1.110684655645315932e-01
1.692152625221613249e+00
1.096767505384393715e+00
-5.939837772578320241e-01
-1.530290770300753111e+00
-6.864823309839226395e-01
1.317094446207142999e+00
2.795843261896520104e+00
2.465338422326958323e+00
5.645996330277146535e-01
-1.289103359166085205e+00
-1.403476541905770425e+00
5.767053003025948144e-01
3.291628301677600454e+00
4.649134019410166907e+00
3.420747228989305277e+00
2.175271602164637885e-01
-2.912827752512767709e+00
-3.969083137425997609e+00
-2.443103756727510234e+00
3.458625338457473886e-01
2.255939739290564461e+00
1.896781516033439363e+00
-3.909919035327173997e-01
-2.839039376635635215e+00
-3.568596208892564903e+00
-1.939826693104236721e+00
1.017499869838300208e+00
3.341253321881116456e+00
3.470760247798686304e+00
1.251843154911279621e+00
-2.005292638166002561e+00
-4.357179554675573385e+00
-4.349237717689105054e+00
-1.757904944878430964e+00
2.373610825891925735e+00
6.288094814708427904e+00
8.293283223604806409e+00
7.428830205967547506e+00
3.833691982819249944e+00
-1.260588773252602657e+00
-5.935483462663063037e+00
-8.331831914208780887e+00
-7.500631688026122568e+00
-3.944516732939899128e+00
5.390514086077315969e-01
3.767699384866300960e+00
4.396826029286913240e+00
2.710092694219384590e+00
4.110139385832912717e-01
-5.266317666074232795e-01
7.768308268639143588e-01
3.467053148511040739e+00
5.525114104148271643e+00
5.188434109720746257e+00
2.233471565178529072e+00
-1.806673021427087855e+00
-4.671094952406784628e+00
-4.925776935187019312e+00
-2.929596029701100335e+00
-5.153705550598415286e-01
3.760547375444761586e-01
-8.931855720536723275e-01
-3.230847420206752751e+00
-4.670304904868343598e+00
-3.863772163867217557e+00
-1.107846135411930222e+00
1.846396436915251460e+00
3.048354456290897740e+00
1.748064220684965253e+00
-1.061428339986450364e+00
-3.321975340165596702e+00
-3.298629527912258830e+00
-7.014649371206376216e-01
3.188948350851849689e+00
6.387845158243861121e+00
7.398445566689774822e+00
5.935279899221185929e+00
2.817563548453283495e+00
-7.139264135885805551e-01
-3.675926599702639130e+00
-5.591733134903550173e+00
-6.322910504745363980e+00
-5.826745401815950132e+00
-4.149475341274329487e+00
-1.644770996624232762e+00
8.840705031929603219e-01
2.406380194559469388e+00
2.223030648766507689e+00
4.889192258593912932e-01
-1.737697320678165402e+00
-3.053006079120097471e+00
-2.556213412688980391e+00
-4.254450040488905183e-01
2.182578358584955858e+00
3.852337910750501138e+00
3.767373559540634353e+00
2.143810103319475857e+00
-1.086042987395874349e-02
-1.597025121151739668e+00
-2.078626547678797287e+00
-1.676580873670925786e+00
-1.041875732751101014e+00
-7.099096812035393667e-01
-7.458079181799295299e-01
-8.009276086293638519e-01
-4.818499378920966247e-01
2.769962632064476571e-01
1.115596814652352275e+00
1.484780788517499728e+00
1.040027155240375922e+00
-7.990354361218554580e-02
-1.275589875498745585e+00
-1.805064051895318267e+00
-1.217780007428128863e+00
3.413308558880230326e-01
2.140687900204615080e+00
3.211256529002759930e+00
2.882945223906955512e+00
1.229309888659588568e+00
-8.555141246385074005e-01
-2.060810942219443387e+00
-1.386910279183472205e+00
1.196081456567569923e+00
4.583739707927162677e+00
7.048649967868734656e+00
7.195799716321634065e+00
4.803293938452414480e+00
9.964256821707184741e-01
-2.408517004568039965e+00
-4.008901139549518433e+00
-3.655770471051197124e+00
-2.458184028483792360e+00
-1.935085630391172096e+00
-2.894939923725296627e+00
-4.833350001248087224e+00
-6.288281556227941493e+00
-5.911482597536098282e+00
-3.488930742317061018e+00
-1.638826252500311664e-01
2.316493092900949513e+00
2.800962775550632333e+00
1.519632587091864995e+00
-1.106677912791600438e-01
-5.178061997723159005e-01
9.027198375397949004e-01
3.373215146276986154e+00
5.301742443799198234e+00
5.397101191084946237e+00
3.525427509840203477e+00
7.303707451827095021e-01
-1.530465313774510117e+00
-2.330765463089567113e+00
-1.731785867582679161e+00
-5.070590237135959022e-01
5.432921681418966253e-01
1.108515474581336147e+00
1.353510521386070975e+00
1.499753603370666211e+00
1.459650793304018146e+00
8.971609081593048263e-01
-3.299728774027215206e-01
-1.773355343418823615e+00
-2.479807317231750741e+00
-1.610276724207484911e+00
8.315894661902043516e-01
3.748676064338575031e+00
5.461435379557103786e+00
4.708487298540910970e+00
1.478997379589589656e+00
-2.895249882854576740e+00
-6.460709280864320725e+00
-7.704250374739132212e+00
-6.288816542635828455e+00
-3.065088983193275940e+00
5.323586167113723011e-01
3.237139278416256261e+00
4.404336975154328648e+00
4.035131080025086803e+00
2.559370178823603847e+00
6.297681271930177793e-01
-9.982201644137133068e-01
-1.625525527767399003e+00
-9.219161153828746569e-01
7.216439477404821279e-01
2.128458345593251089e+00
1.824443817604102680e+00
-1.034551503225476621e+00
-5.842259208304781737e+00
-1.048062187564363867e+01
-1.227406861623459733e+01
-9.528343469410641475e+00
-2.725512592232270492e+00
5.456917208925455398e+00
1.144351967564261940e+01
1.266700355689932955e+01
8.949288186627132546e+00
2.529241901833379380e+00
-3.250594258707644180e+00
-5.772339457950262265e+00
-4.404637002237258514e+00
-5.505608765728839948e-01
3.379905045136524677e+00
5.336592543024128332e+00
4.542319291190551667e+00
1.588144993874051725e+00
-2.111128652159513841e+00
-5.041939918668939313e+00
-6.128178384788226296e+00
-4.984678748239530499e+00
-1.978153855536830097e+00
1.841411672694404977e+00
4.998732281657022547e+00
6.109810670300978686e+00
4.542418981629072761e+00
8.743549832532284682e-01
-3.225072508908191971e+00
-5.773078356697268987e+00
-5.539515194263556985e+00
-2.753888149353227455e+00
1.035250610311391872e+00
3.901474571053674456e+00
4.684985346264320505e+00
3.586845576979202921e+00
1.835049884592182767e+00
6.967839200490466567e-01
5.677528424153182041e-01
7.927018800907463802e-01
3.164944134879487114e-01
-1.355748011300051736e+00
-3.636632374917553978e+00
-5.185425403392828869e+00
-4.859514606696043515e+00
-2.590206974229906756e+00
4.687187470815983303e-01
2.648955767197495703e+00
2.849930943915548021e+00
1.252531277844502577e+00
-8.153003399286441466e-01
-1.757981318903147017e+00
-7.465864540630752222e-01
1.752909352753172278e+00
4.260249129319689132e+00
5.158363753825683240e+00
3.624320711076796986e+00
9.670537451641747495e-02
-3.929184479884955561e+00
-6.622665632787323453e+00
-6.680075428315027430e+00
-3.940534624728039503e+00
4.958839634810424668e-01
4.701581720021557054e+00
6.757639874764177712e+00
5.666978578922431176e+00
1.924859109977502758e+00
-2.596831510996510328e+00
-5.506811071108721478e+00
-5.139633361850279414e+00
-1.534633473050934782e+00
3.462042905349194122e+00
7.138062948524874329e+00
7.436448818017636242e+00
4.179705403063620928e+00
-7.764248541122509284e-01
-4.614736664109840625e+00
-5.242536062731215196e+00
-2.562695881133449927e+00
1.472990509533933290e+00
4.082044652058549161e+00
3.396195623262436847e+00
-3.468291656626936170e-01
-4.901446093368216239e+00
-7.342583573761494620e+00
-5.820525656743876119e+00
-7.005201408896279958e-01
5.567300543244684263e+00
9.754246557372779236e+00
9.588397973810907970e+00
4.969705917556214381e+00
-1.965024641705925390e+00
-7.932337592359420597e+00
-1.016580619185183920e+01
-7.803839684753667072e+00
-2.305543515315783054e+00
3.317943734554333446e+00
6.080334134356961684e+00
4.605119329395169103e+00
-1.247427972754258096e-01
-5.297544244850908690e+00
-7.848857197445452627e+00
-6.231628099461359760e+00
-1.349933770498958907e+00
3.946737298674471983e+00
6.568304804162923283e+00
5.080180706572702931e+00
6.013766167190862655e-01
-3.902728333838268338e+00
-5.519524652313649860e+00
-3.264609725662815265e+00
1.304484953707882422e+00
5.158236175189708561e+00
5.840342166861467454e+00
3.107100483997533136e+00
-9.527971958267515973e-01
-3.389849314733123897e+00
-2.430645314608953278e+00
1.328027944649249559e+00
5.371498157125175865e+00
7.010661650424206748e+00
5.175437173575630823e+00
1.028060555246554930e+00
-2.957140537319039364e+00
-4.713069792001586933e+00
-3.853821778151112376e+00
-1.667455364415320496e+00
2.622145758680327621e-02
2.042161024248954349e-01
-8.325841934697155722e-01
-2.016403599917230949e+00
-2.570367388441308520e+00
-2.638084151677521305e+00
-2.977212340896249199e+00
-4.030306309858600500e+00
-5.230066271575809722e+00
-5.218117686296032787e+00
-2.897306854002906107e+00
1.490423580581789587e+00
6.168772377890950231e+00
8.790434248962233355e+00
7.946245033920045664e+00
4.150277823172803693e+00
-4.293129207477849874e-01
-3.331761091827510235e+00
-3.317132300191287353e+00
-1.003831712752827565e+00
1.743855303128974521e+00
3.160421234446700645e+00
2.670872878756477498e+00
1.018229951717693149e+00
-5.219542126565800411e-01
-1.139292317425064871e+00
-9.360187775038635305e-01
-5.806446923526197290e-01
-5.714618106263394948e-01
-7.727528068008715501e-01
-5.873150267106838074e-01
4.403643270174324442e-01
2.147894852732435744e+00
3.819449315512799092e+00
4.714197264955833688e+00
4.580169672892584032e+00
3.707303623208572319e+00
2.503698432974722277e+00
1.024073127355792590e+00
-1.061523210594226940e+00
-3.967557570196465377e+00
-7.191095089706360355e+00
-9.420012021382831335e+00
-9.207315655652244857e+00
-6.025766541316163405e+00
-9.100108620545763749e-01
3.908271846183797305e+00
6.260721407917346326e+00
5.390628994903467586e+00
2.442471562233137217e+00
-2.929816767710943237e-01
-8.920476995697298461e-01
9.581964431010636662e-01
3.822261353873501299e+00
5.535835283137960694e+00
4.635999203335329888e+00
1.223125072134174207e+00
-3.250400757066263857e+00
-6.978490685484331379e+00
-8.797343642649110507e+00
-8.523369038271404463e+00
-6.584787533830509965e+00
-3.457975388165629660e+00
5.187632855727204451e-01
4.834024837752261661e+00
8.423752292086728488e+00
9.799084558449452587e+00
7.843780186214923233e+00
2.795410069999693992e+00
-3.402487625577040653e+00
-7.865690501486402475e+00
-8.348738536670179400e+00
-4.660465412759971393e+00
1.077598298484201411e+00
5.606775533002801737e+00
6.449425999794933695e+00
3.349341438962947226e+00
-1.684237370273673484e+00
-5.716747914982024170e+00
-6.692837862550466532e+00
-4.529595968801349848e+00
-8.713665372277621390e-01
2.186050702970253390e+00
3.441894975072479657e+00
3.109582515834453886e+00
2.285412414817131754e+00
1.904403300938150245e+00
2.020152905450965264e+00
1.911577424351877497e+00
8.502090345802412186e-01
-1.126887444173791941e+00
-3.059622135441227186e+00
-3.652779587656978411e+00
-2.181778378324129353e+00
9.296309705136908130e-01
4.257093198874411399e+00
6.143928240784758188e+00
5.595688936116110845e+00
2.774952931586735172e+00
-1.133515598746706932e+00
-4.533971603419576724e+00
-6.134738767724204678e+00
-5.428593087989359134e+00
-2.793824377098454104e+00
7.368152393041549342e-01
3.898247102647648177e+00
5.655833353179158252e+00
5.570940929920196183e+00
3.942139469862944168e+00
1.640564818554541837e+00
-3.229982229101684421e-01
-1.303998990123913959e+00
-1.321983726085188993e+00
-9.563402598975935254e-01
-8.901346092818033240e-01
-1.400945524436236100e+00
-2.159368322281632668e+00
-2.494996681745722977e+00
-1.948156002525302410e+00
-6.925416914748923070e-01
5.184774329791157488e-01
8.845408182829148647e-01
1.939867548806604169e-01
-9.339862770993990759e-01
-1.441841786820362348e+00
-6.329519674751604708e-01
1.193069013847683824e+00
2.783131117206019578e+00
2.715599391831095222e+00
4.466731370423246972e-01
-3.110676553895001639e+00
-5.951647821762304780e+00
-6.152360758919776629e+00
-3.144708114158300649e+00
1.744207843705663841e+00
5.905291183837322322e+00
6.911309283165584461e+00
3.970853063009681883e+00
-1.520005423579310122e+00
-6.693522660320554429e+00
-8.795598556819852476e+00
-6.716084915639686237e+00
-1.573014257139365935e+00
3.971781100725455982e+00
7.236186550857409472e+00
6.971808673439715776e+00
3.914340898222578247e+00
1.640998028143360044e-01
-2.164431832405210532e+00
-2.172551076304931161e+00
-5.554776289475553686e-01
1.040476394228138757e+00
1.207617552933048621e+00
-2.813964087332811448e-01
-2.378979231682189166e+00
-3.539096458610491602e+00
-2.813222434454681675e+00
-5.152987239118109741e-01
1.989558426087627119e+00
3.216538081126979698e+00
2.566744090597679495e+00
7.154538862487622719e-01
-8.788038187936497714e-01
-9.982950404941277611e-01
4.874047708939743817e-01
2.531948258445798405e+00
3.628035678383005447e+00
2.822356523999896449e+00
3.355375542151410873e-01
-2.606112206899387829e+00
-4.560897286682369156e+00
-4.709997015165859224e+00
-3.197460459585168557e+00
-8.396130409814839268e-01
1.465279963836877419e+00
3.140973578149543588e+00
3.914707461090944918e+00
3.560158445272951777e+00
1.803799510428526265e+00
-1.385915767224109363e+00
-5.339023081269305138e+00
-8.559338741311449894e+00
-9.288588534930735108e+00
-6.573812094649641224e+00
-1.135017044090694593e+00
4.706508681295678009e+00
8.209711000815751447e+00
7.859207126805229038e+00
4.376814416746439562e+00
3.183215236079307564e-01
-1.586632150430382193e+00
-2.755273459118435797e-01
2.910030803530859522e+00
5.162966513545418579e+00
4.223703902099872565e+00
6.777567075463741819e-02
-4.951148816315613210e+00
-7.652221069585922741e+00
-6.210777150408506309e+00
-1.438165251058751259e+00
3.753570470571383044e+00
6.325815884611780682e+00
5.126751496590816970e+00
1.530726508553202025e+00
-1.703784554761579750e+00
-2.477589231908502221e+00
-7.894069531786692684e-01
1.450222114938998219e+00
2.025007872340069959e+00
1.875550671308464645e-01
-2.743948859802121554e+00
-4.401694907671252821e+00
-3.209270996443456703e+00
3.536880612395000290e-01
4.019583331062610121e+00
5.335175837094349838e+00
3.409781115739263235e+00
-4.684486610221367253e-01
-3.767821960103653112e+00
-4.476229581060900742e+00
-2.397295993333286024e+00
9.102517608315057185e-01
3.399698628513018406e+00
3.989172233139577806e+00
3.122762003576884826e+00
2.119732821816633805e+00
1.942308047526993597e+00
2.414614812509278785e+00
2.493016249827463060e+00
1.298629444228867502e+00
-9.981297727930018571e-01
-3.210696610616444513e+00
-4.081125150070227470e+00
-3.355588003942321151e+00
-2.070364450644791354e+00
-1.748721058601461875e+00
-3.102036801638491603e+00
-5.277478249498621210e+00
-6.322022223902887816e+00
-4.604748927611044707e+00
-1.671947327333089817e-01
5.037657407128625309e+00
8.273240790834082148e+00
7.769230418330022481e+00
3.878704449087537753e+00
-1.159948102100730516e+00
-4.672262470263106593e+00
-5.189789255154861003e+00
-3.182571667612663635e+00
-4.742169016798634118e-01
1.134253194636146489e+00
1.015881981546947976e+00
-1.013175487550881104e-01
-9.026326450681093627e-01
-5.222045940907272810e-01
9.213326487285357080e-01
2.573959274733896851e+00
3.548497187748877124e+00
3.482721679545434768e+00
2.593918119879523143e+00
1.344309966604016804e+00
1.139965174810884108e-01
-8.465410943725767412e-01
-1.276771181888792794e+00
-8.970772206722448239e-01
3.020422413182396459e-01
1.698318771566706076e+00
2.070491345686339635e+00
2.799291413449143118e-01
-3.714849240638889327e+00
-8.290329904313940901e+00
-1.070641734018852098e+01
-8.707741465314457585e+00
-2.241881802832162318e+00
5.960857305687307317e+00
1.160675104870975005e+01
1.131883578059969153e+01
4.858991694437017728e+00
-4.434035057564948090e+00
-1.144263248136060440e+01
-1.227884211943131376e+01
-6.614812831560038298e+00
2.167737767782346392e+00
9.102736687817372996e+00
1.065109089531133613e+01
6.667253206768631202e+00
1.454473101273046076e-01
-4.924333057731405283e+00
-6.057305833729533795e+00
-3.501861441545170983e+00
4.296516868601934491e-01
3.216680134496346710e+00
3.752731229976947525e+00
2.672171688348018215e+00
1.388132356230831865e+00
7.836484280455005003e-01
6.237460894504005537e-01
5.351098663229469921e-02
-1.372715937820789156e+00
-3.086605787143394508e+00
-3.875203351273068808e+00
-2.924733040128093542e+00
-6.498090038171091543e-01
1.433083303902773720e+00
1.764921368205614183e+00
-5.295929300125412631e-02
-2.855245599091171815e+00
-4.661514317077201319e+00
-4.052650030632866773e+00
-1.164756482022114348e+00
2.425583079319394209e+00
4.817823619774746824e+00
5.058126965949186982e+00
3.631877293113498606e+00
1.869756287662517780e+00
7.991826903937845339e-01
3.780326958854887676e-01
-2.878316201747864178e-01
-1.946165593184529419e+00
-4.262855795209394394e+00
-5.767593462104292357e+00
-4.820780595223078890e+00
-9.284520809333782765e-01
4.591960982040387051e+00
9.169692535190149485e+00
1.047026916614843373e+01
7.844926755288988751e+00
2.767525797981405855e+00
-2.038881021605836175e+00
-4.216900802828414285e+00
-3.102183590367656230e+00
3.039913545471495393e-02
2.868416202160373629e+00
3.474916707006900918e+00
1.344447472561390189e+00
-2.443080053496971882e+00
-5.923969022358896552e+00
-7.308594387683072569e+00
-5.819257222686632147e+00
-1.974265696105062418e+00
2.690061539957094627e+00
6.261996688100860631e+00
7.214378836065388434e+00
5.050879987386716508e+00
6.150960768669850864e-01
-4.128033979897941741e+00
-6.876755987122945335e+00
-6.094133979575001803e+00
-1.902137821963784781e+00
3.788047903204322164e+00
8.127777340647678983e+00
8.810340690191329927e+00
5.371741431863527261e+00
-4.824925535022559497e-01
-5.784464045228926210e+00
-7.951180273985273494e+00
-6.197052756947670993e+00
-1.867016040465760973e+00
2.477975284582584869e+00
4.609862818631116355e+00
3.835235063915173548e+00
1.148728030097225128e+00
-1.642821990791356601e+00
-3.147501792287632938e+00
-3.130138230445582703e+00
-2.348764054398759793e+00
-1.732500363038892432e+00
-1.585768376910036359e+00
-1.422091837883315613e+00
-5.188159777503170700e-01
1.271460326992614576e+00
3.117565539955079679e+00
3.591442648750598821e+00
1.644791023510153494e+00
-2.461417111952533432e+00
-6.946494674906456446e+00
-9.273497491602883613e+00
-7.536721675129689935e+00
-1.701410424158578572e+00
6.059198896165167270e+00
1.222696063153281898e+01
1.364500514555007449e+01
9.210405304350583577e+00
6.308753360977155111e-01
-8.245107224581428085e+00
-1.327919043310992642e+01
-1.216169962963840945e+01
-5.661077900769585725e+00
2.737705806596050007e+00
8.692492021861308871e+00
9.381767895151689629e+00
5.059609301041774643e+00
-1.142881742484840979e+00
-5.098565395218854768e+00
-4.158837379589762406e+00
1.262202429622622857e+00
7.962305799486273372e+00
1.191181043388377780e+01
1.067470599415563726e+01
4.785797802430745485e+00
-2.729189034990420204e+00
-8.294689472171100419e+00
-9.872451427258681633e+00
-7.863647206101434861e+00
-4.371579596870846629e+00
-1.509544410779605217e+00
-3.535893002556678155e-02
7.534295537399774423e-01
1.935271159608147551e+00
3.666402561103061952e+00
4.774054493521663112e+00
3.618184397969129495e+00
-4.263244298604258464e-01
-6.051415105633242142e+00
-1.047506360576630691e+01
-1.107890003100475695e+01
-7.124201002723088649e+00
-3.341829944298071453e-01
6.097762190265241244e+00
9.417311215521895207e+00
8.852549271141960219e+00
5.795304196580715050e+00
2.598672407734010203e+00
9.139750131754365015e-01
7.374346782030190006e-01
7.487251113823903959e-01
-4.304528372420866056e-01
-3.046352300459601814e+00
-5.946820176417908499e+00
-7.366835431220405184e+00
-6.143565454190892616e+00
-2.498388650413388756e+00
2.092479487839345786e+00
5.754672886364308404e+00
7.176187465201802951e+00
6.101550741858882354e+00
3.206863625717693012e+00
-3.855497133835642520e-01
-3.578699004023026653e+00
-5.564449189914614458e+00
-5.924319174789793863e+00
-4.685164409317550849e+00
-2.336247126270291297e+00
3.007895228688989286e-01
2.403280970673378647e+00
3.533423925152099798e+00
3.793492803895451182e+00
3.580558303593738945e+00
3.100768742745573459e+00
2.070645810430929323e+00
-4.623642056241505927e-02
-3.355850186623279274e+00
-6.957956103613345711e+00
-9.097161528596480196e+00
-8.170236325457169713e+00
-3.989027994999657878e+00
1.682581260799531631e+00
5.931364454692158894e+00
6.499280179599617568e+00
3.397701105807630739e+00
-9.097512696714271652e-01
-3.081134032399536871e+00
-1.261912500605771204e+00
3.429237202373280891e+00
7.480021945675064288e+00
7.387466223050836334e+00
2.270274927784540431e+00
-5.202947534366145987e+00
-1.036378628376921718e+01
-9.618130559052497475e+00
-2.947209296168088244e+00
5.934952015932784875e+00
1.193007961457826838e+01
1.181775536484974154e+01
6.201787943387614632e+00
-1.143583676249533720e+00
-5.971865576047160395e+00
-6.349153438873702093e+00
-3.602004199993339206e+00
-9.075489207158251581e-01
-7.137969531211195706e-01
-2.941082503536758708e+00
-5.221670041693744047e+00
-4.865172955355429707e+00
-9.922944851432333735e-01
4.743636690412759371e+00
9.288554478539873926e+00
1.023481298103738268e+01
7.267392417943377758e+00
2.081126840402255596e+00
-2.950078605837827883e+00
-6.215775483575667337e+00
-7.402406442799117414e+00
-6.983857924823516861e+00
-5.395774245295611671e+00
-2.744338996154233712e+00
7.519724306532664659e-01
4.185484310481664139e+00
6.044470937994480764e+00
5.157340746681340349e+00
1.812683464892936636e+00
-1.983810639193956060e+00
-3.594464564649642924e+00
-1.569553070112438276e+00
3.130675621234689121e+00
7.550131051305607244e+00
8.651984015063892031e+00
5.425867479241932578e+00
-3.560720077187982113e-01
-5.332395608391418129e+00
-6.854078798888840751e+00
-4.721565635345947420e+00
-1.112707199531618896e+00
1.172522914618817635e+00
7.699165765237128145e-01
-1.439121819782613887e+00
-3.286648125644977991e+00
-3.168482965247209293e+00
-1.255086406404530841e+00
8.698288676974327283e-01
1.736834863884199054e+00
1.309104295468020984e+00
9.219151227806559046e-01
1.887474986587645231e+00
4.013882234425399709e+00
5.444305390314710280e+00
4.142891466336548589e+00
-1.077292299450616220e-01
-4.942982015324822065e+00
-6.792805502964395004e+00
-3.589483992443194715e+00
3.238562075435983179e+00
9.222155314473390320e+00
9.739337374950860493e+00
3.402795284570537149e+00
-6.565100755696836821e+00
-1.417049468437416238e+01
-1.458590696727299729e+01
-7.463853026037446270e+00
2.756806109427356599e+00
9.828298232062614659e+00
9.879289662807929417e+00
3.867567669174627021e+00
-3.373100802376360008e+00
-6.702630207997904321e+00
-4.232271636947311677e+00
1.639834697731758606e+00
6.290678481851895043e+00
6.341994907027403983e+00
1.936435380341126500e+00
-3.724546548473005370e+00
-6.990715326658653694e+00
-6.380904276455229507e+00
-3.247946057164377454e+00
-2.024518354587159230e-01
