4.904418095083350693e+00
6.303209445180170789e+00
5.849162123468062191e+00
3.310325042620187563e+00
-4.546983219257251796e-01
-3.624219983397684253e+00
-4.377319346503869113e+00
-2.127100169295722765e+00
1.877917933786235283e+00
5.140632274136672564e+00
5.429394427129365042e+00
2.256854922336767544e+00
-2.691589304422210116e+00
-6.527343070550081450e+00
-6.938172553772142592e+00
-3.637529437267516652e+00
1.444385878911688348e+00
5.333595370226910326e+00
5.788637563840160816e+00
2.577988527569941901e+00
-2.473428249261390377e+00
-6.609626805065202504e+00
-7.701131326017209844e+00
-5.325164346085717426e+00
-8.325933343039784162e-01
3.514555971448162452e+00
5.772795877903917017e+00
5.244660765974908045e+00
2.679134451030236175e+00
-2.730295766017117320e-01
-2.011338792496184080e+00
-1.840208002974248469e+00
-2.879453101078434107e-01
1.278889018888750950e+00
1.543260112318603827e+00
1.204511328800776937e-01
-2.121963314432434355e+00
-3.571499360013480562e+00
-2.949844293867774248e+00
-2.750725868011407726e-01
2.996310012189170369e+00
4.855025757704372502e+00
4.131776927939060151e+00
1.427048811171494069e+00
-1.175462878805346723e+00
-1.546433485251790696e+00
8.467689589754573420e-01
4.315745204584327865e+00
5.948552757401844637e+00
3.679471886087401167e+00
-1.992365129339282115e+00
-7.960499881126917643e+00
-1.037127269834652310e+01
-7.238230009590624903e+00
-7.723048000463972329e-03
7.121019256828849286e+00
9.803341185168200411e+00
6.386991697776752908e+00
-9.571754365948058618e-01
-7.628490304357534058e+00
-9.603000674923412916e+00
-6.021371247533136462e+00
3.851936607567134629e-01
5.271686286688581191e+00
5.645436554065536683e+00
1.769623601370567290e+00
-3.240970146106282535e+00
-5.730531644400698177e+00
-4.019780444002392095e+00
6.153533815896078396e-01
5.068137977442463971e+00
6.682500567945655057e+00
4.999508280096454982e+00
1.783772566464366438e+00
-5.350905502473712883e-01
-7.389814963095781009e-01
3.882821837677293830e-01
8.671340576474992901e-01
-7.742403204955671248e-01
-4.224425418154757139e+00
-7.490381712659988978e+00
-8.280223337767136371e+00
-5.650131680881102625e+00
-7.483579311687118540e-01
3.838486742458627532e+00
5.666229984845649881e+00
3.893472781806425864e+00
-2.701569803509571432e-01
-4.318405456601711379e+00
-5.868312997372071571e+00
-3.904631665984414468e+00
7.724994604145122290e-01
6.013573273167041044e+00
9.368594711935084973e+00
9.198517988225958675e+00
5.390728681055679594e+00
-5.820428019733954184e-01
-6.278077306354897580e+00
-9.347293562146710144e+00
-8.593095601704115793e+00
-4.524292081010567124e+00
9.272322923488856006e-01
5.422630273080799590e+00
7.418155330248904278e+00
6.846035455934816660e+00
4.866834709584807683e+00
2.896081523609243646e+00
1.613395100264354731e+00
6.723267437602733487e-01
-7.041843907724465446e-01
-2.757981482510015070e+00
-4.697831373000815880e+00
-5.165631067497878703e+00
-3.380288702259237166e+00
-5.292454380506217415e-02
2.765604442242870942e+00
2.974742979032113155e+00
3.027310855152176572e-03
-4.518319555492642969e+00
-7.622082990442937245e+00
-6.939605673663587382e+00
-2.386428357248510324e+00
3.633359135910896764e+00
7.728699333146776596e+00
7.730709770587589347e+00
4.074981032995792951e+00
-6.079505178843409574e-01
-3.380767199284823832e+00
-2.998565591035485145e+00
-5.976992898005668575e-01
1.363247629188424126e+00
1.060888083801130310e+00
-1.320481896579421610e+00
-3.804826178771000045e+00
-4.215544403297564635e+00
-1.898515437286419694e+00
1.740471734239119161e+00
4.280408412441778054e+00
4.102618910943417241e+00
1.594855453787017208e+00
-1.166769569990298017e+00
-2.008448102489506670e+00
-3.132528961151521685e-01
2.511540504302103738e+00
4.109760948800223801e+00
2.993202412818032787e+00
-2.574575942080186697e-01
-3.316937711242876841e+00
-3.759552326907556363e+00
-8.541442145412325715e-01
3.780731047987084814e+00
7.155861414400275677e+00
6.881112222070333573e+00
2.799089177357739100e+00
-2.815966591013925768e+00
-6.634032703696340683e+00
-6.332041032969735639e+00
-2.032339984393271681e+00
3.769001227171103974e+00
7.707775185153211694e+00
7.542686783602416511e+00
3.428461361749117309e+00
-2.254533829673404544e+00
-6.356943158746593880e+00
-6.799429931246383951e+00
-3.705484498081949685e+00
8.034637514562790184e-01
3.972683206199405959e+00
4.079140399005352080e+00
1.382201015698270030e+00
-2.193597105330934660e+00
-4.396689119039374205e+00
-4.113793306887361112e+00
-1.993990798883047200e+00
1.693836088742845525e-01
8.444400093234551985e-01
-6.774214146350598931e-02
-1.177457185881092050e+00
-7.542058872770520672e-01
1.747279245599653530e+00
4.967477904855579496e+00
6.397989472115577669e+00
4.200476776174561166e+00
-1.199454155931974686e+00
-7.008923949339977533e+00
-9.725090941687840385e+00
-7.518216320228859217e+00
-1.655056010327615512e+00
4.165094094525546353e+00
6.240404452036314886e+00
3.420442208179421240e+00
-2.050791370785840950e+00
-6.083680718088535500e+00
-5.646333303921753810e+00
-9.542187875906211758e-01
4.665113049561496084e+00
7.178278527071809911e+00
4.794442758750521172e+00
-7.076137334984591298e-01
-5.272733274359891809e+00
-5.551338787375273753e+00
-1.372002280063589819e+00
4.134645387732971855e+00
6.861122145083704993e+00
4.769006436511891600e+00
-6.168536859302748976e-01
-5.378081179561475800e+00
-6.149676999625928175e+00
-2.624636548051038076e+00
2.262234115105373533e+00
4.593038499887314607e+00
2.447678370180890184e+00
-2.647562755630796794e+00
-6.886614878773722026e+00
-7.067610422702569117e+00
-3.009922903189296672e+00
2.308258167304494624e+00
4.974564876739115071e+00
3.045900134962274297e+00
-2.028747402617192108e+00
-6.483082974600707260e+00
-6.957305854456278027e+00
-2.845724239014679746e+00
3.396106244101481764e+00
8.084819265520113873e+00
8.834571613527732126e+00
5.937900543116534813e+00
1.751229758966391437e+00
-1.238263898650453942e+00
-2.100931113145604989e+00
-1.710853691014841083e+00
-1.583505382674348150e+00
-2.413167450769423183e+00
-3.520856350970871684e+00
-3.563649635804002624e+00
-1.801121177102968485e+00
1.176619138982840651e+00
3.825026113469498501e+00
4.749254384439473675e+00
3.611339354091874565e+00
1.176805690501592672e+00
-1.383604227732306180e+00
-3.234079451176346431e+00
-4.051320923819289987e+00
-3.675134197733834984e+00
-1.816032347638884659e+00
1.677695045607009661e+00
6.144621134305211285e+00
9.779351972439343399e+00
1.031112129311895309e+01
6.531338674643259345e+00
-3.974981674192636927e-01
-7.064133637211559957e+00
-9.666162246840618977e+00
-6.540614127023848923e+00
4.357937432860145011e-01
6.786712496563395369e+00
8.299926215195622348e+00
3.909479206767192849e+00
-3.483793479593217945e+00
-8.950814061783184172e+00
-8.940163781219974126e+00
-3.738785372869528167e+00
2.794724091232223984e+00
6.040951696414994743e+00
3.931566092290478043e+00
-1.643051920393704624e+00
-6.319367904786050261e+00
-6.490789755483747925e+00
-1.876257538177905637e+00
4.426136099425791670e+00
8.336231539629864074e+00
7.761536216474676841e+00
3.914148885495139396e+00
8.813313704222447420e-02
-1.032531603737237180e+00
6.000318102524255792e-01
2.563920686221714540e+00
2.095179433825975046e+00
-1.565960878107083065e+00
-6.461132453598086300e+00
-9.352791795935765151e+00
-8.150430874019900074e+00
-3.436841315584868717e+00
2.026755339059380656e+00
5.340114142733556335e+00
5.420762094836677925e+00
3.423342709436904219e+00
1.460094814431341259e+00
7.976391772806548097e-01
1.021055263726321050e+00
7.509037796882294113e-01
-8.340272379078246257e-01
-3.062985856673662077e+00
-4.269110663376748604e+00
-3.290143833389570727e+00
-6.496408366811768920e-01
1.673504807604496936e+00
1.795750109615344758e+00
-4.451234477927336064e-01
-3.180579954663167008e+00
-3.888990053035467742e+00
-1.444541248354945129e+00
2.800023347931906770e+00
5.849576705873437810e+00
5.284686001272186573e+00
1.194630954607146078e+00
-3.700834820820205984e+00
-5.927291237222849674e+00
-3.789922655183988631e+00
1.310179660278186997e+00
5.780102401196039352e+00
6.331043623946516874e+00
2.275304973443503354e+00
-4.001852684942582172e+00
-8.680857607932223274e+00
-9.043874783502934278e+00
-5.133338799222323168e+00
5.144297070636063562e-01
4.701127845791063464e+00
5.578440899976551570e+00
3.503405906534533987e+00
3.708481044421061412e-01
-1.858188433297439435e+00
-2.305290429294859500e+00
-1.331669080673352212e+00
1.248727173718806593e-01
1.331085369853794553e+00
2.075112439391012309e+00
2.473974065996430216e+00
2.653244060940708859e+00
2.655773121488877564e+00
2.575691956160353513e+00
2.629181669558237733e+00
2.959772595303251208e+00
3.332145926145227310e+00
3.103268401512608410e+00
1.679797847443196268e+00
-8.119742057819132608e-01
-3.254189708783332247e+00
-4.082571128675155592e+00
-2.414979197361198260e+00
1.064045207338109922e+00
4.268319784503340486e+00
5.001162338459967494e+00
2.531604763227699451e+00
-1.738350117264007233e+00
-5.130715096593405633e+00
-5.549386127232578403e+00
-2.989191314127904953e+00
4.734443973495701119e-01
2.260158186801902058e+00
1.269066993209964078e+00
-1.279538501637446313e+00
-2.826282716219305158e+00
-1.558189271231385842e+00
2.032432920545560684e+00
5.386638410135427435e+00
5.801753218131983303e+00
2.577364235849811003e+00
-2.314014338280705907e+00
-5.626462705807778519e+00
-5.288325194845152843e+00
-2.009160932065334748e+00
1.247971754385234888e+00
1.586741447234415014e+00
-1.474729545445488288e+00
-5.479261106550195493e+00
-6.820541120567480853e+00
-3.552874331006306008e+00
2.912282321152979137e+00
8.576093757138922413e+00
9.607566348722253124e+00
5.096076639936315544e+00
-2.221624370698119133e+00
-7.809770521385667408e+00
-8.428611103792297499e+00
-4.262210967754247903e+00
1.389180566078541901e+00
4.532812650514310704e+00
3.218599793982707791e+00
-1.330745615101113888e+00
-5.841456264891544237e+00
-7.369790148760282378e+00
-5.163202791597400143e+00
-7.929595152058388496e-01
3.268003363601703626e+00
5.361600017262285967e+00
5.387179488666429705e+00
4.253578525182248882e+00
2.781107256164525143e+00
1.101200313000443520e+00
-1.010451038902878462e+00
-3.356667728490845271e+00
-4.994847054118733531e+00
-4.811558157306392580e+00
-2.551067711080385880e+00
6.637799107898088025e-01
2.931073836380133635e+00
2.948598009830210920e+00
1.082027583329407516e+00
-8.312641861356906414e-01
-9.188110548310005621e-01
1.126431759445561287e+00
3.602071150689440948e+00
3.997382900989798316e+00
1.025298897269586895e+00
-4.075691000590675017e+00
-8.083849497503095449e+00
-7.937374269847257580e+00
-2.983725490590442675e+00
4.329542401825278830e+00
9.905324645853356813e+00
1.062445556097244115e+01
6.326168305547107629e+00
-2.121064148838658348e-01
-5.206688978689355096e+00
-6.287333088976597928e+00
-3.728715476996093958e+00
2.126466471663309155e-01
3.150648063091371132e+00
4.126748162243250029e+00
3.784078019232229195e+00
3.259101309243516820e+00
2.898585232770199305e+00
1.952118218350902268e+00
-5.180867634902058816e-01
-4.354019404686374273e+00
-7.853394499430939923e+00
-8.703788463907628170e+00
-5.692449136410631105e+00
1.296013624715286472e-01
5.829382788225817791e+00
8.382383485547277857e+00
6.647638254077437914e+00
2.110213211186970028e+00
-2.160551367727619798e+00
-3.603632132673137090e+00
-1.827397913365351956e+00
1.307684803495924752e+00
3.175104325453560250e+00
2.312472902480653847e+00
-5.951018496701221405e-01
-3.327106106366778171e+00
-3.812902218712951985e+00
-1.631630277353595559e+00
1.729065221023400545e+00
3.969921429056135764e+00
3.585095347468042259e+00
8.296979992310946628e-01
-2.568789909949837025e+00
-4.658170424714692004e+00
-4.540939885515729912e+00
-2.825054033508654694e+00
-1.033324827086095299e+00
-4.793186360965963067e-01
-1.411314028839348422e+00
-2.948367818660762474e+00
-3.748663128380533394e+00
-2.893319620323751007e+00
-4.171402070366221349e-01
2.769000823911149656e+00
5.414123414930036127e+00
6.547810448964625607e+00
5.860013733924493984e+00
3.726184345209856641e+00
9.617798752866006939e-01
-1.529885582132468169e+00
-3.075454533585524342e+00
-3.426824488748680508e+00
-2.784871054598973661e+00
-1.642329318420364004e+00
-5.045435894652178233e-01
3.747179918952004973e-01
1.082194971820702678e+00
1.883969923683855630e+00
2.905338099164179066e+00
3.878874768073819368e+00
4.178357018868092965e+00
3.179193275803868790e+00
7.478832604902074799e-01
-2.467911614929508612e+00
-5.192888939498646828e+00
-6.103451265542400250e+00
-4.539234242052221369e+00
-9.431809466418905608e-01
3.242989042729131022e+00
6.206998694732639876e+00
6.612318322898371292e+00
4.239659243089694662e+00
1.049534862715741923e-01
-4.005224293828097082e+00
-6.359859210904826199e+00
-6.080563841374109657e+00
-3.530889580919285731e+00
-1.068247268654041737e-01
2.477927296720352057e+00
3.062280430028269329e+00
1.615931723940505549e+00
-7.914994089378153408e-01
-2.628691957958835701e+00
-2.799700921258145847e+00
-1.281168036973774571e+00
8.868898042707624718e-01
2.261614313244699304e+00
1.907213296368372557e+00
-1.547132185575572638e-02
-2.353136888555660722e+00
-3.685760809190237186e+00
-3.198899671614285012e+00
-1.140952740868956150e+00
1.406118814287681706e+00
3.249301953588791037e+00
3.791810440388487358e+00
3.265843166953506405e+00
2.395466280390542657e+00
1.798851319343304667e+00
1.590996512703823029e+00
1.451446366965370549e+00
1.043061790995014837e+00
4.027671780125368084e-01
-3.034218804538846292e-02
2.217151184812818920e-01
1.212849932722428470e+00
2.388131952003845537e+00
2.846911104162447526e+00
1.888578218536026476e+00
-5.292903796398147342e-01
-3.720052279709357812e+00
-6.607572601375044208e+00
-8.234497073361264796e+00
-8.131910268535774478e+00
-6.394620200189907955e+00
-3.526890984142960761e+00
-2.345072244448465071e-01
2.721032989861174478e+00
4.628835719103121527e+00
4.984067271032621704e+00
3.706695135042891387e+00
1.298696499893306378e+00
-1.238892311160942006e+00
-2.792176190925154344e+00
-2.668513324626808902e+00
-9.735092239170564099e-01
1.419161831549563102e+00
3.313546041701148859e+00
3.799519204949851847e+00
2.675573788111731854e+00
4.741052199137674728e-01
-1.865752569464226518e+00
-3.441887220411554704e+00
-3.708586773336395748e+00
-2.576912742468954853e+00
-3.570663845037078676e-01
2.351872631362440735e+00
4.786388650168873049e+00
6.192494877690039701e+00
6.066904831175976121e+00
4.382687650796921019e+00
1.644841606933429290e+00
-1.316929724225834875e+00
-3.730400498114438967e+00
-5.194251519497735892e+00
-5.701956378100781819e+00
-5.374620224179317063e+00
-4.155718673751289671e+00
-1.787163945501071716e+00
1.828887372754425256e+00
6.133780395082285786e+00
9.740640401829017136e+00
1.089608937778728404e+01
8.435710721482498897e+00
2.662529513951689353e+00
-4.488869532288542352e+00
-1.023981225408828166e+01
-1.232403421250581310e+01
-1.012529423509739601e+01
-4.919093405785014639e+00
8.949465214507392741e-01
5.058259541314008345e+00
6.448353760479070829e+00
5.301735280687008611e+00
2.720203340654004709e+00
-5.796455443114922890e-02
-2.130848191220795051e+00
-3.003814421534241497e+00
-2.479198944060554854e+00
-6.595798256444227459e-01
1.889945469484139329e+00
4.080286544862309128e+00
4.634668842212412265e+00
2.805252565116822527e+00
-9.628737852225981442e-01
-4.983846935060918248e+00
-7.122305550568853505e+00
-6.038149801893392343e+00
-2.085729586365202337e+00
2.788447480242278509e+00
6.154691499358783346e+00
6.517422417184784322e+00
4.112611100453213098e+00
5.893090334658390717e-01
-2.137550398116733863e+00
-3.023319145715206879e+00
-2.262875714960891571e+00
-7.709585340972918699e-01
6.741423771914722973e-01
1.884941999751335473e+00
3.006014599504634344e+00
3.896822283175672474e+00
3.845553857987284552e+00
2.013026709161260808e+00
-1.677426512242557344e+00
-5.983689839362218876e+00
-8.755211419370885650e+00
-8.214672702751395050e+00
-4.262350289579976526e+00
1.199613620429018201e+00
5.295890743884542395e+00
5.950464322969432729e+00
3.199533435984823093e+00
-8.861839072247457150e-01
-3.629490117151869644e+00
-3.522111978721518710e+00
-1.107424026043394516e+00
1.602474555213233787e+00
2.678009224011825395e+00
1.621183952734752687e+00
-4.443335473981797623e-01
-1.787234476253039883e+00
-1.434044160995547879e+00
1.719137034710954137e-01
1.663438424568311369e+00
1.918374508778409204e+00
9.290677163584326603e-01
-3.063411456767945462e-01
-7.223227461604038169e-01
-1.285730371212846501e-01
6.508609562414097160e-01
5.618931376744278339e-01
-6.413908579580699376e-01
-2.014910794875027555e+00
-2.093750950371013886e+00
-1.396060655875113188e-01
3.027868409174906628e+00
5.351692223851027386e+00
4.884739677181627826e+00
1.230552356076684006e+00
-3.982050757933634166e+00
-7.986131485146363396e+00
-8.555412045619622319e+00
-5.349890293023836563e+00
-5.459731196225336980e-02
4.713957231471792575e+00
6.946163628586244698e+00
6.224662862028931265e+00
3.640917370229108663e+00
8.873454943883321011e-01
-7.582183059012901349e-01
-9.363216070907302013e-01
-6.908849719917509180e-02
1.100102657446949905e+00
1.892356335782630072e+00
1.854836926541654440e+00
8.201772423525139910e-01
-9.894782281969251025e-01
-2.874492950981757833e+00
-3.818318168522522704e+00
-3.017696717169056519e+00
-5.450470675932153064e-01
2.377268607055114114e+00
3.888013662437189044e+00
2.639391909615054210e+00
-1.132232934365071220e+00
-5.456364876568574829e+00
-7.695037803016735900e+00
-6.243446385404617160e+00
-1.718086701317954379e+00
3.277936203093583245e+00
5.775885325408903981e+00
4.404847073345164787e+00
3.383412172424848929e-01
-3.478448932482756994e+00
-4.328438435548604524e+00
-1.578838849104080344e+00
2.890201178269557580e+00
5.966816592482646620e+00
5.386000216953974906e+00
1.167831928193118429e+00
-4.514647484022816570e+00
-8.827479806351497871e+00
-9.996021617209583709e+00
-8.076924839510283505e+00
-4.414379226429928416e+00
-4.145095832123937285e-01
3.306550854946229911e+00
6.789333716517003126e+00
9.905534052018573732e+00
1.174258265185105543e+01
1.091496635336515375e+01
6.692427072046397640e+00
4.879486841493418936e-02
-6.347521459211383998e+00
-9.447010374101713737e+00
-7.672771964283509050e+00
-2.046495039694908868e+00
4.263286710052601514e+00
7.756339269066550912e+00
6.622195648197928719e+00
1.673594822238614555e+00
-4.343502350239388576e+00
-8.503940797960071407e+00
-9.314666138146664665e+00
-7.201735878940924707e+00
-3.763244724881734449e+00
-5.215106043678829906e-01
1.877073162793663430e+00
3.565415127119508920e+00
4.774248511304865161e+00
5.291658581388102078e+00
4.568127880143625141e+00
2.347620500094196316e+00
-7.834216334837738049e-01
-3.489841866086845990e+00
-4.451395099155925017e+00
-3.248749014730713647e+00
-6.819446801109341205e-01
1.756691840374766445e+00
2.888493880770232280e+00
2.595313552759519027e+00
1.762975629815142220e+00
1.486714266532036977e+00
2.160714152144532108e+00
3.153185671093831743e+00
3.314355330936187283e+00
1.926416323506869421e+00
-6.351534955834357010e-01
-3.048757397693114157e+00
-3.923157457226218003e+00
-2.782598106195404597e+00
-4.506693441326051763e-01
1.455766627351132492e+00
1.588313758768621575e+00
-2.326611683949070253e-01
-2.880764720303735427e+00
-4.632879006730891369e+00
-4.252477429646944529e+00
-1.750062815721608267e+00
1.641058320093430112e+00
4.221138760694667980e+00
4.812330134022301920e+00
3.373343394986398014e+00
9.089226143873183617e-01
-1.204650568205230421e+00
-2.018149167454049930e+00
-1.444676971882651761e+00
-1.186284625400636505e-01
1.151386068741128144e+00
1.921250390369911631e+00
2.271873006543391416e+00
2.516652131438740447e+00
2.724360192349766230e+00
2.477981332729450870e+00
1.129817864203634947e+00
-1.569052469121501980e+00
-4.929706279774453748e+00
-7.376807700958464942e+00
-7.238353292584378096e+00
-3.878894347889780825e+00
1.576067961341857337e+00
6.544942030880256389e+00
8.330351235613530747e+00
5.770433772151790208e+00
1.412970562365111205e-01
-5.388056554736452064e+00
-7.550972030709586669e+00
-4.968811546463141049e+00
9.505982160016253069e-01
6.839147699108091061e+00
9.436756376567915439e+00
7.570047832022640755e+00
2.740665855273350715e+00
-2.047394451796093584e+00
-4.385000798126386101e+00
-4.006032625066056063e+00
-2.713259018615794549e+00
-2.779555109147233694e+00
-5.030081045466721079e+00
-8.049145537863694244e+00
-9.135940892764494947e+00
-6.341457094679102902e+00
-9.829919989153723670e-02
6.782519934875547385e+00
1.080702581700084508e+01
1.002177730536309141e+01
5.217223984194339081e+00
-7.010801683822291963e-01
-4.673978534469336310e+00
-5.362507836683268359e+00
-3.649436279677853889e+00
-1.549217514541999963e+00
-4.841578645100788059e-01
-2.897363986889337495e-01
3.360467295356824868e-01
2.398865268019239494e+00
5.428783462453138142e+00
7.576140427579993286e+00
6.967021554998543031e+00
3.267897125321046481e+00
-1.804841343069025328e+00
-5.507753705854037563e+00
-5.918940082530813385e+00
-3.245708918540028964e+00
3.892815813747707576e-01
2.519436639714411008e+00
2.075310035033719913e+00
-4.769442626952558051e-03
-1.708281768592531336e+00
-1.643457300274718591e+00
-1.371396751456898100e-01
1.128722601608364462e+00
6.297806800699579100e-01
-1.583701370620669291e+00
-3.756528009346920438e+00
-3.762032175619569152e+00
-8.887068571977233544e-01
3.351649730347810774e+00
6.122020751381556991e+00
5.280809585117054006e+00
1.030617108292197770e+00
-4.085344625490117565e+00
-6.910556803394049652e+00
-5.894610514719873962e+00
-2.170711492880658344e+00
1.319172683866836726e+00
2.015554154369491702e+00
-3.719208884643930846e-01
-3.680986843087359794e+00
-4.945983899663346506e+00
-2.644086017606115391e+00
2.134878706755358291e+00
6.454275939512274185e+00
7.643512468644039437e+00
5.177797165388175138e+00
9.475506778941849007e-01
-2.230899009550211254e+00
-2.695490361587467465e+00
-1.030970083500273748e+00
6.137474197751688898e-01
3.957452477629734844e-01
-1.657443548208319628e+00
-3.631012398173708799e+00
-3.285426284276769415e+00
1.120359339201104643e-02
4.512020970168298284e+00
7.160550149110779472e+00
5.786706239023721388e+00
8.280023095509521092e-01
-4.737237283490182804e+00
-7.290697411515414395e+00
-5.028708492535652219e+00
7.333394876684274921e-01
6.328833298107555905e+00
8.077429401848910118e+00
4.629989520363468891e+00
-2.212040732677115429e+00
-8.677065108797023640e+00
-1.135524890329558012e+01
-9.149707326457452439e+00
-3.678375332946111520e+00
1.959122205682254814e+00
5.111626170781573109e+00
4.958740120690990238e+00
2.616110779621184879e+00
1.238029735156503108e-01
-8.856625152907768861e-01
-1.572672356374324454e-02
1.918504966286310953e+00
3.550863576503659136e+00
3.761119577301042849e+00
2.195281957314878074e+00
-6.308596098018794951e-01
-3.570071223220592671e+00
-5.291029613410777266e+00
-4.821095867080591901e+00
-2.045795885682705428e+00
2.051902212901210554e+00
5.637419443555129916e+00
6.797726174818451206e+00
4.551026377457449534e+00
-4.589460682272070713e-01
-6.079719131555629374e+00
-9.649578056771941803e+00
-9.392615524933535909e+00
-5.409331180589128429e+00
3.519568065145370905e-01
5.156243479801990048e+00
6.954656120413725162e+00
5.403948974137356309e+00
1.874632751681353460e+00
-1.468574183753897255e+00
-2.889564959159693025e+00
-1.884983688915220279e+00
7.917858350661531874e-01
3.727161477347141982e+00
5.592063203854061193e+00
5.625126482831022123e+00
3.750994389355429171e+00
4.898651715335720080e-01
-3.168785424188552469e+00
-5.930685027750707050e+00
-6.537981895675079258e+00
-4.334746553141112457e+00
1.722350249421433777e-01
5.192525590902258514e+00
8.286155548503128188e+00
7.608064155335269696e+00
3.108311735466471770e+00
-3.121953551452065323e+00
-7.764284016002470423e+00
-8.076872050777648582e+00
-3.570370835223596551e+00
3.511295988250619171e+00
9.317089250439096304e+00
1.054955493236582598e+01
6.401091487660692358e+00
-9.157303204224471749e-01
-7.400311122612705184e+00
-9.546660118406460782e+00
-6.323251443362070567e+00
3.137872520490623263e-01
6.640418476510956403e+00
9.342496886717635007e+00
7.334200692860861182e+00
2.171269483323025717e+00
-3.096916881459491400e+00
-5.850614368355335770e+00
-5.392038285923208107e+00
-3.131180963238503256e+00
-1.435372829966106156e+00
-1.936869223655135253e+00
-4.395434552462009314e+00
-6.830421683611668016e+00
-6.825295130203587135e+00
-3.173747462781221884e+00
3.173647585610572808e+00
9.470821997264811998e+00
1.265148877301292352e+01
1.104478332030334897e+01
5.315000275334796243e+00
-1.915476919884283591e+00
-7.506439435307662222e+00
-9.429306512802588358e+00
-7.644235270882007605e+00
-3.793968535149549126e+00
-2.982813200179312840e-02
2.218180259759250816e+00
2.776355271512687573e+00
2.362513652296479361e+00
1.748244737247273806e+00
1.148169575569118805e+00
2.753774478925150593e-01
-1.074856084272882484e+00
-2.494022298525803816e+00
-3.024415989720374398e+00
-1.862223809739769198e+00
8.289909811242379689e-01
3.705015455125328039e+00
4.946271486695569486e+00
3.494176843214590544e+00
-5.565412318827761551e-02
-3.636414616724245708e+00
-4.976700876667787377e+00
-3.147294500705729803e+00
7.028844915046487118e-01
4.015408456877256782e+00
4.516078631852611380e+00
1.791626553574157121e+00
-2.370483682862902786e+00
-5.164465563365325806e+00
-4.679114914442447315e+00
-1.204671496139890552e+00
2.998946340068604943e+00
5.315885347716475806e+00
4.613781330773943701e+00
1.975610361393608905e+00
-2.134718996821864390e-01
-1.543001882774547306e-01
1.912659213479573683e+00
3.810494532043810167e+00
3.076520283710449277e+00
-1.015018587093293956e+00
-6.574611281479747049e+00
-1.011520870677205330e+01
-8.866441221056838629e+00
-2.809155152085318630e+00
5.030492541575785737e+00
1.032969800358450385e+01
1.015557961167870182e+01
4.813181960324651953e+00
-2.379253882357545979e+00
-7.233455380754769237e+00
-7.320081072970026526e+00
-3.356632068545331027e+00
1.498218138863018023e+00
3.875815869132844593e+00
2.400678416520464431e+00
-1.585252865431673097e+00
-5.153021226559884482e+00
-5.877829457053321605e+00
-3.409718026279206171e+00
4.972798429839765388e-01
3.387158168660198143e+00
3.844359522954083008e+00
2.329910552232047571e+00
5.945249964944094856e-01
2.032363675564164973e-01
1.315439492821707468e+00
2.617857293932529306e+00
2.420336224883958387e+00
6.051471672717767536e-02
-3.451805629115614504e+00
-6.046770070832197419e+00
-6.029639258405458335e+00
-3.298760861356131890e+00
5.423687553129277195e-01
3.272991343756508797e+00
3.574404788884825823e+00
1.900767343080126404e+00
8.260784227103717958e-02
-5.213197662577931379e-02
1.947625362020335205e+00
4.775138953507622297e+00
6.265040087291043669e+00
4.949426251191352932e+00
1.172018600757545492e+00
-3.041946466605193411e+00
-5.298469962321587623e+00
-4.440297623785872005e+00
-1.341393330809412143e+00
1.663326371645545532e+00
2.334985180868698329e+00
2.781770541013139919e-02
-3.869753252103351748e+00
-6.823304059559315071e+00
-6.756871337454663617e+00
-3.317782913743090312e+00
1.973254147552767401e+00
6.687317033347914830e+00
8.857777682582186785e+00
7.877750005397205157e+00
4.482754736168022447e+00
4.800673986029835305e-02
-4.170754211296893388e+00
-7.352876991477459434e+00
-8.971982791430725968e+00
-8.593029608910615735e+00
-5.987170008570707580e+00
-1.542028470772157878e+00
3.467287130389581140e+00
7.200937356152683044e+00
8.177280715146642009e+00
6.230261326654369824e+00
2.742311512400786633e+00
-1.779745743107678524e-01
-1.113307219141010052e+00
-3.417120848784654941e-01
3.977682913436720868e-01
-6.694963389355366168e-01
-3.736546196720035962e+00
-6.888127291128652629e+00
-7.251699219562567578e+00
-3.167290583190671249e+00
4.173096728837920821e+00
1.096991737755364404e+01
1.304356296208566235e+01
8.670299773104607866e+00
4.404951528998379828e-02
-7.826505591459099520e+00
-1.024521263987540998e+01
-5.958929608513030551e+00
1.872475139681705425e+00
7.649179419873350483e+00
7.027616542038492398e+00
-1.153452012687019579e-01
-9.477365350421809609e+00
-1.507371962263714593e+01
-1.312096586243123397e+01
-4.479659492870851523e+00
5.940310234702558922e+00
1.235246193059213127e+01
1.168432585488910291e+01
5.235167458268406016e+00
-2.548279504573309762e+00
-7.156307029923961949e+00
-6.776835051564026102e+00
-2.948579316990163068e+00
1.085466697263349989e+00
2.918769556164168222e+00
2.525675848028146042e+00
1.810717298103744266e+00
2.701386036117047418e+00
5.358492675161544483e+00
7.894721719911896862e+00
7.793658447811250056e+00
3.934490148911240048e+00
-2.308128073638783917e+00
-7.726948203460862530e+00
-9.271460833750730046e+00
-6.002776729613753304e+00
2.912615900295661975e-01
6.184289283330858034e+00
8.638266950674148958e+00
6.660905225369284643e+00
1.633675564793553470e+00
-3.730202047909114693e+00
-7.008101929895676818e+00
-7.255638016130944834e+00
-5.172834387660609323e+00
-2.364966079763723528e+00
-3.062809461023854318e-01
3.598150910936659952e-01
-1.007285384033302922e-01
-9.204214088524582671e-01
-1.366018139898757422e+00
-1.088240212534489881e+00
-1.717909308686198511e-01
1.036497142623608703e+00
2.159273571898439048e+00
2.942361523903251896e+00
3.275615413243711860e+00
3.116596368323799382e+00
2.414434167818920507e+00
1.132652649139340495e+00
-6.068042293455035985e-01
-2.361737875191998626e+00
-3.378656132505173826e+00
-2.904659941811038593e+00
-7.191117273299756363e-01
2.445531479181233259e+00
4.991487439438300200e+00
5.202874844626352413e+00
2.337648596614196883e+00
-2.619748137025714296e+00
-7.173920698070962665e+00
-8.583242955928831464e+00
-5.522953070469062808e+00
9.027297410058268134e-01
7.559264868465714216e+00
1.098393892944894468e+01
9.396649577955127342e+00
3.750654372535890069e+00
-2.863832941142137045e+00
-7.077767582526403700e+00
-7.153356574221671593e+00
-3.744384073140264224e+00
8.640680629242123434e-01
4.362311227703196792e+00
5.694276357285587231e+00
5.213589548126679851e+00
3.850599145289349323e+00
2.154013103428507048e+00
4.374264627615387369e-02
-2.610592323916886226e+00
-5.257419840282053336e+00
-6.618553008173555519e+00
-5.562085964011511230e+00
-2.237292222025653921e+00
1.569414391920134877e+00
3.387772920869019710e+00
1.796313276966692074e+00
-2.353842487623605706e+00
-6.288446523343476535e+00
-7.166138083257952651e+00
-4.167436810899738830e+00
7.696897453950136692e-01
4.241924132261662095e+00
3.859776241917940887e+00
1.014722051847837259e-01
-3.905068334716807144e+00
-4.619455534775982031e+00
-7.565062777803324146e-01
5.598984552788911273e+00
1.031911217141253978e+01
1.009007150860666613e+01
4.731592793215977366e+00
-2.711997000837084393e+00
-8.150585914050447300e+00
-9.255710917957031825e+00
-6.816812711425567883e+00
-3.707682457049110702e+00
-2.369718485670203378e+00
-2.845327317448144377e+00
-2.929017608656036664e+00
-3.028665310417064660e-01
5.089229444438021055e+00
1.042651186233316452e+01
1.181779041678734110e+01
7.276185217488596813e+00
-1.403463133700634913e+00
-9.422522199341301530e+00
-1.203179093677528577e+01
-7.753393940330401080e+00
5.424025452190922580e-01
7.524400041304502906e+00
8.960056154039710563e+00
4.472443369260556523e+00
-2.384937325759742599e+00
-6.699487015409714807e+00
-5.550748507041243229e+00
1.712361813132526889e-01
6.605106064803994315e+00
9.647922662273138883e+00
7.590093212654414501e+00
1.925574667794573092e+00
-3.975047353338075240e+00
-7.171294841267536135e+00
-6.794136590168857737e+00
-4.086908545021855410e+00
-1.148980285745385466e+00
5.089960906874948510e-01
6.193835249315140512e-01
-1.613553666553088628e-01
-9.923033277183528345e-01
-1.333558782256222042e+00
-9.552413785137647828e-01
2.363953597230354919e-01
2.169579768815261822e+00
4.351189445283023538e+00
5.763640978955202776e+00
5.283007019277806471e+00
2.513072058617678461e+00
-1.586246570895318841e+00
-4.933832362827666351e+00
-5.500930503840018027e+00
-2.714508254388984465e+00
1.946247031502415403e+00
5.723131960352514369e+00
6.303501063523269998e+00
3.330183290439167720e+00
-1.376082543179660167e+00
-5.048619857682744794e+00
-5.779528982370585766e+00
-3.622869967169526362e+00
-2.826611919276073026e-01
2.257837656196236331e+00
3.063866458324434383e+00
2.573643662653235964e+00
1.833695163209492218e+00
1.433517597479714523e+00
1.093612303489627458e+00
2.114124725764415791e-01
-1.219337602491345374e+00
-2.256588856781364338e+00
-1.672149964885909501e+00
8.580012007439130617e-01
4.086361944280968217e+00
5.773792055350249086e+00
4.239442456822171579e+00
-2.636872511339141134e-01
-5.478068656948518189e+00
-8.556813864879661224e+00
-7.979766686670176412e+00
-4.540391757239801152e+00
-6.445380601854318048e-01
1.542284739577920227e+00
1.657562474685855491e+00
1.193603802553770299e+00
2.016657047834640615e+00
4.570295191649827338e+00
7.263162998260640713e+00
7.614907411442484175e+00
4.310806903856690298e+00
-1.472883442196926573e+00
-6.609840389867437160e+00
-8.135667380466648169e+00
-5.382661506092570214e+00
-5.105864282450964797e-01
3.007568666065192797e+00
2.838958847573727073e+00
-6.330229487166180169e-01
-4.747141467809031568e+00
-6.614796734969646153e+00
-5.179116942489045528e+00
-1.742941383665897348e+00
1.319954819765514431e+00
2.522610022581433853e+00
2.271473039996454446e+00
2.151118259580885983e+00
3.181787641549740808e+00
4.621610937497843352e+00
4.443205775168337368e+00
1.194368884814863030e+00
-4.290994683208090521e+00
-8.887117015642930440e+00
-9.147268878896028355e+00
-3.910705426263890949e+00
4.447839234442723111e+00
1.123528047831206145e+01
1.242638506698636292e+01
7.353542270648858015e+00
-8.298281201381045857e-01
-7.266704905968123462e+00
-8.595352819841115988e+00
-4.979326258932981197e+00
3.802204774819362698e-01
3.741098019658137819e+00
3.405156493147409869e+00
5.401847375468025181e-01
-2.175552284373753587e+00
-2.838630331748738023e+00
-1.677809916424931158e+00
-4.895469167084514073e-01
-7.624501134747558861e-01
-2.155568475541729700e+00
-2.671241939357223316e+00
-4.386077532240411081e-01
4.350168934260573828e+00
9.021989007301725039e+00
1.005248777402644578e+01
5.652206828771195291e+00
-2.615775637804320652e+00
-1.048883984700205829e+01
-1.359521634242806876e+01
-1.022174210276225814e+01
-2.347382305023923088e+00
5.736941359684634811e+00
1.020426962484675215e+01
9.923687928640433142e+00
6.698945873289900987e+00
3.548098488060706046e+00
2.417016332427944114e+00
2.986033585182185313e+00
3.291187499146711826e+00
1.510761445595151020e+00
-2.507380676186706570e+00
-7.072417756900817309e+00
-9.836185248546412296e+00
-9.365604288856371085e+00
-5.968693438574884880e+00
-1.319683044347141676e+00
2.660293149807353430e+00
4.779078812122035558e+00
4.822437930652429650e+00
3.180458454960854553e+00
4.109252632469575506e-01
-2.829436997233488071e+00
-5.579535516519317895e+00
-6.576804471668891594e+00
-4.809712226014056569e+00
-3.880812015669086179e-01
4.987402742781318565e+00
8.580096804481101458e+00
8.115291427332760321e+00
3.334126266631035840e+00
-3.523274768684562019e+00
-8.824133105382458098e+00
-9.669703474147153699e+00
-5.687482379674012378e+00
7.335734222964678253e-01
5.970506248220710077e+00
7.454143537690064214e+00
5.179665745527787024e+00
1.441292046633857904e+00
-9.630830465441053700e-01
-7.449672196287833170e-01
1.081864617698801156e+00
2.162848457297084970e+00
7.718772484952292068e-01
-2.692419608743756854e+00
-5.822573508433105616e+00
-5.897193906969439681e+00
-1.959944729519411677e+00
4.228918583205786064e+00
9.117967075917793096e+00
9.607641992312235146e+00
5.113815710210186438e+00
-1.954651465968205049e+00
-7.652520546407179935e+00
-8.940478037098809949e+00
-5.515775185565212624e+00
1.364982754073311710e-01
4.441837633555977050e+00
5.013458342778514876e+00
2.014507840270555405e+00
-2.207424243359864757e+00
-4.841702061402418877e+00
-4.452128916345335696e+00
-1.708750273791251217e+00
1.364583727910997801e+00
2.961086407687698596e+00
2.702226075463875610e+00
1.659320252657145556e+00
1.273603884720386548e+00
2.068136084793973151e+00
3.160753706380543537e+00
2.952075146330590538e+00
4.613711797126751613e-01
-3.714709426648397539e+00
-7.576311081203281894e+00
-8.950402503922315844e+00
-6.919633498078043843e+00
-2.439513001679432858e+00
2.283829752778391509e+00
5.196420922884110283e+00
5.582662987172204438e+00
4.236461325732688188e+00
2.592307901562930006e+00
1.552920690765148715e+00
9.298826703170746111e-01
-1.114566551004267936e-01
-2.027251429172923558e+00
-4.185670715674422837e+00
-5.123458972289419044e+00
-3.643020483236395268e+00
8.296931796927475844e-02
4.310086608709978506e+00
6.696048698184835501e+00
5.833375446414079235e+00
2.257723521606795014e+00
-1.825267555612155590e+00
-3.953267670847908644e+00
-3.001628755657222758e+00
1.358439832756849208e-01
3.227628282542144955e+00
4.239374272651464715e+00
2.644027496848967207e+00
-3.627869425594363317e-01
-2.804718568240028631e+00
-3.287732550839274737e+00
-1.825635845865888784e+00
3.622120112148654592e-01
1.807972659250873804e+00
1.752938143429277229e+00
4.677122639566960727e-01
-1.149098063572614903e+00
-2.255557658740297011e+00
-2.493441718726323586e+00
-1.945029725588461655e+00
-8.334701840700067255e-01
6.654853677472208906e-01
2.344155955740339525e+00
3.795257891821824270e+00
4.454888457997244977e+00
3.937400464640663511e+00
2.398226877014179248e+00
5.394812045259358424e-01
-8.616402872691588666e-01
-1.570595726333519293e+00
-2.104318157119080102e+00
-3.240595440182690190e+00
-5.135268785953934767e+00
-6.795563043318377794e+00
-6.511064852003087822e+00
-3.129071143669821087e+00
2.702669756946662005e+00
8.372912229749253754e+00
1.060784611757475382e+01
7.538866523484770710e+00
1.460230160051407822e-01
-8.030859449531716265e+00
-1.287823347184441225e+01
-1.214651726936612874e+01
-6.717832920063265156e+00
1.382567557777252265e-01
4.963412301825564477e+00
6.204796196317651003e+00
4.784474966934080697e+00
2.893969968470579079e+00
2.079450135023617641e+00
2.147058389338667883e+00
1.690298830876038272e+00
-2.950919985947640933e-01
-3.132002533849424175e+00
-4.675317613499985647e+00
-2.954934628563782084e+00
2.024229794542404814e+00
7.822975618816695231e+00
1.097204401588209244e+01
9.318220092097153184e+00
3.599254525980022379e+00
-2.962517182232607293e+00
-6.811556222610116507e+00
-6.417957719283860385e+00
-3.144478632214894542e+00
-3.217991477120954458e-02
5.415543799125979163e-01
-1.431067457699350509e+00
-3.756379046051743664e+00
-3.877550371458197809e+00
-9.307107700672796469e-01
3.547320423121773203e+00
6.750344066847288715e+00
6.654074027803838831e+00
3.411768237139042981e+00
-9.094187344878491563e-01
-3.941775295965628700e+00
-4.661225733147100314e+00
-3.810542678977097530e+00
-2.895294143157513211e+00
-2.703171939409048097e+00
-2.635156703577002268e+00
-1.404626744887684353e+00
1.524015484337841286e+00
5.043062662740635638e+00
6.924294013296607098e+00
5.460931292624467304e+00
9.618941432185046381e-01
-4.145030816539039265e+00
-6.812279142229407114e+00
-5.438132575172298644e+00
-9.821870676703592373e-01
3.708091475550354232e+00
5.870815415902031376e+00
4.654246739633872920e+00
1.484599483613390447e+00
-1.208365117966741176e+00
-1.862767926721595080e+00
-8.116812620670442735e-01
2.560914412152838215e-01
-1.248434105803693517e-01
-1.897558746646784256e+00
-3.516062623937978859e+00
-3.267294538955408445e+00
-7.945061524603345138e-01
2.433470785135215309e+00
4.129272462941036004e+00
2.919801820239178447e+00
-5.355912460437304290e-01
-3.928333092566743012e+00
-4.929182229606234422e+00
-2.857805145485034171e+00
8.406096310089335999e-01
3.646221031657923106e+00
3.745291409708385366e+00
1.234243961726187333e+00
-2.084700128850270673e+00
-4.080873300961055605e+00
-3.771192373928572206e+00
-1.823056186112805399e+00
1.912332969482893885e-01
1.114298555816832126e+00
1.042359897050433748e+00
1.068406532088368222e+00
2.198623937435043807e+00
4.343225012253018491e+00
6.198315661736071291e+00
6.131755185723266166e+00
3.418718412688949826e+00
-1.086097462902847255e+00
-5.337953438823863195e+00
-7.297575522115190338e+00
-6.136574873366413385e+00
-2.687016053874018873e+00
1.100184536499556831e+00
3.293834234394419802e+00
3.009821490597275329e+00
7.691153393693277440e-01
-1.925760028541119384e+00
-3.478463590445977527e+00
-3.048711235010086451e+00
-9.541562747424754409e-01
1.531993790681430490e+00
2.868382107444658935e+00
2.092356938483357798e+00
-5.861673390263979488e-01
-3.780946425594321259e+00
-5.596951128904485095e+00
-4.684610655360492260e+00
-1.108050016940310467e+00
3.536446599456659623e+00
6.929756351908319623e+00
7.362871091244548083e+00
4.786828309468235787e+00
8.726214923642932053e-01
-2.020023356574369267e+00
-2.328645320047333378e+00
-2.448886596321484532e-01
2.512480854926034013e+00
3.949304486628041122e+00
3.184150036427328079e+00
9.811181864229063798e-01
-9.420212720561105257e-01
-1.294284120725052833e+00
-2.287854985385311402e-01
7.828447913176863615e-01
1.308764165106677257e-01
-2.597023628062811174e+00
-6.157965526117464172e+00
-8.448643358393818303e+00
-7.974504832642852037e+00
-4.896717194569870202e+00
-8.797440883252813926e-01
2.122761141572926391e+00
3.201936665435979101e+00
2.936782846291242421e+00
2.654808850760531413e+00
3.160706941922737379e+00
4.002430055607628212e+00
3.900856843185762202e+00
