3.394903704743009065e+00
1.431226634098931250e+00
-2.141559921149966073e+00
-5.019643990563245950e+00
-5.465376083467801571e+00
-3.532912439383304015e+00
-9.462656213651033932e-01
2.360507711992749780e-01
-8.304829700216218580e-01
-3.137985324253758090e+00
-4.540741312339564573e+00
-3.298691583370954916e+00
6.327050497974511245e-01
5.433186122363940385e+00
8.448863597464660202e+00
7.727729762143805026e+00
3.114300242509363770e+00
-3.669515675757288875e+00
-9.874512418376795608e+00
-1.294973664526870039e+01
-1.154144317353299520e+01
-5.937616257980443457e+00
2.063702127751052551e+00
9.740993262851555201e+00
1.435275303490033671e+01
1.416732094517876916e+01
9.276811422942676799e+00
1.747608891753253069e+00
-5.172691973040049795e+00
-8.582613972036877925e+00
-7.434139078933805322e+00
-3.099146670847277907e+00
1.465772924295506652e+00
3.536127947130454530e+00
2.285310042551626175e+00
-8.181403078424183128e-01
-3.178804640250054270e+00
-3.008984160117329054e+00
-6.501027119873500348e-01
1.696369351593854269e+00
1.664033356330023361e+00
-1.387333717405889066e+00
-5.704240411895657559e+00
-8.252789853019965705e+00
-6.864407616299523340e+00
-1.876507483111971020e+00
3.943516921974952183e+00
7.182816767593072527e+00
6.041362584899003352e+00
1.492033993087904520e+00
-3.438250662683121739e+00
-5.718079575460759401e+00
-4.246206083212848981e+00
-3.844696909526850170e-01
3.151870242659899013e+00
4.155550905751080215e+00
2.241177543148051399e+00
-1.154462355720092592e+00
-3.864739378358753363e+00
-4.283697809771783938e+00
-2.037767862569619837e+00
2.142562117947266920e+00
6.937819050734054471e+00
1.084689214019703485e+01
1.238403406478498958e+01
1.035561176344475065e+01
4.456601005490251843e+00
-4.052685376889003876e+00
-1.225577110564821126e+01
-1.659495866872622472e+01
-1.474327578118485782e+01
-7.244392676787171581e+00
2.332866829838835976e+00
9.159139764752772805e+00
9.930208025416073170e+00
4.903884494959475759e+00
-2.252117530371068987e+00
-6.822118870037089167e+00
-6.088486133813521661e+00
-9.999040262801921486e-01
4.675662700726324061e+00
7.086739506324527760e+00
4.962057893227044048e+00
3.214007586508353942e-01
-3.202521652057244150e+00
-3.122497890395750986e+00
1.265663925962694503e-01
3.668819190467003111e+00
4.484820145629667465e+00
1.736248650881376587e+00
-2.641029730387240537e+00
-5.476187036886763337e+00
-4.804265666608579011e+00
-1.320097849581566729e+00
2.243757492934067788e+00
3.285679305902568181e+00
1.339250972560527053e+00
-1.641113199672786349e+00
-2.912193506233776041e+00
-1.196496881397770551e+00
2.216020571061495748e+00
4.400334257330290377e+00
3.073412496289086970e+00
-1.514548392461917192e+00
-6.529415210814562442e+00
-8.427249919678256873e+00
-5.415190082889042245e+00
1.256030157458672303e+00
8.055248179614537207e+00
1.140406438876822826e+01
9.809987268994099452e+00
4.512101284040024751e+00
-1.612344639423660908e+00
-5.933553576881772429e+00
-7.400394952802821891e+00
-6.568145549230314906e+00
-4.615527757696239242e+00
-2.309028575070466438e+00
2.840018041145029315e-01
3.280069228675648318e+00
6.289696485847083629e+00
8.262376648564558224e+00
8.056605058474641368e+00
5.283789247334819805e+00
7.426307249889938511e-01
-3.907593555164862842e+00
-7.001602171609066616e+00
-7.661502831590064844e+00
-6.060601477947087368e+00
-3.124712914774478101e+00
9.760167199427405293e-04
2.369202132856172316e+00
3.428524425897766736e+00
3.116777063518877622e+00
1.936285390695206887e+00
8.941514726316023287e-01
1.100103275265278624e+00
3.034302898643984392e+00
5.900057723200939463e+00
7.672006682215094742e+00
6.131894313824962417e+00
4.581391239936389859e-01
-7.673642080946411426e+00
-1.445261883592571728e+01
-1.586923962332151739e+01
-1.020157575000144945e+01
5.549685608430707795e-01
1.142257571804203309e+01
1.709826798422023586e+01
1.497725269144138593e+01
6.645685809064941552e+00
-3.125721638436904648e+00
-9.254754581249502010e+00
-9.265951775496525045e+00
-4.460990164855882512e+00
1.253404563906123315e+00
3.958283787832921785e+00
2.011287027863113863e+00
-3.305968045348981921e+00
-8.918565098915006928e+00
-1.188749727310061743e+01
-1.086061306712300834e+01
-6.354493620288101496e+00
-7.558294620676964115e-02
5.997805409334070248e+00
1.020469791411088245e+01
1.142022487062245695e+01
9.213040495056104007e+00
4.124483459794999973e+00
-2.157254084154231144e+00
-7.165576848521320485e+00
-8.709142500322871072e+00
-6.133695979771691675e+00
-9.172455582502210270e-01
4.009974059472132701e+00
5.980977519130767917e+00
4.278819833433544773e+00
6.068617515196196299e-01
-2.078363019560590885e+00
-1.635596161418162886e+00
1.723900081501516190e+00
5.542520363297705366e+00
6.828501137834989798e+00
4.179641568300315413e+00
-1.187037485406038373e+00
-6.229561923578279092e+00
-8.127971882445043761e+00
-6.135308671941669623e+00
-1.959605495674309861e+00
1.519954027290220777e+00
2.228562716506295338e+00
1.686417507424550211e-01
-2.812943076205788984e+00
-4.452983984486600377e+00
-3.589202249019027846e+00
-7.291462157701817937e-01
2.565809284595595763e+00
4.847266022445809064e+00
5.576099017761817933e+00
5.070442445470441761e+00
3.871826420347396436e+00
2.216524602074946948e+00
8.741152094380155724e-02
-2.288554925212564761e+00
-4.087075758556943050e+00
-4.166757282159130327e+00
-1.899581850281820916e+00
2.085267985126960877e+00
5.929001331185254742e+00
7.492370481987842723e+00
5.662456979537457968e+00
1.123307475692069346e+00
-3.973857235007901778e+00
-7.249083165527313355e+00
-7.426158184051830702e+00
-4.908694392525608130e+00
-1.306690876706960713e+00
1.659528957504980085e+00
3.092631216792516291e+00
3.128512676670458514e+00
2.448028729919643265e+00
1.594010428161912074e+00
6.351063638795335642e-01
-6.514240100914656662e-01
-2.343647793400273294e+00
-4.109687481516769658e+00
-5.332146514687039485e+00
-5.488191628159666990e+00
-4.458019792805131942e+00
-2.538543910155599992e+00
-2.127448988916078587e-01
2.088855581559818653e+00
4.051413820162755641e+00
5.394452001477850089e+00
5.830217817873102781e+00
5.187406897231044312e+00
3.616249274308750650e+00
1.645993723656521635e+00
-4.869888814822131984e-02
-1.051410339925841431e+00
-1.452503705219500452e+00
-1.690464897907929975e+00
-2.067052227832512301e+00
-2.342135425084117983e+00
-1.824246751892117713e+00
1.441979444163132840e-03
2.758805829239958207e+00
5.025815715798603200e+00
5.054381120837294183e+00
2.010602308564275464e+00
-3.128914042240665161e+00
-7.796576758244663452e+00
-9.227466453530432489e+00
-6.220424184341498020e+00
-8.482863556025677099e-02
5.960746514389906103e+00
8.656515158571561841e+00
6.666913381075568523e+00
1.358141377147838114e+00
-4.126429684740282156e+00
-6.866958683738367597e+00
-5.902918279504643095e+00
-2.575948569891854056e+00
6.609241285703044699e-01
2.049196222814326784e+00
1.643224250067239822e+00
9.863008153028458569e-01
1.659618018448688614e+00
3.835964217337395787e+00
5.952822642088136718e+00
5.791899593709712413e+00
2.213664038012599367e+00
-3.712578804436411417e+00
-9.060733373393672352e+00
-1.075267906750086766e+01
-7.546320870164542782e+00
-1.001849677999874455e+00
5.254524906129281803e+00
7.579039435619725928e+00
4.453932623794951695e+00
-2.559358948426649683e+00
-9.629642555981009266e+00
-1.276005872055870682e+01
-9.979111397538627415e+00
-2.389455751252625326e+00
6.477624651482214446e+00
1.259267966108020076e+01
1.353816026546073559e+01
9.636929058144101390e+00
3.529094628562544855e+00
-1.482766444813264251e+00
-3.314874827813817149e+00
-2.110393447225474617e+00
1.755507407809960840e-01
1.287858646685323460e+00
2.735702665576547066e-01
-1.890392869973992029e+00
-3.078356210173516239e+00
-1.693840338840948867e+00
1.923038837225929942e+00
5.423161814664726244e+00
5.917304425130448742e+00
2.102077846934134353e+00
-4.424442040520963459e+00
-9.733627829144463561e+00
-9.898969372748705808e+00
-3.706131186700732272e+00
6.086204983425783865e+00
1.398677155884040246e+01
1.498040922931289742e+01
7.785226975086830592e+00
-3.982690038476027539e+00
-1.368011123534681239e+01
-1.556320835807480485e+01
-8.379499438892235474e+00
3.688317415279256384e+00
1.344185896036206174e+01
1.502738143690029560e+01
7.523952609935408375e+00
-4.519139131674294596e+00
-1.395260573563350448e+01
-1.548073090522741069e+01
-8.857873349619271863e+00
1.187357853446219469e+00
8.181919082432905554e+00
8.132031168391714360e+00
1.972740637466153579e+00
-5.307968253304235162e+00
-8.201041701678112972e+00
-4.451614205623606324e+00
3.449204922659782735e+00
1.001404831544935803e+01
1.052598316756166952e+01
4.267167596748750569e+00
-4.948251143818357178e+00
-1.126346250884381739e+01
-1.060095333190665912e+01
-3.276955365503999573e+00
6.274682001972832879e+00
1.240224364368902776e+01
1.178194724938574467e+01
5.294945687072261542e+00
-2.868676222030850376e+00
-8.100012480330585518e+00
-8.218434561732838262e+00
-4.424573641004470481e+00
6.597085802460500581e-02
2.517263633677573331e+00
2.432867532214260997e+00
1.409361365588010839e+00
1.400857435795882733e+00
2.880558660978080887e+00
4.386574371123847627e+00
3.805696524653220170e+00
3.554363160908655672e-01
-4.366031682101680467e+00
-7.219852251998366555e+00
-5.766979430277220153e+00
-2.811545304919225163e-01
6.044851194190588473e+00
9.029152351133255650e+00
6.328690415786652146e+00
-8.091003631291587839e-01
-8.175728964906291196e+00
-1.127896302228682934e+01
-8.281363530139952189e+00
-1.190699596680603989e+00
5.518556449953004872e+00
7.900359899462651825e+00
5.088143037483805919e+00
-3.232146256274291973e-01
-4.256501380956497549e+00
-4.046394564805054550e+00
-2.121940582568903055e-01
4.078824950187009080e+00
5.391106648870886531e+00
2.504528812496282342e+00
-2.745184619923402458e+00
-6.800085224502978143e+00
-6.880027215243330829e+00
-2.874598681373024434e+00
2.643096478264293836e+00
6.195237199168944109e+00
5.672654372364609010e+00
1.566511107387273505e+00
-3.552046397416552370e+00
-6.785923681837498833e+00
-6.634079602996170166e+00
-3.609125279430814182e+00
4.388385839648610842e-01
3.614560823261765421e+00
4.955843298487721427e+00
4.596874811143357498e+00
3.287572940106899377e+00
1.810229568286407575e+00
6.938643362419807392e-01
2.157392371645414642e-01
4.251022766054323720e-01
1.041327943521137112e+00
1.391053694941911667e+00
6.765494604257931144e-01
-1.394033739571623132e+00
-4.036911857946146043e+00
-5.495553427430190041e+00
-4.055656283971766030e+00
5.414666392403314488e-01
6.341397500244525531e+00
9.910657991996210114e+00
8.414364772425864558e+00
1.785860296000950420e+00
-6.616006618971031372e+00
-1.164655716354047144e+01
-9.540165582800483435e+00
-6.059885809293785730e-01
1.047136386424243248e+01
1.719136799198458831e+01
1.518798972137370740e+01
5.040276456656858528e+00
-7.958934746072695354e+00
-1.700550694998769430e+01
-1.789375782318916208e+01
-1.134823788693229929e+01
-2.105900041639885423e+00
4.500377522660317986e+00
6.026449183650112396e+00
4.081296423067588997e+00
2.502595673380125341e+00
4.030660180033514450e+00
8.009543050837541145e+00
1.083169812498685758e+01
8.781840326928040952e+00
1.137257960368490473e+00
-8.837145694093658577e+00
-1.583588678610522393e+01
-1.607865354583625717e+01
-9.951707811693601968e+00
-1.799336159014703895e+00
3.040212769536346560e+00
1.888996445949996827e+00
-3.494659411044539699e+00
-8.260388299447956939e+00
-7.966431442193409929e+00
-1.762296962478228757e+00
6.970829556097895008e+00
1.293329756383097262e+01
1.251382465812742950e+01
6.165490800793364201e+00
-2.048420872116313962e+00
-7.318882467045860096e+00
-7.284599671115483233e+00
-3.329735999139297853e+00
8.109525869196598791e-01
1.998193960093195276e+00
-1.269735160797841322e-02
-2.568651146725774215e+00
-2.343914839110626591e+00
1.900317852231831584e+00
8.089046015683011959e+00
1.208482031760955167e+01
1.056987488353020055e+01
3.530336192369651016e+00
-5.430064535115114666e+00
-1.122470438583111729e+01
-1.046882975090276524e+01
-3.613858763763184712e+00
5.343596984162111596e+00
1.133367144638276791e+01
1.122628869640437799e+01
5.487916446952591620e+00
-2.430470909887121778e+00
-8.387834447508112135e+00
-9.949032362761972337e+00
-7.416480025068518778e+00
-3.074892797871483285e+00
5.829615015027717062e-01
2.345768039828403762e+00
2.583455236861145643e+00
2.403473945083619778e+00
2.495394759818622354e+00
2.589494773174824349e+00
1.869274109654950777e+00
-9.621342385639619632e-02
-2.715919682325931284e+00
-4.590194972550190045e+00
-4.454654371762080345e+00
-2.164883603515282307e+00
1.022304612882650066e+00
3.129431403281401458e+00
2.689647658574767064e+00
-2.670493655949381928e-01
-4.117137819191904136e+00
-6.514462784917614435e+00
-5.710597469902663370e+00
-1.556209635754343790e+00
4.364487470360143284e+00
9.499216070247149091e+00
1.154716563513984440e+01
9.504570220433299355e+00
4.070852645859552865e+00
-2.693442126149158788e+00
-8.231755970856802662e+00
-1.048783178218131873e+01
-8.659329148687483269e+00
-3.468474227494191986e+00
3.118639792056413285e+00
8.624017122323774487e+00
1.099424197613433662e+01
9.401167796688646661e+00
4.578902837606714904e+00
-1.475673851457203201e+00
-6.345626375472697589e+00
-8.224139207046739841e+00
-6.662041272084426424e+00
-2.680438124726186810e+00
1.796226719157211438e+00
4.891757692623365017e+00
5.632307182608951912e+00
4.287652391575769606e+00
2.064191419903293578e+00
3.509553492521841900e-01
-6.466670754241155006e-02
5.972806314826553109e-01
1.279597852460507834e+00
7.348695313532502826e-01
-1.687542918636321554e+00
-5.523752424654274407e+00
-9.237738135082750546e+00
-1.085716946690940432e+01
-8.945743979257759548e+00
-3.458096877477581543e+00
3.978616855399973673e+00
1.058772330131181150e+01
1.362267174913721490e+01
1.168995726955009928e+01
5.549585188833328075e+00
-2.088341367999244191e+00
-7.775327963024103894e+00
-9.002270610221277281e+00
-5.487846172399294176e+00
6.450598563191685120e-01
5.970546087727084839e+00
7.600735508309529820e+00
4.775449084330509741e+00
-7.064391075994091995e-01
-5.505901633990006871e+00
-6.683046886286106769e+00
-3.468728322163910249e+00
2.170798804755587508e+00
6.557680844467913772e+00
6.388616005750103355e+00
7.219412101025683981e-01
-8.278581153628103095e+00
-1.631054488549751369e+01
-1.912011619711287835e+01
-1.473039204083961984e+01
-4.506697090438286146e+00
7.496372752219524038e+00
1.651866851348436782e+01
1.932643411469194206e+01
1.554336520666277721e+01
7.495633424234362963e+00
-1.180856574661266256e+00
-7.310981556160326633e+00
-9.400002876460359147e+00
-7.821099860315019470e+00
-4.125974434676454194e+00
-6.059242627963534744e-02
3.129516746161311591e+00
4.861925625827194786e+00
5.006387892809078366e+00
3.643799007993408168e+00
1.026821239720287826e+00
-2.292562673379725080e+00
-5.391733151020572379e+00
-7.154298967041367696e+00
-6.681461866227099478e+00
-3.721690060515118859e+00
1.137241486876362062e+00
6.627220837899130856e+00
1.121969979827927588e+01
1.360310817535775207e+01
1.304741416146649691e+01
9.594013454565240906e+00
4.076793133668598301e+00
-2.037479303278245890e+00
-7.034166355181911356e+00
-9.545180958699550189e+00
-9.163797129408015607e+00
-6.733770222954687412e+00
-4.013858225395794399e+00
-2.741854056279407814e+00
-3.560324485818400220e+00
-5.495980069152956560e+00
-6.456545938172006061e+00
-4.580198408818686673e+00
3.665050352335952333e-01
6.514749627036265700e+00
1.080507857402192862e+01
1.082763459980227694e+01
6.427088567857615509e+00
-4.573825480210635952e-02
-5.107449894122667367e+00
-6.303637992888122987e+00
-3.727406922556901314e+00
1.519238468275646570e-01
2.253707013687376914e+00
1.031609424195335523e+00
-2.497795207125142358e+00
-5.562017563306592471e+00
-5.686921926743199407e+00
-2.514138485514608945e+00
1.928096783032566597e+00
4.681880551725630113e+00
3.965666295934466845e+00
3.888156494260796014e-01
-3.586785998484085081e+00
-5.487854360389506247e+00
-4.564970293453246342e+00
-2.129879142972427974e+00
-3.006113864344612807e-01
-1.950997843878170546e-01
-1.031670358801852316e+00
-8.662527824852126468e-01
1.618987652621210804e+00
5.735000504421869039e+00
9.002524562266192021e+00
8.919690995434061520e+00
4.976235296327821800e+00
-6.774306421386255828e-01
-4.546560910546030954e+00
-4.231583345129112494e+00
-2.158056975400128863e-01
4.370345056610457135e+00
5.920430128451783958e+00
2.927325718313590563e+00
-2.906514034056777884e+00
-7.849654791941112819e+00
-8.771292203847265156e+00
-5.319863071997520620e+00
-8.831357687190088956e-02
3.315204228801738928e+00
2.849669796372784170e+00
-6.055720813031639782e-01
-4.060683980182234087e+00
-4.714517425958498542e+00
-2.005474954467739490e+00
2.073095229152128738e+00
4.543464302396699850e+00
3.657289301435864282e+00
9.676395545400540144e-02
-3.659008042771505487e+00
-5.221489578540140286e+00
-3.957238830912897853e+00
-1.212392004383783473e+00
9.579183778914994729e-01
1.471308774685478049e+00
9.771985230206049478e-01
1.146831170609744266e+00
3.121251596090404146e+00
6.384607201033744239e+00
8.967074831013015057e+00
8.833723362844168037e+00
5.410515537673579622e+00
1.163817670014322125e-01
-4.467948102450183256e+00
-6.174080523377055485e+00
-4.470633517777938160e+00
-5.913720989906738890e-01
3.354079640750091240e+00
5.559956416155955594e+00
5.241984643409638878e+00
2.646216269340412097e+00
-1.350609798203100009e+00
-5.603653354807553555e+00
-8.867667209556964636e+00
-9.969148986770916210e+00
-8.215051797276046841e+00
-3.931077416500050603e+00
1.337375445981987987e+00
5.384266001477919339e+00
6.553408874713833931e+00
4.864942664675868222e+00
2.168786127738061786e+00
1.006857247053106530e+00
2.818950548291373259e+00
6.737741532869231165e+00
9.940920093391881096e+00
9.470089396806628201e+00
4.328390726235253005e+00
-3.627437382908869967e+00
-1.069647047688347641e+01
-1.360045648673272645e+01
-1.145359635086197336e+01
-6.091889203628308103e+00
-6.127693401692690944e-01
2.733510909277140577e+00
3.741816934845648035e+00
3.746416753693277535e+00
3.971754697840327086e+00
4.188371679556270877e+00
2.850059009154693790e+00
-1.340364883691329112e+00
-7.714174726994079023e+00
-1.328832765153745932e+01
-1.432935193084667702e+01
-8.889600158171361954e+00
1.486261630394760003e+00
1.223453151514262061e+01
1.829050415626338477e+01
1.706059007393243121e+01
9.892721475503819306e+00
1.090697955431084054e+00
-4.824193284768576007e+00
-5.758973184971426740e+00
-2.911623541076867827e+00
5.463456837693276835e-01
1.881731695864225395e+00
5.812496742118483661e-01
-1.635091056303359824e+00
-2.391904077418688157e+00
-5.728775214703080154e-01
2.802696726892252244e+00
5.283526945859638779e+00
4.689122871249303159e+00
6.077957425174145278e-01
-5.275696540134216406e+00
-1.015091398696254466e+01
-1.166546746045862548e+01
-9.156995790514219635e+00
-3.901860541544588834e+00
1.625259288500986887e+00
4.990007765229731440e+00
4.905566790033905278e+00
1.752302663301850139e+00
-2.647199075297129944e+00
-5.876816575225250361e+00
-6.064302786628104514e+00
-2.832468680012557805e+00
2.412985075656639111e+00
7.108102879476369651e+00
8.866914928098669435e+00
6.860789583385567880e+00
2.411842837882545609e+00
-1.673176375566802099e+00
-2.755523283209030172e+00
-4.455616348433288909e-02
4.781964293367864549e+00
8.505782772006336145e+00
8.343078920207059213e+00
3.738819052985660640e+00
-3.187721856012061039e+00
-8.868038550293778854e+00
-1.041906783772614276e+01
-7.338777777691229964e+00
-1.718633970818017609e+00
3.093248014517352651e+00
4.468836648436265158e+00
1.881532958208101736e+00
-3.050631185823424740e+00
-7.692941777693428129e+00
-9.848178855814806454e+00
-8.664620297596503207e+00
-4.661870838580028042e+00
8.338580157704347240e-01
6.298454123529776183e+00
1.033929417394207384e+01
1.183262024507664023e+01
1.014823761347329167e+01
5.548074251600634277e+00
-5.245956867862593409e-01
-5.703806807473355001e+00
-7.663879563326331024e+00
-5.385811988151591123e+00
6.341532884033429518e-02
5.878480062933505224e+00
8.957603355241216647e+00
7.648057610705525811e+00
2.713516640816312275e+00
-3.127479431943855470e+00
-6.840766001721492628e+00
-6.870379023829316978e+00
-3.954379414550599936e+00
-4.696296866757645461e-01
1.224311285615711453e+00
3.301211090826863814e-01
-1.963059016211278873e+00
-3.420027885672099810e+00
-2.399847540736464779e+00
9.191050092876618116e-01
4.553172607933888116e+00
5.965061066974742587e+00
3.739220141280592991e+00
-1.410118025682373322e+00
-6.964277785609052529e+00
-1.007779636239686738e+01
-9.295950948282046156e+00
-5.439643707379668847e+00
-1.093065079092152114e+00
1.008436179791750043e+00
-2.941219087779198826e-01
-3.813260955672092223e+00
-6.703278776071003087e+00
-6.216275452270135560e+00
-1.467282731025112419e+00
5.878219333517460399e+00
1.243887647470545232e+01
1.499268181345572692e+01
1.227460330495130059e+01
5.631749427731212343e+00
-1.817000243548998251e+00
-6.952762489439445304e+00
-8.258280935729475303e+00
-6.323910274776723739e+00
-3.082478388049730178e+00
-4.065078017381251740e-01
9.665664704678811336e-01
1.549244371524273411e+00
2.349130257401410127e+00
3.914755072274006764e+00
5.895844802634385040e+00
7.358719011094235540e+00
7.505348427456786098e+00
6.189912749282727944e+00
3.873334719939653503e+00
1.162869771998899182e+00
-1.585764432483030895e+00
-4.241434436947678854e+00
-6.527022435095664044e+00
-7.755711090246013129e+00
-7.074131987608142325e+00
-4.155978288671273724e+00
1.928181148809975376e-01
4.125410272881713247e+00
5.683463910585091483e+00
4.032205884631355985e+00
1.278121790164091776e-01
-3.743442683971764495e+00
-5.331905506119118954e+00
-3.797606383671543906e+00
-1.501926128071566779e-01
3.526386087630769772e+00
5.473359123877375332e+00
5.263900367202669628e+00
3.748543766357341323e+00
2.116353997758992911e+00
9.207307975776091169e-01
-1.188155905784283872e-01
-1.438566965211331983e+00
-2.769617664757570097e+00
-2.988726004654952639e+00
-9.815256119399272672e-01
3.109633572478301744e+00
7.364579192653017969e+00
8.973924243821162605e+00
6.135428962035208933e+00
-3.599433059410406255e-01
-7.148716461965129554e+00
-1.017062193076466237e+01
-7.286784040477884972e+00
1.319891280662059962e-01
7.829273134713421456e+00
1.120261379303610028e+01
8.129946968953913000e+00
2.310155463363354755e-01
-8.229844341618210990e+00
-1.300409088153263504e+01
-1.229111581019229504e+01
-7.422955842780973867e+00
-1.569758404161746723e+00
2.429105072822856037e+00
3.562203540228380483e+00
2.614686228359760722e+00
9.653099132326843357e-01
-6.372398634652706173e-01
-2.346351270017757784e+00
-4.485277320347026198e+00
-6.631767168043669614e+00
-7.467603726729233671e+00
-5.652187759224895025e+00
-1.062541188161590267e+00
4.646413033880314458e+00
8.746803000226249125e+00
9.040032126752336694e+00
5.281340905883287640e+00
-5.679713643607292584e-01
-5.453461991544603649e+00
-6.974845426491871336e+00
-4.653304455944772045e+00
6.956571994150007043e-03
4.561456537194669814e+00
7.011436139487530639e+00
6.694503353462827988e+00
4.298558534322335589e+00
1.206159738267683190e+00
-1.311905864753031947e+00
-2.619788711668753045e+00
-2.816790203722048247e+00
-2.510525378921709461e+00
-2.422264525217353359e+00
-2.958948799267979712e+00
-3.899427414105879119e+00
-4.388766221054642536e+00
-3.377299353374234148e+00
-3.870588416780877949e-01
3.842894677541289106e+00
7.391384513563715508e+00
8.098861655415412031e+00
4.994231318513357998e+00
-7.388399679798336450e-01
-6.099390552951370559e+00
-7.954874998177410284e+00
-5.107619592145596243e+00
6.893973042670609175e-01
5.652428348003181391e+00
6.410664504278181575e+00
2.397281567290604709e+00
-3.526016134459065032e+00
-6.819164281447360310e+00
-4.346978939450898416e+00
3.274975404867209949e+00
1.175785474883868531e+01
1.572358553632524192e+01
1.214834046034223114e+01
2.383590885679840454e+00
-8.596870954533407883e+00
-1.521852334343788193e+01
-1.460061755356414359e+01
-8.023579485886866536e+00
2.262097904773028301e-01
5.677318021186273711e+00
6.224718235581920389e+00
2.875451497566909431e+00
-1.476895102516087688e+00
-4.118414432175392825e+00
-3.954321395993035004e+00
-1.574401961890555590e+00
1.700588659511392597e+00
4.815245197167639546e+00
7.281726259208515017e+00
8.816391628637632039e+00
8.927101249178658549e+00
7.009369778300603926e+00
2.931087665823933541e+00
-2.452618015489347325e+00
-7.422095358010494692e+00
-1.019984607792651232e+01
-9.900091291546232242e+00
-6.939459512387184503e+00
-2.650188223899178741e+00
1.545477396420536387e+00
4.755152342496203666e+00
6.654587504415822252e+00
7.125358308866962531e+00
6.006311682837634613e+00
3.285012719734955233e+00
-4.684362425129657836e-01
-3.974833134596438278e+00
-5.785582950589212459e+00
-5.235177664316099211e+00
-3.057185903535315052e+00
-1.031678913537015019e+00
-7.556813857071345009e-01
-2.399498494485897915e+00
-4.456833309986070191e+00
-4.806995686910523702e+00
-2.369639513342472803e+00
1.920405772526159183e+00
5.652658598342651608e+00
6.675170321565926379e+00
4.722351870012554187e+00
1.639706639291010681e+00
-3.979825091349015187e-02
8.966697325494120685e-01
3.336283306930903247e+00
4.691789764154764342e+00
3.006162563185476255e+00
-1.335410362025942099e+00
-5.697065300515941288e+00
-7.113349817105810935e+00
-4.593352444006654878e+00
1.769375480401852441e-02
3.376213551442715399e+00
3.210777002753259168e+00
1.314849709528752575e-01
-2.795887726782036786e+00
-2.469026096336290443e+00
1.676301221858539137e+00
6.978728806193535306e+00
9.392714190997448753e+00
6.540604898253301158e+00
-3.420560463570079257e-01
-7.112185415440841041e+00
-9.627395571843463173e+00
-6.712967458239812224e+00
-9.615089829468450588e-01
3.241897957618379955e+00
2.981974275904800020e+00
-1.091331347210905856e+00
-5.386971947849435338e+00
-6.194302955508685038e+00
-2.526748685462471222e+00
3.159013464356141387e+00
6.851876269717859458e+00
5.974347760966717047e+00
1.177561804622360597e+00
-4.349714632463738795e+00
-7.390710062698947702e+00
-6.992764001499761406e+00
-4.782848464228337981e+00
-3.204730279353980471e+00
-3.258352429010489715e+00
-3.676118120381399290e+00
-2.226825456696962746e+00
1.979010785015145935e+00
7.204971149891889581e+00
1.006584921175869951e+01
8.145579046084900909e+00
2.192513214726617754e+00
-3.993575652134246035e+00
-6.135539895919181141e+00
-2.696956774629023279e+00
3.720670854482696299e+00
8.018044478562964983e+00
6.235043966668870397e+00
-1.422837860003425048e+00
-1.043578390626512231e+01
-1.492290091949285902e+01
-1.166604420024485300e+01
-2.368734717125930977e+00
7.442989117237483576e+00
1.209317885707638141e+01
9.432374276426703119e+00
2.019651414720136540e+00
-4.868989781179267062e+00
-6.876351771231119514e+00
-3.289587756421147091e+00
2.891073987927207156e+00
7.336985080446128293e+00
7.381696238291431733e+00
3.550693042364211127e+00
-1.214178646153342145e+00
-3.815407780137817007e+00
-3.026271460972734584e+00
3.644542511661230666e-02
3.060575462726805362e+00
4.261502968269448743e+00
3.418314671629770096e+00
1.655651832001802326e+00
3.704358071434790123e-01
2.133133075801820211e-01
8.116934010679025535e-01
1.263985140096929971e+00
8.974313074638677890e-01
-2.815810934828096301e-01
-1.672686604501493868e+00
-2.525030551834195780e+00
-2.391730468413110877e+00
-1.349009220897465777e+00
6.798600561736217740e-02
1.136716633713315661e+00
1.320379082810793525e+00
6.125597596040626147e-01
-3.341125590625279029e-01
-4.806838113020374670e-01
9.239559116617996892e-01
3.602953294049966448e+00
6.015324464868106347e+00
6.033615845529478605e+00
2.352603999367164356e+00
-4.220913041267644772e+00
-1.063520786358986214e+01
-1.305796348203707069e+01
-9.271091903726317085e+00
-4.765711663170248968e-01
8.881962746430167144e+00
1.348930480185078018e+01
1.040144456659204941e+01
1.066379777429078413e+00
-9.336171278905709414e+00
-1.496935122109692529e+01
-1.289932548013141478e+01
-4.808151295425767913e+00
4.270002922471446638e+00
9.305493280369368847e+00
8.425098653119039938e+00
3.754974460716065554e+00
-4.874103385635750740e-01
-1.161608668605037753e+00
1.674025765051598613e+00
5.131813253314668977e+00
5.929138221540568132e+00
2.973958115570734861e+00
-1.838605380234002773e+00
-5.150618723715123082e+00
-4.763155458393213415e+00
-1.343001130086755035e+00
2.062969762712357547e+00
2.315313157153396695e+00
-1.451490231769025030e+00
-7.126289875081040393e+00
-1.106213989123529196e+01
-1.057330447644473992e+01
-5.690852376298392024e+00
9.976403242882717626e-01
6.171744020049694690e+00
7.870001696812812142e+00
6.404934214837665785e+00
3.646063451039468717e+00
1.429005895304957585e+00
3.708350716925296608e-01
-1.159127876542303537e-01
-8.450893351194799230e-01
-1.875251519481568652e+00
-2.375141157767166611e+00
-1.401362452502669109e+00
1.128034213714653067e+00
4.127477051601920799e+00
5.996734782981211431e+00
5.728911980335634979e+00
3.602424234017079563e+00
9.265221066444842002e-01
-9.377791807878743668e-01
-1.507328002314949789e+00
-1.358604189041440868e+00
-1.479963842598385426e+00
-2.361452290281051525e+00
-3.559892728871562717e+00
-4.060470539783113786e+00
-3.110549497857925338e+00
-8.461725722835190533e-01
1.770624859478973745e+00
3.621919582356576406e+00
4.164485571221193005e+00
3.666698076750214419e+00
2.824485341792759563e+00
2.124096311427731809e+00
1.485417158790679704e+00
4.465170529240065633e-01
-1.313187353560219428e+00
-3.579877866579608270e+00
-5.674355727521840365e+00
-6.909401733395970524e+00
-7.036200528398305565e+00
-6.304974523000169917e+00
-5.110392396112288793e+00
-3.561879607170247652e+00
-1.396818062841688413e+00
1.633644648135661459e+00
5.201833207169497264e+00
8.172197917000660894e+00
9.018142410101834372e+00
6.729151038245971606e+00
1.639518616507988913e+00
-4.423407785351297861e+00
-8.881335416095494040e+00
-9.682300559295779152e+00
-6.394725313249199239e+00
-4.778135943954846532e-01
5.442584671053841028e+00
8.895403658161155747e+00
8.759106354147249363e+00
5.698964130761634550e+00
1.655338138989192576e+00
-1.285849822659582031e+00
-1.993619953234580633e+00
-7.689908370264063597e-01
1.019251614239741199e+00
1.873426973369304749e+00
1.093766904274453333e+00
-8.655263323099291473e-01
-2.804283535469430877e+00
-3.652163877245111934e+00
-3.207367822429947335e+00
-2.219124550469186552e+00
-1.744008469088979663e+00
-2.233897806265329411e+00
-3.048562783362179562e+00
-2.827270485731279148e+00
-5.399217093329824468e-01
3.511593970520259678e+00
7.535208777582590223e+00
9.198568276495013407e+00
7.157484855498492671e+00
2.136166905667428395e+00
-3.266561202637834782e+00
-6.049915213277380133e+00
-4.670133157631074283e+00
-6.206454648354697845e-02
4.891730220282269670e+00
7.131140585802652865e+00
5.275887517150655626e+00
3.641634023165627454e-01
-4.958516601251893974e+00
-8.177040183401024009e+00
-8.361462181929919524e+00
-6.410493459045022213e+00
-4.067877443256974423e+00
-2.553331096092901209e+00
-1.834748702991693126e+00
-9.885273447330291674e-01
7.678534519315138862e-01
3.263783226478902399e+00
5.429744418298199093e+00
6.129661706856402326e+00
5.064852778048052784e+00
3.020472413634204045e+00
1.283863327222623862e+00
7.276098660739727109e-01
1.281430409474404897e+00
2.154310501434273828e+00
2.540858008545950675e+00
2.185091445499776963e+00
1.365891015421064836e+00
4.181941271074780531e-01
-6.826815578490019742e-01
-2.235436691958175182e+00
-4.296171040949821496e+00
-6.263899209050908468e+00
-7.077078510895341346e+00
-5.998585501128404829e+00
-3.373965058528397343e+00
-6.398107755140090003e-01
5.988116073783920079e-01
-1.910840001840942159e-01
-1.903989819331712630e+00
-2.477267673997602948e+00
-4.368025079222572771e-01
3.830102635096675812e+00
8.116108533725212126e+00
9.843977820726378170e+00
7.916614202468696959e+00
3.574192069307905228e+00
-4.436846043689792740e-01
-1.853624052403100020e+00
-4.413662030062953656e-01
1.899284145524503309e+00
2.730483653105713060e+00
1.012731517902305756e+00
-2.108001784336852147e+00
-4.294026271953429230e+00
-3.988197287235460742e+00
-1.752993321487419598e+00
1.511317934209331915e-01
-3.482440677532700479e-01
-3.311341917294269521e+00
-6.565760598785387536e+00
-7.366555072367274803e+00
-4.652653599883638691e+00
-3.836158279043133668e-02
3.377613501971045373e+00
3.528436498833158907e+00
1.179960820479942551e+00
-5.867014747268910480e-01
1.009682629722975955e+00
5.766911185792030103e+00
1.006674596192135240e+01
9.396666654566782739e+00
2.143415834141806808e+00
-8.312009075481196163e+00
-1.519757202115201622e+01
-1.295714304751348500e+01
-1.700380387424385908e+00
1.194998185826002235e+01
1.872627065553609782e+01
1.299825670818160539e+01
-2.846864294496210590e+00
-1.924831973013788655e+01
-2.537300602639614766e+01
-1.631063643041780153e+01
3.320398075651936676e+00
2.197208315639078791e+01
2.841621423002742119e+01
1.889395099371635922e+01
-5.645269567775912378e-01
-1.813708238985547183e+01
-2.378504283650469375e+01
-1.536636198241842877e+01
6.057044520183407776e-01
1.373950146070524703e+01
1.660473913750035280e+01
9.039071370842979292e+00
-2.649806384408308624e+00
-1.056052646349351498e+01
-1.051247582185398777e+01
-4.229085376079759762e+00
2.697636125765759729e+00
5.174640858040672420e+00
2.048032254909097016e+00
-3.623901762944129690e+00
-7.247868822233840547e+00
-6.082407615393584877e+00
-8.791280535162697696e-01
5.132243349268554411e+00
8.820893557202630575e+00
9.225908500307729909e+00
7.696458343371000765e+00
6.285705351781424532e+00
5.869121163221357129e+00
5.502800069073864542e+00
3.432178018284846033e+00
-1.158845172795103462e+00
-7.096613289214351639e+00
-1.170867146184201957e+01
-1.251203735696320862e+01
-8.884719900487562327e+00
-2.558582783197448141e+00
3.369402724984332576e+00
6.214787852342033680e+00
5.134622798114781617e+00
1.401604805129408327e+00
-2.498556493843010706e+00
-4.294833951244454440e+00
-3.054120242800942187e+00
5.164346483992878767e-01
4.596137451823000042e+00
7.229966757806342237e+00
7.264259907253967086e+00
4.843866300487229992e+00
1.287310498284047533e+00
-1.596084238050860860e+00
-2.444317360349209878e+00
-1.078488095052506202e+00
1.380031679508394671e+00
3.134434501351538671e+00
2.768167125074219914e+00
1.095409824160427092e-01
-3.652889478021199565e+00
-6.704148215047013082e+00
-7.714869564394614798e+00
-6.587387289196048989e+00
-4.344771215574332324e+00
-2.292110332703152675e+00
-1.109483941578146116e+00
-5.616725565791758079e-01
3.199901344383082602e-03
8.468470469576144799e-01
1.468188200479343397e+00
1.042566318628128652e+00
-6.657399063879425594e-01
-2.734512896398175741e+00
-3.481575155776694075e+00
-1.686093037005790940e+00
2.259677386911401520e+00
6.256578468304009100e+00
7.735302909855750642e+00
5.462591876743806196e+00
6.043114514712406571e-01
-3.847486382983907660e+00
-5.023358445358171664e+00
-2.185861790714264341e+00
2.657321881314874013e+00
6.055112405326863900e+00
5.476374793813379327e+00
1.080464115102275358e+00
-4.375369934267103744e+00
-7.443936189898335165e+00
-6.362120824648527240e+00
-2.209616467315987265e+00
1.945864066433891537e+00
3.264292419494488229e+00
1.099607236443405522e+00
-2.670568329969732702e+00
-5.122220079416296201e+00
-4.438552797603693811e+00
-1.169388967561957982e+00
2.265465038909717954e+00
3.393097312601322635e+00
1.466161132413391854e+00
-2.057219820259137855e+00
-4.602197488473589004e+00
-4.285616459906977482e+00
-1.153566994723952188e+00
2.947416436807759776e+00
5.660911339081663662e+00
5.612929249653265451e+00
3.131105551704445933e+00
-1.459525711274524129e-01
-2.349761832666542372e+00
-2.393901343817858240e+00
-3.775987889184795332e-01
2.659927325424891187e+00
5.314879070368901282e+00
6.383129438599770999e+00
5.264754235751857081e+00
2.200594275310100212e+00
-1.703669459912460660e+00
-4.797091077744346066e+00
-5.595893212519666093e+00
-3.640445636122618289e+00
3.440043622561339554e-02
3.287682013325623487e+00
4.089341056180392009e+00
1.886272075604138898e+00
-1.841202656111821545e+00
-4.375317361877376854e+00
-3.534365863706436350e+00
7.310674984365529427e-01
6.086207327134813383e+00
9.208980808237589244e+00
7.966284571160724859e+00
2.875200928908791198e+00
-3.209353740119087917e+00
-7.002111496052082273e+00
-6.956772884667920209e+00
-4.156081619097316882e+00
-1.306044416507954109e+00
-6.111727226326971740e-01
-2.134410517084823766e+00
-3.874538206332569512e+00
-3.488817375566408252e+00
-3.256822395646039592e-01
3.829024147840176973e+00
5.934750430999695681e+00
3.985449653489718358e+00
-1.293211326277196704e+00
-6.655909269089621105e+00
-8.405267266770962920e+00
-4.905880523585865127e+00
2.211054242849781915e+00
8.999396241066630608e+00
1.165722221322644536e+01
8.837230123005744176e+00
2.321196847602135627e+00
-4.260945127977009861e+00
-7.690664919602339999e+00
-6.893939082547075436e+00
-3.164860071942773967e+00
1.006978330560550194e+00
3.538575984718481671e+00
3.743898369732498566e+00
2.286006814232714124e+00
4.117649831570751040e-01
-8.696652247125051804e-01
-1.196394303322401598e+00
-8.114341111390591665e-01
-2.960670852279038145e-01
-2.706511049056010143e-01
-1.093140766863272217e+00
-2.559021989057697954e+00
-3.761267501407475677e+00
-3.380340336694546366e+00
-4.876992226256118279e-01
4.510947494759961707e+00
9.522289830866759175e+00
1.156252766952791688e+01
8.517126480225224228e+00
8.256715284926867682e-01
-8.188197347481455779e+00
-1.389616643604543178e+01
-1.308948545742336123e+01
-6.107755169692834052e+00
3.179968968224381243e+00
9.720276868875519227e+00
1.046944397411899175e+01
6.247159846576123776e+00
9.140412602419809573e-01
-1.568664399989783576e+00
-6.433697745558719649e-02
3.007280486103120154e+00
3.713348921074711040e+00
-9.427560078410834876e-02
-6.769326137307949409e+00
-1.179994523543014040e+01
-1.111826695206961446e+01
-4.349117931070146881e+00
4.535347014386107212e+00
9.831009814969851490e+00
8.191671956067580140e+00
1.177825851629364706e+00
-5.731969684851502045e+00
-7.084755254589030216e+00
-1.524643322369720222e+00
7.037685872518333774e+00
1.212605416790060708e+01
9.392237316069870445e+00
-1.005618134794401541e-01
-1.044200101684538851e+01
-1.494218459630047313e+01
-1.079509914580161301e+01
-9.844490333155668793e-01
7.910932705223360450e+00
1.036999542176361189e+01
5.644575443376155022e+00
-2.098410821736335752e+00
-7.159159208720944356e+00
-6.574301305550221741e+00
-2.066703414574821096e+00
1.690327732955353213e+00
1.032391435074153208e+00
-3.642114417593472098e+00
-8.110033871760744972e+00
-7.675596231187839180e+00
-1.038847371416657950e+00
8.345865236623531302e+00
1.455555501149525455e+01
1.348413543320982733e+01
5.926346228584939091e+00
-2.890126207870088670e+00
-7.042438060764740548e+00
-4.193605863501190356e+00
2.737970401281142774e+00
7.763449027354759835e+00
6.271975278560181444e+00
-1.509808847362910766e+00
-1.057259807007944552e+01
-1.465418439040194976e+01
-1.069152845574324928e+01
-1.004744139229556410e+00
8.311134705677929446e+00
1.158790746938593408e+01
7.378716686953587178e+00
-7.781585150106908877e-01
-7.035003387342027459e+00
-7.344896308518897854e+00
-2.099526275920574392e+00
4.441173343689575503e+00
7.348499367514512493e+00
4.497167317705820011e+00
-2.083882604602276256e+00
-7.765943343507699659e+00
-8.536827145883581380e+00
-3.614712926622893008e+00
4.210105660189034538e+00
1.052137566685651215e+01
1.203801130967404021e+01
8.371580813348208139e+00
1.844980176690186546e+00
-4.206114594524487771e+00
-7.364326256725434838e+00
-7.123602735329912505e+00
-4.606995544399814513e+00
-1.527431431582020327e+00
7.849155058845158628e-01
1.777793775423166744e+00
1.532150220426690801e+00
4.414040162661692079e-01
-9.899948692779940718e-01
-2.213654157456077964e+00
-2.732771466152046358e+00
-2.312956527487942004e+00
-1.184685649748218772e+00
-1.424512759342330681e-02
4.407667637211538647e-01
-1.924044400575683211e-01
-1.629294500819272296e+00
-3.077013017583290377e+00
-3.714160835593613097e+00
-3.164519020400458960e+00
-1.644396552871338901e+00
2.715330478924120605e-01
2.032216707882491313e+00
3.332222393590202891e+00
4.055927773479215404e+00
4.099653773686467773e+00
3.333079278881455831e+00
1.798684034870054349e+00
-3.725898667902158290e-02
-1.305023371444909319e+00
-1.173990500294628703e+00
5.047232701930171039e-01
2.844343363779962885e+00
4.244951845036220028e+00
3.326941316328615894e+00
-8.274871041341091971e-02
-4.613758804055894558e+00
-8.001572928330082490e+00
-8.399641791808670988e+00
-5.534075110268134701e+00
-9.210388645045868294e-01
3.046082720775056707e+00
4.580890088079423883e+00
3.598384112998674222e+00
1.693138630263457456e+00
1.001846923532566436e+00
2.688876266372147050e+00
6.051451088091088337e+00
8.848768010251150784e+00
8.675375996774842946e+00
4.531686976438790815e+00
-2.385178927237006974e+00
-9.169952852904613039e+00
-1.270422461095096445e+01
-1.129538701086024055e+01
-5.535118611040607206e+00
2.069808397038485293e+00
8.431565879312426404e+00
1.139695552212367780e+01
1.061710156238905967e+01
7.370368588220681971e+00
3.562064966965260204e+00
5.747631141198712434e-01
-1.333544994737358325e+00
-2.783297958314341347e+00
-4.440960833365071636e+00
-6.237266046604183600e+00
-7.224808359770054977e+00
-6.218437977121409332e+00
-2.801885593240860395e+00
2.020210504848113153e+00
6.071436241798439326e+00
