7.866841654841192355e-01
2.027853934002522840e-01
-1.161197786892067541e+00
-2.080249136756690653e+00
-1.425012628921292768e+00
1.034052005314100242e+00
4.347885102013981040e+00
6.839771743885844302e+00
7.031550335014036257e+00
4.497454409055375635e+00
1.470874161054478435e-01
-4.216531808124492464e+00
-6.801824644018307886e+00
-6.694176534053347893e+00
-4.236429600086096592e+00
-7.702775291975190175e-01
2.073709515583676666e+00
3.144943711271807274e+00
2.227540132373709625e+00
9.207752398860680199e-03
-2.351574092650293935e+00
-3.799004422702742190e+00
-3.807993829014656662e+00
-2.496565760666268563e+00
-4.323262460512775629e-01
1.710227242720939067e+00
3.439635459352623048e+00
4.549988585599020752e+00
5.032036566447402492e+00
4.903579158049832465e+00
4.103621942706986658e+00
2.534042094946694856e+00
2.209549547158615734e-01
-2.521977216163966418e+00
-5.059156132376032566e+00
-6.589573750117883932e+00
-6.449338142755085101e+00
-4.431455886166692615e+00
-9.738536614832622451e-01
2.887788027027582416e+00
5.819963024949153407e+00
6.666584047530559332e+00
4.942164704916957696e+00
1.143034077937515880e+00
-3.300546232538206226e+00
-6.497477213452619083e+00
-6.873430470429239492e+00
-3.941710546086700795e+00
1.323358481115117780e+00
6.778733791970902089e+00
1.002713958114881621e+01
9.554704215067259199e+00
5.507494481804170228e+00
-3.429214995678164790e-01
-5.474381003862102801e+00
-7.879435394927179814e+00
-7.026906048132205207e+00
-3.988427471749220743e+00
-6.888241948292896932e-01
1.241174990935224542e+00
1.311386105373710365e+00
2.401089090590731723e-01
-7.199159108171819810e-01
-6.948186326155226800e-01
2.736914222398779128e-01
1.383314666524851244e+00
1.740184933658119881e+00
1.025798001010391536e+00
-3.118309424282339481e-01
-1.441949393528272783e+00
-1.784569894504152821e+00
-1.402135703953045098e+00
-8.615540972819493160e-01
-6.926070946766247349e-01
-8.820054953505997997e-01
-8.221572854918707263e-01
2.066505623256816859e-01
2.354593199794958736e+00
4.837597886750699239e+00
6.218469640198472703e+00
5.226931589602152428e+00
1.624942715356985534e+00
-3.447577828257343935e+00
-7.912838863955180102e+00
-9.769316780557707247e+00
-8.115283814147630892e+00
-3.607316493770572841e+00
1.889976030272026541e+00
6.246060373569857660e+00
8.067233248919819744e+00
7.233015891083593552e+00
4.736131273205306691e+00
1.994531472614255119e+00
7.193635772648643290e-02
-7.573611486003446469e-01
-9.089340808900741031e-01
-9.944258278604151124e-01
-1.295403146848953746e+00
-1.556624577527937925e+00
-1.224828014132777865e+00
4.090704968173614064e-02
1.950471129588121411e+00
3.575976483339932788e+00
3.819471310627979843e+00
2.099091514857266638e+00
-1.178132889017307727e+00
-4.694627927188530059e+00
-6.864980100746526759e+00
-6.695286312148509111e+00
-4.348366808498174585e+00
-1.059314249894429238e+00
1.563513864450257751e+00
2.435209248084840183e+00
1.548576652729637848e+00
-1.334916007820484141e-01
-1.344833446381174191e+00
-1.294780898277364756e+00
-7.046472156151917243e-02
1.546740938925715181e+00
2.663065030770083386e+00
2.825893618270510999e+00
2.194489695775465599e+00
1.281847695551634470e+00
5.273891983333237610e-01
4.160838035194686091e-02
-3.193934883174024408e-01
-6.763952701531733558e-01
-9.281393267568629479e-01
-8.201758874536897448e-01
-2.186730130407186223e-01
6.680593608845213360e-01
1.346860582654626493e+00
1.367362449785672673e+00
6.676965749071825940e-01
-3.555770763082172214e-01
-1.136890366829490961e+00
-1.373993557370135621e+00
-1.246820553380811880e+00
-1.219943331413179566e+00
-1.568561697716168934e+00
-2.027137051849484450e+00
-1.905740354831604755e+00
-6.606017685463381195e-01
1.495035578177922098e+00
3.468281568429190553e+00
3.875885565401817612e+00
2.032453080017505354e+00
-1.350212964080734990e+00
-4.340122064562592641e+00
-4.866860944711334902e+00
-2.082830322801005885e+00
2.900349968493945774e+00
7.472292110849089397e+00
8.993763376975437041e+00
6.400393744456914114e+00
9.229300123706916104e-01
-4.568007110267060966e+00
-7.221630748007588529e+00
-5.860939826363482652e+00
-1.622924081524216078e+00
2.784309207688642651e+00
4.720062476506632798e+00
3.130597785649708253e+00
-9.453663373316353313e-01
-5.120507066837403087e+00
-7.126119272783091319e+00
-6.086191757231225630e+00
-2.870261467856919158e+00
5.975576759425416107e-01
2.571741876177245700e+00
2.486271372162375037e+00
1.152756340514411892e+00
1.019134318304302234e-01
5.198312380972945901e-01
2.441064346459040912e+00
4.682718637622874880e+00
5.559832988293724299e+00
3.965582603842483067e+00
1.770507815089836789e-01
-4.120238942014786687e+00
-6.669315062563900831e+00
-5.918906747068907848e+00
-2.019634094890840892e+00
3.086232953454315808e+00
6.627043686267406919e+00
6.539985184024052600e+00
2.710151737202998401e+00
-2.863967955666550935e+00
-7.156491519408306523e+00
-7.863198847346993148e+00
-4.767169533710811535e+00
1.462656533505363732e-01
3.937905065214390987e+00
4.563658260908927566e+00
2.141233968567296309e+00
-1.201746868579813610e+00
-2.811949458141671521e+00
-1.341273972665099512e+00
2.318999445782740754e+00
5.655490833088481217e+00
6.295277479370447793e+00
3.697651067743059627e+00
-4.228343377279333293e-01
-3.276925138096055790e+00
-2.991644392910552508e+00
-1.430260982243625190e-02
3.101973007221088263e+00
3.452435517158901845e+00
-9.906734148557871933e-02
-5.914974886190425885e+00
-1.045551794273142932e+01
-1.051685962774304173e+01
-5.373032752860362748e+00
2.612193740327445113e+00
9.335642900079347939e+00
1.140377447132595989e+01
8.106186036648214355e+00
1.684061719175657945e+00
-4.191577668757961561e+00
-6.665102523349555774e+00
-5.208802743297529680e+00
-1.539162751698677889e+00
1.811358107561721553e+00
3.167127327216333832e+00
2.501583794094272228e+00
9.690132485232314519e-01
-2.758818234021995774e-01
-9.847874502331027680e-01
-1.789054743019251603e+00
-3.368576306792532282e+00
-5.576083707571438453e+00
-7.281130800338878828e+00
-7.101715642525122441e+00
-4.473390722030075928e+00
-2.219922180983544546e-01
3.831423281090119204e+00
5.979821763735528428e+00
5.666263545780148903e+00
3.717718367346380948e+00
1.645947742880553122e+00
5.658891388746412066e-01
5.344520998541673062e-01
7.576960983940046468e-01
4.352059647782247076e-01
-4.693286521510854348e-01
-1.159681356804298291e+00
-6.961194943026323134e-01
1.117562401921821991e+00
3.385036762979461322e+00
4.638156264662555373e+00
3.879630497952175183e+00
1.368522295900070684e+00
-1.472447803803687671e+00
-3.005839246995459568e+00
-2.513380639598270516e+00
-6.822366132671375816e-01
9.270345525073756532e-01
1.049834381283234697e+00
-3.393454491085740599e-01
-2.019125882304714015e+00
-2.469420215564026133e+00
-1.078288382626018116e+00
1.301605807992444630e+00
2.893784555975487116e+00
2.276936168102895230e+00
-5.163226558626176077e-01
-3.895324986854801885e+00
-5.714870082304258858e+00
-4.704731679771327890e+00
-1.331242087196119250e+00
2.506203260980644831e+00
4.722169156433901449e+00
4.363203159105664142e+00
2.102755750607288920e+00
-3.726176742935164987e-01
-1.585747531994782022e+00
-1.205510665849116370e+00
-6.755354336979746410e-02
6.474536042184141360e-01
3.940613174855601697e-01
-3.563553606294451725e-01
-5.942416060167613479e-01
2.999989660100178535e-01
1.927619734612990854e+00
3.051857532143085194e+00
2.473127270087282170e+00
-4.259793283271162689e-02
-3.464601503056070619e+00
-6.047888573168125781e+00
-6.348747126329838508e+00
-4.022437676766982939e+00
7.443412654583569932e-02
4.436064475061855639e+00
7.654035217289633763e+00
8.878542933725420028e+00
7.854691143942352127e+00
4.767193107766671822e+00
2.038423716605515246e-01
-4.718927396562564880e+00
-8.361332453889446015e+00
-9.035174974134376313e+00
-5.924600050119318340e+00
7.997757858438114820e-02
6.363501475293590559e+00
9.719556704926807456e+00
8.171321926461818208e+00
2.373320921337563227e+00
-4.452538124985489176e+00
-8.244364797736849937e+00
-6.560601851015043451e+00
-2.239732190107652787e-01
7.003615074420329378e+00
1.063778195811019422e+01
8.235392962694799479e+00
9.359521349346167085e-01
-7.235302639263064606e+00
-1.186176089538081158e+01
-1.080643488780531314e+01
-5.344014743404309264e+00
9.065097490098901201e-01
4.435763597762040433e+00
3.994692776397494871e+00
1.055554311166595260e+00
-1.572028209564542145e+00
-1.858448227239221096e+00
1.239518934889587420e-01
2.523117293880493328e+00
3.288079838231386276e+00
1.748925902329369730e+00
-9.668970220780737090e-01
-2.904039349872817866e+00
-2.810646578375235016e+00
-1.037915720934557084e+00
8.382579314701634754e-01
1.311388136863355092e+00
1.091639765721456601e-01
-1.665872003157321091e+00
-2.478570947383685219e+00
-1.594859370870503223e+00
3.853873751617496457e-01
2.097393482541364484e+00
2.582472835896233665e+00
2.072111864062901709e+00
1.713073427074409905e+00
2.437316062618402057e+00
3.918063990052000012e+00
4.548939924295767767e+00
2.605952783617878410e+00
-2.215357472426616070e+00
-8.094565551555655603e+00
-1.190035928908773677e+01
-1.111657700438009044e+01
-5.601466219039153316e+00
2.081860065621875755e+00
8.091675998568463868e+00
9.610735928044137566e+00
6.521160268176373620e+00
1.352998950533078615e+00
-2.433817897788199236e+00
-2.672277286537281249e+00
2.393548818080722951e-01
3.782961247707248731e+00
5.090354548277601587e+00
2.815211828544451844e+00
-2.082727965197854747e+00
-7.030152688312198528e+00
-9.430518047881882637e+00
-8.091635850151146059e+00
-3.685729727855639126e+00
1.845059962661298680e+00
6.389675281518900185e+00
8.572397666091825741e+00
8.076325653457036680e+00
5.460998813126081153e+00
1.789735280299803666e+00
-1.700923013111541815e+00
-3.881870907581491004e+00
-4.054997623168179466e+00
-2.291112445124340535e+00
4.399581017871448951e-01
2.589365241973045961e+00
2.787931212962900140e+00
6.676564771241380036e-01
-2.796220575562129884e+00
-5.738603611296586138e+00
-6.457257895567849459e+00
-4.427776221363683540e+00
-6.173591533870872450e-01
3.121496380121556946e+00
5.176928012943618818e+00
5.070681503887413122e+00
3.541291417563110056e+00
1.822610825230966736e+00
6.900215447349258291e-01
-1.292298184545337403e-02
-1.039398563817061749e+00
-2.889526646404562360e+00
-5.137035263257311080e+00
-6.501462296790766260e+00
-5.680671579634484658e+00
-2.375608109023190195e+00
2.246095262779357782e+00
6.047054197425799416e+00
7.124955549743320127e+00
4.973102545896168181e+00
8.417882445544926373e-01
-2.956008181282826719e+00
-4.381900948632990733e+00
-2.835566741581584171e+00
5.579378975912039351e-01
3.690577350429521175e+00
4.766981141049007498e+00
3.354809021309337780e+00
5.629303183955762790e-01
-1.733340190281411619e+00
-2.118283817373702860e+00
-5.422520900680976030e-01
1.660901601685455198e+00
2.664583359876559587e+00
1.396643411563136983e+00
-1.653533239328315529e+00
-4.620587962565750217e+00
-5.388168750063316637e+00
-2.990258520151057642e+00
1.602135015053476330e+00
5.871519230114168764e+00
7.167861053486205947e+00
4.322416532704388636e+00
-1.544290205838060537e+00
-7.567017606499918614e+00
-1.074133199172960751e+01
-9.615357395531255236e+00
-5.025847669534044826e+00
5.492955138238238000e-01
4.553217760971175920e+00
5.784173879985453404e+00
4.800494333867016294e+00
3.147515134576397866e+00
2.078875496212591045e+00
1.744665002380165530e+00
1.391664972033778147e+00
3.037230901383629611e-01
-1.364269551207787812e+00
-2.590368303777294212e+00
-2.344873969298052252e+00
-5.791736988830757937e-01
1.541513277570687013e+00
2.460770060568649775e+00
1.517388479155909131e+00
-3.680039219743241885e-01
-1.288574945992838838e+00
9.029859785546251461e-02
3.187786529319177831e+00
5.550057452972960270e+00
4.482508559212028842e+00
-7.808143988169142791e-01
-8.002034372528335382e+00
-1.296135640332044758e+01
-1.210512547792069071e+01
-5.077476747536495694e+00
4.695782289882624028e+00
1.194796002844223537e+01
1.285176562611901119e+01
7.447118177684550311e+00
-4.577188483750342929e-01
-5.861227211334716358e+00
-5.848255154251729593e+00
-1.322547502186530277e+00
3.941928357607085154e+00
6.152034715013629196e+00
4.146079346504388141e+00
-4.038485100763100633e-02
-2.996762681217278068e+00
-2.685721866043366823e+00
-9.985569037914698853e-03
1.974576997388731936e+00
5.719155369574975278e-01
-4.253819986269350650e+00
-9.574469272291839417e+00
-1.147882489509672865e+01
-7.912896096818062830e+00
-2.983572989985410207e-01
7.271014422791139076e+00
1.070067069067284571e+01
8.547925789713993083e+00
2.819829985110700932e+00
-2.559779135279276918e+00
-4.443682669665696139e+00
-2.404343719010822333e+00
1.334518781892016337e+00
3.744353345081987250e+00
3.166698081354125449e+00
2.784665999228461697e-01
-2.680889652416339697e+00
-3.665507466225258248e+00
-2.204452264696326491e+00
5.055833227841945998e-01
2.660723380232297153e+00
3.121170919542802569e+00
1.959861910528887474e+00
6.514105449421769833e-02
-1.662077140492286720e+00
-2.776652386056548405e+00
-3.140298409114514300e+00
-2.518213707901349352e+00
-5.188652656340650982e-01
2.909721782252171707e+00
6.858991751242879964e+00
9.440439261918832869e+00
8.708102612674583298e+00
4.057447177177939679e+00
-2.926555864252050831e+00
-8.988206423754583341e+00
-1.098347429264230968e+01
-7.848472605307660999e+00
-1.405257191826199126e+00
4.642032660753070417e+00
6.948355651314935599e+00
4.562062493637233374e+00
-5.788691739111562207e-01
-4.988437432090865542e+00
-5.887214527294521105e+00
-2.879746394584838498e+00
1.976863026075188934e+00
5.628242333194766189e+00
5.943930362911904020e+00
2.861088709859390455e+00
-1.844953605736517233e+00
-5.810290147736616007e+00
-7.424846362638341191e+00
-6.466351046477795350e+00
-3.842058023729166827e+00
-8.466555252987670865e-01
1.489080867660920626e+00
2.653525089249173963e+00
2.594154546419010110e+00
1.591155207085423573e+00
1.888114161222760601e-01
-9.038300753722302572e-01
-1.073845328549403622e+00
-1.722797764428962708e-01
1.283174255556724486e+00
2.334636182736003818e+00
2.206940054530798001e+00
9.287046768573955502e-01
-5.508541550134998799e-01
-9.446434593776561472e-01
4.233371815996784804e-01
2.979153795817814476e+00
5.100686838529482792e+00
5.116218400706713965e+00
2.459685628995622153e+00
-1.823361499595793855e+00
-5.611402140805651584e+00
-6.964857210608695226e+00
-5.286466300499670368e+00
-1.633165715584232291e+00
1.990225959850103532e+00
3.853193631474221448e+00
3.439610482298010030e+00
1.562189739808528266e+00
-3.111211307703507511e-01
-9.998958986925012837e-01
-2.274520772628914611e-01
1.375131411745246002e+00
2.745507250146393297e+00
2.985965803694044851e+00
1.769632946554446917e+00
-5.506229026709605900e-01
-3.083679636281672742e+00
-4.717342722236972818e+00
-4.557330138906836581e+00
-2.389049204575329544e+00
1.047919582032039942e+00
4.221748256750307071e+00
5.484945228832583730e+00
3.998262281575644117e+00
3.539293585900984418e-01
-3.592544117682965776e+00
-5.719717084398043383e+00
-4.920343091094873778e+00
-1.833547591005361133e+00
1.517244671880531914e+00
3.010508853503773175e+00
1.806258986788699561e+00
-1.120793266915923070e+00
-3.672873616281682629e+00
-4.068656946751019632e+00
-2.021743747568604199e+00
1.160002045395158277e+00
3.587497101388109400e+00
4.144976657488094851e+00
3.187186762680720431e+00
2.095086439491384844e+00
2.072037972524745975e+00
3.126300433469001661e+00
4.026768284159107480e+00
3.267073811499312974e+00
3.041990203842428464e-01
-3.868947556380875508e+00
-7.257262261407417370e+00
-8.126106390984435990e+00
-6.096131622657455118e+00
-2.323897538773590732e+00
1.299366493791514365e+00
3.315835215058535734e+00
3.428934287505450484e+00
2.379987930622192049e+00
1.203403251306549349e+00
4.840117050514921582e-01
1.303936294532683227e-01
-2.871754055725376231e-01
-1.009307708964832573e+00
-1.816336683935932506e+00
-2.180971549085541028e+00
-1.660759821260973546e+00
-2.090215342017822664e-01
1.777290452527170439e+00
3.618200469300034250e+00
4.561495319881669452e+00
3.972567204313131928e+00
1.559010895024730114e+00
-2.337645876591702532e+00
-6.538310695297214536e+00
-9.212781993038589690e+00
-8.627182483980881500e+00
-4.204318494445382193e+00
2.759241651470015988e+00
9.374386016587777704e+00
1.253962162717895978e+01
1.072219497537406419e+01
4.993923546084388931e+00
-1.490411168191505542e+00
-5.387356415742823756e+00
-5.250487587497866926e+00
-2.384537611369558441e+00
1.787333420159268882e-01
-7.839843497117476856e-02
-3.271272541486712093e+00
-6.955594966704402360e+00
-7.869598616382925016e+00
-4.362655220933143063e+00
2.241020319691610752e+00
8.365983857217457853e+00
1.052745760622380189e+01
7.650938561519915915e+00
1.740236979964108865e+00
-3.545625931794330388e+00
-5.353751368974082325e+00
-3.383995373579645527e+00
2.436003864378729900e-01
2.756772604855222131e+00
2.730115900037110244e+00
8.501304481333635810e-01
-9.839310584163106777e-01
-1.358269975300611332e+00
-4.268578235337516236e-01
4.461933043958954404e-01
8.598232382213594205e-02
-1.307365070070857449e+00
-2.244884332005736560e+00
-1.280528017487514214e+00
1.524226510071774232e+00
4.303685179652714687e+00
4.661869209230173006e+00
1.625683329160248825e+00
-3.267227619289229779e+00
-6.737589007005530206e+00
-5.995058435779561989e+00
-8.605640194538224375e-01
5.825032629055474587e+00
9.927762271504356306e+00
8.751149168887605967e+00
2.869044733687351467e+00
-4.237673211000734241e+00
-8.488370410035297908e+00
-7.833290717730119646e+00
-3.394460429198630447e+00
1.589784777947305550e+00
4.146890358134021959e+00
3.517180208366820438e+00
1.320562410919934315e+00
-3.104843191705874972e-02
6.359168596998060474e-01
2.353012173223130610e+00
2.882459965241910282e+00
6.434085077239632966e-01
-3.821140092422130596e+00
-7.987341731700253966e+00
-9.038582454790349274e+00
-5.883063156154043405e+00
-4.097879610959442864e-02
5.243171872783060294e+00
7.050538765500470539e+00
4.598649293007804673e+00
-3.746295654304907519e-01
-4.826030755751215651e+00
-6.326206241790893081e+00
-4.404509383677622125e+00
-5.419478656078542400e-01
3.001802070116727617e+00
4.616638045006032698e+00
4.089648634819418760e+00
2.337242538882261744e+00
5.175859641592337468e-01
-7.425169108358548042e-01
-1.502808902173582872e+00
-2.092345623243121011e+00
-2.587935189925118173e+00
-2.658670310432645678e+00
-1.881930779280095001e+00
-2.249329614147230760e-01
1.748157547120841482e+00
3.154870392742443741e+00
3.374568665439411141e+00
2.494376706349262118e+00
1.267633026251945960e+00
5.842909031959586663e-01
8.159262877614705811e-01
1.508130856475663251e+00
1.667417171125472830e+00
4.797496854590634907e-01
-2.017455736105125297e+00
-4.789614887662399845e+00
-6.339455196762126654e+00
-5.625320241464174309e+00
-2.785017512111275462e+00
8.302542320375185803e-01
3.391125631312474908e+00
3.675353358926785496e+00
1.826054559453877513e+00
-7.245864131734465197e-01
-2.157763737332896170e+00
-1.444840068520663490e+00
9.627167247524096583e-01
3.403595748847799030e+00
4.088799895876968016e+00
2.295796885078122518e+00
-1.124551591806851381e+00
-4.283130412311549229e+00
-5.480442636877560503e+00
-4.295603064439704077e+00
-1.791879765915569855e+00
2.931478578021080028e-01
7.891410420802665859e-01
-1.241269501215978011e-01
-1.149816734409543795e+00
-9.374509955012273466e-01
8.231623841375093065e-01
3.106168612863891898e+00
4.290702527602416438e+00
3.397053619660268087e+00
8.879259250178795915e-01
-1.589563320496293564e+00
-2.359682863039174627e+00
-9.267605702590786532e-01
1.669101175293078443e+00
3.631393391731804865e+00
3.750718347324705881e+00
2.300148802768314571e+00
7.864012833036280181e-01
7.162988529511502556e-01
2.300725499554643783e+00
4.108756965336070266e+00
4.012396142421832401e+00
8.044618138928578688e-01
-4.669810547103400822e+00
-9.741520984063557265e+00
-1.145299872637135152e+01
-8.425108813229815752e+00
-1.822821548030784999e+00
5.232256486453129796e+00
9.434478249122232540e+00
9.128479696338679616e+00
5.087280725842087570e+00
-1.577647976339083824e-01
-3.902530748251043846e+00
-4.732916892876970039e+00
-3.027543462037525224e+00
-3.634747202157322388e-01
1.624775923341564843e+00
2.148983063683342909e+00
1.450157079572382379e+00
3.275954719696248518e-01
-5.228332260141778098e-01
-8.876801627968852193e-01
-9.641465612362661863e-01
-1.019331680105567184e+00
-1.107125397498072150e+00
-1.051014575876791035e+00
-6.565161681919537973e-01
5.537495392625546575e-02
7.933217031395367602e-01
1.166297295362736852e+00
9.583699088557671164e-01
3.157332859595946561e-01
-2.885326945846359292e-01
-3.114565675141870438e-01
5.132532081296402593e-01
1.934749593761127207e+00
3.212605069458273732e+00
3.450759458215538533e+00
2.107715179427168906e+00
-5.811353432360188975e-01
-3.543699069767210386e+00
-5.291979824391635390e+00
-4.672031626820590589e+00
-1.558771727890986725e+00
2.920730233101051621e+00
6.823728381680801647e+00
8.300428046565141216e+00
6.495707147977387130e+00
1.956135117583217564e+00
-3.655029371406770533e+00
-8.332217959630074944e+00
-1.054460803553953951e+01
-9.707838140531549698e+00
-6.204839615745799009e+00
-1.120921400834645087e+00
4.080513607694885359e+00
7.861504351552730974e+00
8.974135700606851174e+00
6.943619951708130067e+00
2.503915670450156394e+00
-2.386276056691424063e+00
-5.239349672575082550e+00
-4.309134921728913881e+00
2.210252649080501897e-01
5.969961884715101696e+00
9.430097575674285082e+00
7.953349533654828996e+00
1.504613398566819082e+00
-6.999298666554451209e+00
-1.315817476386775553e+01
-1.359675073590641503e+01
-7.991360405615969498e+00
6.908940208953482376e-01
7.941320232615147745e+00
1.036506606873585490e+01
7.567971864277217797e+00
2.113480467197989210e+00
-2.333755021920015160e+00
-3.388178826982966019e+00
-1.280897258390617077e+00
1.634183993373150567e+00
2.730557542698637263e+00
9.714702126923502323e-01
-2.467180032924108701e+00
-5.136233902561158970e+00
-5.063629501023805268e+00
-2.084268665567979184e+00
2.096337539053785726e+00
5.042198250191719744e+00
5.099764980976447148e+00
2.314086870416673491e+00
-1.726566026960693723e+00
-4.882114996756454772e+00
-5.614516939851998956e+00
-3.677562524002448985e+00
-9.920274126823180882e-02
3.390628771184039270e+00
5.148372791083515310e+00
4.308094366285217802e+00
1.160872606833046827e+00
-2.913429524242723279e+00
-6.003474701082774700e+00
-6.567775213837890647e+00
-4.289360937445434452e+00
-3.733482498660830595e-01
3.023506972833557960e+00
4.036831363050542798e+00
2.304241918224194219e+00
-6.840766072541213383e-01
-2.450920284017283457e+00
-1.160109061640811179e+00
3.043741860341387717e+00
7.939767597529673537e+00
1.053894725358967577e+01
8.978390497293908368e+00
3.733311082277652737e+00
-2.684955876394273133e+00
-7.332116333233452465e+00
-8.616798124418119542e+00
-7.050066383552162641e+00
-4.521952189683116075e+00
-2.749726006299783254e+00
-2.110301984830501354e+00
-1.701851421199974901e+00
-4.753295963011915370e-01
1.574074696936221152e+00
3.193166546395934002e+00
2.855742374935381633e+00
1.576397447209982872e-01
-3.554962802722126280e+00
-5.934827793173004906e+00
-5.277805827440040787e+00
-1.821513489391104024e+00
2.340596516243533376e+00
4.730633573637651246e+00
4.261102815704660429e+00
1.958899193499922919e+00
6.574222589734590727e-02
1.979011620639335445e-01
2.006287476855306284e+00
3.426899770773552234e+00
2.388614148118645364e+00
-1.322968404335439718e+00
-5.545592410746341017e+00
-7.099884480538365850e+00
-4.133949912890956924e+00
2.259563241307367853e+00
8.428200370079283132e+00
1.041136051531371187e+01
6.562101834687491753e+00
-1.271988775432064234e+00
-8.844963259860270099e+00
-1.215303134721488121e+01
-9.843537366015647549e+00
-3.824666462429124891e+00
2.214901593586002360e+00
5.254303619711459206e+00
4.673628082605016942e+00
2.215472207996056930e+00
4.134833332391961713e-01
7.369098737837789237e-01
2.748017358706417390e+00
4.713237997233850507e+00
5.042505312678633445e+00
3.430142588496615907e+00
9.277892017534556945e-01
-9.592500664531282695e-01
-1.375048863922536890e+00
-6.018599107667408354e-01
3.218678071405637331e-01
4.454381388928058128e-01
-4.656480196342104305e-01
-1.921921995460505794e+00
-3.197402292232284893e+00
-3.840751703982041576e+00
-3.818978884459052203e+00
-3.283907621277973199e+00
-2.281153423427454641e+00
-7.263930114313876807e-01
1.321820340370720714e+00
3.380730925560599509e+00
4.594506731711077485e+00
4.194217186636569394e+00
2.079343846523625139e+00
-9.244426875260729481e-01
-3.386969871430260959e+00
-4.027354068766370254e+00
-2.437001974994146725e+00
6.857339601184839761e-01
3.928656899519568313e+00
5.927330412010165972e+00
6.030845631621367886e+00
4.513230813791818008e+00
2.283154151394521936e+00
3.337172328298498858e-01
-7.337763195952684558e-01
-8.959064989286069647e-01
-5.897021263555148884e-01
-4.220295060946279708e-01
-8.623114633330055678e-01
-2.025141594151331326e+00
-3.596409963331925752e+00
-4.929652685906715348e+00
-5.309621724469708148e+00
-4.312628769709077936e+00
-2.106033546975230486e+00
5.040182013867000599e-01
2.379914827438144087e+00
2.623272578569954216e+00
1.124335581927764727e+00
-1.246156247044033050e+00
-2.982424000328209424e+00
-2.709116821674079745e+00
1.754155239863863791e-02
4.325132112362167547e+00
8.319310486186937581e+00
9.964141312656719762e+00
8.126778470472126870e+00
3.244784413383306365e+00
-2.762808862330872639e+00
-7.347309983525404320e+00
-8.553714382181105691e+00
-6.005600419563791981e+00
-1.127908425262407643e+00
3.546807256781617124e+00
5.663970972674821525e+00
4.261635568774934768e+00
2.552123363269029888e-01
-4.092107427064549441e+00
-6.437164501281817053e+00
-5.655917887392289956e+00
-2.432018265061424600e+00
1.201912276285041381e+00
3.090438897835544818e+00
2.214825973359718425e+00
-7.550583707339366679e-01
-3.912122289642752548e+00
-5.250977968415075914e+00
-3.790753217984074386e+00
-4.596929399539018135e-02
4.343320801576091128e+00
7.504162092880079626e+00
8.189981858198187581e+00
6.190692178876545881e+00
2.233164252020129137e+00
-2.403497104732307044e+00
-6.297671248206579975e+00
-8.220596626838425180e+00
-7.447108987823691351e+00
-4.066199729110110184e+00
8.481534738443073929e-01
5.446735205589055440e+00
7.799290300698233480e+00
6.837026882968660679e+00
3.018091750152935848e+00
-1.770304237783971057e+00
-5.137824640392826048e+00
-5.461016335404718092e+00
-2.736722390716851194e+00
1.509831952599402616e+00
5.181425051517544844e+00
6.786896058742803106e+00
6.090826080667202547e+00
3.905954265173773976e+00
1.324181468874081169e+00
-9.655636298920210470e-01
-2.798634354402008029e+00
-4.153555631369025392e+00
-4.762505638047077383e+00
-4.177991645917707331e+00
-2.292964958107106099e+00
1.841313677167861207e-01
1.866089952555546772e+00
1.532708779521444908e+00
-8.671282893433569505e-01
-3.884356934664584315e+00
-5.339582728275710899e+00
-3.795752245201640118e+00
2.921450504950119376e-01
4.666047106433093283e+00
6.665078882893070045e+00
5.025193868917204654e+00
7.947480953416381499e-01
-3.343098087420563580e+00
-4.908261301984770064e+00
-3.317178547480601480e+00
-1.987388969254701432e-01
1.903051485784990060e+00
1.476241222150221910e+00
-8.253545762958367504e-01
-2.729989668153907978e+00
-2.180785432588811634e+00
9.336864269738169853e-01
4.498466201535014974e+00
5.625954574392405760e+00
2.823272830916505605e+00
-2.722868838574828754e+00
-7.741698009300584715e+00
-9.005390111938092801e+00
-5.522978673584772125e+00
7.358778978803723891e-01
6.102815443019682817e+00
7.596162057180783300e+00
4.811486167874666542e+00
7.515715627527591591e-02
-3.175202531491994495e+00
-2.648231080619037225e+00
1.387927024039429025e+00
6.370786911321163259e+00
9.093166850776968957e+00
7.619240194004142985e+00
2.319767758410335112e+00
-4.449980050715454105e+00
-9.666588854423476818e+00
-1.111800739061183307e+01
-8.308809942018704930e+00
-2.504272081311250009e+00
3.927294209453016993e+00
8.499585831640684930e+00
9.550071256343068526e+00
6.851891524798173982e+00
1.693024989069540798e+00
-3.655969672175767737e+00
-6.938056016006660442e+00
-6.952123724672564009e+00
-4.102175689733553732e+00
-1.095706501762712670e-01
2.984228686416650955e+00
3.938603184628418852e+00
2.870173759170552508e+00
9.276455152448026542e-01
-6.258773847134463386e-01
-1.235843146294971051e+00
-1.213648741575362067e+00
-1.203404518945968560e+00
-1.478614318050732068e+00
-1.695828605584053683e+00
-1.310994557271869088e+00
-2.631776302857100625e-01
7.390938458693366853e-01
6.806297374312055837e-01
-8.559146677360547351e-01
-3.105661870259895707e+00
-4.451468552700307946e+00
-3.554051923434730753e+00
-4.683045612328298191e-01
3.167635770760631075e+00
5.139985677537016073e+00
4.204841815536893179e+00
1.029809856732486040e+00
-2.224880268611729495e+00
-3.435436178419295494e+00
-2.034383941343109736e+00
6.353510804462455530e-01
2.423573640298708476e+00
2.096822583261318762e+00
3.331600795645515145e-01
-8.318159465638846894e-01
2.731730427085413693e-01
3.399868177684185255e+00
6.272436499431250034e+00
6.142174118433927354e+00
1.928128152147128738e+00
-4.663355503849452077e+00
-9.976324812243998252e+00
-1.072792900994235765e+01
-6.231665386581858534e+00
1.046576566214667992e+00
7.016924963547639393e+00
8.541883987516273535e+00
5.315443390982819594e+00
-1.713665738978527586e-01
-4.440567154899790481e+00
-5.285626146800197489e+00
-2.953131027017136034e+00
4.102249707527699796e-01
2.462057010955404301e+00
2.225508951987167805e+00
4.787313739355097408e-01
-1.107734931712359261e+00
-1.289666128393019084e+00
-3.861206447673115605e-02
1.646256456921129985e+00
2.586822576371323734e+00
2.219435554252921161e+00
8.145358596125924500e-01
-8.644219058973660053e-01
-2.059916431479545285e+00
-2.303411268635398912e+00
-1.434487802776989840e+00
4.307258067178499350e-01
2.819640896923024442e+00
4.823899357758194562e+00
5.304059550561607495e+00
3.491209597520438468e+00
-3.141335694974956017e-01
-4.521027811167753541e+00
-6.892389042485103978e+00
-5.838145965562662631e+00
-1.559602158797403160e+00
3.811844349791634556e+00
7.336814626786389404e+00
7.026048238646106725e+00
3.097672212827472737e+00
-2.129752877102191189e+00
-5.667573042222195490e+00
-5.671155985376656439e+00
-2.453744606785396964e+00
1.902695448006797463e+00
4.970917166357407879e+00
5.414263341065980839e+00
3.522726957895484290e+00
6.676974675031590589e-01
-1.744537558173221425e+00
-3.010602941553832679e+00
-3.155245091183760842e+00
-2.480724049125953012e+00
-1.204320416169424535e+00
4.754998009519396662e-01
2.063720716095860386e+00
2.695389347056929896e+00
1.592753547022129457e+00
-1.207326495526879651e+00
-4.505398985503513032e+00
-6.447603491084948679e+00
-5.702857350169439066e+00
-2.492453958848593221e+00
1.378251801958887413e+00
3.659942089147268263e+00
3.232913985922219346e+00
9.500792978477067274e-01
-9.585309142435634033e-01
-5.711960136495303209e-01
2.170738718541212808e+00
5.248904248790377203e+00
5.958160029881789832e+00
2.953311904361074269e+00
-2.556672469157842187e+00
-7.424530907586490258e+00
-8.648138801779836626e+00
-5.475538952868503451e+00
-9.483636295954278594e-03
4.171512880104154775e+00
4.441864011759484754e+00
9.081259434543014208e-01
-3.711402712039236107e+00
-6.012391030698879035e+00
-4.269678495123656603e+00
4.133233499044199899e-01
4.941791306324750721e+00
6.416930679069648313e+00
4.115916747325943703e+00
-9.586162735538689139e-02
-3.143537772922347262e+00
-2.892988602566395784e+00
4.268590887113383747e-01
4.455292994660628558e+00
6.340762565945055940e+00
4.621530183420706983e+00
1.039729374426558994e-01
-4.744295829818376831e+00
-7.364823650938213007e+00
-6.564874105920653236e+00
-2.991936183172122732e+00
1.503444554165658698e+00
5.037874622089798748e+00
6.602060041554073777e+00
6.241911979708651970e+00
4.615403208007522906e+00
2.399263703712935403e+00
-1.419797473824058187e-02
-2.422503753225913492e+00
-4.546478003752722152e+00
-5.908780100098557142e+00
-6.000173314456242579e+00
-4.611986833934504482e+00
-2.071981616559205985e+00
8.083975525864265377e-01
3.063083591424801355e+00
3.987576146306600400e+00
3.418237918661727548e+00
1.754982362981362343e+00
-2.427235788100085001e-01
-1.761383772762036504e+00
-2.211200374918094624e+00
-1.400589790392802403e+00
4.131107483494032007e-01
2.592579723943662984e+00
4.299599456846003420e+00
4.760001866412131299e+00
3.553209654110001559e+00
8.248353095577982685e-01
-2.686029785938679026e+00
-5.861104589450913949e+00
-7.612574541454549149e+00
-7.333643848127137765e+00
-5.182381104676488270e+00
-2.038033209078658814e+00
8.862786312839839864e-01
2.608525119011994242e+00
2.834284367615532929e+00
2.046257588235319780e+00
1.155808562677668849e+00
9.037666238898278692e-01
1.371512590012549770e+00
1.924899608463464640e+00
1.657937591055689053e+00
7.481527950192984333e-02
-2.436557672814604558e+00
-4.685571092906614332e+00
-5.315242641077567498e+00
-3.622112927220331180e+00
-4.285535070614554520e-02
4.014780558531659160e+00
6.904681997313912412e+00
7.589711902430819279e+00
6.096974351658559499e+00
3.349192427330153876e+00
5.484397137116594489e-01
-1.455538048629430481e+00
-2.438744214632896590e+00
-2.644557551347426205e+00
-2.420619996558047049e+00
-1.961778981924741316e+00
-1.306939201872333811e+00
-4.934969313333128493e-01
3.404551678715916907e-01
1.018914330485053643e+00
1.472558926793456235e+00
1.782865891566928873e+00
2.041484850155783626e+00
2.146054581979116804e+00
1.763810919698397317e+00
5.789770029147867092e-01
-1.326561305293112225e+00
-3.294053091572811454e+00
-4.352274842818289358e+00
-3.828001819121397808e+00
-1.878723372128831670e+00
4.979765096488692477e-01
2.071241615293639704e+00
2.208135081970342917e+00
1.308365742385622976e+00
4.708158862509269627e-01
5.985876847448231564e-01
1.619906098203248490e+00
2.470240203916080901e+00
1.922401492388476463e+00
-3.320039129189627514e-01
-3.213984865071205288e+00
-4.862716030176168047e+00
-3.963478228650858526e+00
-8.331390440338259928e-01
2.612311595095301087e+00
4.101979135815354560e+00
2.637785862671934378e+00
-6.845687209355808545e-01
-3.337306983368891089e+00
-3.123145889732483305e+00
1.813420779132525196e-01
4.505212557312872512e+00
6.791851379642222852e+00
5.088005687668321286e+00
-2.073471721486042085e-02
-5.645924383870717378e+00
-8.388004481790103384e+00
-6.509779256835295236e+00
-1.066039108043127293e+00
4.727262616646057403e+00
7.443645077932632859e+00
5.462259559759978345e+00
-1.652402134587533933e-01
-6.417782093012899480e+00
-1.003262281161916469e+01
-9.196881870414163274e+00
-4.320067246149249307e+00
2.358235417938932432e+00
7.943762885267566354e+00
1.019030733500281372e+01
8.382792531919506018e+00
3.541807975864164071e+00
-2.048704980195203085e+00
-5.812603000548016041e+00
-6.027060820861573021e+00
-2.687848232342151533e+00
2.365780993020338396e+00
6.271424559237850360e+00
6.620570938449830578e+00
2.837019214939576095e+00
-3.378539398386283032e+00
-8.902119156983383519e+00
-1.090944009395720826e+01
-8.445115848291532501e+00
-2.868164570845356920e+00
3.078924156333759932e+00
6.925240289652691672e+00
7.747471544242099384e+00
6.294637993062534242e+00
4.051000953851550790e+00
2.067379342811534126e+00
4.570191875689306737e-01
-1.178563155193049106e+00
-2.925797960657303687e+00
-4.175659448865255641e+00
-4.084205328432865656e+00
-2.476540428239184966e+00
-3.181390593794899413e-01
8.247885127990863818e-01
4.473361804162606647e-02
-1.942890786335909947e+00
-3.066036275522542986e+00
-1.412568766962283950e+00
3.056127305615453871e+00
7.991134115138935456e+00
9.973880380422347258e+00
6.916597535383897544e+00
-1.611609135450611241e-01
-7.414356078385221593e+00
-1.053772027989365512e+01
-7.680020307481293607e+00
-8.413337612723150727e-01
5.343980784704587705e+00
6.702516674107885208e+00
2.377834176364459928e+00
-4.564511329822353858e+00
-9.234385346282300233e+00
-8.258768493378781272e+00
-2.031588003226747041e+00
5.670817067292400537e+00
1.036396974983084185e+01
9.866919652302730270e+00
5.527185314997318244e+00
8.930995685612517221e-01
-1.066680548673723194e+00
-9.338107980595322655e-02
1.420899933168186413e+00
5.487264498370805210e-01
-3.655446554697268091e+00
-9.154011118108847711e+00
-1.220687451656960931e+01
-1.001436084550050154e+01
-2.820675249617018210e+00
6.018950780601938888e+00
1.205282303830679602e+01
1.244520607169620519e+01
7.590948694623138593e+00
6.632184808550025679e-01
-4.463666614624949069e+00
-5.479705861868215067e+00
-2.699234629112336137e+00
1.546930142586207868e+00
4.557680681070206852e+00
4.797704735999107406e+00
2.466801014559940608e+00
-9.936378498288684913e-01
-3.910060183663851774e+00
-5.212262456991269666e+00
-4.720485705515683250e+00
-2.944809093232716890e+00
-6.915647460794003276e-01
1.272331575709436446e+00
2.416369945955542331e+00
2.532920568041118869e+00
1.735711507752795590e+00
3.586826514936609644e-01
-1.224976177277159017e+00
-2.762186867541841284e+00
-4.132581175036650123e+00
-5.195386886614690169e+00
-5.621551540780123979e+00
-4.930164170760295228e+00
-2.807484635970074471e+00
4.828107580717528879e-01
3.957804166832570747e+00
6.279930417632884954e+00
6.495539907835256699e+00
4.671438910493497687e+00
1.938941277228730220e+00
-1.638885227107982623e-01
-6.431889366074809988e-01
3.663250877663332128e-01
1.802657489422149872e+00
2.506435748088756021e+00
2.049307261227863108e+00
9.402139659351154144e-01
8.711449401364801393e-02
-1.205820113591882237e-02
3.351785398250286541e-01
3.623633431331371169e-01
-3.776558448286150838e-01
-1.502076291706034183e+00
-2.050441501488986074e+00
-1.341893047768594860e+00
2.860181085674864399e-01
1.558727392940463474e+00
1.225137027373829790e+00
-8.136808613366552922e-01
-3.167870970772736605e+00
-3.835465711996355775e+00
-1.752681658639951401e+00
2.152499976935160930e+00
5.323126336541250225e+00
5.255193253878419846e+00
1.359121357008903797e+00
-4.386694220782606735e+00
-8.577454947196599733e+00
-8.604891323015444016e+00
-4.412409861168069547e+00
1.480760781404392823e+00
5.716695872316446270e+00
6.348202137635679421e+00
3.985184715400285071e+00
1.054826484797844133e+00
-1.958396801716671964e-01
5.994406033659911426e-01
1.813923670965400081e+00
1.345854220020439973e+00
-1.468777419305698162e+00
-5.101834922279262052e+00
-6.893296432409481866e+00
-5.152234367231840473e+00
-6.642741812639627597e-01
3.637432584139769887e+00
4.707825458294623289e+00
1.676715379891369206e+00
-3.333035907755362182e+00
-6.550187095806578874e+00
-5.180344446968559780e+00
5.370059659167412125e-01
7.324496896365969789e+00
1.096126214364082507e+01
9.045304398328692486e+00
2.538584393167010234e+00
-4.917744836155889310e+00
-9.379463565640168810e+00
-9.009924626738156306e+00
-4.943959876779194573e+00
-1.766020102776924006e-01
2.589795684951574195e+00
2.595174900487482006e+00
1.127528735879659072e+00
2.162411712793541052e-01
1.003561891590675437e+00
2.979256462473092171e+00
4.515633114560759331e+00
4.168926896107885582e+00
1.733023740058798889e+00
-1.671015370551753865e+00
-4.415913837117127372e+00
-5.413956649295797341e+00
-4.645859532588684004e+00
-2.913462956767711276e+00
-1.148930999134419650e+00
1.392005451544784389e-01
9.326344927301846166e-01
1.388712669275802281e+00
1.538623211443495897e+00
1.299147385096616869e+00
7.470761271010493143e-01
3.247282922216203627e-01
6.844543056998984021e-01
2.204838380324404490e+00
4.540602867703458223e+00
6.613013913208677153e+00
7.150037769397264320e+00
5.467277979661493426e+00
1.967109534898388468e+00
-2.002728767504385665e+00
-4.861940137708702814e+00
-5.631537120836165755e+00
-4.374927377012692631e+00
-2.018210992937201631e+00
2.635913324091276877e-01
1.661474287861161914e+00
1.990401363774434218e+00
1.535305035167378263e+00
7.139043783679226429e-01
-1.545136792632038070e-01
-8.577950503785236602e-01
-1.191927240427605117e+00
-9.551020575336739427e-01
-1.105433714090872099e-01
1.019732586409053399e+00
1.766538316193468905e+00
1.440129068097419918e+00
-1.867740158902992942e-01
-2.588022465891945956e+00
-4.664158739140502163e+00
-5.357645694246369494e+00
-4.325423098568315972e+00
-2.191494748232209133e+00
-1.553669808257688301e-01
8.145890994448368172e-01
6.445994646806590955e-01
1.757993960155274649e-01
4.820512220183819085e-01
1.953148504991081280e+00
3.835122607103375714e+00
4.641150710202028407e+00
3.226310277901327517e+00
-2.110062238258625378e-01
-3.973050622112167307e+00
-5.788267779110583433e+00
-4.288613111793866395e+00
-5.252406383117236288e-02
4.560489642138029431e+00
6.776586622440812668e+00
5.136492291684482403e+00
4.522411009491327238e-01
-4.664246306715590151e+00
-7.409441293055613720e+00
-6.476074761545295821e+00
-2.719383480532425512e+00
1.583995107007409864e+00
4.300366124967590409e+00
4.708973152212273305e+00
3.637840109736838468e+00
2.495819916701749186e+00
2.039884644304254202e+00
1.861300546245707732e+00
9.578457531543800307e-01
-1.132987457538031650e+00
-3.632333712612113352e+00
-4.909030778504454240e+00
-3.732503363399465535e+00
-4.169004835923628693e-01
3.114666250992081942e+00
4.529878140626400373e+00
2.744289362451218128e+00
-1.194757205524926702e+00
-4.721473546890026185e+00
-5.494455479591460190e+00
-3.036862011484030344e+00
9.258183065535390277e-01
3.696454764608666732e+00
3.519398640131777167e+00
