2.920041050578996433e+00
-1.993303852628035111e+00
-4.723812194345052617e+00
-4.339861903406284860e+00
-2.095442954149878467e+00
-2.788822484531267021e-01
-3.945764824651495917e-01
-2.047618628112221728e+00
-3.342475970891220616e+00
-2.464357528719006929e+00
7.657817950061163170e-01
4.547719329295165203e+00
6.262028496693836210e+00
4.324745679689106836e+00
-5.852681749263254352e-01
-5.815707756313203802e+00
-8.380690832555369951e+00
-6.856656725573145650e+00
-2.276325749082159788e+00
2.549440432144557178e+00
4.809149394546786027e+00
3.405812154408621062e+00
-4.561856446544447774e-01
-4.111484059211778508e+00
-5.102114618213752451e+00
-2.620118210460437247e+00
2.102394485317149453e+00
6.587345449754062443e+00
8.530081704906685047e+00
7.003527864508239276e+00
2.833414015410477660e+00
-1.945776773192786635e+00
-5.163936814635368577e+00
-5.533282763776231405e+00
-3.153052089846966499e+00
6.492876214754440545e-01
3.986635592034557529e+00
5.259953508392223753e+00
3.832049155478440827e+00
2.730104286328136620e-01
-3.907073497463123601e+00
-6.927936727686223151e+00
-7.535812237968721128e+00
-5.578764204020612461e+00
-2.083936742759563643e+00
1.228085401598182580e+00
2.785117394044425154e+00
1.957142598672959366e+00
-6.087413685008798980e-01
-3.310981446976741793e+00
-4.434854403189681271e+00
-3.084176414893319951e+00
3.003884313918934179e-01
4.141638590832643629e+00
6.565976038135870496e+00
6.437922062892438291e+00
4.006284556522815343e+00
7.706713145668317999e-01
-1.387422099982426049e+00
-1.324115784370254456e+00
6.609913123007160607e-01
2.982826358607368888e+00
3.735789755903701437e+00
1.903280310591999758e+00
-1.933935491851569877e+00
-5.857670074604266475e+00
-7.716570356467659764e+00
-6.411355652280030348e+00
-2.563456283891336618e+00
1.855241292612897164e+00
4.698329120680872606e+00
4.882103137473506216e+00
2.912085863105764005e+00
4.027760856912467879e-01
-1.045805529170259707e+00
-8.517231781784014855e-01
3.055953807549646184e-01
1.098949327623162109e+00
5.430143176837357588e-01
-1.334655388148571653e+00
-3.560817130875065573e+00
-4.901842004817993370e+00
-4.641178902043177956e+00
-2.926042199184331505e+00
-5.304461176396877420e-01
1.689210920641569968e+00
3.207046790781213019e+00
3.866334318515186386e+00
3.658834822982799828e+00
2.565638012180859739e+00
6.667710110839170090e-01
-1.591586156782713424e+00
-3.309698005838790369e+00
-3.472954169775398725e+00
-1.600941894409113164e+00
1.746314528316050829e+00
5.063453792020866651e+00
6.669722994265639748e+00
5.715981622773486315e+00
2.750566640874215540e+00
-5.847665908892528686e-01
-2.566805158650980800e+00
-2.440499258807183658e+00
-7.954860559554712829e-01
9.671676618755389310e-01
1.666346683925287619e+00
1.115050426452714571e+00
9.845470846497250683e-02
-3.722604506331568253e-01
8.208946616779433381e-02
9.122260252535445701e-01
1.120367910848371951e+00
1.145135967795303245e-01
-1.758060411809713619e+00
-3.433340226503458936e+00
-3.936710071584967885e+00
-3.125931079751159913e+00
-1.764552712589057215e+00
-8.525118783180114512e-01
-7.507034788438460282e-01
-8.330321134941517380e-01
-5.237444187492390490e-03
2.268433314907755793e+00
5.248336500958766138e+00
7.165605091763835865e+00
6.381731526840146884e+00
2.680655069286608683e+00
-2.282933341384255854e+00
-5.825191242250365775e+00
-5.901842969113644699e+00
-2.502132800406244861e+00
2.220396199043256580e+00
5.245879717764530881e+00
4.603401604232092659e+00
6.430242066674727308e-01
-4.190550195483516482e+00
-6.942863514922465562e+00
-6.045086327178198715e+00
-2.269532260596170303e+00
1.866581944436309648e+00
3.819993907749315909e+00
2.695808911235459071e+00
-2.345363962366254773e-01
-2.488066502992691831e+00
-2.124730616503550440e+00
8.915944264492015048e-01
4.635069152790606495e+00
6.491560049115425279e+00
4.909606061001886346e+00
4.690621099538245797e-01
-4.432735894012148847e+00
-7.069426671507076598e+00
-6.082931945239559823e+00
-2.302305172162607327e+00
1.823861792293278938e+00
3.795938224577447784e+00
2.617963071606587810e+00
-6.446279812795305819e-01
-3.629640168377499254e+00
-4.240189698838895183e+00
-1.984734654559852096e+00
1.753458534371765243e+00
4.653652892300595312e+00
4.956409692416741564e+00
2.537027365105883892e+00
-1.120294373754388673e+00
-3.974471857317341872e+00
-4.756830908069620278e+00
-3.676002408504316143e+00
-2.060653490850278935e+00
-1.254686335737362768e+00
-1.594882966111655920e+00
-2.219618329696792181e+00
-1.838303924672490375e+00
1.241084214150482978e-01
2.888702493513380709e+00
4.722873399421728458e+00
4.155044924600883149e+00
1.152692807405361286e+00
-2.621852802576681629e+00
-4.753839344644839038e+00
-3.649201676884289203e+00
3.143521004823798259e-01
4.879197044479768763e+00
7.250759327140621657e+00
5.852354533818219018e+00
1.352486442859655469e+00
-3.714455914998204822e+00
-6.497464768208839558e+00
-5.554414406357938816e+00
-1.663142668083690268e+00
2.758492453029853575e+00
5.198802287078036599e+00
4.550271858180622075e+00
1.634990756475807938e+00
-1.493378248256626017e+00
-2.935825124077132031e+00
-2.100201483185785811e+00
7.528062771875809744e-02
1.877524626191332091e+00
1.988058338117059787e+00
2.996964342272728787e-01
-2.091922849715003530e+00
-3.639776876949345930e+00
-3.313657809258372389e+00
-1.182474997984214404e+00
1.698886646597043804e+00
3.964024122719042253e+00
4.720839736029363465e+00
3.978610119241378751e+00
2.500299092056329719e+00
1.220897450927460159e+00
6.220479841578208102e-01
4.611653561152289083e-01
2.380841204349226636e-02
-1.264791518143881577e+00
-3.275384890646092728e+00
-5.063399477525022618e+00
-5.353001533567248060e+00
-3.372185390669474092e+00
4.785698494502007572e-01
4.605268123061198260e+00
6.964474958102482738e+00
6.199571858595019691e+00
2.494026962133693903e+00
-2.421002935582218907e+00
-6.172332233522952905e+00
-7.052455250786176855e+00
-4.939113172662452200e+00
-1.263323957951993926e+00
1.935136340493227136e+00
3.243264460713686681e+00
2.611594682324694716e+00
1.162985043006682817e+00
2.802943744559587280e-01
6.461662194783219793e-01
1.885872027288709285e+00
2.989761098637520043e+00
3.125790307290773562e+00
2.209140916337790195e+00
8.358964274396381011e-01
-2.946059856288665291e-01
-9.559938486915816602e-01
-1.491695887317327607e+00
-2.369648712154312165e+00
-3.589484978661863224e+00
-4.470858906759224816e+00
-4.055280202920060972e+00
-1.859454758031704458e+00
1.586973882692837678e+00
4.861826229775640051e+00
6.407412475010613839e+00
5.445379853041005802e+00
2.454215895167097372e+00
-1.088624565190646099e+00
-3.516679229086363101e+00
-3.830338415774409810e+00
-2.125064951694905613e+00
5.675055488920286439e-01
2.843373063473475071e+00
3.562175794807251439e+00
2.293697030867700715e+00
-5.287712076407613537e-01
-3.749993075143927879e+00
-5.904468567210939156e+00
-5.830113306865928102e+00
-3.289522103265133612e+00
7.306151237325243519e-01
4.338497277185769718e+00
5.669265724498184333e+00
3.984351327604036541e+00
2.391253177546494024e-01
-3.368364644686121068e+00
-4.717137584408759743e+00
-3.144234633892898145e+00
8.267404854720156182e-02
2.623729412807869643e+00
2.737810274687503043e+00
5.871009159792706100e-01
-1.835761936730198940e+00
-2.207441451050692560e+00
2.451898857248299146e-01
3.920828952003697410e+00
5.828711832522442293e+00
3.800769656752006842e+00
-1.661367580829594459e+00
-7.372638194353262620e+00
-9.488818581633982063e+00
-6.242362062398247424e+00
5.898577083109760588e-01
6.679149312879574474e+00
8.052244911916282888e+00
3.918548080670711364e+00
-2.639227075804339684e+00
-6.719840888990836092e+00
-5.048273602175881614e+00
1.606079479119283393e+00
8.802330417804714813e+00
1.141131491715018242e+01
7.165138314648380913e+00
-1.706286337804811648e+00
-9.907017272017252907e+00
-1.258309028320026890e+01
-8.475795137412188041e+00
-5.772401690102153538e-01
6.068790556463025787e+00
7.791016703552189782e+00
4.535842193662951161e+00
-5.247330952102474688e-01
-3.554146235330140069e+00
-2.819959702901342791e+00
3.057232780998120347e-01
2.692167822563257928e+00
1.991465601301173782e+00
-1.568307508284233931e+00
-5.417116348993785024e+00
-6.625425586252504218e+00
-4.090657328876448062e+00
6.845793782332092459e-01
4.723816033566786921e+00
5.706992798204506556e+00
3.520331177936290690e+00
1.593776999293612384e-01
-1.834906021253540409e+00
-1.196242289659612323e+00
1.292340260259602580e+00
3.529921635234617661e+00
3.698757180142548062e+00
1.545803204509682338e+00
-1.515262444711610756e+00
-3.450540185627782641e+00
-2.997169438917755890e+00
-4.563777786299001438e-01
2.552032605545274002e+00
4.102519715557416013e+00
3.054109500805649358e+00
-3.879868082022108755e-01
-4.830065577773403618e+00
-8.355228538372305280e+00
-9.326724152853921979e+00
-7.031002473116060081e+00
-1.996753050327645607e+00
4.095381128476749844e+00
8.947014991038528819e+00
1.053069141111599905e+01
8.031018454642913085e+00
2.375781565743771750e+00
-4.022173260630496294e+00
-8.314330398490303864e+00
-8.579941240407531922e+00
-4.772731663581057937e+00
1.290624854790644704e+00
6.893264428093402785e+00
9.768053615178420301e+00
9.075932173364561706e+00
5.539780693114899179e+00
8.082516747895245324e-01
-3.452147020665260690e+00
-6.199234994173574265e+00
-7.157789507075975166e+00
-6.596137713749351761e+00
-5.027507873845713071e+00
-3.018282766545265172e+00
-1.083256781683669789e+00
4.305197467653651411e-01
1.468757369252179590e+00
2.267094528350081184e+00
3.108355043164872988e+00
3.942374292185031326e+00
4.187241957929311198e+00
3.001206490390426751e+00
-2.302041605184368400e-02
-4.205203472404930309e+00
-7.755532511018015995e+00
-8.617836295430112870e+00
-5.766758812458789407e+00
-9.222572287657371248e-02
5.851945967539115223e+00
9.231103873883080624e+00
8.614746665673559178e+00
4.833370954301685174e+00
3.833282589148643282e-01
-2.245313842747140853e+00
-2.165423858286045000e+00
-4.966175559888819091e-01
6.857076236026948823e-01
5.332486893981847054e-02
-1.906594197785390854e+00
-3.272995631241984338e+00
-2.246897213082204026e+00
1.292404769064817049e+00
5.433651155676763267e+00
7.410859986177418257e+00
5.507159726324887039e+00
3.304198931927935234e-01
-5.456005459815384206e+00
-8.766607223724339093e+00
-7.963689246825191859e+00
-3.720470462392669653e+00
1.603415671811724064e+00
5.509865495160136462e+00
6.713189684044473360e+00
5.466947650757590260e+00
2.887256084316522031e+00
5.904984677139735183e-03
-2.664377768015500525e+00
-4.853475133142686637e+00
-6.028197758848103049e+00
-5.334096122587047795e+00
-2.214461905067942382e+00
2.760472719600522318e+00
7.655520940269235908e+00
9.971829738229640583e+00
8.132426071133762591e+00
2.669306958715428557e+00
-3.799626211330872749e+00
-7.943297188970234401e+00
-7.642799834033690232e+00
-3.250683633917519799e+00
2.626325061514411807e+00
6.674845350981559733e+00
6.765538312204400384e+00
3.037317152348189886e+00
-2.391310546890107247e+00
-6.763782780810309703e+00
-8.176296019409264204e+00
-6.369593881678603964e+00
-2.535240333602749807e+00
1.528978023716809131e+00
4.306028751392051213e+00
5.046211739156194476e+00
3.789598176390230222e+00
1.135962637442926582e+00
-2.010106274583523422e+00
-4.648670768062835634e+00
-5.906911277460766385e+00
-5.309856423359163635e+00
-3.009694111133409233e+00
1.912905227502960659e-01
3.115235312750622487e+00
4.692234059286048975e+00
4.420501633344796844e+00
2.573312889084982569e+00
6.224543243005353776e-02
-1.964383164404881033e+00
-2.611867009796733807e+00
-1.636924357094308613e+00
3.895229797363981561e-01
2.249848042528296066e+00
2.592760722044337829e+00
6.537837513978872472e-01
-3.145342725304339560e+00
-7.128998231869758229e+00
-9.060708265657448024e+00
-7.383286748322351656e+00
-2.333591584407658459e+00
3.852687681637817718e+00
7.992842534940987953e+00
7.806087406756351044e+00
3.448465025106947746e+00
-2.352265647891180755e+00
-5.837805102279348901e+00
-4.585585701346639453e+00
8.181643970875247529e-01
6.985595362362701621e+00
9.805870173131628675e+00
7.104909248591977367e+00
1.334173013718511491e-01
-7.139063848129931777e+00
-1.048694071655439863e+01
-8.027619513337480583e+00
-1.262370641083100598e+00
6.047582582513680194e+00
1.030440912265421183e+01
1.011916813043563579e+01
6.697154925579066997e+00
2.539851985893222697e+00
-3.949028608235418680e-01
-1.704723957962045233e+00
-2.163019051612699251e+00
-2.532382222648404735e+00
-2.725401483727847740e+00
-2.040330653604322642e+00
-1.763458986810156337e-01
2.004593473199418163e+00
2.818721257375732314e+00
1.084819950998043625e+00
-2.632511847022682705e+00
-6.019041904304973656e+00
-6.493550498383775960e+00
-3.190185252932336901e+00
2.098816170376139656e+00
5.910781718791877637e+00
5.489476403281539518e+00
8.731842341276085939e-01
-4.907168009844451007e+00
-7.806857775852961367e+00
-5.595780155554300528e+00
4.900418794279953749e-01
6.515200241542475901e+00
8.538703679203962338e+00
5.330845281483276743e+00
-8.280100828503904609e-01
-5.824439748081456258e+00
-6.631010260653471100e+00
-3.353394305145804388e+00
1.036088448584794541e+00
3.008317733379785253e+00
1.085158891263060976e+00
-3.158996457831948490e+00
-6.365227317429900999e+00
-5.906162744232785755e+00
-1.758442389674796047e+00
3.601439595447032183e+00
7.092777139267896658e+00
7.222997209529038898e+00
4.947947347149924902e+00
2.660042939350845792e+00
2.200870388238583164e+00
3.478799530648094773e+00
4.719129570209014801e+00
4.060824326051919897e+00
1.177886935730624529e+00
-2.369483788708052874e+00
-4.317494073649072561e+00
-3.471676617283890209e+00
-6.802293345654063517e-01
1.746362876082487858e+00
1.724320595161832781e+00
-1.080735729763669273e+00
-5.014388502465283892e+00
-7.605762056254588899e+00
-7.242145459159318399e+00
-4.131337263309011298e+00
4.964205029994206431e-02
3.412422336632246367e+00
5.003497221890303770e+00
5.041408538032277065e+00
4.259307153439231719e+00
3.078969277904656465e+00
1.384784150533320268e+00
-9.553302366833358317e-01
-3.404530076849654474e+00
-4.689053202098038220e+00
-3.609560742280476742e+00
-1.756827002946150795e-01
3.913053786982406912e+00
6.037862399432272653e+00
4.338436067019500797e+00
-8.365964324257145757e-01
-6.829842339249595717e+00
-1.017223971784737202e+01
-8.779653295235227972e+00
-3.377934840752788048e+00
2.864439911942272765e+00
6.322092849386896418e+00
5.228789890701413867e+00
7.873841867179293130e-01
-3.663456453415565139e+00
-4.864715551426008311e+00
-1.765556912874390427e+00
3.816361208215182987e+00
8.386763227626587991e+00
8.991953502456960123e+00
5.017638071007379352e+00
-1.526848298537135662e+00
-7.311448235361998726e+00
-9.657981360917906599e+00
-7.939113111558542712e+00
-3.642282458898629116e+00
7.638408868245856187e-01
3.321956133392999000e+00
3.511448509050158151e+00
2.174655634481962529e+00
6.910183970592506109e-01
5.157662489374828518e-02
4.085026162447739084e-01
1.250475128019001403e+00
1.924542082992778180e+00
2.072931748060666823e+00
1.725548703688441821e+00
1.101148802891123601e+00
3.716240028230339831e-01
-3.949671026270324958e-01
-1.107002838394251842e+00
-1.520583210801013774e+00
-1.301325242716077302e+00
-2.926409698837038054e-01
1.207139542688913325e+00
2.425525461205829014e+00
2.470006038480475841e+00
8.936610510357763104e-01
-1.891208833297175484e+00
-4.675572903502104083e+00
-6.034380624000619697e+00
-5.118823436884739841e+00
-2.178679094568119368e+00
1.530052539771410869e+00
4.420172188675873137e+00
5.425641214875724039e+00
4.510576738637194438e+00
2.542461298528031044e+00
6.579238342103281845e-01
-4.268790837053365594e-01
-7.075627060391207479e-01
-6.467554543112643550e-01
-6.535292938337748936e-01
-7.301714152711828998e-01
-5.613880611760547756e-01
6.413366183266405729e-02
9.036646494614275493e-01
1.341635061373030346e+00
8.967649850317853666e-01
-2.514740307686978427e-01
-1.219142564643523663e+00
-1.025065238766179609e+00
5.258115838203157866e-01
2.385512951636900247e+00
2.738500744314834368e+00
2.645249635698607715e-01
-4.617882560560802929e+00
-9.489834931556542230e+00
-1.106580532585126875e+01
-7.190801508020125965e+00
1.529746247909486323e+00
1.161653755830295154e+01
1.838107079276467459e+01
1.848126236523783206e+01
1.183853463106519932e+01
1.715257849648492261e+00
-7.127128649977835906e+00
-1.107433986891625999e+01
-9.509130987867843388e+00
-4.800996269524379301e+00
-5.648646153415488591e-01
6.238863930075002617e-01
-1.377079571027063576e+00
-4.535166561575654676e+00
-6.213161239164315397e+00
-4.930161812426696599e+00
-1.200442925787959414e+00
2.950881922896670950e+00
5.322622005348032204e+00
4.797470308176564835e+00
1.801078190223356579e+00
-2.149299008260483035e+00
-5.356406411290292269e+00
-6.713165346138499245e+00
-5.990333747111994178e+00
-3.689526256028675455e+00
-7.188946593661609263e-01
1.913346702748403905e+00
3.370512997010106204e+00
3.276931379067008265e+00
1.965517702322147509e+00
4.716533961234865568e-01
8.889351294196523590e-02
1.580200480783223060e+00
4.487327508066685233e+00
7.089035407459245874e+00
7.244263304060043041e+00
3.758163362292443743e+00
-2.565461412673021524e+00
-8.979443607542368255e+00
-1.212601487550884904e+01
-9.971043386845291678e+00
-3.168340918446002519e+00
5.074944572758571582e+00
1.067417409000478479e+01
1.094379621851236095e+01
6.106210127309749325e+00
-8.981406644321854316e-01
-6.184944176994625842e+00
-7.185339537618539829e+00
-4.007383353612752330e+00
8.846464584398059383e-01
4.375420733788892846e+00
4.637273131246404390e+00
2.074565251312932901e+00
-1.233864991250901433e+00
-3.092148766128289150e+00
-2.626793689691467648e+00
-6.606686589798368425e-01
1.124022221610009975e+00
1.527443461036420924e+00
6.650669413863775636e-01
-2.889833338915054339e-01
-1.904059889021617602e-01
1.038978996933604737e+00
2.265967494166659879e+00
2.045370580624203516e+00
-1.043382710916161971e-01
-3.060069938754148566e+00
-4.681507540349624463e+00
-3.317043528434616917e+00
8.214837956067920777e-01
5.475899845779045094e+00
7.631811772475143307e+00
5.509521345249242863e+00
-9.311757839473988607e-02
-6.102758228299891563e+00
-9.026151510743614992e+00
-7.177630858218996934e+00
-1.780825827433770048e+00
3.832994280275808130e+00
6.416927024938775759e+00
4.908268500781923116e+00
1.001055158564520653e+00
-2.186433800008086958e+00
-2.388964740470001402e+00
2.126172496410735357e-01
3.219893553385691387e+00
3.887552988438451873e+00
1.256512524113755580e+00
-3.037499088125847457e+00
-5.910648870660035747e+00
-5.122942411529030515e+00
-1.031010091747408097e+00
3.531213699829494956e+00
5.227995208871998756e+00
2.661468741978135100e+00
-2.505050159083192174e+00
-6.609771771767877446e+00
-6.538391897245952045e+00
-1.954752259898383748e+00
4.390638913544703925e+00
8.520634251823853589e+00
7.952882968385305062e+00
3.356201744411523080e+00
-2.016022275586685453e+00
-4.674008445920327048e+00
-3.313349199784898502e+00
4.145539367858965818e-01
3.277325846574563606e+00
2.911518667465354149e+00
-4.717858855662172557e-01
-4.345844093646753059e+00
-5.832320531878915304e+00
-3.861619380563799275e+00
8.001619913276841745e-02
3.129331927982639705e+00
3.213775467088179738e+00
5.591113790488527746e-01
-2.570511269917823860e+00
-3.648709535042652163e+00
-1.794253972857785762e+00
1.633098671995033779e+00
4.154299495478265491e+00
4.097422219949665489e+00
1.826982590886130797e+00
-6.489953240833403747e-01
-1.341573075628692768e+00
1.216709814357307406e-01
2.229420493980037499e+00
2.856640221356567810e+00
1.061112744179543821e+00
-2.032320675832671064e+00
-4.000488487228794021e+00
-2.995340087255299544e+00
7.108382448793354458e-01
4.732490382874709134e+00
6.197854432075917686e+00
3.831939292165288613e+00
-1.041600871906393388e+00
-5.342989120741156839e+00
-6.340640074712607266e+00
-3.516562358017595091e+00
1.124877548497870805e+00
4.488798719293980000e+00
4.508288004554941608e+00
1.453399853652878715e+00
-2.423433138011758636e+00
-4.546449931851771709e+00
-3.739658793588338082e+00
-8.351682898005974298e-01
2.121790591652382041e+00
3.351279927070756059e+00
2.395252000072594534e+00
1.030407027678938991e-01
-2.234216229605804571e+00
-3.796485876657116787e+00
-4.506176404884280728e+00
-4.611475622034443944e+00
-4.129597523577001716e+00
-2.752642001266494276e+00
-3.228377354511389186e-01
2.605285092578682793e+00
4.750766050579175115e+00
4.837120799846236885e+00
2.592320014075064183e+00
-7.913485547773015938e-01
-3.222987399800931740e+00
-3.023905618188106104e+00
-8.733432258233975176e-02
3.970886980251189247e+00
6.829033338123712049e+00
6.953185856370696527e+00
4.522794507122531726e+00
1.159137125247464262e+00
-1.294617267979982778e+00
-2.015160937453879253e+00
-1.564670238456092655e+00
-1.182097229883758205e+00
-1.626752360280583121e+00
-2.518095687449096065e+00
-2.692882771170203693e+00
-1.278868708056664971e+00
1.392795255490211437e+00
3.799717772951903605e+00
4.214283828256371933e+00
1.953454673589506640e+00
-2.038637245458765790e+00
-5.722719982634739466e+00
-7.242569067301518615e+00
-6.049499463963505796e+00
-3.114258675947204846e+00
-1.521864439780052369e-01
1.514716782449419652e+00
1.640869987844602917e+00
8.877724216592545181e-01
7.943262859796622333e-02
-4.444569859459549521e-01
-8.740204684217287578e-01
-1.431444994243852076e+00
-1.864536568415723794e+00
-1.465366359049422806e+00
3.243829018134283815e-01
3.208937885370114707e+00
5.885158617653666546e+00
6.708721309778477249e+00
4.800657130916102133e+00
8.076591789717006975e-01
-3.299591910517967186e+00
-5.352708653381085036e+00
-4.330763455029345899e+00
-1.026898281502396593e+00
2.425544404315987279e+00
3.868388744183528516e+00
2.422283930509869343e+00
-1.044894045613691480e+00
-4.534800873016203937e+00
-6.164472602127548662e+00
-5.224640853934669593e+00
-2.429390005142247677e+00
6.918943582125836045e-01
2.772959174004113514e+00
3.314172171825228386e+00
2.737232016305553017e+00
1.881377917939052402e+00
1.361597456084238988e+00
1.218939164794951902e+00
1.033224889728078688e+00
3.504845935687518343e-01
-8.948668328996015608e-01
-2.238169824507779904e+00
-2.905425631686035626e+00
-2.269076117159843697e+00
-2.854155917211169680e-01
2.339380072488200124e+00
4.389836430508802678e+00
4.726592826613027043e+00
2.949536318273473068e+00
-2.373265986590299415e-01
-3.248118857834049411e+00
-4.415777511212523265e+00
-2.985496047728169788e+00
3.013911488085653234e-01
3.490926215891463347e+00
4.529437210514294598e+00
2.595073141973227582e+00
-1.216509376043551249e+00
-4.408255378827068860e+00
-4.608805804923303384e+00
-1.199195744167160793e+00
4.051650243158926301e+00
7.877731948886872004e+00
7.486312008860695144e+00
2.396570882643481504e+00
-5.064172452263319357e+00
-1.100026148085305877e+01
-1.219803270652323590e+01
-7.989168922398915740e+00
-5.704332005519128224e-01
6.376064677449848617e+00
9.833201779584861413e+00
9.001948731114936209e+00
5.368914678252855843e+00
1.430022191838199230e+00
-9.400938927282140867e-01
-1.383693962877390327e+00
-7.836030366978925521e-01
-2.504785128331774580e-01
-2.526471515528320166e-01
-5.021130797339500296e-01
-5.130657667277515044e-01
-2.083900789166633905e-01
1.105130533790547875e-02
-2.284890132412430996e-01
-7.211350634856060760e-01
-6.882867135237276113e-01
5.402855607089234180e-01
2.711117343819043235e+00
4.476837902576138006e+00
4.211013956434438654e+00
1.328813544153984338e+00
-2.907874166278211270e+00
-5.888660798564101739e+00
-5.321555519395904987e+00
-9.811106867604868498e-01
4.777077903677056980e+00
8.290778344224843721e+00
6.943543239701454262e+00
1.023465504318730623e+00
-6.261063781373122694e+00
-1.073829653528982320e+01
-9.946959221137124274e+00
-4.717323425532625514e+00
1.438684343523779496e+00
4.720439128446551891e+00
3.564843039172074679e+00
-4.319053431078242467e-01
-3.797503273369768007e+00
-3.718816032948157435e+00
-1.603018489060092922e-02
4.817399787269922129e+00
7.474141920439429931e+00
6.206470830973275454e+00
2.004150480317305583e+00
-2.221638820864507480e+00
-3.788135989906853851e+00
-2.128086296234170227e+00
9.331445343158271122e-01
2.640196283900817065e+00
1.371921653866526203e+00
-2.221766365177134883e+00
-5.796670555335603048e+00
-7.099670954713714011e+00
-5.588524212924237844e+00
-2.693219472295695027e+00
-5.877102779272092015e-01
-4.638063792316489131e-01
-1.642373922178696155e+00
-2.185406991993599668e+00
-5.157991662044754122e-01
3.210509941569673842e+00
7.039128654002107410e+00
8.528531929879115125e+00
6.479411598963193519e+00
1.820463215593195461e+00
-2.980305220494702922e+00
-5.533772577037158413e+00
-5.013090022139488511e+00
-2.486983919365455709e+00
4.035205452015688810e-02
1.100718680509547021e+00
6.604902002938044525e-01
-1.333462102182562115e-01
-4.914313125272612437e-02
1.195876822759504465e+00
2.745578782864972478e+00
3.339438887280678170e+00
2.341255690725492666e+00
2.482474219604081656e-01
-1.682642658869464070e+00
-2.354308343482082844e+00
-1.562496761281631841e+00
-6.645259136636050279e-03
1.356629330291496238e+00
2.043597671958985451e+00
2.265059595121928115e+00
2.511098344181145414e+00
2.918971977820667973e+00
3.021942335218746223e+00
2.138965006561325044e+00
9.304185748042326232e-02
-2.381140716950334024e+00
-3.974076888343467395e+00
-3.720856211013398251e+00
-1.825036725100072088e+00
2.986865160693563670e-01
9.046760338106846211e-01
-8.420771842372767324e-01
-4.149858394665190353e+00
-6.974051102685443482e+00
-7.287723063993313488e+00
-4.409249639400094622e+00
5.128961633469127923e-01
5.182309581448996560e+00
7.530498005194423250e+00
6.864562238941529948e+00
4.071701236994095474e+00
8.524478222458933274e-01
-1.392307142088645922e+00
-2.238933592647343929e+00
-2.115360800663013130e+00
-1.636685657157679108e+00
-1.027367925375239244e+00
-9.206136090958555451e-02
1.321632210785588013e+00
2.860187471140746229e+00
3.689132904828550608e+00
3.062309478512222238e+00
9.934989550152992788e-01
-1.555924459990692510e+00
-3.212413093244358642e+00
-3.110994963508206368e+00
-1.518254136138517119e+00
3.445654183440889362e-01
1.187394649348897602e+00
5.989659743107450529e-01
-6.689913845266851622e-01
-1.321123176695541801e+00
-5.863888027429622340e-01
1.092247081422866861e+00
2.316467907974625540e+00
1.794401423913780658e+00
-5.799417014434530282e-01
-3.480055211213353594e+00
-4.993278241071012147e+00
-3.994657381760145398e+00
-1.042256272223621494e+00
1.912344907926070814e+00
2.854971924133892447e+00
1.153257382347670612e+00
-1.941022936035632362e+00
-4.135394980908907669e+00
-3.714418016026010960e+00
-7.749610669843276511e-01
2.826689817533291738e+00
4.796239477852662247e+00
4.039621497180332810e+00
1.418471177555540974e+00
-9.402338903136865378e-01
-1.275146414485777813e+00
4.568684932820264444e-01
2.541822750000573006e+00
2.849637766209054845e+00
5.703051984104554606e-01
-2.985008228020559429e+00
-5.200464890989339395e+00
-4.076309940635876039e+00
1.316988250325888954e-01
4.820974776951714169e+00
6.695460616670101395e+00
4.082800819704536899e+00
-1.721755276363101217e+00
-7.117169469505238766e+00
-8.517773678853373553e+00
-4.794381370161847400e+00
1.853002876482457317e+00
7.246310272338636338e+00
7.942557861924560925e+00
3.498372073894860712e+00
-3.237305151329170183e+00
-7.993085681828308253e+00
-7.840590238861281591e+00
-3.008534437781154480e+00
3.418469645407243629e+00
7.628226767402127351e+00
7.541139987691234836e+00
3.961683300970594956e+00
-2.466099826551647611e-01
-2.258126537181714966e+00
-1.141603816362040558e+00
1.755008969771265415e+00
4.012948156739742700e+00
3.955087968710310875e+00
1.739268565755942575e+00
-9.664834558010080290e-01
-2.355145995418435056e+00
-1.807818738240572598e+00
-2.126718025007791057e-01
8.682706126936080571e-01
4.633054520688617561e-01
-1.103348200700828174e+00
-2.563266940510622316e+00
-2.774102776002188797e+00
-1.635992314572015882e+00
-1.417280798434066014e-01
4.504237312632721757e-01
-3.525450338356425073e-01
-1.861627823689175454e+00
-2.728226841529667546e+00
-1.996441901200039837e+00
1.318729620888745568e-01
2.410838733914026921e+00
3.458318597555426699e+00
2.768003669487050455e+00
1.061020134401238213e+00
-2.834110856911347121e-01
-2.834330664722936599e-01
8.999446480629358369e-01
2.085536342639610297e+00
1.971126203345602512e+00
1.438848169488815554e-01
-2.539814701523491980e+00
-4.482939170151339248e+00
-4.409351070502782299e+00
-2.216722627954042402e+00
9.514833598480154642e-01
3.428930489461661679e+00
4.025519241767909762e+00
2.645384721629964186e+00
1.841062940000641746e-01
-2.124805486263649179e+00
-3.415410975173316821e+00
-3.505125103383215368e+00
-2.727926408545792381e+00
-1.540926010870253160e+00
-2.552533974099926439e-01
9.478944333105941977e-01
1.840311809035021451e+00
2.070380647877584579e+00
1.336017126670737465e+00
-2.980008305195865348e-01
-2.218163206565136214e+00
-3.439506962530726852e+00
-3.111995679048984442e+00
-1.063753709587019314e+00
1.982801629216309980e+00
4.705291043785420513e+00
5.853011481527659043e+00
4.918576556979239456e+00
2.417424535254738771e+00
-3.950493946915223931e-01
-2.216819125054162232e+00
-2.416620959930637635e+00
-1.371019641166976832e+00
-2.212072431104968873e-01
-1.670871513943059106e-01
-1.682175546737280758e+00
-4.105636580371763600e+00
-5.894199987206258484e+00
-5.464809263252842442e+00
-2.201294004583398856e+00
2.960259900953056800e+00
7.786260921486218400e+00
9.813870974882142661e+00
7.709901766671642953e+00
2.151796616856032074e+00
-4.341773708368565465e+00
-8.630850246553496419e+00
-8.595213363721660116e+00
-4.273743626122837647e+00
2.164870225503455092e+00
7.610872473596025145e+00
9.666640456938335291e+00
7.808298121598912012e+00
3.430414233276984248e+00
-1.148630520721596326e+00
-4.029711936761779967e+00
-4.599743875635478041e+00
-3.497071051741928560e+00
-1.875828917833807230e+00
-5.812975055720630557e-01
2.101819844052008612e-01
7.647363367178752203e-01
1.305368911682609268e+00
1.728409096569406778e+00
1.737096783900531793e+00
1.215985375861007078e+00
4.635293989686735117e-01
3.804188976989775206e-02
3.224139314727950678e-01
1.171866607704087793e+00
1.955986349564154070e+00
1.985543520555479446e+00
9.956140609853734169e-01
-6.920135141507715026e-01
-2.439809958310229288e+00
-3.755304419989621056e+00
-4.550975847951226783e+00
-5.001372381013021950e+00
-5.161753495255386071e+00
-4.739246977209790046e+00
-3.286790920968304608e+00
-7.075738648910454565e-01
2.365139966450672482e+00
4.716242310666946658e+00
5.230620297616782821e+00
3.653848273078899034e+00
8.409389808922305143e-01
-1.759491570113345560e+00
-3.058095413498121307e+00
-3.017497318398233652e+00
-2.546127131578781455e+00
-2.653925844097002607e+00
-3.521078861500624324e+00
-4.238609240911358711e+00
-3.486775037054664406e+00
-6.780922091935726037e-01
3.321834165663718252e+00
6.523293293469164311e+00
7.050177861358989162e+00
4.437607322499572682e+00
4.327866546512587620e-02
-3.761203063492227994e+00
-5.073431397220383055e+00
-3.584218085741301962e+00
-5.833213078619248204e-01
2.082543690555624050e+00
3.274827668985908158e+00
3.119205455730646559e+00
2.526529703909186075e+00
2.183893542243726227e+00
1.916123833504560281e+00
9.661719534371631113e-01
-1.065985152343274622e+00
-3.487043933373033866e+00
-4.720884541292453385e+00
-3.440233954255096371e+00
2.222358025432362716e-01
4.409024079597853252e+00
6.593886603981331085e+00
5.309918135223504976e+00
1.297073274398057752e+00
-2.855694334936120793e+00
-4.428985155065959134e+00
-2.474721298973737937e+00
1.480672050451673716e+00
4.493365449208679863e+00
4.309505591748559183e+00
1.022374041696271663e+00
-2.931142086187807916e+00
-4.465527353067059835e+00
-2.046096528767795686e+00
3.162665324301493719e+00
8.007846466455042389e+00
9.410001169859658177e+00
6.338027263490502605e+00
3.698838821056211756e-01
-5.450703025382320099e+00
-8.567273256659786895e+00
-8.299783983043427682e+00
-5.820114444715982494e+00
-2.943700983432384177e+00
-7.767461538618585237e-01
7.735707239256122136e-01
2.398817037608515612e+00
4.351032372562590567e+00
5.914257887915732148e+00
5.853455105515209311e+00
3.471831361443370234e+00
-6.072031897340031126e-01
-4.611342414880580165e+00
-6.675146801615514214e+00
-6.021418234361958000e+00
-3.411694095737059396e+00
-5.641107899036884588e-01
1.001123852799637337e+00
8.458243909941458583e-01
-3.494195737888816655e-01
-1.500134407500808731e+00
-1.949731352540047924e+00
-1.780883722059748653e+00
-1.461437651103609126e+00
-1.237265337425672795e+00
-8.524917075727354021e-01
1.571711970238787170e-01
1.884055249304967372e+00
3.736981479955942653e+00
4.733218521043944804e+00
4.204920015999113581e+00
2.350362711920693570e+00
1.532579368796850305e-01
-1.302798426305826762e+00
-1.593453859974312437e+00
-1.173985483499065507e+00
-8.755617690129683384e-01
-1.092077955806160849e+00
-1.353331005866340142e+00
-6.922464321803405429e-01
1.436350975844730149e+00
4.425341004436144310e+00
6.638739121764806406e+00
6.427422829366845392e+00
3.359505270835627222e+00
-1.256608605501676079e+00
-5.028765451742403414e+00
-5.949445321770049588e+00
-3.693226479921432048e+00
1.614607135708060470e-01
3.156949111382976625e+00
3.530836961285098052e+00
1.269717365826059652e+00
-2.042980938975917038e+00
-4.411938244895440064e+00
-4.768272096133940430e+00
-3.527627310951157114e+00
-2.046216099631162244e+00
-1.462220552358889591e+00
-1.822771955523594167e+00
-2.131821599812742996e+00
-1.236356837206667336e+00
1.156274251901115324e+00
4.114034916148956889e+00
6.047620648471655258e+00
5.793594430736876966e+00
3.427227081525176189e+00
2.295099054714613285e-01
-2.152290145932746590e+00
-2.750099763292372046e+00
-1.813858400728272979e+00
-5.198378928705933433e-01
-1.088876802983160808e-01
-1.073940423968261282e+00
-2.920966882191262215e+00
-4.587618451172475353e+00
-5.158478939294010246e+00
-4.372354993352418617e+00
-2.635945220448184578e+00
-6.375034569046753585e-01
1.095993001086643437e+00
2.391863078384855346e+00
3.319419227041153331e+00
3.959002449268802959e+00
4.286745611230200481e+00
4.252423362970889187e+00
3.922532288611620288e+00
3.492375036451143888e+00
3.099885432346161096e+00
2.588505850616820592e+00
1.474218711798195969e+00
-7.430297102715911484e-01
-4.059348704946183162e+00
-7.606973923694837048e+00
-9.812332392227125055e+00
-9.135276004523783300e+00
-5.041786544671185588e+00
1.386156106549293110e+00
7.683147582428495603e+00
1.109538272566399186e+01
1.001337433336745342e+01
4.933292241897569319e+00
-1.671566673153588756e+00
-6.591662899112751717e+00
-7.590948349558543917e+00
-4.616224654145798745e+00
2.189669740060316561e-01
3.898972143054200590e+00
4.290537898120159177e+00
1.382976566199729751e+00
-2.770179371444630778e+00
-5.374382594923505785e+00
-4.662887232809562299e+00
-1.006580001755356335e+00
3.330673184933585773e+00
5.631328500919387636e+00
4.440174903001554263e+00
4.685406606958421039e-01
-3.872253969497503334e+00
-5.983360696435556569e+00
-4.653288989066376224e+00
-7.053920279077208200e-01
3.636688976996820699e+00
6.181416498470293952e+00
6.035485974098410367e+00
3.921339156130385639e+00
1.450190467858677223e+00
-4.773497868895404395e-02
-3.015687799186710372e-01
-1.270106135426479765e-02
-8.601856260306020574e-02
-8.311911484814018536e-01
-1.741707645176580277e+00
-1.971474370323244241e+00
-1.086050455233128043e+00
5.236618041425988856e-01
1.889273272403805048e+00
2.173297228013398641e+00
1.284670797856244828e+00
-6.904034910324274854e-02
-9.227203843518819726e-01
-7.674227037318559486e-01
1.012535295821888059e-01
8.445073855757754266e-01
7.294645827823305062e-01
-3.340418764301449350e-01
-1.756756709148687312e+00
-2.723228312331796186e+00
-2.760852726749325470e+00
-1.997562522710821131e+00
-9.597566345952944777e-01
-1.319628141840446522e-01
3.398158645102212772e-01
5.852219363564467036e-01
7.081910584185683311e-01
5.813258961870202413e-01
-2.690886953885041066e-02
-1.082668078759001951e+00
-2.038654352309952955e+00
-2.034762147129021592e+00
-5.220682586179192786e-01
2.117143185333794086e+00
4.491981616579440839e+00
4.888319536672225851e+00
2.381798173525818019e+00
-2.345713259836726738e+00
-7.115240091820332680e+00
-9.351023525243430612e+00
-7.567586662261160946e+00
-2.326091212616142379e+00
3.975297371480143838e+00
8.398437010607629816e+00
9.086628670099468508e+00
6.240074410937922700e+00
1.877936109568921985e+00
-1.432096364725767179e+00
-2.081269953612569168e+00
-2.643537404722959838e-01
2.293995285991143884e+00
3.495334764278352324e+00
2.165048596559507654e+00
-1.281123180125612881e+00
-5.149908851666713971e+00
-7.514631858962808053e+00
-7.333092009485110196e+00
-4.980070592253547090e+00
-1.914395149513596017e+00
2.777103283544591905e-01
8.596758321171431572e-01
3.390406787955363987e-01
3.521285409279784062e-02
1.088934994014901569e+00
3.548385426122334874e+00
6.156032342161718240e+00
7.049428807612244441e+00
5.000835801796073454e+00
4.162479627820419026e-01
-4.618278684151707836e+00
-7.402414331582436446e+00
-6.231347328150679488e+00
-1.550257148987387534e+00
4.150854001504709956e+00
7.745749622858395966e+00
7.361935504067418812e+00
3.544355758644467613e+00
-1.108980841006276252e+00
-3.657035312400684468e+00
-2.765440096534700132e+00
4.239932481502906025e-01
3.131221057755388060e+00
2.943908872532008836e+00
-3.909816008581422642e-01
-4.675676722191381529e+00
-6.740565383671569322e+00
-4.710182376966271178e+00
5.341477483809574656e-01
5.781845503236658246e+00
7.596860542517788417e+00
4.683884925408696276e+00
-1.135810583914210525e+00
-6.067871940443867906e+00
-6.872504176844834056e+00
-3.060443635343292890e+00
2.754148516975090999e+00
6.594143028296114650e+00
5.763914831961351126e+00
5.993103527067216163e-01
-5.832735084193517494e+00
-9.811547760503181337e+00
-9.342925856649596739e+00
-5.231009576113608617e+00
-2.190831435766853463e-01
3.049321119889366827e+00
3.729302936145449276e+00
2.972549120405920231e+00
2.636853500386129312e+00
3.614239227243126962e+00
5.098505662505242952e+00
5.323931893744209276e+00
3.143630462463891995e+00
-8.303544479766957753e-01
-4.453138786342936584e+00
-5.505011063862404797e+00
-3.292558822808707042e+00
8.152413808320837507e-01
4.323154407632764595e+00
5.319113886254045021e+00
3.689135994215378744e+00
9.661490238778891460e-01
-1.007027554381127121e+00
-1.521101576459723326e+00
-1.413223794664152155e+00
-2.140391544883978980e+00
-4.279877169851185492e+00
-6.711154956681773420e+00
-7.239311275579972005e+00
-4.297910928138922060e+00
1.532278624483004670e+00
7.426925943897986215e+00
9.903686461230067906e+00
7.108522425195250349e+00
2.299627240613408841e-01
-7.012688163439491973e+00
-1.056760622605804656e+01
-8.528950866324585434e+00
-2.273399502126014493e+00
4.476150735345880705e+00
8.011364983396202177e+00
6.859558155992403705e+00
2.459180724720745115e+00
-2.030644716003958905e+00
-3.870843716390724776e+00
-2.373386490861108200e+00
9.687719193988583166e-01
3.755852175976404528e+00
4.345082792965689222e+00
2.753846764554283233e+00
3.151857688595003371e-01
-1.480032350803760499e+00
-2.013806618834397710e+00
-1.728006282170014396e+00
-1.466940559158011359e+00
-1.610040301133499385e+00
-1.722155150556239134e+00
-9.781992947483224565e-01
1.015399010032291827e+00
3.684975550004108591e+00
5.686701062585811428e+00
5.716342484895570841e+00
3.356666789150825281e+00
-6.240741650243294414e-01
-4.698047671876101283e+00
-7.401191116418636362e+00
-8.003557248229753895e+00
-6.661047111637993012e+00
-4.090061834348047931e+00
-1.106473352079840211e+00
1.642678894724474814e+00
3.686586541321903887e+00
4.660171638492464297e+00
4.362549541778242279e+00
2.949596490177940122e+00
1.047319790725585786e+00
-4.373236466939956490e-01
-7.958765986139851867e-01
1.244125254826555782e-02
1.278548656767848568e+00
1.983393134058901275e+00
1.497011731600419226e+00
3.514951011215050602e-02
-1.490588571182423383e+00
-2.151171913555816939e+00
-1.710251681216709230e+00
-8.100060848089289944e-01
-4.536127712015850522e-01
-1.152295774027934705e+00
-2.402118919121097651e+00
-2.950063763987334831e+00
-1.724273022069316763e+00
1.232396817648253151e+00
4.554632167700152223e+00
6.316673929325442138e+00
5.300312415372883557e+00
1.892835570941616918e+00
-2.054268950797520255e+00
-4.370006664183531342e+00
-3.964785582613566284e+00
-1.535037142862626824e+00
9.211485226979780894e-01
1.459981809173167111e+00
-4.922127387359668260e-01
-3.741118486436785240e+00
-6.092503033653199118e+00
-5.755082616172753518e+00
-2.453631948156974385e+00
2.433289128925259170e+00
6.725272785065978809e+00
8.672928152485644304e+00
7.796688780805728136e+00
4.906281450050065551e+00
1.443645642229589576e+00
-1.329714100878738314e+00
-2.810737941200204926e+00
-3.047651952677906451e+00
-2.444765721488055821e+00
-1.482359724997446282e+00
-6.012324475076572527e-01
-1.794286834438113543e-01
-4.516764994259201971e-01
-1.341925898671658235e+00
-2.355893521728175344e+00
-2.719991592136189240e+00
-1.788948062654451387e+00
4.971339459793211457e-01
3.431325587346823802e+00
5.814038897380243043e+00
6.556676818655059691e+00
5.251242134739992906e+00
2.359164102156608767e+00
-1.067164301912797209e+00
-3.912234261881414543e+00
-5.434671426267005501e+00
-5.406405773146756744e+00
-3.999980909185845590e+00
-1.626199684536106194e+00
1.133400718963360365e+00
3.543273978823232362e+00
4.841149059588480519e+00
