-5.351293981086335805e+00
-7.143252534319783464e+00
-7.074720420227992079e+00
-6.055567279398506919e+00
-4.697758556820797793e+00
-3.020158057861973333e+00
-7.511330670064393367e-01
2.120918797063278127e+00
5.036565843323854708e+00
7.044705957038749133e+00
7.330403926008152382e+00
5.705603132011614065e+00
2.740295264275743214e+00
-5.082511546106840417e-01
-2.953000328864358703e+00
-3.854902893609394976e+00
-2.998847229111914370e+00
-7.158292143112912065e-01
2.166066391364433130e+00
4.462365411753115296e+00
4.971617331328639366e+00
3.035173895315861792e+00
-9.045509800023572300e-01
-5.162891619493132467e+00
-7.408575515724593608e+00
-5.887190735615936532e+00
-6.499077403430009170e-01
6.037446145538368114e+00
1.057695331972956154e+01
9.913743486207721389e+00
3.394772211670293416e+00
-6.535995328316127839e+00
-1.535196443727038051e+01
-1.870450304397270358e+01
-1.468587666482627263e+01
-4.815611716290602473e+00
6.780911656630745910e+00
1.547773426456998180e+01
1.831813237596917077e+01
1.510403131955827405e+01
7.997401552522717338e+00
1.058033620369908112e-01
-6.010238431433342576e+00
-9.140531327268250905e+00
-9.356658326455800534e+00
-7.434345308441706379e+00
-4.292240902941849789e+00
-7.410760482308194064e-01
2.518675216426966124e+00
4.890220748440169629e+00
6.005301430424706766e+00
5.893640409390674684e+00
4.992755664772721147e+00
3.899716092207685669e+00
2.996476198094462973e+00
2.221833641668780057e+00
1.179141999392474549e+00
-4.831059970549957394e-01
-2.699077532788658917e+00
-4.909936185431931222e+00
-6.358933309736162443e+00
-6.559983694485764794e+00
-5.616612387989950328e+00
-4.174186052479456954e+00
-3.038759768746079892e+00
-2.708375848293113286e+00
-3.100719032167145173e+00
-3.622625425859007819e+00
-3.522765030296553856e+00
-2.326002928081105203e+00
-1.264523500985892390e-01
2.403467530943160124e+00
4.302521290732920001e+00
4.792401911575760565e+00
3.715843373920928894e+00
1.699946371452886407e+00
-1.012050606037506739e-01
-6.152543937342684899e-01
4.982128177191907925e-01
2.565877048579392916e+00
4.234041651649551596e+00
4.283463932863053714e+00
2.429775299873332628e+00
-4.478715363770375824e-01
-2.861905121198948798e+00
-3.712954834212539801e+00
-3.023256583677419673e+00
-1.842839921418849780e+00
-1.361560746173146708e+00
-1.892043103850240326e+00
-2.550873597071549259e+00
-1.971823725526740123e+00
4.383482662351103620e-01
3.708139962408825596e+00
5.729048600313884521e+00
4.749575391797776547e+00
8.778113021911999603e-01
-3.627437150609883254e+00
-5.694361273867371231e+00
-3.584704940561270092e+00
1.704433809291563628e+00
6.930042029861047226e+00
8.786412042224858610e+00
6.268190664044063887e+00
1.441896353000006181e+00
-2.053186165265387775e+00
-1.753945366993644006e+00
1.679902684623869380e+00
4.884139451519063257e+00
4.396120129001673149e+00
-4.548526483997772374e-01
-6.644536469722351235e+00
-9.435174529115787578e+00
-5.959529919993613589e+00
2.232431289170144328e+00
9.737724112906160912e+00
1.085472378976368546e+01
3.740548441660260792e+00
-7.850491787836001656e+00
-1.669948333755438696e+01
-1.684915538835956994e+01
-7.711301056045089197e+00
5.351003682002406059e+00
1.447245534563748137e+01
1.445453553791682921e+01
6.121337858769476448e+00
-4.410992364098849983e+00
-9.976239887026798314e+00
-7.129938873095412077e+00
1.801306965925805414e+00
1.063997152238880339e+01
1.370084605214920259e+01
9.435499394692806518e+00
9.591925433810142287e-01
-6.596552058294119725e+00
-9.728371816499647551e+00
-8.522353788398033814e+00
-5.735330636313381802e+00
-4.048250108043875528e+00
-3.834462598773952458e+00
-3.199080294823068105e+00
-1.229031080488613981e-01
5.176369026472214863e+00
9.737153410541065313e+00
9.798298674781230844e+00
3.814019278975864680e+00
-5.790924738462309485e+00
-1.363524904595532483e+01
-1.467676407599704191e+01
-7.599794437648176526e+00
4.054646826338452748e+00
1.386382442049217190e+01
1.636082239518304959e+01
1.027113696231847406e+01
-8.634377613601391666e-01
-1.094001788548361986e+01
-1.488528703948772147e+01
-1.134406243224270661e+01
-2.992368494885814023e+00
5.417416107474885223e+00
9.862554551276700110e+00
9.018795765704808787e+00
4.464858344280985492e+00
-6.553190632639287472e-01
-3.506576281194962341e+00
-2.913174085108813038e+00
3.564261386722762381e-01
4.269115098949440856e+00
6.667425036422238271e+00
6.304818954740616377e+00
3.372055087055612521e+00
-6.518842011485814769e-01
-3.745112942470680828e+00
-4.369552701808483874e+00
-2.300121972610574606e+00
1.195712290799199051e+00
3.990805294382651969e+00
4.253871849803400274e+00
1.488912357004893217e+00
-3.162914659340702705e+00
-7.555216936178444698e+00
-9.719447518028283994e+00
-8.875681219587843174e+00
-5.686925786647023529e+00
-1.692425059786202723e+00
1.620448497504823449e+00
3.486188906634335893e+00
3.939431538133848942e+00
3.441345427969133119e+00
2.473907998116272378e+00
1.414209300718400897e+00
6.469678672521883556e-01
6.153951571004663279e-01
1.589708086443358148e+00
3.275708822244427942e+00
4.664476625033701751e+00
4.442079188696840930e+00
1.845101519422173375e+00
-2.599011834815957211e+00
-7.067989836804947856e+00
-9.350366598202398905e+00
-8.169016314185288508e+00
-4.052494104545793618e+00
8.826160728334702110e-01
4.156150231858258159e+00
4.374998221525799202e+00
1.964868494450368486e+00
-1.263327767596960527e+00
-3.357221831048771143e+00
-3.397239355056528964e+00
-1.840544184480952250e+00
8.151742472681489105e-02
1.356373250617784354e+00
1.809187792099132608e+00
1.956008142892571744e+00
2.326722688186531496e+00
2.879655348246296320e+00
2.997244026223679914e+00
2.042520231613021320e+00
-6.094781933916770811e-03
-2.377546409568716879e+00
-3.948916366817123436e+00
-3.976858691356660813e+00
-2.577430420047476023e+00
-6.195991268903022764e-01
8.585618657678333321e-01
1.274898847051158857e+00
7.556233236955244292e-01
-8.324603885066128584e-02
-5.877604361793257182e-01
-4.091682370650369105e-01
4.391386805870282073e-01
1.733414152286978371e+00
3.197686573222030759e+00
4.544606040513139433e+00
5.443891916645549500e+00
5.545705396915684204e+00
4.612587263961083650e+00
2.674737460694975422e+00
7.099761011798666477e-02
-2.669979663287610716e+00
-5.011169232324815148e+00
-6.512062369465591694e+00
-6.827899082239767381e+00
-5.722580805227267753e+00
-3.225395718984632509e+00
1.197431921535376809e-01
3.182484530191125760e+00
4.627113571528081337e+00
3.708924036250551115e+00
1.008980765292491810e+00
-1.547540177218501567e+00
-1.694030244289037590e+00
1.591381257725219989e+00
6.964847277997600727e+00
1.104171986907326541e+01
1.028730551726339115e+01
3.445656027616889716e+00
-7.122580544298416250e+00
-1.632126490265802943e+01
-1.914396722231713355e+01
-1.377246462126371718e+01
-2.906031677677290759e+00
7.693421956488838198e+00
1.263731258713282735e+01
1.014515717694485275e+01
2.953497959432782149e+00
-3.702696420452744164e+00
-5.661765508148125292e+00
-2.526839140516606630e+00
2.339648678442654894e+00
4.454123733990790868e+00
1.584033683533243586e+00
-4.543330363141416584e+00
-9.405424960587616567e+00
-8.899951737704430599e+00
-2.344888900036504076e+00
6.849130540193898220e+00
1.331820242127052722e+01
1.323355136589534808e+01
6.767773677711764968e+00
-2.096717148126461261e+00
-8.221499751311192483e+00
-8.591757759106267045e+00
-4.043214241464244907e+00
1.609227096632282361e+00
4.313014654541884596e+00
2.470644472410061798e+00
-2.182352304526212983e+00
-5.969438804457587011e+00
-5.868104235160949145e+00
-1.525245016602414516e+00
4.589309172589281616e+00
8.876708912004087182e+00
8.945805707110709548e+00
5.059460711957679102e+00
-1.733513069073182034e-01
-3.562991611541803216e+00
-3.378394324838625895e+00
-3.827697645871519505e-01
2.724802749173793615e+00
3.062078151626149936e+00
-5.778472282517741476e-01
-6.866398085318077271e+00
-1.256772100174288020e+01
-1.428730313621918135e+01
-1.035709167226403515e+01
-1.819585987273257821e+00
8.014854758981936556e+00
1.518202312222957140e+01
1.697195739437345807e+01
1.312530918973333449e+01
5.736882860719356714e+00
-1.985486541636617419e+00
-7.345810314265992957e+00
-9.262048596594061323e+00
-8.328662431948924194e+00
-5.988044051360509101e+00
-3.473409576633651241e+00
-1.230994334212609953e+00
8.942796493948086400e-01
3.003306255072960340e+00
4.633303059484377151e+00
4.858939382027819498e+00
2.969306679658887393e+00
-7.876358462755976841e-01
-4.998880131430977869e+00
-7.671004643167189663e+00
-7.305795613033500224e+00
-3.806559108634916200e+00
1.364023682529314163e+00
5.892855357087187329e+00
7.785759587584809793e+00
6.339717686650649497e+00
2.415102273001659583e+00
-2.072704471677145666e+00
-5.114026136997745553e+00
-5.516045955428808156e+00
-3.362703194313797717e+00
1.231512273417518788e-01
3.205509798043870706e+00
4.469303944923542105e+00
3.513969577482474183e+00
1.187459403941601987e+00
-8.087275948442538276e-01
-8.389377379252902500e-01
1.641413736467970619e+00
5.543011207142972019e+00
8.517109715562103389e+00
8.197333519420162418e+00
3.684058049912637856e+00
-3.635204607749303207e+00
-1.056083207834588045e+01
-1.373527740924805229e+01
-1.157911490094046947e+01
-5.327531468056016628e+00
1.550626416642455929e+00
5.297687438723311715e+00
4.049818256069328548e+00
-1.063164673224028522e+00
-6.585948367038430007e+00
-8.784625693440553107e+00
-5.850527404850725866e+00
1.033906013364883414e+00
8.354942061111106710e+00
1.222133740765606369e+01
1.047623530974582984e+01
3.823587237637769753e+00
-4.557782503182344236e+00
-1.061704894891077267e+01
-1.138979528328319546e+01
-6.375711049423644639e+00
2.247053661495858279e+00
1.060991479710542684e+01
1.489025534507011628e+01
1.305053689655263760e+01
5.815911801879349419e+00
-3.595294044225278540e+00
-1.094599124652340549e+01
-1.301855536484114495e+01
-9.205808904268645065e+00
-1.777827077007604117e+00
5.382099889161933604e+00
8.897306300772296339e+00
7.648288581508619899e+00
3.119731854079913269e+00
-1.812016768350406704e+00
-4.791788486196729480e+00
-5.290201461744309164e+00
-4.456373910863099752e+00
-3.752390219602517618e+00
-3.515203577718304828e+00
-2.641312339373856233e+00
2.989239677973967169e-01
5.390298104645902200e+00
1.057325392151587096e+01
1.258532702435604378e+01
9.190746722808889047e+00
1.136943084657060510e+00
-7.728864737055423539e+00
-1.254657923016903531e+01
-1.049849955368833321e+01
-2.775442774527884460e+00
5.985468031168606373e+00
1.054058045813909139e+01
8.319669178530254783e+00
9.674512987934402730e-01
-6.858614397512482697e+00
-1.056900153540680343e+01
-8.489233130798190530e+00
-2.605940370176628385e+00
3.129962622413436701e+00
5.597431165827371657e+00
4.400321816412230191e+00
1.659259320229164114e+00
8.100066085923485204e-02
8.733510088569704788e-01
3.031853122385824051e+00
4.373290824128346799e+00
3.361880796392805237e+00
2.696758241316186133e-01
-3.149664931444176474e+00
-5.083637072485892361e+00
-4.975931332137527363e+00
-3.715779089259318546e+00
-2.659620715462735596e+00
-2.389265788686817604e+00
-2.271378147521464719e+00
-1.162496224830992908e+00
1.381039394780715135e+00
4.463164492623189261e+00
6.384187385962259320e+00
5.973230817292748185e+00
3.641323759949409933e+00
1.248073742873684999e+00
7.903353018391212625e-01
2.866158868803045934e+00
6.092693957130120630e+00
7.972631024678827671e+00
6.626915048436944566e+00
2.160472898836161004e+00
-3.310369198914791422e+00
-6.975723348314076588e+00
-7.065118045871238373e+00
-3.835423568593065546e+00
7.487347439525904313e-01
4.276069626036193227e+00
5.165621154973025320e+00
3.200978198347617987e+00
-7.706730026600456807e-01
-5.482558503860314403e+00
-9.681519826501872927e+00
-1.221376379304321347e+01
-1.207168680440924646e+01
-8.742762301579119821e+00
-2.786430652255135421e+00
3.890999756365220996e+00
8.599894157394468053e+00
9.239317515314688478e+00
5.708064862027767639e+00
3.046613105937270305e-01
-3.411951381608538725e+00
-2.780625342452392346e+00
2.136574517615104529e+00
8.358269444948234650e+00
1.171025054245761332e+01
9.462082237890689029e+00
2.171222376601721571e+00
-6.516202655234427432e+00
-1.203311700229966696e+01
-1.164814538436099589e+01
-6.044080934820414086e+00
1.255619336962979116e+00
6.163923638536635607e+00
6.483678806660836180e+00
2.983900017379657488e+00
-1.461779083362519494e+00
-3.943550354891429244e+00
-3.347694579168345896e+00
-8.043386028825412204e-01
1.378391131027340677e+00
1.423269278356929624e+00
-7.543014682163287077e-01
-3.624723273562075576e+00
-5.166493544169550312e+00
-4.190475332565966049e+00
-1.012969771687059595e+00
2.839541177613489342e+00
5.565441574591937446e+00
6.016269183419783673e+00
4.120035333068469363e+00
7.148362114914537102e-01
-2.948126384237550468e+00
-5.701901765812924516e+00
-6.786552221505161242e+00
-6.002459843691640984e+00
-3.747019227804569752e+00
-9.167632265621508125e-01
1.390056172005141866e+00
2.346903189988022831e+00
1.844329271863346165e+00
6.046683446308853682e-01
-2.055348142961608282e-01
2.902518038237934528e-01
2.051720167516718263e+00
4.069501869724509113e+00
5.008917263326839731e+00
4.169916216646109675e+00
2.089615330208477673e+00
2.858266386054568731e-01
2.155547818199740062e-01
2.123125460955209043e+00
4.630830295925419726e+00
5.492660011991579161e+00
3.131363232314666512e+00
-2.046721861210420101e+00
-7.539144532660079001e+00
-1.008466830901461009e+01
-7.706809446834920863e+00
-1.148468006809642450e+00
6.326348288022648703e+00
1.076340986358222196e+01
9.880798885000244169e+00
4.444073154918310564e+00
-2.269073782120583083e+00
-6.586674703668552233e+00
-6.745536068728654300e+00
-3.844197721526604994e+00
-8.304371019098328865e-01
-2.697247667222220091e-01
-2.493498739897804128e+00
-5.450838010590061344e+00
-6.356686529581143219e+00
-3.912793807074673502e+00
5.673348256629267006e-01
4.019535220499406591e+00
3.900733925345815756e+00
2.071284959732035968e-01
-4.312983583222720796e+00
-6.024497982583172373e+00
-3.079025257453025688e+00
3.043917887625673835e+00
8.332892444961069955e+00
8.927009803888022788e+00
3.843088610303736274e+00
-4.192023821630272984e+00
-1.043968058474223248e+01
-1.122660660746521799e+01
-6.269548527080283762e+00
1.337631043377810691e+00
7.379529191857081116e+00
9.336098181746043778e+00
7.745438850519695606e+00
5.244829945761800616e+00
4.178064509332478416e+00
4.697019053278941314e+00
4.832502755010737339e+00
2.423821410126569376e+00
-2.694610861996367124e+00
-8.087041335479813853e+00
-1.030701783217410394e+01
-7.550307290406361282e+00
-1.312741175165227592e+00
4.348974641117409057e+00
5.573108481626238841e+00
1.509900423836700423e+00
-4.908182358333009532e+00
-8.915022293548123145e+00
-7.260613349648218140e+00
-5.760624074110776149e-01
6.966233001267619684e+00
1.048500934022466424e+01
7.714324938614991467e+00
4.810602220650772587e-01
-6.653578459003853141e+00
-9.545175504925142107e+00
-7.137824701787907067e+00
-1.827492423380713049e+00
2.575063679067203903e+00
3.655570062658437980e+00
1.906230309670460699e+00
-5.370042471461911049e-02
2.125739279227815137e-01
2.963016903469467334e+00
6.089724957461307042e+00
6.795343881548239651e+00
3.785410360107888117e+00
-1.687493607948781893e+00
-6.649866151922965152e+00
-8.406526658073442348e+00
-6.211806441045619742e+00
-1.480342805525026506e+00
3.421865089812160754e+00
6.742085927377955201e+00
8.089621022794213800e+00
8.001908641196770589e+00
6.957840613095770621e+00
4.835901815409643589e+00
1.297444988869298488e+00
-3.337132096447267493e+00
-7.654939201593224496e+00
-9.747539870663558759e+00
-8.512915233443280272e+00
-4.635199734233765412e+00
-3.464981031545875112e-01
2.014387074557879131e+00
1.648059740160138897e+00
-1.085950892149545322e-01
-7.671570439376629302e-01
1.394840438122453286e+00
5.876020188193379568e+00
1.006611614784477560e+01
1.092913922532012450e+01
7.111675863440519052e+00
9.430844142679362108e-03
-6.955079009439909754e+00
-1.036109582616388103e+01
-8.783988474218265452e+00
-3.504395368322028581e+00
2.407988791452519983e+00
5.929773035342589260e+00
5.660479271489768038e+00
2.296861280188054799e+00
-2.046912782520359908e+00
-5.072959946078355209e+00
-5.354782390409601689e+00
-2.803860662629418243e+00
1.446207032377684332e+00
5.529613304165094334e+00
7.533694541046337179e+00
6.258248720495147133e+00
1.849788620801389172e+00
-4.024985769615028630e+00
-8.755238599912718911e+00
-1.003174244939727622e+01
-7.168776301659217864e+00
-1.662206298459389942e+00
3.524979091935801723e+00
5.659675305591584937e+00
3.892989404146044663e+00
-2.430885108081040080e-01
-3.895585634300892330e+00
-4.832802430249237169e+00
-2.936146522560272309e+00
-1.856203319666627216e-01
8.583008086871840581e-01
-1.013907575680527584e+00
-4.716495550036224671e+00
-7.597191999176542865e+00
-7.303094105133633107e+00
-3.423285493000846280e+00
2.267297946953221288e+00
7.090476399771908689e+00
9.284677272282387150e+00
9.021411176167331902e+00
7.933850594364824538e+00
7.612174775919950953e+00
8.268208922142488149e+00
8.580307592612301804e+00
6.785175372801009352e+00
2.138345528019917285e+00
-4.364330214541460862e+00
-1.049548837242624622e+01
-1.409159785741035442e+01
-1.417412838332815816e+01
-1.119275466898616322e+01
-6.435394835778707190e+00
-1.240714118043429792e+00
3.377820338320373317e+00
6.628348936938998293e+00
7.798912190364585051e+00
6.506987150071140036e+00
3.248760826341246855e+00
-3.580317278224325328e-01
-2.193732802976116503e+00
-9.866954070936326815e-01
2.523517073192512061e+00
5.671605696219914172e+00
5.482029931658232158e+00
8.826907372773233895e-01
-6.101822327362007137e+00
-1.128615066871788386e+01
-1.101514376257629557e+01
-4.830422962158129607e+00
3.872568790852590759e+00
9.887703270626342800e+00
9.682317121440581431e+00
3.891064949657570438e+00
-3.051102849791629268e+00
-6.012086170292663567e+00
-2.857032001669392418e+00
3.942195774322700075e+00
9.029305437169748316e+00
8.054419069207984450e+00
9.364536737795527976e-01
-7.915711179601728098e+00
-1.265809972770519565e+01
-1.017389791090018392e+01
-2.320839534423336126e+00
5.400546185365302065e+00
7.819891432659479946e+00
3.830582358957975053e+00
-2.841456386653524735e+00
-6.405279708624375345e+00
-3.300976186279507285e+00
5.097833432499672135e+00
1.333464756195549583e+01
1.565575745931028706e+01
1.001020917709579727e+01
-5.643089556940865670e-01
-1.007132448012548842e+01
-1.358547416433037114e+01
-1.029535103070277557e+01
-3.521043625970406765e+00
2.063689260129093483e+00
3.797028241125753656e+00
2.514012281864567377e+00
1.240931483077722497e+00
2.324554052261327719e+00
5.321564333698118432e+00
7.270930526049104614e+00
5.078326315432456717e+00
-1.868781116018962685e+00
-1.086808495849645695e+01
-1.748101631176751170e+01
-1.835392589550678011e+01
-1.325519526616481514e+01
-4.970144697170182368e+00
2.693334236451602859e+00
7.231481275882906345e+00
8.487359612392852526e+00
7.917848815310538413e+00
6.955557183199155169e+00
5.884841515952289548e+00
4.042515144513048497e+00
9.686526043500189864e-01
-2.639390320722731609e+00
-5.082579796756153456e+00
-4.848027043887668697e+00
-1.853681876492281333e+00
2.295166385789208174e+00
5.289949580393269457e+00
5.608694726650718998e+00
3.399007712451480145e+00
1.554826525184538344e-01
-2.450640304467726516e+00
-3.622639840153581758e+00
-3.613479572936891149e+00
-3.073404782586862005e+00
-2.307711577479358844e+00
-1.169761841486153475e+00
3.630972095673348221e-01
1.600376101168010434e+00
1.292773764168333006e+00
-1.379116634364053517e+00
-5.749454662996204668e+00
-9.577737391491890406e+00
-1.029874536321813316e+01
-6.862227543830281107e+00
-7.522112174249260264e-01
4.782507762451654543e+00
6.935255649689610280e+00
5.425161259150281801e+00
2.806677627391461094e+00
2.581124048378163227e+00
6.381866455885329081e+00
1.236251554203856706e+01
1.618083458947961262e+01
1.407793139234213342e+01
5.882618424078888353e+00
-4.364690681052405097e+00
-1.085716001747318238e+01
-9.967471594341798635e+00
-2.898787230750922816e+00
4.969079206426090245e+00
7.730809583203810398e+00
3.098939731556161536e+00
-5.914716478220282347e+00
-1.304396039152063125e+01
-1.315170045079223193e+01
-5.862492458786688232e+00
4.143267429171828553e+00
1.039204266476839322e+01
9.119277643017170476e+00
1.819647479163231996e+00
-5.931656167205304087e+00
-8.492717822334540756e+00
-4.112539659583173801e+00
3.960430454609974227e+00
9.926469016787528687e+00
9.608854022630115566e+00
3.356246426519050807e+00
-4.329220524356880873e+00
-8.061438574048386485e+00
-5.338859871137674240e+00
1.832272905195093449e+00
8.480484907887909429e+00
1.014416942969015345e+01
5.784910222450391437e+00
-1.796975025756440303e+00
-8.116025814025892515e+00
-1.002851769432554185e+01
-7.500756967423420463e+00
-3.077022516987985234e+00
2.836618497485359214e-01
1.271454635439940084e+00
7.419389754065438547e-01
5.280680539415663066e-01
1.661381064514749095e+00
3.443474515351208076e+00
4.040558008196014406e+00
2.068022768099057718e+00
-2.093437693785158871e+00
-6.263222370779004677e+00
-7.755849845167627876e+00
-5.110583967526370230e+00
9.049501264544312917e-01
7.645950574054512394e+00
1.203071834106949289e+01
1.216673186035212240e+01
8.241580565027840422e+00
2.273455403735975988e+00
-3.027783547547626242e+00
-5.626912316245896051e+00
-5.081065215725400819e+00
-2.623054855076951686e+00
-4.236764929399581270e-01
-3.944815388839622017e-01
-3.095808855910166191e+00
-7.307957529684872000e+00
-1.056262975688186856e+01
-1.046176767656297812e+01
-6.129551418954354958e+00
1.050152323272221189e+00
7.955728827961506155e+00
1.134118104628082691e+01
9.657319929827147931e+00
3.973323887379546449e+00
-2.617906213606961963e+00
-6.784055088539729717e+00
-6.822725652016300657e+00
-3.449326985478788465e+00
9.373327558701145534e-01
3.932049610923757932e+00
4.566004853423176080e+00
3.583779860813768980e+00
2.513155192620624589e+00
2.350381808230673997e+00
2.884110153461282966e+00
3.098119904181383166e+00
2.210107580892903822e+00
4.241571347338707332e-01
-1.234893394402173605e+00
-1.833487084492051000e+00
-1.370637585847717110e+00
-7.836939329607119920e-01
-1.069291107687748710e+00
-2.258747465445535951e+00
-3.178217470803162747e+00
-2.320367339883611546e+00
7.845530320278288894e-01
4.818395866414766360e+00
7.284894849860728883e+00
6.190459663529976453e+00
1.613305867857925957e+00
-4.057470430156058683e+00
-7.523659608889287753e+00
-6.728056816656764028e+00
-2.264698951304859875e+00
2.958610826373464953e+00
5.591168807951541808e+00
3.958693874940253821e+00
-9.937179915002709585e-01
-6.488531865544182153e+00
-9.769818916675399478e+00
-9.694418780831206561e+00
-7.056888844252968696e+00
-3.648348947775962969e+00
-9.317117362171813966e-01
6.654083139596642660e-01
1.487954198293504948e+00
1.893500285069723343e+00
1.789378644945738506e+00
8.658478449759139384e-01
-7.889590432417648014e-01
-2.389442336768265562e+00
-2.879288442091638256e+00
-1.797690598780874893e+00
1.823248384771449793e-01
1.617554240611814853e+00
1.389193069251190238e+00
-3.206376618986799265e-01
-2.025471541531576047e+00
-2.025968718258316592e+00
1.934647261270114882e-01
3.387717455667129673e+00
5.349947118804966983e+00
4.570043122779194888e+00
1.499513961866313583e+00
-1.611825888527230077e+00
-2.285140921731254160e+00
3.350531792337436698e-01
4.745777585573346613e+00
8.069930976863769700e+00
8.072336145873332924e+00
4.724065834572041211e+00
1.554570417102224544e-01
-2.950481624692287141e+00
-3.296734093957367051e+00
-1.779425595106878699e+00
-5.860977650216674384e-01
-1.330764491096801061e+00
-3.707151458342721195e+00
-5.722366484975787593e+00
-5.328687246850962289e+00
-2.170272306063160350e+00
1.941238956553357431e+00
4.235498958003132586e+00
2.995779678841016924e+00
-1.125489745531379260e+00
-5.466908210323785156e+00
-7.124672994610794952e+00
-4.840424684240226760e+00
3.027849539321811889e-01
5.752280165914703147e+00
9.154652627357201311e+00
9.573336238620829164e+00
7.511260521974420179e+00
4.011875500330379651e+00
-2.073322988884476192e-01
-4.821204197867376529e+00
-9.242696080308999029e+00
-1.207742748854408887e+01
-1.149568244622112267e+01
-6.518699445510069523e+00
1.720143906176597959e+00
9.917635696779784737e+00
1.416929053896917701e+01
1.234301652927793924e+01
5.657288517153044261e+00
-1.783244792766646825e+00
-5.412747887596973229e+00
-3.112876922615024800e+00
3.319692671922505056e+00
9.201761560980060040e+00
9.913272899399395044e+00
3.906798439411292456e+00
-6.153527148777412137e+00
-1.486303560001320001e+01
-1.724602813426324843e+01
-1.167758202190264250e+01
-8.210813862257353435e-01
9.901003522842108495e+00
1.532227969985213001e+01
1.326822824473729412e+01
5.531838000040695924e+00
-3.315357496986877539e+00
-8.497968582056794062e+00
-7.567350565145768648e+00
-1.597622283244696018e+00
5.489211303535661557e+00
9.063771730187831110e+00
6.297627770094837985e+00
-2.223815755142982908e+00
-1.262903767308397285e+01
-1.963942685443466374e+01
-1.931256059520598001e+01
-1.123755466945984871e+01
1.053801419450243415e+00
1.181294930857537473e+01
1.610604930161471415e+01
1.249808492095588264e+01
3.822974638918080093e+00
-4.485391624185893988e+00
-7.587809927579395541e+00
-4.083067821949546428e+00
3.225489481375708234e+00
9.133651209412342098e+00
9.326167561669475248e+00
3.132934232183780310e+00
-5.957620247189034046e+00
-1.236156808101157090e+01
-1.179013921043214097e+01
-3.913316096108376385e+00
7.304620626119191940e+00
1.579204837903330017e+01
1.678981073171628680e+01
9.532381855737682486e+00
-2.305085772240924591e+00
-1.259366452441597062e+01
-1.603197854984559001e+01
-1.093293749752056954e+01
-6.221067460795248749e-02
1.085309641422271731e+01
1.611633845107206398e+01
1.298757575261995179e+01
3.051144014603135446e+00
-8.651784701307981607e+00
-1.625588514776887905e+01
-1.609207654774465368e+01
-8.512265920623040216e+00
2.438750099719686482e+00
1.130280014166773306e+01
1.416075234075669975e+01
1.059988734288607937e+01
3.610860507052088941e+00
-2.448052663534021622e+00
-4.530217213440586477e+00
-2.570749902825945288e+00
8.352544225322908744e-01
2.440938967523025305e+00
6.611097329018313928e-01
-3.349518862896522897e+00
-6.536531703839152385e+00
-6.095549481708239625e+00
-1.464638052631781484e+00
5.168200381050819026e+00
1.015648198783693523e+01
1.061855319701217226e+01
6.164279964066645690e+00
-9.156120046171913884e-01
-7.022920696803957696e+00
-9.274585483185592949e+00
-6.977294536467274710e+00
-1.812593150399476549e+00
3.207473009257985286e+00
5.337633056832967959e+00
3.435450059048301696e+00
-1.508589266085018199e+00
-6.788992440511434800e+00
-9.167651868413368987e+00
-6.415446004386092582e+00
1.365006764269011352e+00
1.129501892120697093e+01
1.862944437179021051e+01
1.892340369229161468e+01
1.056674108805473367e+01
-3.727912681940219297e+00
-1.764375843066746441e+01
-2.422372428683546630e+01
-1.968371849821357245e+01
-5.873907656276694311e+00
1.029649278357406139e+01
2.044578508621253121e+01
1.938717844197456230e+01
8.110090800146641854e+00
-6.799755348197695781e+00
-1.702675691723171525e+01
-1.735123958402693134e+01
-8.503270786671890846e+00
3.626073145302703082e+00
1.178327745989441766e+01
1.169335203454743422e+01
4.280567609672270457e+00
-5.399411628549716902e+00
-1.156357278751836049e+01
-1.114834570080613574e+01
-5.231992302015182617e+00
2.148311225847492789e+00
6.713478849871585830e+00
6.370884122181101006e+00
2.013572228677326326e+00
-3.451017784246372511e+00
-6.952057291778055870e+00
-6.823751397856613110e+00
-3.383409560421571705e+00
1.497272070019369794e+00
5.399104234958389981e+00
6.449193953242334132e+00
4.142799422522604580e+00
-3.586580816929378912e-01
-4.636542489581788828e+00
-6.125346540142332152e+00
-3.537535915994284963e+00
2.154752583914610664e+00
7.925818137159483356e+00
1.024448147410173959e+01
7.215098270764297439e+00
-2.131225181198526109e-02
-7.682944782030446618e+00
-1.149767871032769939e+01
-9.337374473961425281e+00
-2.609479145794637134e+00
4.582186144460608013e+00
8.005020896557031307e+00
5.891702593054255921e+00
-1.614899032510979104e-01
-6.510081144313978108e+00
-9.949106699633544437e+00
-9.567002857165253005e+00
-6.746740265085014343e+00
-3.561944686731605358e+00
-1.016392794992749593e+00
1.419154986382518135e+00
4.688288617713162409e+00
8.548129245005666732e+00
1.104324382942669658e+01
9.737741335034158396e+00
3.865691459961247745e+00
-4.368078216708161321e+00
-1.062167721747974092e+01
-1.107040506720132456e+01
-5.072157192273348159e+00
4.151837458670629033e+00
1.146483763168514969e+01
1.311490033309617154e+01
9.076308923121903405e+00
2.786401177703432097e+00
-1.471993738074814040e+00
-1.585426145453527225e+00
1.166388551713042565e+00
3.460097669336278159e+00
2.680595368120800348e+00
-1.096369539468486032e+00
-5.364384035573836584e+00
-7.347688358287991051e+00
-6.235153617159634010e+00
-3.668340567368043814e+00
-2.141352080812613856e+00
-2.710286251350321418e+00
-3.996964525669284285e+00
-3.409857070374561872e+00
3.668376390253302866e-01
5.725128614173915942e+00
8.890229278058075835e+00
6.751115515929083877e+00
-3.444859530762902633e-01
-8.147903198414075732e+00
-1.109766139333707002e+01
-6.296342607362849009e+00
3.999180884681405423e+00
1.337946132977635649e+01
1.534737035151157869e+01
7.761343691359479990e+00
-5.436219343379853797e+00
-1.650636925367305707e+01
-1.876849495069572882e+01
-1.081039139522657067e+01
2.703613511835797567e+00
1.406150793912099317e+01
1.726795142179594933e+01
1.143207327792689476e+01
7.801312927333174940e-01
-8.370014923725438649e+00
-1.145094088729978665e+01
-7.863739854361700310e+00
-5.268150924994916551e-01
6.436533073318909004e+00
1.007278527125735579e+01
9.633946373400448238e+00
6.116971317470352609e+00
1.176097765899412284e+00
-3.624514976401058242e+00
-6.942915004636736498e+00
-7.626205786923007324e+00
-5.045793877993144605e+00
2.403578729516890888e-01
6.161349684137544358e+00
9.803504976462919629e+00
9.000831863078898820e+00
3.878687621803593721e+00
-2.859597403712063723e+00
-7.375046726096335270e+00
-7.083194018778505630e+00
-2.393109818002099765e+00
3.490456392331116930e+00
6.679843111338627182e+00
5.225912018873725806e+00
4.142941078235300445e-01
-4.204730464336889462e+00
-5.388506192013911011e+00
-2.548750365568989373e+00
1.818903309716240591e+00
3.955819993534424484e+00
1.630594021120063131e+00
-4.094329506064418922e+00
-9.408452971570554269e+00
-1.027919208071500279e+01
-5.234854028140353499e+00
3.505816374530893675e+00
1.133498111292138333e+01
1.411526715663236686e+01
1.069758265379122975e+01
3.472072656906821209e+00
-3.325757809698190126e+00
-6.355835126751898656e+00
-5.143831107328091790e+00
-2.063901204167627235e+00
-4.731308482149689798e-01
-2.319331718103572193e+00
-6.799679099519908121e+00
-1.087946659748190292e+01
-1.125487975860762724e+01
-6.470179386990828618e+00
2.108643210872346963e+00
1.098120879084073565e+01
1.636361748507120950e+01
1.608901470265597311e+01
1.053955183221524727e+01
2.245154810040510096e+00
-5.462702924853075181e+00
-9.942456038452613498e+00
-1.017051887810107047e+01
-6.830133808722097299e+00
-1.738834961010367941e+00
2.983194424999032979e+00
5.648691310209800420e+00
5.469219269281071050e+00
2.721725511531118968e+00
-1.377499571752777818e+00
-5.093250844322149362e+00
-6.834270617194711406e+00
-5.861402830862469493e+00
-2.706996358734413022e+00
9.993437415124608592e-01
3.335600019865183175e+00
3.164948551599098714e+00
8.652256130121451783e-01
-1.808848154627070492e+00
-2.767110479684040225e+00
-9.654265375897610468e-01
2.751230842227680107e+00
5.981809071450982174e+00
6.201999867154231794e+00
2.463339059087924277e+00
-3.755384261317126438e+00
-9.210326900903556435e+00
-1.078471451053716024e+01
-7.475459799272025307e+00
-1.175702912010143653e+00
4.349676675732943920e+00
5.748053673406981368e+00
2.213137878090542188e+00
-3.917698528953361681e+00
-8.550451880630721035e+00
-8.380744086099985779e+00
-2.998950795394256907e+00
4.796767075749503562e+00
1.069722317912935416e+01
1.151920991875756073e+01
7.113158304121838249e+00
3.520776587244933697e-01
-4.745186695387690889e+00
-5.515661204240303483e+00
-2.176868028373224462e+00
2.545460931162924823e+00
5.351631605519425960e+00
4.536330559875157320e+00
9.717385074266962075e-01
-2.674676193630960430e+00
-3.880414621261563113e+00
-2.016112001899550421e+00
1.271943976218041339e+00
3.267545348762856072e+00
2.126978014369663050e+00
-1.776004186923966444e+00
-6.020267403852251675e+00
-7.716251382696379224e+00
-5.442970628868884830e+00
-2.508090499375814630e-01
4.946479085852268476e+00
7.205129407905304539e+00
5.417243074333193853e+00
9.938216690372113638e-01
-3.074889292698843146e+00
-4.159491446135436199e+00
-1.660552397654342371e+00
2.674046313799485652e+00
5.962977319650070385e+00
6.105009997506491537e+00
3.113982655156509960e+00
-9.907143814933387915e-01
-3.617750232654166620e+00
-3.354299515323950320e+00
-8.411560806708333615e-01
1.786055201751029387e+00
2.446706856979040001e+00
5.465618445449929030e-01
-2.691222855137914927e+00
-5.164888700654679532e+00
-5.370820724875496666e+00
-3.345960895611735708e+00
-4.527961477496722509e-01
1.733875199631021324e+00
2.534967706606516824e+00
2.438284784662822169e+00
2.410827389434242018e+00
2.905472549736773047e+00
3.436544514354620716e+00
3.089604028549080450e+00
1.506748005857074801e+00
-5.638913803041587514e-01
-1.742373227068571229e+00
-1.228766070643552366e+00
2.515648760037862974e-01
7.002559928696794334e-01
-1.666867916629697355e+00
-6.720757238944861101e+00
-1.189461178892909210e+01
-1.349865530920430601e+01
-9.180747139733680839e+00
1.506726537332383487e-01
1.043151407708559475e+01
1.672057001054013270e+01
1.622507150962631783e+01
1.001420354433829019e+01
2.201432541162293255e+00
-2.858149225761186241e+00
-3.387016887135524623e+00
-1.036979573291735957e+00
7.721787023391458726e-01
-2.786424048424926969e-01
-3.526639589212968495e+00
-5.873503459816582506e+00
-4.347602157505459530e+00
1.292661850717926830e+00
7.969274637376244641e+00
1.127180418048263277e+01
8.623425845133827039e+00
1.279003895791618994e+00
-6.386823528933785354e+00
-9.858089321922655301e+00
-7.586561289480999726e+00
-1.970081598452046112e+00
2.508176746401944879e+00
2.601836227067936491e+00
-1.361881102294085544e+00
-5.834620321553885880e+00
-6.793891730018276398e+00
-2.823751697864438803e+00
3.758586636094083389e+00
8.552656831566057605e+00
8.268843387491827457e+00
3.113998661753005770e+00
-3.360956233859596853e+00
-6.804939645226362188e+00
-5.126918435330040325e+00
1.278745106588781155e-01
5.013173815029973390e+00
6.060033159445524120e+00
2.700384779441805883e+00
-2.449725003306920446e+00
-5.548865011720137019e+00
-4.264777695349163622e+00
6.312272768131363954e-01
5.824396914275058457e+00
7.666351809871227552e+00
4.489952683780767728e+00
-2.425710463330985611e+00
-9.678877265731776092e+00
-1.365796245347178406e+01
-1.234118207573370363e+01
-6.098613209997976625e+00
2.653839369422974936e+00
1.052915763855261844e+01
1.443236069550380840e+01
1.265255128468359480e+01
5.577775247328568220e+00
-4.192213586880495058e+00
-1.258264896824887202e+01
-1.563629011732918528e+01
-1.144095656263514726e+01
-1.405586650704566232e+00
1.003306906668420240e+01
1.742441512042860907e+01
1.711161689636498195e+01
9.250578094144490393e+00
-2.224974201306636701e+00
-1.176490839939909705e+01
-1.523967779288275004e+01
-1.204245661992323235e+01
-5.050773722607335259e+00
1.389015019350773095e+00
4.083089991829203846e+00
2.591177474143324666e+00
-1.014508829403779622e+00
-3.811922219131349099e+00
-3.879743229378153746e+00
-1.201311542079614991e+00
2.703668531586800761e+00
5.891809571129456913e+00
7.015867357873563748e+00
5.740912217884480029e+00
2.612385852921117024e+00
-1.258730972314324514e+00
-4.454166256102243260e+00
-5.528223400768347950e+00
-3.502207592456030305e+00
1.480001958613061941e+00
7.760401484532221339e+00
1.254492537679075781e+01
1.314408717986366071e+01
8.504439753574862593e+00
7.029856532257228174e-02
-8.711068688036968766e+00
-1.409580933427844940e+01
-1.399045406091222787e+01
-8.959769652625487524e+00
-1.707797847122315638e+00
4.566548149653067767e+00
7.850112806976016877e+00
8.026560395627964084e+00
6.362210465227640555e+00
4.346107859195355694e+00
2.782575710662261947e+00
1.668790837016669748e+00
7.006048050355204726e-01
-1.936729625867350535e-01
-7.753858360571789232e-01
-8.518408516504256678e-01
-6.276780706708356972e-01
-6.450055780740167055e-01
-1.332135088666137168e+00
-2.589740214233946514e+00
-3.843288781888594130e+00
-4.562917824056829552e+00
-4.778590300932005874e+00
-5.052140086004371256e+00
-5.822131738668148593e+00
-6.653806258072112456e+00
-6.151778526519480650e+00
-2.853806201365088668e+00
3.400472307730710853e+00
1.068479130647807196e+01
1.560717283799848687e+01
1.520062920477796631e+01
8.936575152357836060e+00
-5.629489758384957909e-01
-8.782934553984148351e+00
-1.188929803241906136e+01
-9.002653368745285434e+00
-2.671020675684369294e+00
2.798614597928379411e+00
4.068971830125049038e+00
7.839322731498117314e-01
-4.407555142301507800e+00
-7.739885524788406634e+00
-6.810413903703800287e+00
-2.020439152322260234e+00
3.866607538318534321e+00
7.610911209189908710e+00
7.498894491070439372e+00
4.195107978740900023e+00
4.789001021165684158e-02
-2.525140986387976128e+00
-2.457787872831326936e+00
-4.336359245135752438e-01
1.810379259430512366e+00
2.679318037297162114e+00
1.636926336568833795e+00
-6.212701198692540672e-01
-2.698699866920612145e+00
-3.334554449461985648e+00
-2.086005050164345231e+00
4.428286426011875943e-01
2.891273898619886040e+00
3.814933181562908615e+00
2.453181423650601989e+00
-7.763630348565004891e-01
-4.367476218238715013e+00
-6.458987443691339259e+00
-5.890519139115725444e+00
-2.969145290710054397e+00
6.049797592546317659e-01
2.732704725303286786e+00
2.272866479369753279e+00
-1.425817416327541665e-01
-2.476572956968090988e+00
-2.697871556639919177e+00
-3.097178820953563338e-01
3.121242352004543363e+00
4.931169158795640328e+00
3.255672338617518147e+00
-1.453527555751173761e+00
-6.443660053018811062e+00
-8.335743994052144501e+00
-5.391200041171724244e+00
1.194343228359580733e+00
7.924647111366834196e+00
1.119213763497988445e+01
9.545560914722210910e+00
4.484592854107950721e+00
-7.347785414577647778e-01
-3.390396221208464400e+00
-3.024558629042841673e+00
-1.406571640205974028e+00
-8.461572275153321776e-01
-2.203112663905904434e+00
-4.150056937200192309e+00
-4.277903629741942382e+00
-1.205539405145215515e+00
3.960455450318167259e+00
8.041807324985715155e+00
7.922830373254470260e+00
2.917954378656283154e+00
-4.390018359957867489e+00
-9.587400344007189545e+00
-9.279780587327724817e+00
-3.437176092227043789e+00
4.411598568289848643e+00
9.346347642826675184e+00
8.186702471854943042e+00
1.521994174027613944e+00
-6.690875120873586823e+00
-1.166755294372200069e+01
-1.077981901629507533e+01
-5.049748400963681050e+00
1.730616978072406997e+00
5.553572165215529211e+00
4.679579445323036602e+00
4.689907616313274685e-01
-3.829143727889237958e+00
-5.360163851334190710e+00
-3.432783723147108113e+00
3.252351365752055301e-01
3.347266185414520479e+00
3.948034562985358153e+00
2.305252841841920475e+00
3.207129023593568995e-02
-1.193189454435209740e+00
-8.558849529084808783e-01
1.877457767426422564e-01
5.838114987270336398e-01
-3.148121811364308353e-01
-1.870295949535616842e+00
-2.649137219882686800e+00
-1.588062390260394308e+00
1.074810812119604275e+00
3.840341908821596650e+00
4.963878777968678158e+00
3.707680970152082534e+00
8.974054141812570773e-01
-1.646413055735286290e+00
-2.396614228774602395e+00
-1.176895041976736556e+00
8.032309725912836207e-01
1.967884202931197590e+00
1.675863608091017865e+00
7.877556378265890835e-01
1.007990080534346022e+00
3.437989164177789991e+00
7.423622741614672726e+00
1.064277650546302567e+01
1.051549648666171244e+01
6.032505283482966441e+00
-1.288237051990650306e+00
-8.076760668948796962e+00
-1.107095729676891871e+01
-9.102151071519019254e+00
-3.786857132076844046e+00
1.540919368124660682e+00
3.940615869955944817e+00
2.616534725971708220e+00
-8.112664433692353683e-01
-3.601385265451394702e+00
-3.785019480008131154e+00
-1.358072487364844427e+00
1.952532496148037477e+00
4.038566359717391308e+00
3.833402152902110949e+00
1.829584778729150596e+00
-5.364880544119394745e-01
-2.025215360864563774e+00
-2.352731141828851236e+00
-2.070771516743955765e+00
-1.813612295343930203e+00
-1.632082433955569734e+00
-9.873224204980506347e-01
6.302040013867158397e-01
3.036899759391018083e+00
5.264210832845150456e+00
6.165830685906588116e+00
5.252125666349337862e+00
3.072739562926657175e+00
8.252831765301293920e-01
-5.054598253836800614e-01
-7.944170071879866901e-01
-7.075664103008716399e-01
-1.008914513993762752e+00
-1.847371265630679105e+00
-2.633415014079793615e+00
-2.605246394010491962e+00
-1.582451620012960802e+00
-2.229908922146288663e-01
4.922273092460923705e-01
1.477012920466973522e-01
-6.203493726041373613e-01
-5.457373206874783778e-01
1.167697231242510458e+00
3.918507527021268810e+00
5.779404211620773779e+00
4.687250923490092980e+00
-9.971663013521592234e-03
-6.777695979872650156e+00
-1.254996390807588824e+01
-1.447746001170039420e+01
-1.163209838388067752e+01
-5.530588300461536377e+00
8.517461911233366045e-01
4.874566140780756562e+00
