3.855191673902646166e+00
2.751070058388954909e+00
2.068873689918918402e+00
2.147195472877645450e+00
2.569297358684881072e+00
2.572507440498150277e+00
1.678127713711199398e+00
5.626574121063887546e-02
-1.618306212141839229e+00
-2.665820024074822658e+00
-2.858113295071254001e+00
-2.507467243826641656e+00
-2.169182628952897929e+00
-2.225278517566849690e+00
-2.669572468040481095e+00
-3.219208767262262239e+00
-3.610147225603642873e+00
-3.808171474443653004e+00
-3.966384807886716324e+00
-4.185622725065043070e+00
-4.297167123533497168e+00
-3.864603062790874510e+00
-2.425773467475932144e+00
1.860319439639930295e-01
3.653635108030391709e+00
7.231181253277823018e+00
9.996245234544272051e+00
1.115915453325799156e+01
1.030835581966723957e+01
7.547548590767002352e+00
3.527067128595415824e+00
-6.459014707415628997e-01
-3.665016858913725528e+00
-4.460185720362024320e+00
-2.694550528279695545e+00
9.251501451178145707e-01
4.779219118715028358e+00
6.973265155137697846e+00
6.245650699824343732e+00
2.676462262854810703e+00
-2.241672857026501653e+00
-6.295178651716677898e+00
-7.689620297057619069e+00
-6.030194463533832483e+00
-2.581189946475768160e+00
3.763367882468615644e-01
7.685207311475675818e-01
-2.116719439678101722e+00
-7.166674672531871515e+00
-1.192715112695943702e+01
-1.379027114841229462e+01
-1.128793007329988463e+01
-4.851249658011598243e+00
3.327082583271702809e+00
1.025198413416152121e+01
1.344778082979011913e+01
1.202829114848520220e+01
7.030881573902615145e+00
8.770081963052787088e-01
-3.773073226608839370e+00
-5.222954909689453196e+00
-3.427871575742398758e+00
1.502425789522892630e-01
3.418953831212800498e+00
4.784649926247577234e+00
3.927060238216072641e+00
1.813176749896123319e+00
-2.020868870845138332e-02
-4.629173062222576296e-01
5.027486973584870400e-01
1.862248766181497484e+00
2.289550561346393565e+00
1.042516175129138745e+00
-1.558834867648925648e+00
-4.378392525055219586e+00
-6.249056900890419541e+00
-6.740849286002609020e+00
-6.365197249603447460e+00
-6.063023692394207131e+00
-6.341294041664486514e+00
-6.701941695511282937e+00
-5.837825549169384232e+00
-2.546336579867217509e+00
3.219287533107997312e+00
9.905192682451488650e+00
1.492160405162501746e+01
1.597467172380646083e+01
1.239381633244940595e+01
5.629921188915092856e+00
-1.421971027539439936e+00
-5.907991879772249710e+00
-6.448053059713370061e+00
-3.697682985712809511e+00
2.333559969494447550e-01
3.086305794429744509e+00
3.665365068593404718e+00
2.269173636270607641e+00
1.953733922249221155e-01
-1.249884282078178144e+00
-1.558982232896040321e+00
-1.176201414447793692e+00
-1.006294934292841114e+00
-1.695719545642665249e+00
-3.186412947644941873e+00
-4.790262585984210730e+00
-5.661178047176368189e+00
-5.312901604377392673e+00
-3.867425994265663469e+00
-1.942918742401314791e+00
-3.130457387393881241e-01
4.504289984848832695e-01
2.049843652348486978e-01
-7.061037111016877921e-01
-1.557035092242992524e+00
-1.494712820373394591e+00
7.955702370146910951e-02
3.116543307303793142e+00
6.735284206220143233e+00
9.464490388049414449e+00
9.923432909130632140e+00
7.639980456595101721e+00
3.497922237630912257e+00
-5.770393090354681842e-01
-2.639176575989102602e+00
-1.890428857665714668e+00
7.673696630185031786e-01
3.239105595940031890e+00
3.562548111472636947e+00
1.218341259928625409e+00
-2.475913514014732364e+00
-5.216235668879267706e+00
-5.285386380582579591e+00
-2.787186523813780958e+00
3.378024994721904317e-01
1.580794505877324285e+00
-4.131342360851623097e-01
-4.843231431777443419e+00
-9.175385563971271807e+00
-1.072434810666219462e+01
-8.341026611165050397e+00
-3.090515497462744676e+00
2.488680847051378819e+00
5.992324380981026266e+00
6.530459452926837827e+00
5.016217209117908915e+00
3.296630412686297973e+00
2.827348319749813488e+00
3.804673140658847430e+00
5.236597802762327447e+00
5.741930952026623736e+00
4.437743898440767332e+00
1.369848099564997312e+00
-2.613469689574297483e+00
-6.262860705475036482e+00
-8.294992037494514747e+00
-7.672202491513462341e+00
-3.950118511409479893e+00
2.254295123933038880e+00
8.960724249466959890e+00
1.317934102254675999e+01
1.214772890451773080e+01
5.009100847731488670e+00
-6.098333485082561900e+00
-1.651534243525208012e+01
-2.122146269808736818e+01
-1.763278817312934166e+01
-7.336132250257477949e+00
4.496295341412631430e+00
1.188277460623489645e+01
1.142118796784565049e+01
4.212617932318708291e+00
-4.900108325679121357e+00
-1.030231618424754991e+01
-8.906408691284163126e+00
-1.741310000140728675e+00
7.027825492484454983e+00
1.282474674263691483e+01
1.327236814795803710e+01
9.102890829861170374e+00
3.079524509170093793e+00
-2.021199624426689212e+00
-4.873765516169330070e+00
-5.684582725358248823e+00
-5.216691835490880003e+00
-3.817088115024370953e+00
-1.300342851078170048e+00
2.338944583100438734e+00
6.191853771101127002e+00
8.516067874660532055e+00
7.746713872915013788e+00
3.699395448314821699e+00
-2.029738414117712608e+00
-6.891899417915846371e+00
-8.916635144627267806e+00
-7.854641075560159003e+00
-5.119272893169915406e+00
-2.622616222318360890e+00
-1.425616860265798813e+00
-1.215123373512428495e+00
-9.238762701232077212e-01
1.097439766480153844e-01
1.450932530281567434e+00
1.932573350416098013e+00
7.632128399364244142e-01
-1.570614702158247500e+00
-3.417049139103109479e+00
-3.085919115080989705e+00
-1.576029514258945330e-01
4.045672296090781828e+00
7.232856070109441760e+00
7.632725397202509754e+00
5.136608980854689754e+00
1.304588769047670294e+00
-1.709434538459142949e+00
-2.499000477074725612e+00
-1.088813329461095547e+00
1.388950813067414636e+00
3.613102675291874455e+00
4.823563536357988291e+00
4.925569101833908725e+00
4.086309081752740546e+00
2.360943526955987526e+00
-2.518485022577834354e-01
-3.428123018964599034e+00
-6.296556788076090427e+00
-7.755941572555902219e+00
-7.200261906502227305e+00
-5.066077619213582572e+00
-2.661420970210546244e+00
-1.291399096387696677e+00
-1.312676720276661158e+00
-1.882505732510264762e+00
-1.654398848763758201e+00
9.952299155425081700e-02
2.847416231442296830e+00
5.190109592421845441e+00
5.992606383783093627e+00
5.312913902072267547e+00
4.306740666792760130e+00
4.127359076619200984e+00
4.733575832693780683e+00
4.698320913039439439e+00
2.352587006646587930e+00
-2.541410308098638104e+00
-7.986059247988677612e+00
-1.069159154295543601e+01
-8.319424835060587498e+00
-1.446432887287600444e+00
6.328319368784114829e+00
1.046450359200857783e+01
8.448496591380411758e+00
1.567607776727270696e+00
-5.859815228359378736e+00
-9.367006376676863866e+00
-7.353062544695894154e+00
-2.094832956142544500e+00
1.975984976134405935e+00
1.504067337071945509e+00
-3.362643504851092757e+00
-9.075938096748121353e+00
-1.121527066724381072e+01
-7.604279555622190045e+00
1.964152176968481101e-01
8.010522271242518144e+00
1.188396687326781809e+01
1.057842673921190446e+01
6.030509156850422769e+00
1.644247201009335413e+00
-1.712452318984427624e-01
5.987323090890224186e-01
2.105095542868499869e+00
2.457875445696122707e+00
1.305677354989595695e+00
-2.793053451565430390e-02
1.703436751696972840e-01
2.426665282768588394e+00
5.495094434440606079e+00
7.195263538486091015e+00
5.973313936014386094e+00
1.972838094832610523e+00
-3.141227770066957525e+00
-7.362798961464653402e+00
-9.561630124587525259e+00
-9.861691654138196483e+00
-9.066634941945755699e+00
-7.779467265486871952e+00
-6.009543083373690919e+00
-3.525845473806455743e+00
-5.071305126387875006e-01
2.219558393975596289e+00
3.660367015860304107e+00
3.474166467156166060e+00
2.386501274932630423e+00
1.753364442636826892e+00
2.548260852863954096e+00
4.570250792748367097e+00
6.538399338592469690e+00
7.035934366187855282e+00
5.569799036787248525e+00
2.904384552852226076e+00
4.152512395044469784e-01
-9.877929007792231042e-01
-1.467881337125061636e+00
-1.902104897632089786e+00
-2.891282786026468266e+00
-4.034362741227044857e+00
-4.163694708178802273e+00
-2.416154342343343586e+00
7.525129853257154222e-01
3.551602751839187277e+00
4.015209135931955942e+00
1.525113741673695067e+00
-2.517608818638500168e+00
-5.518879863728354707e+00
-5.516751604631831007e+00
-2.670310665459056043e+00
7.582928832548122555e-01
2.005399956875010048e+00
-1.444459425762942839e-01
-4.386562708848427583e+00
-7.763291768911416035e+00
-7.764838806796691806e+00
-4.122087870154517830e+00
1.033877526272831915e+00
4.752652382938082454e+00
5.391739086694967931e+00
3.698982269839695025e+00
2.065196431870643501e+00
2.553469061289899589e+00
5.228502854415789436e+00
8.061323498787608344e+00
8.474091722015085537e+00
5.346872634245605660e+00
-2.734936605811011390e-02
-4.746541944279409897e+00
-6.254089868856436141e+00
-4.011136392930294114e+00
2.809440794396893537e-01
3.964740887514362377e+00
5.187736630587383324e+00
3.858554136403226309e+00
1.237435190972234533e+00
-1.319824636919791017e+00
-3.359646473599742222e+00
-5.298370566226436651e+00
-7.520597118131538750e+00
-9.518487529052322316e+00
-9.939399319700031654e+00
-7.618781515387755832e+00
-2.790186294786549226e+00
2.583152047023119735e+00
5.794387605524200957e+00
5.117816325635231145e+00
1.063375434552435328e+00
-3.786348477065802687e+00
-6.323784584387240670e+00
-4.835449610285511568e+00
-1.600818105566270688e-02
5.562856734166977901e+00
9.108790786543295326e+00
9.249522163037191547e+00
6.619581641928927063e+00
3.150232338455230874e+00
6.984764135595886714e-01
-3.663445708389390099e-03
5.346923897904912737e-01
1.262445105228309217e+00
1.447947314781874883e+00
1.066329950896766299e+00
5.475382604138054887e-01
2.286111005634887672e-01
1.429473903002154156e-02
-5.047032441871831532e-01
-1.635748297887515967e+00
-3.250540430783154910e+00
-4.798442390348200526e+00
-5.623522722573503607e+00
-5.318425437963037794e+00
-3.877111370961003445e+00
-1.620840327930293423e+00
9.506955910091605677e-01
3.245528579697553262e+00
4.627125678545955800e+00
4.563247918975351425e+00
2.934382084823762060e+00
3.335650417232683962e-01
-1.958262835958322068e+00
-2.507945241057833119e+00
-5.870569364803746026e-01
3.186600131913874812e+00
6.958063682314707954e+00
8.592857857746853512e+00
6.970664358133092264e+00
2.769343847432130801e+00
-1.859811185790920307e+00
-4.605253555677840893e+00
-4.466012594764122490e+00
-2.374880489207924494e+00
-5.057619563560814546e-01
-7.077014953726293855e-01
-3.153342539686683210e+00
-6.182665047649675394e+00
-7.498900424388569519e+00
-5.894486813903140998e+00
-2.256476458983101896e+00
9.363892465930042652e-01
1.349879910087357970e+00
-1.432294011773729281e+00
-5.397400267778519556e+00
-7.322966820628844964e+00
-4.977975989163416770e+00
1.191724105577981252e+00
8.116314387026051236e+00
1.196299831630952326e+01
1.061869471999870207e+01
5.125482628014250253e+00
-9.433135217022271535e-01
-3.801097974589366935e+00
-1.930052389302675309e+00
2.944609485998149090e+00
7.059350766687645162e+00
7.192187784724959343e+00
2.871781110150211980e+00
-3.286446911976144580e+00
-7.347316492929397924e+00
-6.723369941250638249e+00
-1.929205422628508693e+00
3.761471386504248837e+00
6.506199922340445418e+00
4.431406266722696330e+00
-1.194269249559130941e+00
-6.904380048659319868e+00
-9.399032956281983431e+00
-7.692111815125823426e+00
-3.608051738628932359e+00
-3.686632856426341753e-01
-3.162912821089163273e-01
-3.355333994262449160e+00
-7.124129911592901543e+00
-8.678186379109977366e+00
-6.456956072156980753e+00
-1.203257538281107486e+00
4.680264437203854655e+00
8.750919096081549498e+00
9.937026817867856465e+00
8.838389270442309709e+00
6.898532665601575964e+00
5.226034454903672355e+00
3.979512234888321398e+00
2.673867861286939096e+00
9.990396906778507002e-01
-6.275189488947869876e-01
-1.269431163549666675e+00
-2.651690275939622143e-01
2.070102228237083342e+00
4.447286113486607739e+00
5.361477021298519219e+00
4.057511371848756099e+00
9.948934109799520975e-01
-2.503949555687369877e+00
-5.119750691950078370e+00
-6.261357337090363906e+00
-6.167024512544372783e+00
-5.429258751875623012e+00
-4.430368407184349877e+00
-3.174927739494018297e+00
-1.592828461107276272e+00
6.275646239710985785e-02
1.186411084101220093e+00
1.270769968799940308e+00
4.604069045579069486e-01
-3.433959880023474964e-01
-5.522576517015875819e-02
1.703673880966074528e+00
4.112739722991614499e+00
5.558352708321134372e+00
4.764303161782152962e+00
1.848638282779773157e+00
-1.541233262604017717e+00
-3.239007673692966272e+00
-2.072978101514326710e+00
1.208072043643166005e+00
4.335709735734227799e+00
5.051019630996729681e+00
2.715754118306802134e+00
-1.157598934512314104e+00
-3.886873876861870691e+00
-3.470578760725396616e+00
-2.898199033376558376e-02
4.176659357506420811e+00
6.176045134273019599e+00
4.203842394233346269e+00
-1.182976162549053356e+00
-7.486288800533784205e+00
-1.182028037123710895e+01
-1.256438746758591307e+01
-1.007128258298341272e+01
-6.107740678945515533e+00
-2.565167927418295690e+00
-3.720440904035204888e-01
7.414792207103038102e-01
1.652087191737438010e+00
2.996145032412040443e+00
4.696439640419947104e+00
6.105761645688491335e+00
6.533300673994646424e+00
5.710617704259301597e+00
3.906995443178250760e+00
1.723874712124386699e+00
-1.973885903800159658e-01
-1.359905294507798290e+00
-1.474712275144492102e+00
-5.082415272989013744e-01
1.233863064484415517e+00
3.076194836815970834e+00
4.140494656312007749e+00
3.729983359347547989e+00
1.739917557261500658e+00
-1.196289193347355839e+00
-3.981775065888739196e+00
-5.618471614674622749e+00
-5.704886288562462049e+00
-4.555020266563710507e+00
-2.898455717467654846e+00
-1.416559377608878290e+00
-4.503402982418278633e-01
-2.747488011288912180e-02
-7.227262832384295788e-02
-5.331636761954826609e-01
-1.295489578464891434e+00
-2.010535569469325878e+00
-2.107025629736176686e+00
-1.109057592606448539e+00
9.286429411936502065e-01
3.254707644643480613e+00
4.774980886742389075e+00
4.769746665990265200e+00
3.462043147393679909e+00
1.947997720553394707e+00
1.445393370210074746e+00
2.367901653286034858e+00
3.941138563865654199e+00
4.726326297061802073e+00
3.729738382409316877e+00
1.273179582447971026e+00
-1.093957938706549893e+00
-1.673944513887904773e+00
5.096591819815243785e-02
2.845838322455521929e+00
4.418207114109819145e+00
2.974360482596470234e+00
-1.440394206523198939e+00
-6.798928351265786318e+00
-1.030755639820715253e+01
-1.017868214278539440e+01
-6.757631934939540841e+00
-2.249659401526965752e+00
7.359445088606224594e-01
8.166736471327719071e-01
-1.426528202096036146e+00
-4.004633152490490566e+00
-4.881842780505208701e+00
-3.191133451746068772e+00
4.197500864634473583e-01
4.362628920775561525e+00
7.070387847686825822e+00
7.707184540906025561e+00
6.334204156916022121e+00
3.671926299333458488e+00
7.675881424601747050e-01
-1.277362708436260652e+00
-1.591936560489241703e+00
7.942521803397073477e-02
3.030698912587164173e+00
5.638098461856790422e+00
6.040158325828949515e+00
3.249062497229910029e+00
-1.979962581985200698e+00
-7.237687903418523305e+00
-9.681919399385639835e+00
-7.753825967601656544e+00
-2.280562859890121086e+00
3.853753986786770280e+00
7.359318535746510292e+00
6.478756453739937804e+00
1.942154317970399724e+00
-3.666466832055228942e+00
-7.635497610697385085e+00
-8.715300588263627191e+00
-7.513533156122837120e+00
-5.572780686179746645e+00
-3.981501283565972216e+00
-2.642356551647496055e+00
-7.081285948431688126e-01
2.292888395384819589e+00
5.681770965105809701e+00
7.929028212508629103e+00
7.826522335154296073e+00
5.553162853396316656e+00
2.687016314877292977e+00
1.054782010890660260e+00
1.289728353772125580e+00
2.282158054710064832e+00
2.055885422876457813e+00
-5.324696518174917292e-01
-4.600758106749602838e+00
-7.588504545459248796e+00
-7.033345099288656144e+00
-2.528287253764390563e+00
3.631115002126152458e+00
7.716072704593534226e+00
6.969629129954897806e+00
1.500841382995706574e+00
-5.668987780173226021e+00
-1.047064917958326191e+01
-1.030525849675457195e+01
-5.539623777554503192e+00
9.439222043641610771e-01
5.713967080510629515e+00
6.870672253836676013e+00
4.896618047033432397e+00
1.898505813967568567e+00
-2.461219377891382676e-02
-7.771678432582607154e-02
1.056989215165360152e+00
2.058439078591060678e+00
2.033942309603753884e+00
1.033649238128562908e+00
-2.113546761840603694e-01
-9.468491241690126792e-01
-8.794788881368806877e-01
-2.031390716551669806e-01
6.827019587809213252e-01
1.421968542841497873e+00
1.742460734074255724e+00
1.407914275496735312e+00
3.051859358286537205e-01
-1.305999599794330335e+00
-2.640260277224792951e+00
-2.644013575865018062e+00
-6.753603601893238828e-01
2.813577431764384684e+00
6.178069474141639539e+00
7.332831984414019288e+00
4.999410267340434366e+00
-3.569889026753534367e-01
-6.594349722320247409e+00
-1.100872477210811518e+01
-1.181351820359191862e+01
-9.037514145223019213e+00
-4.304882463408842064e+00
2.637470244368842476e-01
3.226903491950919189e+00
4.324339326796194705e+00
4.138281432779304048e+00
3.372684736860439791e+00
2.390806304068689769e+00
1.293114572464195033e+00
2.754737651990331049e-01
-2.291106394285297165e-01
1.451533921409157712e-01
1.225274992070109370e+00
2.198742755164355689e+00
2.150961692187234320e+00
9.064652477369510297e-01
-5.597631590337256435e-01
-6.573128525442101244e-01
1.563557238509627245e+00
5.351324808846088743e+00
8.333129270780785802e+00
7.917685235545178557e+00
3.169315227008433489e+00
-4.200192277354945602e+00
-1.058229298376036098e+01
-1.262159749583460311e+01
-9.369447974628627662e+00
-2.950940988086043326e+00
2.759550878200037083e+00
4.579929435910592872e+00
1.931391517103266064e+00
-3.029378990889141754e+00
-7.032219615818140923e+00
-7.839752700872804070e+00
-5.423020886639114302e+00
-1.496866143766458990e+00
2.008434427315136439e+00
4.253085452981121506e+00
5.616377526757193372e+00
6.743134065670476573e+00
7.500314209620238870e+00
6.861178650677159041e+00
3.888783422304847193e+00
-1.015754699273286210e+00
-5.759704838876126054e+00
-7.608807802950275700e+00
-5.020111572119370535e+00
1.073709881411648137e+00
7.560937008322548891e+00
1.094444839990153007e+01
9.449629767588962892e+00
4.016469437743939608e+00
-2.459517649199321809e+00
-7.034065744799200992e+00
-8.404786107972569198e+00
-7.281185135782155093e+00
-5.368454535540277739e+00
-3.902925534715550704e+00
-2.896518759461059300e+00
-1.568966443645146480e+00
5.487459942098440457e-01
2.870804721063869636e+00
4.053084919807147912e+00
3.107769536438311775e+00
4.031747448959254188e-01
-2.330391309742366968e+00
-3.094423006512714291e+00
-1.043578026778974710e+00
2.827082997867315761e+00
6.265311360659307383e+00
7.217869291335752280e+00
5.132489169299979004e+00
1.217084602999824350e+00
-2.454627936095609364e+00
-4.287791059069591348e+00
-4.006541523964475715e+00
-2.490670039681404546e+00
-8.814946173437252508e-01
2.805414957092905448e-01
1.253463139462144049e+00
2.583149075771649983e+00
4.396245493735810861e+00
6.105550085788037151e+00
6.745730987962306635e+00
5.631950729222913843e+00
2.803661642804947896e+00
-1.061230670008427523e+00
-5.119629235566357295e+00
-8.784377927615096837e+00
-1.175310453280727785e+01
-1.369501869147921980e+01
-1.398072572136579517e+01
-1.182665895305526327e+01
-6.866716513779083542e+00
2.477019409264005212e-01
7.737956261849721962e+00
1.330766313863727390e+01
1.520197878661857516e+01
1.310395190623361472e+01
8.317598893223689061e+00
3.112500477579965619e+00
-3.987686843389003921e-01
-1.231291933422458573e+00
1.419211327127336553e-01
2.201893753174389623e+00
3.253683257371094761e+00
2.290382319010641154e+00
-5.426997722113477973e-01
-4.052104036746932536e+00
-6.587764320500786752e+00
-6.854877923580573018e+00
-4.590690964029129795e+00
-7.815804310930749566e-01
2.735552053775143655e+00
4.160391516726062555e+00
2.690599625941100026e+00
-9.729298109603693456e-01
-4.924697374279960904e+00
-7.067012454557362489e+00
-6.292630765353457001e+00
-3.129628759209793554e+00
5.798600206462534157e-01
2.807470382286259003e+00
2.585866066731187907e+00
5.834686659434034084e-01
-1.371106024960475622e+00
-1.515761579482633348e+00
6.591855348645254686e-01
4.034453775397725650e+00
6.537348974430141624e+00
6.435257540730162873e+00
3.429993867173847466e+00
-1.116179603118997443e+00
-4.933548343676773307e+00
-6.095314340670603848e+00
-4.025864818659636413e+00
2.717903769939487013e-01
4.819946084870548653e+00
7.696805957824724764e+00
7.918042000988265272e+00
5.752003285206417793e+00
2.395380044497264826e+00
-7.422815678726732980e-01
-2.744735795566804359e+00
-3.537818383415283652e+00
-3.736239123394445194e+00
-4.102693933972215490e+00
-4.940670605313750130e+00
-5.798045837911693923e+00
-5.707967527522604279e+00
-3.878581505769691962e+00
-4.236338553944342111e-01
3.384218263181826281e+00
5.628206548356846639e+00
4.839519058580538768e+00
1.031174072616621196e+00
-4.040404725763554694e+00
-7.688466748409515716e+00
-7.798098346449773288e+00
-4.118190776371207562e+00
1.509040292974040298e+00
6.197351538074895139e+00
7.728103542342332766e+00
5.844290124815497478e+00
2.296215113663455210e+00
-3.734149164605179427e-01
-4.815741701241189610e-01
1.802286643422333690e+00
4.739034618320613568e+00
6.303805119238750976e+00
5.528546382885698662e+00
2.980989823461523081e+00
1.288261503252496887e-01
-1.847844199833117873e+00
-2.871681031759680813e+00
-3.824393778219836726e+00
-5.615714106086145740e+00
-8.234066930134055440e+00
-1.054238445140986258e+01
-1.099687517046186258e+01
-8.758227317662072409e+00
-4.369243699660160019e+00
5.001239255184470878e-01
4.052369411562397161e+00
5.392535012567543085e+00
4.889403087389084135e+00
3.685977396325204491e+00
2.790808245334520876e+00
2.436973688047983977e+00
2.132137905043900439e+00
1.274281359502926980e+00
-1.999995294870657303e-01
-1.645679999142015459e+00
-2.130326628968642222e+00
-1.109680029930578904e+00
1.143617570997896848e+00
3.649078176943495677e+00
5.262061080334023089e+00
5.273339878472167896e+00
3.704303769588868533e+00
1.188155991258295296e+00
-1.406264123839530367e+00
-3.352518339397981606e+00
-4.278687555977817247e+00
-4.197522984147596503e+00
-3.421898030294921789e+00
-2.419142075205137576e+00
-1.620991948204525190e+00
-1.222968768941818940e+00
-1.067461212919290192e+00
-7.198824620331123469e-01
2.497629471392084355e-01
1.931276333185357075e+00
3.926273749094362220e+00
5.534457629564216496e+00
6.177569382208311310e+00
5.757231416312998284e+00
4.660534303980555570e+00
3.391218740603876292e+00
2.121756732803753209e+00
5.637681446343987268e-01
-1.678197217264574270e+00
-4.516514376953777443e+00
-7.061328068936727043e+00
-7.942439480849615485e+00
-6.166470440650575924e+00
-1.939793126400871870e+00
3.181520511234137594e+00
7.026084805024842339e+00
8.001776890382490848e+00
5.962069553385549447e+00
2.162186792192990925e+00
-1.631008142273486339e+00
-4.208495179889388815e+00
-5.406824381198545026e+00
-5.744500914522379098e+00
-5.626554123375684391e+00
-4.867126620629479206e+00
-2.974047897241524296e+00
6.139812692766954960e-02
3.237058196202442506e+00
4.903655719648032374e+00
3.920219907153884797e+00
7.527961852527802478e-01
-2.457451891050764559e+00
-3.144053229465044730e+00
-1.380506696108785292e-01
5.256812198222540644e+00
9.858134840816537903e+00
1.062421040747405243e+01
6.756242008617561190e+00
3.633353775130201413e-01
-4.877568491083914992e+00
-6.195791214438310490e+00
-3.593676984979024436e+00
2.540246628606059875e-01
2.024089271154585035e+00
2.308848973252921599e-01
-3.658116492126884278e+00
-6.326805771718314375e+00
-5.145022115578313127e+00
-2.586353470337586780e-01
5.345233949878936741e+00
7.896633449356320611e+00
5.541244328006173170e+00
-3.053128602852632767e-01
-5.959031281704638694e+00
-8.098320746535723202e+00
-6.084770914189904012e+00
-2.260984289662057112e+00
-2.222589158334153936e-02
-1.130366489226083182e+00
-4.317291615985724640e+00
-6.263431487883701188e+00
-4.241519214972367280e+00
1.571566346908587208e+00
7.912922237900177791e+00
1.061852044001789430e+01
7.634981758253894135e+00
6.502710212725111294e-01
-5.907585735205595157e+00
-7.855769308377462679e+00
-4.123924362469079341e+00
2.537602414547530660e+00
7.509851634224277817e+00
7.518478552305026597e+00
2.826618093884003535e+00
-3.108087394149011029e+00
-6.187556330475204369e+00
-4.547390408808317908e+00
3.035289633661747422e-01
4.805562255349485667e+00
6.045284192681690705e+00
3.776779374750930174e+00
2.971223598496925966e-01
-1.632058903267625816e+00
-1.137227431380056331e+00
1.878948462125840102e-02
-1.066465096438382831e+00
-5.801796488726995271e+00
-1.238774555160756208e+01
-1.648947271576788154e+01
-1.404157828274233388e+01
-4.308328028022827105e+00
9.004041538140763024e+00
1.954158113877975822e+01
2.198905213311405760e+01
1.530254488329747709e+01
3.383406030044530333e+00
-7.254643112304075103e+00
-1.132717613809938584e+01
-7.701900811898819477e+00
3.481452390221807525e-01
7.533542547642950282e+00
9.890143211869570905e+00
6.918624025325284421e+00
1.323794721903254423e+00
-3.196087759841210296e+00
-4.455647433462162965e+00
-2.923699715803177224e+00
-9.255749653256278853e-01
-6.874435356978316758e-01
-2.696044917349928127e+00
-5.476184765076293814e+00
-6.806753663812031618e+00
-5.403977146624703742e+00
-1.862542656343320058e+00
1.748018985002459225e+00
3.272938934362862540e+00
1.855855023020225314e+00
-1.586427369345093652e+00
-5.021975961783445186e+00
-6.564057077915620653e+00
-5.482243393879071114e+00
-2.386245554745380026e+00
1.383338707040353999e+00
4.623235184220098049e+00
6.791705299937865092e+00
7.934681836649088993e+00
8.229729380284931395e+00
7.610452259005533016e+00
5.806626923972533660e+00
2.760479114360176567e+00
-9.513217077899117635e-01
-4.103707561929994974e+00
-5.354554808109742936e+00
-4.053278093147641314e+00
-8.051757639883765361e-01
2.646123904091876256e+00
4.264033406786552405e+00
2.868802463699247518e+00
-1.082995682417200012e+00
-5.615161886359653742e+00
-8.272776481823800765e+00
-7.542870977837374369e+00
-3.815110557551736115e+00
7.562211798823568198e-01
3.498777771995092323e+00
2.881949732990099822e+00
-4.400580217029746999e-01
-3.933160043557354157e+00
-4.756594286187145748e+00
-1.678669393712904245e+00
3.911166955573653237e+00
8.660963157345426211e+00
9.308930115106253567e+00
4.890428204934607948e+00
-2.363297753501896636e+00
-8.157525581934775616e+00
-8.730181647604785766e+00
-3.326404324289496728e+00
5.073670735126644793e+00
1.136532574403955920e+01
1.137402390820830789e+01
4.485166042448526902e+00
-5.820174824624284149e+00
-1.390874653285083973e+01
-1.525003634891459292e+01
-8.998919491424889117e+00
1.629807424962659734e+00
1.132599034146328520e+01
1.568603581544156711e+01
1.341026330813580181e+01
6.503798805914400738e+00
-1.370243603630249885e+00
-7.127747004491671312e+00
-9.655356577208937807e+00
-9.692116409491768891e+00
-8.630652915150047733e+00
-7.304186184438208329e+00
-5.623656113675126633e+00
-3.141388574605399775e+00
1.100599116617919648e-01
3.289459762073983384e+00
5.216814001652765320e+00
5.242869940891823788e+00
3.794560965483895210e+00
2.140778140301884402e+00
1.540848539479864332e+00
2.407085418087423712e+00
4.079433865065587028e+00
5.330509224987135752e+00
5.188477430701555093e+00
3.488295088332166394e+00
8.376997259867220436e-01
-1.848426989517501839e+00
-3.819291601735785413e+00
-4.651811712248857589e+00
-4.144791341208659219e+00
-2.233556666583075945e+00
8.614811508367560267e-01
4.363213705566977296e+00
6.908088737446940186e+00
7.032139368127034551e+00
4.033059121436056493e+00
-1.341579979529952116e+00
-6.964289871127424369e+00
-1.029745141052102220e+01
-9.768355432265110494e+00
-5.698257486039014275e+00
-1.568978675112613352e-01
4.204075175384234697e+00
5.614066102721662510e+00
4.034945853220417433e+00
9.263140623218363290e-01
-1.816828607928815398e+00
-2.986313755962941574e+00
-2.531749908036995844e+00
-1.206744360089220258e+00
1.911220179628579929e-01
1.355495947212905117e+00
2.432802407328360061e+00
3.570952399628846585e+00
4.534560164580820896e+00
4.758864588898951808e+00
3.802679756312572934e+00
1.802504928725260136e+00
-4.796254734946301390e-01
-2.086859101745487166e+00
-2.456412982619564200e+00
-1.721231878189644071e+00
-5.176491343039697490e-01
5.109016782762769715e-01
1.099013578353088327e+00
1.344394046572445767e+00
1.365470565521981650e+00
9.905042380760988863e-01
-1.947364641179325506e-01
-2.437508885338936615e+00
-5.385231021873432944e+00
-8.033539963594005684e+00
-9.181919541471906143e+00
-8.119569866112154699e+00
-5.061044900201791208e+00
-1.018835783810135176e+00
2.788697109284300257e+00
5.563733269013633631e+00
7.164980590425404472e+00
7.857641658661005835e+00
7.862864496863662289e+00
7.118672711374772533e+00
5.443892171008854142e+00
2.923285193361807366e+00
1.239526658225122979e-01
-2.111727492594219768e+00
-3.182784082828262306e+00
-3.149548676064156894e+00
-2.688176167213096157e+00
-2.566155633652975165e+00
-3.019823336681261683e+00
-3.527052634827064992e+00
-3.191324373714540474e+00
-1.487952593462460449e+00
1.174516558905594366e+00
3.519812073866249946e+00
4.100577874803789769e+00
2.181190008014557868e+00
-1.770975951782565172e+00
-6.291941095196048828e+00
-9.664587973371379093e+00
-1.071515634227265679e+01
-9.209769824945611916e+00
-5.722240248495835679e+00
-1.196923789986318987e+00
3.441612465985618208e+00
7.430551726161088055e+00
1.012600302730590585e+01
1.098942578331140041e+01
9.743802837079140744e+00
6.627840206262128220e+00
2.519406441127442164e+00
-1.263918171045550487e+00
-3.471516205246828246e+00
-3.494068215938399558e+00
-1.687082704696034385e+00
7.575124208030390438e-01
2.358538968818506554e+00
2.064493652280975589e+00
-1.928645254071079673e-01
-3.386916307300964490e+00
-5.824570958430202339e+00
-5.974633807769082594e+00
-3.336264783090012287e+00
1.112206255303870517e+00
5.224100756768023324e+00
6.736363964307515495e+00
4.584575269136546893e+00
-2.823415977188458159e-01
-5.204299905061010811e+00
-7.241235969375790837e+00
-4.991580759347480800e+00
3.426143729257218329e-01
5.465011736904128448e+00
6.940627832124624419e+00
3.459896286330399029e+00
-3.084433913108517888e+00
-8.560945774374420836e+00
-9.144786742746671138e+00
-3.858465139659107201e+00
4.603236612215601653e+00
1.142273200512100217e+01
1.266232380225769560e+01
7.768500190970309305e+00
-1.022391616891498156e-01
-6.175519316624302313e+00
-7.168064849041878794e+00
-3.316215759946537833e+00
2.020880937812276734e+00
4.842499058816338575e+00
3.296761867049195160e+00
-1.165948642695295856e+00
-5.020612886671168340e+00
-5.317686117909804722e+00
-1.817323328265146198e+00
2.900912368846726874e+00
5.362721366076756091e+00
3.706251734985424928e+00
-1.050304986547669683e+00
-5.844897868184705025e+00
-7.824500929848519526e+00
-6.328458077514851787e+00
-3.177369692329618189e+00
-1.131128637411036308e+00
-1.721054417747837295e+00
-4.076831875102493008e+00
-5.590982401739024610e+00
-3.901536471875743484e+00
1.265586465008272876e+00
7.713302372756551506e+00
1.210051779949612261e+01
1.203973646635766315e+01
7.550458719713265765e+00
9.716549196475869898e-01
-4.491545769776434049e+00
-6.565478583400821577e+00
-4.946103160269278654e+00
-1.104993349185297902e+00
2.791923458916580447e+00
5.068579829013067695e+00
5.182031250889629348e+00
3.665775749367974790e+00
1.631531649394383887e+00
1.913006610136860353e-01
1.411458781758262448e-02
1.069672729700237745e+00
2.587124666627605318e+00
3.309594679704601639e+00
2.077718205315377542e+00
-1.441407498216050076e+00
-6.297914573786412618e+00
-1.048624871830951477e+01
-1.190409534881793974e+01
-9.566853020260870366e+00
-4.309784501866208650e+00
1.559784132015404001e+00
5.532552307666928293e+00
6.310441450906698613e+00
4.439477509291965163e+00
1.751570225510804990e+00
3.206626020649328002e-02
-1.289566936573983413e-01
5.002277012823147517e-01
6.692427111848796573e-01
-1.677426966706970224e-01
-1.307317850646221746e+00
-1.336756393576594260e+00
6.545626539155572354e-01
4.149472310385545093e+00
7.327808692436246218e+00
8.215337611953888342e+00
6.041002915532871498e+00
1.803703111428100581e+00
-2.380623559608224138e+00
-4.684752424215810507e+00
-4.713418633810027458e+00
-3.577491672535300538e+00
-2.895272605524241705e+00
-3.506164080331287458e+00
-4.868605021474752270e+00
-5.571039459245031189e+00
-4.533145177235639700e+00
-1.957931110295884736e+00
7.068506500290447914e-01
1.788178802079371410e+00
6.413559805173119077e-01
-1.788191168498886485e+00
-3.522157554598010165e+00
-2.853005613117143735e+00
4.992131679879129313e-01
5.153697634639608616e+00
8.891922351747362896e+00
9.968359562596724288e+00
8.061525545932580528e+00
4.314664862583600602e+00
5.385636291398436803e-01
-1.843329980259564849e+00
-2.449678056649051694e+00
-1.882259604683511833e+00
-1.123673128541462507e+00
-8.581179205787301534e-01
-1.137558994135492441e+00
-1.523265635084975145e+00
-1.521031346768026760e+00
-9.887442723791903809e-01
-2.703383893079777112e-01
-6.724934592623132978e-03
-7.561599176765800845e-01
-2.636527020040614566e+00
-5.170818485551581745e+00
-7.415003192816245203e+00
-8.324122700313367318e+00
-7.208714494379246496e+00
-4.083728162763746283e+00
2.580536170956804209e-01
4.505671030465290272e+00
7.330105842321018805e+00
7.914727627567200940e+00
6.285046651597999912e+00
3.295072023300663844e+00
2.769109986928245393e-01
-1.504423716705853842e+00
-1.380700235443274693e+00
4.087199911317221379e-01
2.764634261267696402e+00
4.167046218934318702e+00
3.391478988098762581e+00
2.274017386690403431e-01
-4.173893457848307342e+00
-7.621762335570546831e+00
-7.887160647468487440e+00
-3.978026744200581000e+00
3.006354858444617584e+00
1.005923852042436195e+01
1.359816687385579392e+01
1.135430601224010694e+01
3.773207994818128519e+00
-5.972959844079064773e+00
-1.351173728455633949e+01
-1.554959814757371106e+01
-1.159821953946184792e+01
-4.118898558057967563e+00
2.997658970391198885e+00
6.673875630702092998e+00
6.235560313266807597e+00
3.427675931937022469e+00
9.691612970692425888e-01
6.834078716839274703e-01
2.440523145707700792e+00
4.519901198622251925e+00
5.011723084889206703e+00
3.215790585845630822e+00
9.212555933605892644e-02
-2.454129363656426310e+00
-2.864980048298273907e+00
-8.888992507295989665e-01
2.370158834030254624e+00
5.213436115221761646e+00
6.311948362021844616e+00
5.263296644844664307e+00
2.538830761392802060e+00
-9.341478259513344984e-01
-4.169750408572719280e+00
-6.318623998830005917e+00
-6.768047802915579503e+00
-5.329640394974287432e+00
-2.495517204345855333e+00
5.092183610093716783e-01
2.151215783738984477e+00
1.428942104751525166e+00
-1.361672004575226413e+00
-4.553648123615248622e+00
-5.972268128106978935e+00
-4.309506982358418448e+00
-1.105404824474534031e-01
4.388671970340636719e+00
6.600688836403583615e+00
5.286549016099654885e+00
1.465152255368220136e+00
-2.153063825634554451e+00
-2.907106371281267698e+00
2.766517366730469885e-02
5.010069290647964912e+00
8.911112621924999644e+00
9.078101484650403563e+00
5.010056889036801131e+00
-1.324589447465344128e+00
-6.690580841340169727e+00
-8.495538321413384608e+00
-6.198108695268079060e+00
-1.411978133564677940e+00
3.218408873240777179e+00
5.557035061791071762e+00
4.977828010531243130e+00
2.346708839103019528e+00
-8.047072366301566415e-01
-3.261883811787746446e+00
-4.658846107222585964e+00
-5.357363462839701995e+00
-5.911863592053160588e+00
-6.550822228063262642e+00
-6.994948005802484658e+00
-6.664200367614072640e+00
-5.096235494982443548e+00
-2.316967081755592517e+00
1.040338650482246496e+00
3.943093625894630083e+00
5.423133314940926653e+00
5.091327595433263298e+00
3.425395365349944043e+00
1.609173025998488882e+00
9.178255298959726582e-01
1.940309963458387132e+00
4.117638706730593512e+00
5.971164750644220476e+00
5.990029854235114470e+00
3.671509736939217561e+00
8.753209123582461615e-03
-2.995267004027196478e+00
-3.569490786675902694e+00
-1.384850651008945555e+00
2.118238137776490504e+00
4.585616878867667445e+00
4.269166979703594045e+00
1.184844383597136730e+00
-2.911319437848383984e+00
-5.736516861398310851e+00
-6.037237914270454198e+00
-4.377037396752501586e+00
-2.589764688934772963e+00
-2.309079651268448163e+00
-3.677878547981737523e+00
-5.222159491306772594e+00
-5.010038775250045262e+00
-2.239075236265280822e+00
1.961284473763472924e+00
5.173880108942753964e+00
5.376814688372568263e+00
2.458481286535105781e+00
-1.566131162842903102e+00
-3.853263520846975432e+00
-2.661701681659297769e+00
1.439153350153525412e+00
5.944341942771089293e+00
8.116386035811682831e+00
6.829448948110426798e+00
3.281736806249478278e+00
1.100693271561272724e-01
-4.485641966521906054e-01
1.925557476871928131e+00
5.442837664623622729e+00
7.403879068413618647e+00
5.931687194028519627e+00
1.093398921397445989e+00
-5.235973276006784971e+00
-1.054653616262877236e+01
-1.306075891144407741e+01
-1.246085308614242138e+01
-9.685511994620936704e+00
-6.137026604534726815e+00
-2.921231642975788745e+00
-5.504885426095473822e-01
8.948339975662580326e-01
1.466519776449945578e+00
1.221661927939448056e+00
3.252277330730306559e-01
-8.078379452043132902e-01
-1.553878165541731970e+00
-1.348415904072288729e+00
-8.316901496633555269e-03
2.128922277749224268e+00
4.356317959156752018e+00
5.940907240254771793e+00
6.445367160461334066e+00
5.860728234712894391e+00
4.530246946020061394e+00
2.963168056398029826e+00
1.650068128537148571e+00
9.270429994393631912e-01
8.819429356250942931e-01
1.305519395861831633e+00
1.732713392968183719e+00
1.617902194652038661e+00
6.076952716942001231e-01
-1.229369376532973179e+00
-3.381739277050301418e+00
-5.139065782010512784e+00
-5.975347045324902240e+00
-5.826567806259586924e+00
-5.072403695123252731e+00
-4.235020168870653912e+00
-3.613582520287231148e+00
-3.120071827543155152e+00
-2.427019984904779992e+00
-1.296414971520761572e+00
1.807484900508034009e-01
1.631154545007935219e+00
2.697415801987375961e+00
3.345345422434436777e+00
3.918821317946057814e+00
4.869590392761592668e+00
6.343122871270244545e+00
7.927542130632915018e+00
8.775433154134713476e+00
8.058763800797191124e+00
5.492530745325485242e+00
1.612445444232892378e+00
-2.364420356212591834e+00
-5.036556684378655113e+00
-5.437098919879855607e+00
-3.497081009571720411e+00
-1.526091440194452531e-01
2.966624946245211003e+00
4.181350748043421106e+00
2.516725116454213929e+00
-1.749589889495552608e+00
-7.049271261819882284e+00
-1.112250431133309014e+01
-1.206412273121040712e+01
-9.319242202537175501e+00
-4.052344721813684103e+00
1.408722238704693375e+00
4.819757495148252247e+00
5.254516988010199618e+00
3.557851457812216900e+00
1.697692797084588978e+00
1.408011756177231621e+00
3.015256071221483314e+00
5.253811957431293145e+00
6.216868006907954936e+00
4.791240167840776998e+00
1.555077546638023556e+00
-1.533351110841966403e+00
-2.477832434608739476e+00
-6.847861081808751527e-01
2.537229591498773473e+00
4.816981814512349303e+00
4.348423499875845977e+00
1.177977154492579004e+00
-2.762574847862385496e+00
-4.925342544645489262e+00
-3.859675968625792208e+00
-2.057686694264896365e-01
3.692915193330156498e+00
5.275636900009791574e+00
3.346663352623051590e+00
-1.259408083662438838e+00
-6.279162474622002499e+00
-9.399627839331389012e+00
-9.492584221001884259e+00
-6.999758085020836518e+00
-3.404491461575466005e+00
-2.926760577564970767e-01
1.370656580095700239e+00
1.437518837318891407e+00
3.641427244844088751e-01
-1.094688430909538823e+00
-2.094115160457765690e+00
-1.868856677122898269e+00
-9.561122618615636171e-03
3.179632472891920525e+00
6.517325403147506080e+00
8.287448660518986543e+00
7.102039079614123729e+00
2.849760080177353050e+00
-2.928821471573761048e+00
-7.645160602569751163e+00
-9.025631548020319528e+00
-6.440295676128658720e+00
-1.328442855307202297e+00
3.614347425638730460e+00
6.013345395872271126e+00
5.157541656159305710e+00
2.254164478151618134e+00
-5.298433582897663641e-01
-1.552360931054822091e+00
-6.912581822122597641e-01
7.871941650476576013e-01
1.317645913930132640e+00
2.541533884767611662e-01
-1.664589627438719965e+00
-2.914181048919269656e+00
-2.383403808495265785e+00
-2.830642260100927343e-01
1.910383780039439428e+00
2.461057146242916716e+00
6.389491496686448002e-01
-2.640189415733947165e+00
-5.272289957437328312e+00
-5.259993483153182936e+00
-2.025383950085128504e+00
3.105565445283739567e+00
7.578282624222562269e+00
9.056393624549691879e+00
6.777390474373338414e+00
2.008728981165886385e+00
-2.666447304122617545e+00
-4.813652641876440264e+00
-3.505795645678774886e+00
2.090617520448236899e-01
3.987212760702365966e+00
5.596024642021300899e+00
4.201344133644106194e+00
7.676337796941579139e-01
-2.652790178419674127e+00
-4.276732026984429780e+00
-3.719643006858829093e+00
-2.162924504691316141e+00
-1.444109927039631813e+00
-2.672508582116044362e+00
-5.316419752608831928e+00
-7.426317034395331085e+00
-6.907599941551902489e+00
-3.023866193558446547e+00
2.897112022327096081e+00
8.093878689486825095e+00
9.992928262409778384e+00
7.789119984237772520e+00
2.945951671525153248e+00
-1.722487996969385371e+00
-3.784728568376123814e+00
-2.601358500893565573e+00
4.862983167210057078e-01
3.236875359902316340e+00
4.051284819773905532e+00
2.904088128564995763e+00
1.087653771252345747e+00
7.052351599827733075e-02
3.834886064127968064e-01
1.356943725808777534e+00
1.834476409169613298e+00
1.226045976574730467e+00
