6.899568316302453930e+00
2.311225678313175713e+00
-1.111745267614953514e+00
-1.159397489983201357e+00
1.676237888280742938e+00
4.514976512575568535e+00
4.298039939187653147e+00
2.698781333154836037e-01
-5.212247696857582824e+00
-8.290093222991529842e+00
-6.525477859316477947e+00
-9.199537270370057307e-01
4.604834536446711368e+00
6.018087883659700488e+00
2.240838282110745983e+00
-3.883767997610754641e+00
-7.556765877763471195e+00
-5.562167166198955570e+00
1.237465743203343127e+00
8.364946312293383812e+00
1.089261417356325801e+01
7.013383147020917363e+00
-6.207377267003341137e-01
-6.799777606056271573e+00
-7.500926426025085192e+00
-2.713458494599032989e+00
3.721188721365073171e+00
7.078541770303306002e+00
5.264649542924323633e+00
2.429422018200699807e-01
-3.641298635335365574e+00
-3.099949059403463991e+00
1.539209914605178309e+00
6.581712186885846805e+00
7.789413674687375888e+00
3.598750649534094848e+00
-3.700725975261716538e+00
-9.669638911291325911e+00
-1.095168975613411000e+01
-7.568646410960406357e+00
-2.596695686679143300e+00
4.127590284238032425e-01
1.947785688840930618e-01
-1.433277107178910770e+00
-1.308628779591205937e+00
2.230524983524347249e+00
7.672765266929587824e+00
1.120340889972827725e+01
9.515225924675771552e+00
2.450331008780628927e+00
-6.541215510175644177e+00
-1.253011491006340705e+01
-1.232640722861025040e+01
-6.512501803243761600e+00
1.094887781794905868e+00
6.082608495097803214e+00
6.264954244261957683e+00
2.768813190748226294e+00
-1.197607133047261296e+00
-2.814917456002381968e+00
-1.522957940180633685e+00
9.425476749449026581e-01
2.159107795601407531e+00
9.352491733754622061e-01
-1.879149402972454252e+00
-4.162921169975861702e+00
-4.161799917473935295e+00
-1.731701491985005337e+00
1.663652153995007321e+00
4.075599607605655983e+00
4.408701076600518576e+00
3.016973359567934665e+00
1.227791283926573662e+00
2.465899373117090843e-01
2.728106544934305600e-01
4.243196883708007516e-01
-5.359391211346474782e-01
-3.203405512458446847e+00
-6.926398455285937672e+00
-9.970436186701276071e+00
-1.036885976442948376e+01
-7.008822086487581871e+00
-3.882511103012760145e-01
7.369354371842809392e+00
1.332175907185158259e+01
1.502368431346608446e+01
1.174098401448873830e+01
4.912903232321219171e+00
-2.477331665726759446e+00
-7.388907962377444960e+00
-8.290195561886118725e+00
-5.886524413767222796e+00
-2.524824681418372574e+00
-6.049179133659079444e-01
-1.006555603912143049e+00
-2.588021764200756358e+00
-3.124207647354348083e+00
-1.056182811319333448e+00
3.183344346924058765e+00
7.255118717949508245e+00
8.420399333874405201e+00
5.455655832625248891e+00
-3.700609053217442934e-01
-5.973092954243598207e+00
-8.356087804535556884e+00
-6.450494859954755356e+00
-1.680387732226288788e+00
3.061102483703040722e+00
5.246963053144883204e+00
4.110100545832699126e+00
7.726861816602634825e-01
-2.758515940223569718e+00
-4.864685423190467262e+00
-4.984476460373076456e+00
-3.441490815431449857e+00
-8.770058864479515215e-01
2.088364532652649430e+00
4.755538897453989833e+00
6.164705699635009140e+00
5.334341453435718527e+00
1.993155445025672989e+00
-2.750771982694022455e+00
-6.562153882848668296e+00
-7.093866360941381899e+00
-3.609276805596177695e+00
2.181011938801244554e+00
6.892749503810716050e+00
7.559648343320064079e+00
3.689484321159015145e+00
-2.215235091101281917e+00
-6.186388258377697014e+00
-5.422770051998696772e+00
-2.220133153591677955e-01
6.164002234552803827e+00
9.676449904112704559e+00
8.102727237913452285e+00
2.396680237866666285e+00
-4.178499918303801408e+00
-8.347189641566210128e+00
-8.838163159000519187e+00
-6.735141047359062938e+00
-4.124124123224960137e+00
-2.291792116861231854e+00
-9.617688904135368588e-01
9.136170830835934620e-01
3.640997631058793260e+00
6.005679800487490283e+00
6.043994104222200292e+00
2.819397128771076844e+00
-2.315868301743820190e+00
-6.215964493581853212e+00
-6.066802393109336222e+00
-1.617768296297675157e+00
4.276566659091935563e+00
7.439579180469076292e+00
5.344646013423610675e+00
-8.802439807565218821e-01
-6.996114753956511834e+00
-8.507684006773960306e+00
-3.858917349978395528e+00
4.334796805632493033e+00
1.096132144235304651e+01
1.185259896676274138e+01
6.572275440890997800e+00
-1.396975339304733055e+00
-7.138137306841340290e+00
-7.631088400868240917e+00
-3.568234215536131071e+00
1.525598361674741055e+00
4.061945676512547010e+00
2.927254108358103402e+00
-2.933990627436383614e-02
-1.759788509800199963e+00
-5.502208567517546944e-01
2.650030196958319983e+00
5.062435346061196384e+00
4.343700652640913873e+00
4.837152409125617947e-01
-4.117602178312945505e+00
-6.414897973910401952e+00
-4.946517423760253607e+00
-8.480469256253355681e-01
3.053291223976724922e+00
4.303309084872861234e+00
2.463490822529542434e+00
-8.357348712922419987e-01
-3.326102267722585548e+00
-3.798523202627931195e+00
-2.743117586509896011e+00
-1.545571405398911802e+00
-1.046167753154572555e+00
-7.559654199030403365e-01
5.706415545268415102e-01
3.491238411026053701e+00
6.845238346562852350e+00
8.172912171947565696e+00
5.473123750555370037e+00
-9.646558655187764675e-01
-8.151675312840390930e+00
-1.197456029837176494e+01
-9.851023218581051566e+00
-2.657760198020900688e+00
5.515040719464592733e+00
9.790646016102703797e+00
7.597930948932913431e+00
3.824875835584066186e-01
-7.243886666914327144e+00
-1.040537215694701878e+01
-7.038918983368725790e+00
8.469920428863253470e-01
8.517038794931844237e+00
1.153529889848901213e+01
8.486122980968426432e+00
1.665926529886226248e+00
-4.601662525299321516e+00
-6.827804996464112541e+00
-4.497306306229980954e+00
-1.483974625550666948e-01
2.539937394040802321e+00
1.298362181881906885e+00
-3.242683432856216186e+00
-8.045412729139288288e+00
-9.727664730839634899e+00
-6.784301882543741335e+00
-5.190610503303045853e-01
5.858114538390630344e+00
9.301423920277244406e+00
8.777536732039930456e+00
5.712071167523183668e+00
2.818783430866594664e+00
2.158570713985880296e+00
3.744764842460515553e+00
5.606483214261940518e+00
5.235783209775263458e+00
1.433239871562526968e+00
-4.683817970296608735e+00
-1.019207905455321672e+01
-1.208932401300559434e+01
-9.156642248171655396e+00
-2.788661996396410991e+00
3.732080848969473230e+00
7.086002475554634472e+00
5.789984707122489915e+00
9.980125223226341546e-01
-4.212141855968747350e+00
-6.620586809297349440e+00
-4.677678409065443965e+00
6.660986391804144535e-01
6.536846220347564795e+00
9.754307953499706585e+00
8.575165033043845142e+00
3.619298634116095315e+00
-2.494064190800245662e+00
-6.577474693794563620e+00
-6.595592682999384948e+00
-2.756681901935297052e+00
2.607129153397001797e+00
6.314184356615554883e+00
6.085788117003092523e+00
1.823822138190058340e+00
-4.307742491224892945e+00
-9.073607444572893144e+00
-9.982410702408479608e+00
-6.689733865968466198e+00
-1.155855061557529595e+00
3.555829216158111095e+00
5.126693010640142489e+00
3.342593003618667957e+00
1.109694845262310658e-01
-1.878090118167969225e+00
-9.808152088140165148e-01
2.283560703410170589e+00
5.576300679313300535e+00
6.323920859138897121e+00
3.487014176872773596e+00
-1.678046709497801992e+00
-6.379875031852270340e+00
-8.059475882898409438e+00
-5.971948720349851136e+00
-1.537711242787660915e+00
2.717136503101324596e+00
4.843102006232649970e+00
4.593524797422157135e+00
3.266306552761075288e+00
2.480486099842195369e+00
2.857343000543043132e+00
3.592006340832011091e+00
3.195077994518368492e+00
7.958939350783134081e-01
-3.008287460247349721e+00
-6.410112899163273426e+00
-7.567800565289584114e+00
-5.829628549266594462e+00
-2.124614799810296883e+00
1.720264016485377523e+00
4.180467490834375965e+00
4.853016614655373928e+00
4.348075856357709768e+00
3.458598430725937867e+00
2.368005690134492802e+00
5.824329572913016229e-01
-2.358513711925650291e+00
-6.020152498600434221e+00
-8.867384216065925528e+00
-9.039989177274581067e+00
-5.648683368888054446e+00
3.458275761207942889e-01
6.391766685252029845e+00
9.686453912958013390e+00
8.764898212839572267e+00
4.301828463712102035e+00
-1.381397659363931885e+00
-5.736574523963803074e+00
-7.368367376167509697e+00
-6.504039056967340748e+00
-4.379004489783223875e+00
-2.132707196766957303e+00
-9.159169878518857999e-02
2.069972992707118209e+00
4.535699661217627465e+00
6.680660112197723599e+00
7.193858352766024922e+00
5.013443058143788988e+00
4.021876838383153796e-01
-4.725529467560838803e+00
-7.656294280390201656e+00
-6.504595915479030488e+00
-1.579703097916975274e+00
4.495899582591871280e+00
8.163179874759523003e+00
7.064515887724142296e+00
1.632639817155327133e+00
-4.943011440471465789e+00
-8.495789694755329080e+00
-6.430003125122627061e+00
5.014040003788946542e-01
8.364866683547841575e+00
1.221262307190277419e+01
9.065526128363917024e+00
-6.227514694357161318e-02
-1.041391084748473261e+01
-1.603510374190810950e+01
-1.323484031507781999e+01
-2.933149339767183506e+00
9.583934041540812743e+00
1.749830690143988576e+01
1.631651116623292452e+01
6.499875776600932298e+00
-6.721970566658755253e+00
-1.629392357964884042e+01
-1.731995898447453897e+01
-9.741430214140402555e+00
1.841126919211115709e+00
1.101030943386960104e+01
1.324874939859639689e+01
8.288023837922219528e+00
-2.031067660166039346e-01
-7.177881988519509093e+00
-9.260511074397369313e+00
-6.386338974709609317e+00
-1.212867527416957358e+00
3.011788825579455153e+00
4.529678213829586575e+00
3.758518573120321005e+00
2.368092299706090920e+00
1.682021557649950871e+00
1.694633434763561208e+00
1.371202917689564371e+00
-1.604620174023114743e-01
-2.594152604938084306e+00
-4.475203190328182146e+00
-4.273812234951201106e+00
-1.652098592214703343e+00
2.091455001076470310e+00
4.788893857778241170e+00
4.844603239132587724e+00
2.304532630109696445e+00
-1.212276736305135660e+00
-3.640086568192264060e+00
-3.811748308652472161e+00
-2.071992057494717265e+00
2.021674237008105335e-01
1.716971410385208285e+00
2.132998214551819149e+00
2.075283627052084690e+00
2.374778494135515672e+00
3.220223798699227924e+00
3.922220640083079690e+00
3.465063227142475721e+00
1.384337670916771845e+00
-1.739418435824250375e+00
-4.564293796876013332e+00
-5.831956326582201200e+00
-5.140613561688531341e+00
-3.097871005800092448e+00
-7.992636774131809396e-01
9.230345997966016292e-01
1.914971074565887887e+00
2.531508242603974779e+00
3.112981977162485592e+00
3.585400882045355342e+00
3.508334492460655873e+00
2.493093951427187704e+00
6.099069418009657184e-01
-1.564698530935356269e+00
-3.291421445408665658e+00
-4.112666305087899765e+00
-4.049480280845664026e+00
-3.436732072307506769e+00
-2.591493384337718808e+00
-1.624404378466404619e+00
-5.363561094667735896e-01
5.436151507676655337e-01
1.263493441869890876e+00
1.243957261705946671e+00
4.199778948541501578e-01
-7.937174787523862962e-01
-1.719642943829297943e+00
-1.893925431095501377e+00
-1.418746677604618256e+00
-8.636489593414791166e-01
-7.483341704041166498e-01
-1.018443898751791643e+00
-9.909758457500199569e-01
9.875595133875531006e-02
2.325081615478425068e+00
4.710284615398632191e+00
5.669558735648402958e+00
4.059523567730767724e+00
1.138377974841092710e-01
-4.458671334859777957e+00
-7.386729339650750958e+00
-7.203327388517500651e+00
-4.144859945106841970e+00
4.311601522966190814e-02
3.256931658979520083e+00
4.330628069870417818e+00
3.578537461478251025e+00
2.258475082740028839e+00
1.432991384652888112e+00
1.137256292143625336e+00
4.957477663438510929e-01
-1.329596600988259159e+00
-4.146858067569037409e+00
-6.544689492012167875e+00
-6.746255434733026135e+00
-3.926384721762239849e+00
9.948375499352368756e-01
5.736034703149490710e+00
8.026161315182912759e+00
7.037697936315367109e+00
3.877703939286546220e+00
7.849805492219564806e-01
-4.031143993189079122e-01
5.647086905066376339e-01
2.337848147661381049e+00
3.092563127823597213e+00
1.962332074320231712e+00
-2.776304502216500603e-01
-1.768925000010009851e+00
-9.671994578662471698e-01
2.130029086981015674e+00
5.812752824701717280e+00
7.685397190101136644e+00
6.196224810033582386e+00
1.638610460121551426e+00
-4.022765021170654265e+00
-8.336987214915993150e+00
-9.740912705046532949e+00
-8.240563020297830832e+00
-5.063346673196259751e+00
-1.672782415659171740e+00
1.078573629169360171e+00
3.093175284749746901e+00
4.514588716172963423e+00
5.127151438067906852e+00
4.280221820812120548e+00
1.477246315839090052e+00
-2.838754967501928572e+00
-7.029625584209806100e+00
-8.936476225279045948e+00
-7.183458698098018402e+00
-2.250638832371247844e+00
3.515097927633386909e+00
7.124692860814357154e+00
6.720947996108492362e+00
2.762548835880722642e+00
-2.209213706047238546e+00
-5.137811911591942504e+00
-4.364697360305238583e+00
-6.334492883845888045e-01
3.485433103168170899e+00
5.360194679430896336e+00
4.054143503642304580e+00
8.796057062732550724e-01
-1.610751805459912811e+00
-1.469957862379453140e+00
1.263035885740903863e+00
4.612496230412668652e+00
6.089554111475575127e+00
4.462649558584255161e+00
6.141048743408294985e-01
-3.107704025558092109e+00
-4.546512689874408153e+00
-3.200756167287067910e+00
-4.570606595826602891e-01
1.520951830367825108e+00
1.385401344806458157e+00
-5.027056385502748359e-01
-2.496806002162467841e+00
-3.015668422582368446e+00
-1.751921190168896025e+00
1.787186202177324934e-01
1.211942709124578688e+00
6.169364843584947966e-01
-9.511556356361217102e-01
-2.059057028164046788e+00
-1.745116567881424885e+00
-3.616720413920145871e-01
7.167625452131828334e-01
3.138631935407215079e-01
-1.403267551850028161e+00
-2.859952877177686759e+00
-2.260797795652037756e+00
8.403026195702295587e-01
4.859765474775811889e+00
7.066330727110999632e+00
5.505824537809663077e+00
5.739882415101007496e-01
-5.002379883611636657e+00
-7.887615435846987211e+00
-6.392796896425039677e+00
-1.638636210357575784e+00
3.246545401662717101e+00
5.331843117957905775e+00
3.884234647191180834e+00
7.023065011620721609e-01
-1.429718466008951028e+00
-9.600676076478908971e-01
1.257988199022272102e+00
2.752099246607227379e+00
1.567204072149844585e+00
-1.933226800470146056e+00
-5.077484299749572827e+00
-4.817287966067238969e+00
-1.882593059844199779e-01
6.581354358414240657e+00
1.126460818683839982e+01
1.040032339348881862e+01
3.705605519084604893e+00
-5.587596835343216384e+00
-1.273785825501606439e+01
-1.445291151053591605e+01
-1.076763094564346623e+01
-4.625960684663890987e+00
3.905783951411216925e-01
2.471642910965377027e+00
2.427006685355913351e+00
2.521404400167737592e+00
4.342892512623720336e+00
7.397257831883978341e+00
9.474087074197862890e+00
8.433884664659888841e+00
3.996195645204031699e+00
-1.849120386603807731e+00
-6.111229464302990522e+00
-6.792206399805814421e+00
-4.149017884499249575e+00
-3.603457820310111970e-01
2.072997571720736065e+00
1.984340709528004787e+00
9.861120387997690528e-02
-1.782039867358526486e+00
-2.235279585576320560e+00
-1.207275687416961674e+00
1.195832994367892477e-01
3.526083039015560638e-01
-1.033238084964004599e+00
-3.338694493406927144e+00
-5.163410885780135295e+00
-5.329926689600815948e+00
-3.537421205061392904e+00
-3.927199802252399063e-01
3.036769996076689182e+00
5.736976430522272352e+00
7.029266028425526613e+00
6.622287971211668456e+00
4.610066232298570377e+00
1.506410318135362303e+00
-1.794186839684826396e+00
-4.289488383580772002e+00
-5.337083122115526379e+00
-5.008566681967966616e+00
-3.985956079461399515e+00
-2.973155154797330280e+00
-2.045100008124517199e+00
-5.286624203493226481e-01
2.336275304619873872e+00
6.374236286743061086e+00
9.961795289374389739e+00
1.068034539463810972e+01
6.944165102663026445e+00
-4.668263780053447665e-01
-8.226419967085451646e+00
-1.210000535537272270e+01
-9.564849909917636950e+00
-1.700953994265717029e+00
7.078176370574270848e+00
1.151945171882311669e+01
8.761465400966333306e+00
1.943300257382425400e-01
-9.338835610578591684e+00
-1.453015997093363865e+01
-1.283528082593437425e+01
-5.834887653946001507e+00
2.086929959379169031e+00
6.734737737880554853e+00
6.672880242029072484e+00
3.694942421339095340e+00
1.069940649447219005e+00
9.979076644151736453e-01
3.148320686020992021e+00
5.224708134920810210e+00
4.950346595955249285e+00
1.873128022608315124e+00
-2.353668403282725752e+00
-5.310849200290082450e+00
-5.629801661207029184e+00
-3.853327180248778738e+00
-1.742371138119230167e+00
-6.899686944211947948e-01
-5.872744318396823093e-01
-7.390798112885799132e-02
2.050698966888052421e+00
5.445635757464624582e+00
8.076138924241552886e+00
7.531583899137174853e+00
2.879859793046057881e+00
-4.348383580695864836e+00
-1.084956009756042583e+01
-1.349367649358763721e+01
-1.119493577354697855e+01
-5.443951105983953376e+00
7.822404653494028359e-01
4.882714087345236820e+00
5.966922493099791502e+00
4.875288081118474004e+00
3.125649645076232996e+00
1.749635048736078335e+00
8.875875300606786977e-01
2.528716760672521935e-01
-1.723244566177424275e-01
3.272789421915445196e-02
1.187356300916758256e+00
2.815887646813106215e+00
3.592372288899049249e+00
2.206213112420364997e+00
-1.420089168071183794e+00
-5.592181472865023650e+00
-7.633588245192093780e+00
-5.651209343092161497e+00
-6.566102963829845152e-02
6.300691862067544058e+00
9.832706941216965646e+00
8.439649423443329468e+00
2.989492399153549140e+00
-3.193744532388028468e+00
-6.487624134592664404e+00
-5.321859326685490998e+00
-1.105878992229482272e+00
2.879823030961737640e+00
3.802737211305991405e+00
1.152249162545368799e+00
-3.110961763178408557e+00
-6.122617459606519930e+00
-6.158524328774674927e+00
-3.641534756236263881e+00
-4.642860839998461664e-01
1.701317740749079155e+00
2.682595633581866146e+00
3.632193587459746631e+00
5.578561411616259846e+00
7.969326404962668420e+00
8.566106433781058627e+00
5.022162002219554111e+00
-2.914074654132011055e+00
-1.230146006147400328e+01
-1.812515336841286029e+01
-1.619818126139657721e+01
-6.033940336216710776e+00
8.304619644903302955e+00
2.015228322419021012e+01
2.392393793287928005e+01
1.827472961146982655e+01
6.761019410691785581e+00
-4.386847407952500610e+00
-9.934970494084371495e+00
-8.454594075231032235e+00
-2.620792059632374382e+00
2.962074191620863051e+00
4.813662612365158466e+00
2.501150260446038942e+00
-1.649337259231018926e+00
-4.580993170285847071e+00
-4.704958540368933129e+00
-2.760097271188217238e+00
-9.039522420296158822e-01
-8.795938293381930784e-01
-2.677087005364462424e+00
-4.636290813949086598e+00
-4.826388595315704855e+00
-2.612991737726399144e+00
7.706699103697265407e-01
3.071956509397721913e+00
2.670879237181194910e+00
-1.560907208796065149e-01
-3.280057994203211980e+00
-4.083839529804142998e+00
-1.253171125496470584e+00
4.193719779575637574e+00
9.336883515771006614e+00
1.101318174527488836e+01
7.705403378315770269e+00
5.335254261944104570e-01
-7.232165563695040156e+00
-1.185424400409694634e+01
-1.106822987251976720e+01
-5.240390580699116896e+00
2.831220103493876650e+00
9.316500181280016335e+00
1.120435063147762556e+01
7.682934389523087049e+00
4.170659175690802911e-01
-7.340438154361264900e+00
-1.231142835400097013e+01
-1.265306662830450612e+01
-8.641436209791027778e+00
-2.320297832323300113e+00
3.623990150754576423e+00
7.139987851249822270e+00
7.596964437896552624e+00
5.751671496249187499e+00
3.040870744193435282e+00
6.980278315197523398e-01
-7.750927834243263037e-01
-1.544194254553040491e+00
-1.963274012245457723e+00
-2.115634563961570791e+00
-1.740298958441584443e+00
-5.733335269496712128e-01
1.214832311522100028e+00
2.900601840934379450e+00
3.582378868851392895e+00
2.822336714377654321e+00
1.068085474624405506e+00
-5.301762061571637652e-01
-8.708019523324844746e-01
2.636740134366960531e-01
1.905665965564663944e+00
2.442372784825709520e+00
7.240163883647714460e-01
-2.980065139603239821e+00
-6.880245545571127330e+00
-8.607533754358671629e+00
-6.686431885089826110e+00
-1.616037579392253232e+00
4.191507803776203467e+00
7.682328045386203286e+00
6.934451868182066825e+00
2.361152498992908910e+00
-3.430186239169845219e+00
-7.099222009449224657e+00
-6.516772651612647849e+00
-2.034593542118471543e+00
3.695639306147822989e+00
7.270058243256226405e+00
6.540594466243755178e+00
1.891280998837798322e+00
-3.981132427817079655e+00
-7.657616668144135552e+00
-7.015235050018555185e+00
-2.473217291346906599e+00
3.272303851346110903e+00
6.858209284347504209e+00
6.235983026988708211e+00
1.834088418521860220e+00
-3.783195787951366906e+00
-7.520328638314648373e+00
-7.605159790091976291e+00
-4.542035251507111404e+00
-5.993314394222899466e-01
1.788634972746161456e+00
1.630849732495969429e+00
-6.449261242741743949e-02
-1.136731293662282649e+00
8.057865492621868464e-02
3.466234667984865681e+00
7.091206111375415233e+00
8.518067066325940573e+00
6.540145048736889066e+00
2.142973213514752562e+00
-2.026457183786624761e+00
-3.379597216227113510e+00
-1.153830999154435100e+00
2.985980664762754699e+00
5.962654863336615207e+00
5.281595413059299915e+00
6.980744014073838599e-01
-5.543011356182182325e+00
-1.005132951373607142e+01
-1.034072085595182955e+01
-6.275526005098021720e+00
-4.638570510978734518e-02
5.212047754518688514e+00
7.211262273326813244e+00
5.601853679050099899e+00
1.830421413085321358e+00
-1.944667268929826109e+00
-4.068326099938909479e+00
-4.021763107042588103e+00
-2.297397127528682415e+00
1.423101634272433413e-01
2.346595369916389728e+00
3.581592297357753640e+00
3.383861342360411140e+00
1.683628833075917486e+00
-9.907493033686931572e-01
-3.484456617452509342e+00
-4.430872049919444500e+00
-3.043233067035445050e+00
2.003702046653781377e-01
3.567939553185523582e+00
4.977008975361663978e+00
3.323973556901585358e+00
-6.544540040861444030e-01
-4.679814087846286164e+00
-6.316696161036775337e+00
-4.564871315002565488e+00
-5.507336447322010997e-01
3.215896297966268413e+00
4.547183181226934323e+00
3.059899229196885173e+00
3.776349541829445711e-01
-1.097930105246317067e+00
4.118429439266929615e-02
3.184300234921018991e+00
6.168846908585631006e+00
6.884273940651873147e+00
4.818573074743147444e+00
1.401017617491731926e+00
-1.101868894678984301e+00
-1.296909466455241855e+00
3.091031357599968166e-01
1.737310513136820944e+00
1.092361178617701212e+00
-1.929593393800525192e+00
-5.719140990069998765e+00
-7.867711239650788002e+00
-6.897301494814841227e+00
-3.334852034108393148e+00
6.446698437141353821e-01
2.725335369377967165e+00
2.000716773139275872e+00
-5.315326564050183444e-01
-2.823184749593064424e+00
-3.286302012857545307e+00
-1.840772836591227479e+00
2.117814547132619851e-01
1.295820905118708621e+00
7.596598100259883690e-01
-7.223118125408998225e-01
-1.768977222203848232e+00
-1.383988783540347045e+00
3.334795309537564312e-01
2.351391980690842320e+00
3.533279983522364276e+00
3.442438580446546492e+00
2.517741400653802142e+00
1.559302859991546164e+00
1.005831068759469815e+00
6.076711960818617086e-01
-2.639070457690165794e-01
-1.960072052322967107e+00
-4.107412867509779630e+00
-5.740679740378004325e+00
-5.918949699562143785e+00
-4.363079167185083485e+00
-1.659942100154706335e+00
1.078439501322314698e+00
2.826732306341231293e+00
3.117385432088755515e+00
2.133758762944583331e+00
4.877217151023571784e-01
-1.084783843708345241e+00
-1.936512875386126264e+00
-1.631971178781919107e+00
-7.332543622105713865e-02
2.360866641407065813e+00
4.803191508325274306e+00
6.172177690114205362e+00
5.707850247636885754e+00
3.476248294015349405e+00
4.564478031521470580e-01
-1.957761624251365795e+00
-2.794047743307925380e+00
-2.128815199498962585e+00
-1.039782362833127083e+00
-8.640726182577925796e-01
-2.242625245529774602e+00
-4.608675798071496743e+00
-6.483378699712073256e+00
-6.383892343700353855e+00
-3.738501011826539155e+00
7.665959792268115525e-01
5.561526080945675687e+00
8.966115267402321010e+00
9.864704948909338356e+00
7.988487171244485374e+00
3.860863925590177992e+00
-1.367634397157625914e+00
-6.094510439769717181e+00
-8.583212377899108958e+00
-7.583756650156270318e+00
-3.120558024451349333e+00
3.069825402718142637e+00
8.018345048506340333e+00
8.990954813986686389e+00
5.227573187044867176e+00
-1.228532803110318206e+00
-6.434420058905599760e+00
-6.905236356955716914e+00
-2.013505553403526882e+00
5.263848816663073471e+00
1.000557075441941457e+01
8.532109369467912430e+00
1.036434595805717507e+00
-8.239770926904643744e+00
-1.360632685519147245e+01
-1.167550776138405055e+01
-3.712465764748772656e+00
5.121734508192183455e+00
9.226033837253318381e+00
6.379095401099655227e+00
-7.500620906405141008e-01
-6.512186745356361328e+00
-6.316459800112281364e+00
3.713587013136709913e-02
8.116643745641026086e+00
1.193058014229446506e+01
8.182068119028226505e+00
-1.291018729773189877e+00
-1.062841263298299310e+01
-1.385865782650398614e+01
-8.899032861855859622e+00
1.104158247241890045e+00
9.958162249331140359e+00
1.254563206062217695e+01
8.026961890417895873e+00
1.983575387069436147e-02
-6.166839387159180674e+00
-7.154964156169810074e+00
-3.447321007869470044e+00
1.465511889616500696e+00
3.931105201706301067e+00
2.706262212687631230e+00
-5.278480279768212879e-01
-2.853606378112126585e+00
-2.528101720446070733e+00
-2.308757077308631334e-01
1.707283591529618061e+00
1.345481308720093860e+00
-1.239211987546206872e+00
-4.011647535737763448e+00
-4.629542421116349615e+00
-2.346643081949843168e+00
1.334617894072993582e+00
3.761768298511424025e+00
3.122039094873556131e+00
-2.030742960790383744e-01
-3.927222760934177437e+00
-5.531432016465705814e+00
-4.027738258546046168e+00
-5.096411650760646062e-01
2.836965718579943729e+00
4.404311934986224308e+00
4.186011814007527754e+00
3.409155586356409806e+00
3.183140946233186774e+00
3.368041118513778187e+00
2.670255879275645228e+00
-5.917390744797668134e-02
-4.397004267326468430e+00
-8.077798271832401511e+00
-8.331157381077723301e+00
-3.994683642676231550e+00
3.169650332182730956e+00
9.110549117343259340e+00
9.886718395017908279e+00
4.320572319621347468e+00
-4.928746942038823242e+00
-1.274124481786189023e+01
-1.459586833743957435e+01
-9.371642637509014051e+00
-5.753600446485407360e-02
8.111798837530015405e+00
1.089064428553174935e+01
7.537118318554409946e+00
1.022610680869362021e+00
-4.109554709969573061e+00
-4.750608761119679002e+00
-1.107606638921270203e+00
3.706004624276656667e+00
5.975255761544238098e+00
3.956398503275218026e+00
-1.008518264276634824e+00
-5.508958200943853356e+00
-6.437138779552465273e+00
-3.069381053799124182e+00
2.516562397301334020e+00
6.890932277444699494e+00
7.542517124626006542e+00
4.434968022625679573e+00
-1.311940281672719089e-01
-3.157413944260104799e+00
-2.918294531853374174e+00
4.243087673565160145e-02
3.462321758059859533e+00
4.966807137757412782e+00
3.588570039906041398e+00
2.193667892370190220e-01
-3.181643747743805317e+00
-4.952172168183514245e+00
-4.685976172005330120e+00
-3.205221144306766856e+00
-1.721476265367321457e+00
-9.095584927636206629e-01
-5.835907570693024127e-01
-1.239695711234085618e-01
7.966615633749780656e-01
1.838418631029304251e+00
2.285438618661287169e+00
1.739226189470102657e+00
5.978411937759509076e-01
-1.348093145745414834e-01
3.834653323161774097e-01
2.081127824529252823e+00
3.869475942908785271e+00
4.346539603408261954e+00
2.830450776023639037e+00
-5.651380221383772717e-02
-2.739441938895262219e+00
-3.772825224879369443e+00
-2.874217651700389009e+00
-1.125143602631236028e+00
-1.517901718954650092e-01
-8.686563703443814788e-01
-2.729980159296330644e+00
-4.089601187107239078e+00
-3.449070914507550434e+00
-6.800596845176944960e-01
2.724360301434455955e+00
4.627392868701815765e+00
3.792363588990115719e+00
8.614312603019433912e-01
-2.002383424655784339e+00
-2.622744905878476196e+00
-4.113684842221584370e-01
3.118408659033144570e+00
5.361953551618952041e+00
4.489314371313037455e+00
8.350826686088688167e-01
-3.234372113436065899e+00
-4.956928754845631779e+00
-3.193866156797855016e+00
6.238909268381606088e-01
3.374651099830671797e+00
2.424234650530819213e+00
-2.380654623905178902e+00
-8.333327467667999144e+00
-1.146726150140251477e+01
-9.141770614648097038e+00
-1.903346779805848321e+00
6.652937748523530814e+00
1.199141411543377522e+01
1.138148158390005626e+01
5.527623402360487326e+00
-1.935569207915059486e+00
-6.715668761380912954e+00
-6.422364755409016190e+00
-1.818411981750912787e+00
3.921561993190521456e+00
7.329573378695084962e+00
6.709780002113781450e+00
2.885623198966531966e+00
-1.673333827020425435e+00
-4.582998538799436083e+00
-4.918853531827403813e+00
-3.414714729104942670e+00
-1.563715936922911665e+00
-4.295332839937000546e-01
-5.342480289838119623e-02
2.189005972757238072e-01
8.996737756305682732e-01
1.770196255900721383e+00
2.034380519549633171e+00
1.066837138126978779e+00
-8.956050511400476255e-01
-2.742158227097837297e+00
-3.242245209094068326e+00
-2.021177760604286888e+00
1.704724555829595367e-02
1.225591989165073947e+00
4.014790448089441965e-01
-2.216493581323877304e+00
-4.914428438201889904e+00
-5.561270728082286396e+00
-3.093739046453517716e+00
1.599593522594804140e+00
6.071972352711586751e+00
7.813484056620980667e+00
5.893380909519192024e+00
1.641140850483192803e+00
-2.141568959865019828e+00
-2.975775053883942256e+00
-3.541362128804378395e-01
3.847778683911012632e+00
6.504390226845480072e+00
5.225851208422563232e+00
-5.205113138508732362e-02
-6.879128691985899380e+00
-1.163012416618572331e+01
-1.155751556134738856e+01
-6.332376033824981043e+00
1.799342500434023773e+00
9.260702674640867826e+00
1.299889558313319426e+01
1.189136945047716765e+01
7.013771757527687001e+00
7.985321505776745710e-01
-4.292523225419129673e+00
-6.817310029428690576e+00
-6.675890748445681311e+00
-4.753343685601456592e+00
-2.271480953910062439e+00
-2.569362510977453717e-01
6.931839890957242067e-01
4.182874697589232249e-01
-8.619785509230952769e-01
-2.588204359540783539e+00
-3.945452802766149070e+00
-4.092851950888788615e+00
-2.536273697180238873e+00
5.220165972941042121e-01
4.099639141156793620e+00
6.759802288565180284e+00
7.255714595131746769e+00
5.181393972051720809e+00
1.260805630718192294e+00
-2.927758173934299268e+00
-5.691899920324967610e+00
-6.060100316901175788e+00
-4.265020338774172082e+00
-1.599179798195703661e+00
2.994793139695056117e-01
3.571040853655010339e-01
-1.329948379424799043e+00
-3.540788284944334396e+00
-4.621707466415071686e+00
-3.449835261613048321e+00
-1.239677262869778307e-01
4.023381909461419603e+00
7.114779162853718475e+00
7.728562583983650924e+00
5.634035246489137450e+00
1.843547969157233846e+00
-2.017461726017947932e+00
-4.605194027759029751e+00
-5.456191103343560833e+00
-4.955375352332169747e+00
-3.782694766837125577e+00
-2.302730559248871600e+00
-3.760467610237370195e-01
2.269841037710470300e+00
5.424798537904078621e+00
8.079643137844236378e+00
8.772246717468730637e+00
6.477592477869598575e+00
1.478302994534258286e+00
-4.423969755519834735e+00
-8.619764619110167558e+00
-8.996476413729332933e+00
-5.096084534510175956e+00
1.560765435118643074e+00
8.182038797776657546e+00
1.203695486171150719e+01
1.167629228650097062e+01
7.431707485124232626e+00
1.051435116195064801e+00
-5.194879531611942269e+00
-9.414901484613501736e+00
-1.061608227157240059e+01
-8.786025973757707774e+00
-4.696043165961000021e+00
3.860873086565814738e-01
5.009662067555519016e+00
7.908097427745886421e+00
8.400127134475585677e+00
6.673406874310684245e+00
3.739979654936206988e+00
9.805598764534935174e-01
-5.437171283212340889e-01
-6.305487571983331430e-01
1.746593388694667182e-02
2.939052789490410600e-01
-5.668793651969121772e-01
-2.476453111078663394e+00
-4.539084193218966057e+00
-5.619524670104825148e+00
-5.056666181995661091e+00
-3.070270944624611698e+00
-6.265060101170916163e-01
1.123688073595537684e+00
1.478384002103512618e+00
5.375547397818556394e-01
-8.772858830549262743e-01
-1.650172581819399742e+00
-9.213344008582995404e-01
1.467084073821150136e+00
4.794298634256762170e+00
7.643107123588687379e+00
8.442430506017108982e+00
6.230161572672821890e+00
1.320270022034324864e+00
-4.533197675545212135e+00
-8.741792838742435734e+00
-9.127114106215881151e+00
-5.210820931823455737e+00
1.241244104770441448e+00
6.913775353088455589e+00
8.658265805501898171e+00
5.309388854021209525e+00
-1.517145512759624282e+00
-8.234912160569935580e+00
-1.131096999699435557e+01
-9.300214511000444162e+00
-3.622088339316056782e+00
2.412362830674117831e+00
5.686671641658676890e+00
5.119021137159927903e+00
2.082672366926038521e+00
-7.906827104357918579e-01
-1.528104205147738037e+00
-1.032238735668247198e-01
1.761429704620442349e+00
2.056740040213901999e+00
1.044847593481347259e-01
-2.855206218878802549e+00
-4.521062630367038260e+00
-3.200440215165790026e+00
9.115877401328913443e-01
5.751016482404891050e+00
8.682293472402802692e+00
8.171589531375595072e+00
4.707249291622174425e+00
3.943075781823859316e-01
-2.439060339003118472e+00
-2.662358659806446148e+00
-8.922165627435731938e-01
1.084905589256222047e+00
1.534010833605672142e+00
-1.841173140460490298e-01
-3.340398334032783190e+00
-6.373823115262210237e+00
-7.796514299224573286e+00
-6.912591415001046791e+00
-4.030432110535620005e+00
-1.958576389139331519e-01
3.307544796682150068e+00
5.435132229273791360e+00
5.690181640083928016e+00
4.221785001721285013e+00
1.711054656431274079e+00
-9.259355437940661737e-01
-2.923505321289335157e+00
-3.967145307855163061e+00
-4.237946172062900807e+00
-4.163532688363519974e+00
-4.040794526458786784e+00
-3.807799228400359670e+00
-3.146014284910976233e+00
-1.834616997019411055e+00
-5.606342196585456517e-02
1.634086564850356860e+00
2.690229260380497589e+00
3.008877795087871565e+00
3.013630431713925084e+00
3.249596584384828457e+00
3.770979552433066484e+00
3.856236816588157978e+00
2.408962153416484231e+00
-1.122169478778074048e+00
-5.957777156281210296e+00
-1.002601544010671830e+01
-1.099854523559647035e+01
-7.760537341109422727e+00
-1.337039783810067384e+00
5.439400931539143613e+00
9.426541970074188370e+00
8.938710078274626269e+00
4.665693229467507308e+00
-8.290561337096917782e-01
-4.670991824288369898e+00
-5.268475927289509642e+00
-2.962235631741744424e+00
5.401743806627258282e-01
3.393509068636475057e+00
4.607691323069615486e+00
4.232479202843040689e+00
2.850926531619340398e+00
9.849531146970424977e-01
-1.059006490293400438e+00
-2.893961831337722668e+00
-3.775485067017109841e+00
-2.823052130105128121e+00
2.624415886054094482e-01
4.543819783019358738e+00
7.937639128455447945e+00
8.249150484242665726e+00
4.597725619748626258e+00
-1.751781114761253422e+00
-7.851762116007955150e+00
-1.067547053885219732e+01
-8.886923929871500150e+00
-3.626379177709877055e+00
2.212036561794902489e+00
5.732807634279657449e+00
5.675887635467089964e+00
2.921171244766425090e+00
-3.465011995615706608e-01
-2.126381790209135314e+00
-1.711303973651215005e+00
2.214743344417930970e-01
2.390941348885545548e+00
3.845302586758643670e+00
4.362517116349255986e+00
4.174778504165914228e+00
3.442768144628922222e+00
2.045494730118056381e+00
-1.152519205731012963e-01
-2.626296240281359662e+00
-4.445095332717064807e+00
-4.422617159399482745e+00
-2.170740116639932715e+00
1.397992313727001168e+00
4.380387474050312591e+00
4.966963064800374639e+00
2.621661035011474183e+00
-1.463861309189895099e+00
-5.009160415822023538e+00
-6.006228562103014035e+00
-3.932191390708596135e+00
-3.622641626934197667e-02
3.459562440746229761e+00
4.699920722553557084e+00
3.217125189852556133e+00
3.797378705275378241e-02
-3.089281390961446050e+00
-4.767304859310218745e+00
-4.625837902375428357e+00
-3.253010174466023141e+00
-1.561593714048662207e+00
-1.112425062379478469e-01
1.140261760926463364e+00
2.542984491122849189e+00
4.202026533662376551e+00
5.619482052294026531e+00
5.834507315210204048e+00
4.014246244984373213e+00
1.303695240067934691e-01
-4.732755800038483507e+00
-8.700103276229741667e+00
-9.957515540079633354e+00
-7.704073073748454625e+00
-2.673382019606331372e+00
3.111904751780407707e+00
7.279932914561753066e+00
8.269117123784734957e+00
6.074248328254278739e+00
2.151156130938980393e+00
-1.471596550450406049e+00
-3.350726253177981562e+00
-3.360261569502703161e+00
-2.562340224078506257e+00
-2.328490582593722547e+00
-3.307771701789488095e+00
-4.934355225074497753e+00
-5.800589658651343683e+00
-4.635245723489809677e+00
-1.221441436580609441e+00
3.357289565655475538e+00
7.286697269228537444e+00
9.006983993632781349e+00
7.974263657571952102e+00
4.772914108961634483e+00
6.318284235456028686e-01
-3.228406844106891604e+00
-5.982231258214462777e+00
-7.200409167772731323e+00
-6.691416366975584396e+00
-4.486670521284377600e+00
-1.036339199257898969e+00
2.634098166173348243e+00
5.137728798648577566e+00
5.373237440367846673e+00
3.251361138763689151e+00
-5.229534430109739063e-02
-2.631901715459290081e+00
-2.939390552154474534e+00
-7.422113962098735307e-01
2.712391437634174451e+00
5.471438101328250703e+00
6.079758107666942024e+00
4.403222889403834550e+00
1.547778436364784849e+00
-9.889880486322502051e-01
-2.263835267576205013e+00
-2.257763592895892568e+00
-1.506326566395697508e+00
-4.293840187057624824e-01
9.957149271952520087e-01
2.927618121222167691e+00
5.041984913638455801e+00
6.263789709251607718e+00
5.273631121470474525e+00
1.550529982510394422e+00
-3.833900312050189996e+00
-8.411603117230841420e+00
-9.583075709425770583e+00
-6.218032773308758365e+00
4.793569249025908530e-01
7.485100687735164016e+00
1.158234371540232388e+01
1.108656879909002413e+01
6.608848148246069698e+00
4.702681536772095328e-01
-4.729280521657225123e+00
-7.413234989646623418e+00
-7.465195440668077609e+00
-5.764566374432666507e+00
-3.384426492910360018e+00
-1.088578279022930584e+00
6.587911259125656116e-01
1.459319523827654619e+00
9.549898665554140686e-01
-8.605786177012173521e-01
-3.304202899355677125e+00
-5.092613873925087908e+00
-4.998987526055175934e+00
-2.696123183912950250e+00
8.604877225099112348e-01
3.897721618635451080e+00
4.905554619636640190e+00
3.602330836714893625e+00
1.090897735259369172e+00
-9.152974932411981346e-01
-1.239210389484126429e+00
5.660667106178679520e-02
1.871470173686372140e+00
2.947077468541742018e+00
2.723535771025452412e+00
1.557375817667185025e+00
2.426618856034783445e-01
-6.742505577117805515e-01
-1.195231578645922443e+00
-1.597519077379663477e+00
-1.934386473358123748e+00
-1.851994355005971427e+00
-9.504865429392919118e-01
6.277511778479094584e-01
1.982267466788550037e+00
1.950096364900210766e+00
3.523801367980716748e-02
-2.960412399457104549e+00
-5.212070926149351635e+00
-5.000072881085166898e+00
-1.942940696247451360e+00
2.576152994538048802e+00
6.164813948608292904e+00
6.881524825890901198e+00
4.402658302858968753e+00
1.130133547548330952e-01
-3.878266669975174441e+00
-6.041593412767777060e+00
-6.140422615132210993e+00
-4.970547307594700648e+00
-3.500720933239076071e+00
-2.175667146109381278e+00
-8.827288888828053182e-01
5.525385589761522276e-01
1.924114567929845698e+00
2.723575388708386225e+00
2.657606661424983585e+00
2.057658217009426416e+00
1.692417240878676843e+00
2.049582680912060084e+00
2.716024332063271540e+00
2.517510303475631428e+00
4.803006557518951780e-01
-3.088077035718744145e+00
-6.362439639945495884e+00
-7.022172548092417088e+00
-3.947729287457624636e+00
1.654149929893286242e+00
6.675436476557786492e+00
7.979808001837712439e+00
4.507945913819292549e+00
-1.877809342568454998e+00
-7.475447163755738700e+00
-9.061403618838006935e+00
-5.870103260401211109e+00
8.698937019448749197e-02
5.485220034489685759e+00
7.812780018650779645e+00
6.670360715200812862e+00
3.492199030914556968e+00
1.566771324816923494e-01
-2.301487894797042077e+00
-3.934447513030955967e+00
-5.123482111382498871e+00
-5.711924907297163401e+00
-4.929890907983932813e+00
-2.213400779547764596e+00
1.866705724958957813e+00
5.534716371902697496e+00
6.861602632137090652e+00
5.193126492941650518e+00
1.775692960204238391e+00
-1.038943962566233559e+00
-1.490764604966120732e+00
2.928402497400994786e-01
2.453047631135172324e+00
2.922901728919815589e+00
1.117253643618981052e+00
-1.584682488409010714e+00
-2.987545076735592442e+00
-1.949747241501720296e+00
5.628079041031253116e-01
2.158446959048529123e+00
9.553130655947495997e-01
-2.768231098287261105e+00
-6.580807697309499105e+00
-7.640107519103176870e+00
-4.846558894215434954e+00
2.823921513065985600e-01
4.719312102905055539e+00
6.147725885620349828e+00
4.546294951425797315e+00
1.916029541190797714e+00
4.536370717656971197e-01
7.432418354315108999e-01
1.495274102486311429e+00
1.021538820639496858e+00
-8.922372991724296654e-01
-2.465148537489962433e+00
-1.384677988420123240e+00
2.873560986372355686e+00
7.918887174330253131e+00
9.765994061817774963e+00
5.872621315690961907e+00
-2.430071860200790912e+00
-1.025239777360404503e+01
-1.235060548759226506e+01
-7.031503694991585007e+00
2.234221384590120429e+00
8.968573360268258909e+00
8.279549822970928119e+00
5.714253301045073563e-01
-8.495864713835292292e+00
-1.197716147750808169e+01
-6.750861637872738186e+00
4.008350278745654194e+00
1.292829238045596441e+01
1.368407711822406725e+01
5.584013213788193042e+00
-5.885047835449365827e+00
-1.297850164511338811e+01
-1.120976989636400667e+01
-2.424072397191533224e+00
6.766622715032474034e+00
9.930085665344241974e+00
5.418917197190515012e+00
-2.731187322365669523e+00
-8.115651844906707879e+00
-6.838487390655343390e+00
-2.417381536035950740e-01
6.448410148794782693e+00
8.316055355359424084e+00
4.439208224430109873e+00
-1.742550278295855737e+00
-5.485577412071561909e+00
