4.522422368647732505e+00
9.613309061560084245e+00
1.037651285891135089e+01
7.167888471072914491e+00
2.222295932091782777e+00
-1.754847614210268247e+00
-3.123373255310030849e+00
-2.057863527540563453e+00
-1.238506852776620759e-01
9.447600684531849424e-01
3.983954148702977260e-01
-1.209018284553946998e+00
-2.671143640167196409e+00
-3.184092842494212316e+00
-2.965552718668498233e+00
-2.957057093663022496e+00
-3.856585437636792957e+00
-5.281037177893895596e+00
-5.802559338459449378e+00
-3.951693537168924131e+00
4.973429404376843443e-01
5.954758909880571771e+00
9.720663309281992071e+00
9.626880996407953361e+00
5.538904164550870313e+00
-3.641136949991558014e-01
-4.833588884393367202e+00
-5.571281771750990153e+00
-2.692045705263711231e+00
1.382018005146881112e+00
3.569596655954675235e+00
2.239023580986039264e+00
-1.644372439514858897e+00
-5.131402964931812249e+00
-5.284911985477819485e+00
-1.243708871703826269e+00
5.025360514335469375e+00
9.817763402914044590e+00
9.958080336986297354e+00
4.819573064375788363e+00
-3.166846582966592827e+00
-9.828132691559911649e+00
-1.158917286977631100e+01
-7.453262630160041979e+00
4.935742344127436176e-01
8.270578863255762414e+00
1.214165097260591430e+01
1.050200303819939052e+01
4.544082648992353590e+00
-2.539501351628731030e+00
-7.287800245761677509e+00
-7.694849375031652450e+00
-4.078257773190571811e+00
1.260632292910209395e+00
5.329692712195953419e+00
5.998866338627790284e+00
3.032754873326244827e+00
-1.893037123045725245e+00
-6.168051286273927403e+00
-7.679921884038546587e+00
-5.922277627486415952e+00
-2.164801567814253147e+00
1.403589812279905980e+00
3.043855225856801017e+00
2.508461798292353606e+00
1.095478767643178752e+00
6.659715302118114355e-01
2.253310604596255207e+00
5.194740947324705260e+00
7.413576711621820081e+00
6.738259579600207161e+00
2.436290992424604340e+00
-4.053248441661808421e+00
-9.729275713925790825e+00
-1.166721940482721820e+01
-8.698808570281086006e+00
-2.100977920696093459e+00
5.118027142209785829e+00
9.871156641057574177e+00
1.056298453728126674e+01
7.671946950905798701e+00
3.118828372586598618e+00
-1.034327809109710117e+00
-3.662943192516971092e+00
-4.814993726950406838e+00
-5.134230873198394107e+00
-5.057081144856297783e+00
-4.445067332412856231e+00
-2.897949286321642060e+00
-4.217239694128169791e-01
2.166573774212786851e+00
3.516497335453326212e+00
2.588790573427929509e+00
-5.176258642920196218e-01
-4.391090517784643765e+00
-7.000103085570894557e+00
-6.866506377672956241e+00
-3.970265704303193921e+00
2.213024831882790533e-01
3.644945033047362060e+00
4.889681367317018967e+00
3.994330338585402540e+00
2.279874471123734647e+00
1.343693547653264986e+00
1.906747687478724362e+00
3.309426174001489862e+00
4.016014397209153763e+00
2.793210804447480378e+00
-2.593087329049492129e-01
-3.585689246516619910e+00
-5.121422762735666545e+00
-3.727414842653037574e+00
-1.347208760727492960e-01
3.317148177352652105e+00
4.088918437999923050e+00
1.140940375639157178e+00
-4.204098449991432673e+00
-8.884327060320096336e+00
-9.904527287231225330e+00
-6.213003335836409846e+00
5.685825582562880065e-01
7.074955015202839093e+00
1.022190705574677239e+01
9.028322488664182188e+00
5.058815459909522083e+00
1.225537745510481225e+00
-2.122155315830338562e-01
9.193974912972561198e-01
2.802627213555612506e+00
3.131781748914686858e+00
9.204895430333799311e-01
-2.698494064421903538e+00
-5.263020654854801528e+00
-4.795536751714283952e+00
-1.329953118290489789e+00
2.966776790758526960e+00
5.198157675183128212e+00
3.697401471169944998e+00
-8.253798519798385414e-01
-5.740291740298812506e+00
-8.220772393142221190e+00
-7.023301340897471157e+00
-3.118919319475903507e+00
1.174334317142703199e+00
3.844615459753099707e+00
4.409614285971576564e+00
3.893369174917986619e+00
3.707375175702415149e+00
4.384965999525785030e+00
5.162557744485064326e+00
4.692486143296178192e+00
2.275976683753427654e+00
-1.389836801622191143e+00
-4.562701855068428181e+00
-5.654094668990849115e+00
-4.367717410066108030e+00
-1.913919749193203401e+00
-1.377626252643154858e-01
-2.117109130414338014e-01
-1.852603557971457926e+00
-3.608657773358111776e+00
-3.959665863228354787e+00
-2.396514212404734945e+00
2.863253423630066075e-01
2.625399423327270387e+00
3.507430592627850618e+00
2.807272893909843692e+00
1.248517562362513766e+00
-2.778335826368503181e-01
-1.319964302929721445e+00
-1.930991976234109675e+00
-2.248451585494323890e+00
-2.077272129774188514e+00
-9.468391193839451603e-01
1.340856449574736375e+00
4.153462431744542549e+00
6.047885055236282170e+00
5.543440710288859208e+00
2.200436752853161870e+00
-2.783475520560179994e+00
-7.001122123726494451e+00
-8.141382572133052165e+00
-5.385380860709378936e+00
1.347525816671091281e-02
5.368702955694209855e+00
8.040299658601146149e+00
6.852644803805831408e+00
2.626003647905872374e+00
-2.410910437846125021e+00
-5.878594851358860396e+00
-6.400612532420628220e+00
-4.067824924836317635e+00
-1.264589481627803602e-01
3.759105898113630495e+00
6.201783979749966313e+00
6.470124665360263094e+00
4.552645282779515412e+00
1.054773354094216575e+00
-2.969528766982468593e+00
-6.262244284850867260e+00
-7.720031200195624166e+00
-6.806256790529525702e+00
-3.830780960926041701e+00
9.788493015801524866e-02
3.492507837988554797e+00
5.106195351170618402e+00
4.450328099505687973e+00
1.964536178935499144e+00
-1.217040380500636676e+00
-3.762450584785073993e+00
-4.670854626397828113e+00
-3.635641379410077256e+00
-1.135785353380572626e+00
1.763657565339801891e+00
3.848970272765396938e+00
4.297353810306896449e+00
3.095996780318023944e+00
1.098329629276821651e+00
-3.956104380360352391e-01
-3.805289253991107623e-01
1.200283791464971106e+00
3.332591512282475854e+00
4.502859544469586695e+00
3.665641302948900115e+00
9.839537354464300556e-01
-2.195249184419897137e+00
-4.175050171545853672e+00
-4.015333506927522222e+00
-2.138555753566163453e+00
1.715979784853183254e-02
1.064692488044201690e+00
6.709363831486065965e-01
-2.695933674812859282e-01
-4.455683617637879457e-01
6.878364042446856175e-01
2.297865983122669320e+00
2.688234543046464253e+00
6.328757515328913286e-01
-3.459249184300897006e+00
-7.497568987604070756e+00
-8.948735896073973350e+00
-6.557710303117622708e+00
-1.321676066744239986e+00
4.039262130317990085e+00
6.809310907398442581e+00
6.017163646160719637e+00
2.966793808426621659e+00
1.912368680675605170e-01
-4.054741895214283298e-01
1.127606431864311531e+00
2.943241908294176312e+00
2.887023911819420974e+00
2.077250703143000976e-01
-3.777209332659602126e+00
-6.548734535061224271e+00
-6.154567947704180142e+00
-2.606235157741233266e+00
2.080129113845578637e+00
5.204045205170369393e+00
5.121301690712610544e+00
2.221306102385462999e+00
-1.453742779305817523e+00
-3.592511058621722153e+00
-3.022205347121769137e+00
-2.600062126596097700e-01
3.004458396864778891e+00
5.003920094630043280e+00
4.815232165730693126e+00
2.636371371324376156e+00
-5.430394021983013797e-01
-3.506781489984537536e+00
-5.268811341907792212e+00
-5.322076434246408638e+00
-3.757233511702581019e+00
-1.292747908883363328e+00
8.833262018148212436e-01
1.574423086553203399e+00
2.417677164089605535e-01
-2.502258301569844967e+00
-5.007497155457671489e+00
-5.419968608478866301e+00
-2.826888529842047859e+00
2.023609624309620436e+00
6.984174706014496081e+00
9.680449205665947687e+00
8.878511495558260691e+00
5.158522057497060942e+00
4.630926209532606475e-01
-3.137462858764664908e+00
-4.598455254630208877e+00
-4.223124065402830141e+00
-3.057893073118537419e+00
-1.946280679807022462e+00
-1.014038930735681188e+00
7.359589210383321589e-02
1.421457155356552260e+00
2.484089332631341129e+00
2.368473406802104275e+00
6.578675011646045734e-01
-1.954168967650470989e+00
-3.851515679407956583e+00
-3.504573936730206896e+00
-6.103755368526875280e-01
3.509323564919022864e+00
6.624532707334436665e+00
6.982525118079729864e+00
4.408186068378234346e+00
3.618515451316033360e-01
-3.049263259922402991e+00
-4.375560058711476685e+00
-3.548393095957457444e+00
-1.621414453546467183e+00
1.298913928967952991e-01
1.006851781023200054e+00
1.052728375589474519e+00
6.466752836128969451e-01
3.857226398470503526e-02
-7.245325203105816847e-01
-1.502958530255178893e+00
-1.842323183301870504e+00
-1.220384560974134169e+00
3.372081171562564816e-01
1.861477734815158769e+00
1.834971676296819787e+00
-6.668976965356065989e-01
-4.877824370545476462e+00
-8.287270100750093960e+00
-8.004614107765597453e+00
-2.820225633605481619e+00
5.482167544340891929e+00
1.270823950690709125e+01
1.463561231455220835e+01
9.756366181945971050e+00
5.063952150206647573e-01
-7.998391858626553663e+00
-1.102978582775490857e+01
-7.149194234758718736e+00
9.765457043144398774e-01
8.377342448959126386e+00
1.096352756528722061e+01
7.951355136758124331e+00
1.979920026976929037e+00
-2.993902520529958533e+00
-4.433873883851907394e+00
-2.690742022784207599e+00
-3.216530641310089145e-01
4.445197096738107145e-02
-2.351558698449093487e+00
-6.001249173701495465e+00
-8.392184791312059744e+00
-7.852194734399442488e+00
-4.599663847582930565e+00
-3.628954126356318532e-01
2.950496237533131172e+00
4.431278782788712789e+00
4.379321717245533208e+00
3.605680760456027922e+00
2.588760718242661962e+00
1.236724778573465411e+00
-6.359325621515745652e-01
-2.688023526257756313e+00
-3.979020181498814424e+00
-3.612325939662935248e+00
-1.568963447198405303e+00
1.038142931783420764e+00
2.620620794562280143e+00
2.246833100549467943e+00
3.685700788516221849e-01
-1.469210985231608646e+00
-1.757111107640895842e+00
-1.358778436953040902e-01
2.358749704107101941e+00
4.095225598129633049e+00
4.045110626718932068e+00
2.444005146217488100e+00
4.418520678386681499e-01
-8.966436314770471760e-01
-1.371662252769717760e+00
-1.573153589070187763e+00
-2.088205807500466804e+00
-2.771312434765870858e+00
-2.806284519133865007e+00
-1.565384031324592806e+00
5.080103784300276093e-01
1.899671488039123224e+00
1.117525156342949799e+00
-1.904295793827671002e+00
-5.309801301027601284e+00
-6.378212373537563984e+00
-3.550949412094552393e+00
2.075625730385244339e+00
7.099153546128000869e+00
8.015446763118541540e+00
3.819477129386558367e+00
-2.947202266971590490e+00
-7.674410412145467930e+00
-6.832383425596662008e+00
-6.002081705102124687e-01
7.004787284038549444e+00
1.076195182146970808e+01
7.892531098963193159e+00
1.283120194646933943e-01
-7.352006915899699457e+00
-9.462068849260544923e+00
-4.757878807264933840e+00
3.532883349907108617e+00
9.767765895940208054e+00
9.850860492132888169e+00
4.084619260321229461e+00
-3.115953752655912901e+00
-6.430007548917570759e+00
-3.456672435328630222e+00
3.566715923120439946e+00
9.353429075804502446e+00
9.300954646903470291e+00
2.712896893252110253e+00
-6.726893403422875117e+00
-1.347729137351965356e+01
-1.381466090983060724e+01
-8.099047040204190751e+00
-1.835011018977343866e-01
5.416712488001828696e+00
6.472871604897279418e+00
4.076780246331313862e+00
1.248237665672447871e+00
3.753696358821912993e-01
1.477676762029359825e+00
2.512145880545502141e+00
1.331201376980778228e+00
-2.320354013250664149e+00
-6.339007207717434866e+00
-7.688115259161924619e+00
-4.648979598319200157e+00
1.762563577506579326e+00
8.243402101541956739e+00
1.120357431971931028e+01
8.949660479935761970e+00
2.625430082749588223e+00
-4.604228659134948387e+00
-9.467336563781762138e+00
-1.032058218803984673e+01
-7.712939820454677964e+00
-3.654699943021433306e+00
-2.665001512892071212e-01
1.298312436125350189e+00
1.144775867609602926e+00
2.183106519914678190e-01
-3.830517712403701536e-01
4.401940408450077946e-02
1.558507683209291672e+00
3.581947894747550709e+00
5.103141280312642358e+00
5.081003112483049478e+00
3.002147552300562516e+00
-6.312092224512416694e-01
-4.249457546963875565e+00
-5.842921031281778532e+00
-4.091665853998965652e+00
6.328297724547049530e-01
6.127514408403453849e+00
9.375455322935192015e+00
8.257597870610755564e+00
2.931009570122570906e+00
-4.068044787547351326e+00
-9.179308695527440776e+00
-9.858486104368573422e+00
-6.035107792649233360e+00
-6.376409367881041845e-02
4.783480424694364075e+00
6.290401665705837253e+00
4.471809772784593129e+00
1.265648379466607132e+00
-9.342600859381007261e-01
-8.493330924338633459e-01
1.034735478689346344e+00
3.049212904563822768e+00
3.606663670893296647e+00
2.214486852397159922e+00
-3.919420094122206821e-01
-2.924264259050465498e+00
-4.404759026229644547e+00
-4.585949447528617995e+00
-3.752015278456191538e+00
-2.241473343753786818e+00
-1.846900063163281480e-01
2.339298251512008875e+00
4.963449644475634415e+00
6.939057609618387801e+00
7.488975917538678750e+00
6.368340579125114864e+00
4.139174820244919673e+00
1.846984698018424798e+00
2.804617101070614460e-01
-6.099176611515255697e-01
-1.620160443215766799e+00
-3.526992938292742075e+00
-6.222248517174363336e+00
-8.480859704840558067e+00
-8.664365566856570666e+00
-5.934129651671327998e+00
-1.084276492440026107e+00
3.702820709769066632e+00
6.122861439753966017e+00
5.210785476060676658e+00
1.968410279649671857e+00
-1.318383512600014296e+00
-2.625300118380944348e+00
-1.526054837371537465e+00
6.108450600530157537e-01
1.682818022641134892e+00
3.970387466295401957e-01
-2.800313295780277212e+00
-6.037533002333750787e+00
-7.300825331981933175e+00
-5.749926847277281539e+00
-2.168910094511641518e+00
1.668211590409044875e+00
4.160311126099273338e+00
4.713365769198903266e+00
3.746771729591066524e+00
2.057053254916490381e+00
1.772481989814508052e-01
-1.744085818155825862e+00
-3.559614797902987515e+00
-4.731603844566443229e+00
-4.433653362135980380e+00
-2.176342460339068641e+00
1.549496350931595767e+00
5.240161710412866825e+00
7.150442620930989257e+00
6.400112182803054495e+00
3.602610016654179237e+00
4.920788027717000190e-01
-1.240885168224376445e+00
-1.077525030185142452e+00
6.670252813005422832e-02
6.364947605569456490e-01
-3.214239609896190064e-01
-2.417333515210875028e+00
-4.233529294575006929e+00
-4.426648844844997654e+00
-2.740654379798355134e+00
-1.425208094172255580e-01
1.992717325261536665e+00
2.953952254251802412e+00
3.131811267282939681e+00
3.469868509225063846e+00
4.418518775537197740e+00
5.330019386694877070e+00
4.895855304250787299e+00
2.347577690129849515e+00
-1.569920379694331292e+00
-4.772508819147711634e+00
-5.215235668648220191e+00
-2.522184249715329951e+00
1.425297684922976593e+00
3.565672454780394851e+00
1.785982109508720939e+00
-3.391366081478853989e+00
-8.868181872785557474e+00
-1.088977538687277935e+01
-7.581515302193332140e+00
-3.433938158366722782e-01
6.917310076985806688e+00
1.024079972768446645e+01
8.101218797815498363e+00
2.253600906977600626e+00
-3.572055277900592518e+00
-6.153808014233213441e+00
-4.708485642726391696e+00
-1.030815292449094089e+00
2.071347557421281849e+00
2.788187773822153659e+00
1.324329080359955224e+00
-6.564186621042933378e-01
-1.534460409110252721e+00
-9.392040034028940054e-01
2.193656020992080513e-01
7.630408534834653977e-01
3.589503633330449195e-01
-2.101188543715748203e-01
1.955103387588867370e-01
1.967939727708246211e+00
4.257836460671303946e+00
5.524476489605810059e+00
4.693430876547590280e+00
1.986812038328481300e+00
-1.237300202111375480e+00
-3.491468546669953099e+00
-4.188933308965572699e+00
-3.878682474877180653e+00
-3.542295016641455074e+00
-3.594511937504043519e+00
-3.474387185902863884e+00
-2.210855605083709818e+00
4.961972405350952853e-01
3.624405849014975090e+00
5.262284398928468221e+00
3.922912809245236776e+00
-2.190224809614251811e-01
-5.154413291096817673e+00
-8.170112551698759162e+00
-7.550501217386875297e+00
-3.668004867032829353e+00
1.297687645599299611e+00
4.791972664340043764e+00
5.447378835804471464e+00
3.718330861037967061e+00
1.259514610670054990e+00
-3.676125592392174291e-01
-6.653406166059355753e-01
-2.144628129381098702e-01
1.027357862306138292e-01
-7.430481386022527723e-02
-3.909071007361472061e-01
-2.800720287869297165e-01
3.792364968907787071e-01
1.086345434464340398e+00
1.190876633950003871e+00
5.641068555531717488e-01
-1.878471260326271541e-01
-2.352981781133078876e-01
6.382865695733328515e-01
1.631610218041518179e+00
1.417952725481633980e+00
-7.439011977473583004e-01
-4.149282956340520023e+00
-6.822548228117895519e+00
-6.757083638333590159e+00
-3.386635964360069195e+00
1.823551430915948401e+00
6.198511994015054150e+00
7.581975148222126926e+00
5.750294408523665801e+00
2.471874038976543453e+00
1.506266220569111303e-01
4.895735896283107125e-02
1.417002335599615748e+00
2.188391181404901964e+00
7.218461764130783553e-01
-2.741345746490065682e+00
-6.049776589161760754e+00
-6.631973682521300262e+00
-3.441123328706620299e+00
2.089268609568591728e+00
6.836271175307423675e+00
8.022851241332899619e+00
5.082879021516374607e+00
4.275437675828136497e-02
-3.851531993450764357e+00
-4.304882898921441381e+00
-1.446024896198253362e+00
2.375305966377233347e+00
4.267061055781507406e+00
2.756194333756870396e+00
-1.289880533764863335e+00
-5.327259281452291440e+00
-6.837138868685396886e+00
-4.876149393221179906e+00
-4.966517475623022371e-01
4.100200338659046650e+00
6.975617468902410856e+00
7.454972562350392629e+00
6.161373267779085339e+00
4.252700580185362789e+00
2.537305022162305690e+00
1.103202018808516982e+00
-3.842399444228103977e-01
-2.080056906373751069e+00
-3.597974737625599495e+00
-4.188547990548917355e+00
-3.310510747968976375e+00
-1.146274290858414924e+00
1.341927784125442003e+00
2.886468772336344912e+00
2.624444067386071389e+00
5.978311372624123265e-01
-2.257352998449757564e+00
-4.612662679428753520e+00
-5.435517943934807583e+00
-4.477510990029047733e+00
-2.319070947247070080e+00
1.063982106409966377e-02
1.594277098428594996e+00
2.051165193675593024e+00
1.615500332509583581e+00
8.690918800983108428e-01
3.270020530611759124e-01
1.457102013357873260e-01
1.277218036988551075e-01
-9.319142889313541955e-03
-3.169395374194196036e-01
-5.095336721377276001e-01
-1.749788021400230931e-01
8.341312364167652316e-01
2.131372792932465732e+00
2.904138042653466645e+00
2.397779623686076444e+00
4.814949533860160003e-01
-2.112761297063042942e+00
-4.109314966252831880e+00
-4.423587518399854979e+00
-2.856152401617634062e+00
-2.706696601788873835e-01
1.902536163250362566e+00
2.544262916874130642e+00
1.539457884901616502e+00
-1.749253757133579779e-01
-1.244089871127799007e+00
-7.939969372008709447e-01
9.962368122417473160e-01
3.014054794429416262e+00
3.928352205097375371e+00
3.020111128238449183e+00
5.982463361636694010e-01
-2.235071064714801992e+00
-4.281289184000291570e+00
-4.946005490235923396e+00
-4.522711937299503937e+00
-3.925665406813803049e+00
-4.067264756077179300e+00
-5.252005436072350264e+00
-6.914449471979537520e+00
-7.830142357486129079e+00
-6.700316792207951622e+00
-2.849568666757999580e+00
3.279677155968828473e+00
1.009370364834323830e+01
1.536396524650734463e+01
1.713459995227028898e+01
1.462823264337206552e+01
8.679089201290924649e+00
1.404098487263937045e+00
-4.777633390504712807e+00
-8.264910310305198848e+00
-8.894939736003003361e+00
-7.708047349856706809e+00
-6.049265428455094629e+00
-4.648322873214013384e+00
-3.329016348989060070e+00
-1.524839895468349749e+00
8.552136400701710883e-01
2.976230276341111036e+00
3.518037713631980257e+00
1.767262024330938042e+00
-1.485159194694016360e+00
-4.075909105188872061e+00
-3.765001092812896299e+00
9.018362321584727503e-02
5.706176538029703593e+00
9.664922524504298451e+00
9.001469565344660140e+00
3.274012484041851856e+00
-4.828909910663164773e+00
-1.089061957930736035e+01
-1.137289150671374394e+01
-5.761619449501981016e+00
3.148732019169820262e+00
1.099624112979864776e+01
1.443151220657688505e+01
1.283368302391964200e+01
8.132909762897263306e+00
3.070264251087016838e+00
-7.179226981306634503e-01
-3.404002290164168887e+00
-6.090526047387482933e+00
-9.221442822232759795e+00
-1.168093075314690665e+01
-1.139955638279083239e+01
-7.060247574678891525e+00
4.315119862991416699e-01
7.956204194728939250e+00
1.184796525589650606e+01
1.015578540971092991e+01
3.935004697317803668e+00
-3.361294499148182346e+00
-8.009092411448399673e+00
-8.231231299455963324e+00
-5.044870371662447894e+00
-1.258760088570083813e+00
5.831907532055227161e-01
-1.497017188429102807e-01
-2.014909819608995178e+00
-2.801642753764922666e+00
-1.266044601838072881e+00
1.957127585703298367e+00
4.850751795429411928e+00
5.479480529043326165e+00
3.342507122093441474e+00
-3.077597255928374298e-01
-3.329402105579644999e+00
-4.080379849990280583e+00
-2.389541200173130431e+00
4.689155831346281667e-01
2.677113514038643949e+00
2.999229763564524198e+00
1.431542729504290401e+00
-9.344610868331117981e-01
-2.640009649474623465e+00
-2.684977861450851044e+00
-9.993532934896340869e-01
1.618207607308741469e+00
3.973553309851879600e+00
5.071700064116408058e+00
4.541023099095477633e+00
2.712621542568353306e+00
3.508968457261185669e-01
-1.802347195187569806e+00
-3.405867064617307705e+00
-4.581618088989577231e+00
-5.605987106051681934e+00
-6.435415834977891159e+00
-6.445017402223212954e+00
-4.679964073182746986e+00
-5.780543758422904688e-01
5.280215660257729482e+00
1.099315719871185415e+01
1.405354922853859989e+01
1.268992159328742098e+01
7.048532170941188113e+00
-6.062405171168128160e-01
-6.947380202213553346e+00
-9.355422212206427446e+00
-7.335101809317527533e+00
-2.674910935163647085e+00
1.760885417505895223e+00
3.817424215680065291e+00
3.239534417489755125e+00
1.514243527589045790e+00
5.511165754799914884e-01
1.185944268956383718e+00
2.588130060375282149e+00
2.977353313907748600e+00
1.097954948060848590e+00
-2.651914576393589851e+00
-6.292482557287494060e+00
-7.529302542396203890e+00
-5.349164234462109313e+00
-8.304990040639204096e-01
3.418519862302702883e+00
4.855437980793320563e+00
2.609240910086563670e+00
-1.922589846420790671e+00
-5.846987628998926212e+00
-6.429548569481937648e+00
-2.645216978237878269e+00
4.233487185114400475e+00
1.126695765841757435e+01
1.528409867266380040e+01
1.435156406598116696e+01
8.589823616529914219e+00
4.163225400930192777e-02
-8.254124334525009488e+00
-1.352893671256616770e+01
-1.435653791515615652e+01
-1.111254455611202374e+01
-5.660435121048615237e+00
-4.218622228057435919e-01
2.735011856063663593e+00
3.255332603855872087e+00
1.935996763163634782e+00
2.572772038738224687e-01
-5.746020073754907198e-01
-2.887544156222972003e-01
4.701809319044036872e-01
7.712646904074496046e-01
1.555276815408334068e-01
-1.027510118305132725e+00
-1.930890544446397517e+00
-1.907758946352240637e+00
-1.046379323916008408e+00
-1.224731200753833571e-01
1.511614477612666096e-03
-9.277431197644043781e-01
-2.300036540942274943e+00
-3.033775184391827917e+00
-2.332762325587502072e+00
-2.557376420126624694e-01
2.305778405126106989e+00
4.203791470707520794e+00
4.733918556806350431e+00
3.976530801486694244e+00
2.599855442992140553e+00
1.347271913688472766e+00
6.166198391462962558e-01
3.919086974637343568e-01
4.656750029158577275e-01
6.770541574300579235e-01
9.501298656919229257e-01
1.162482490358438092e+00
1.059210971069075358e+00
3.760856844361841755e-01
-8.998443085316448764e-01
-2.388810851067019403e+00
-3.490197392280401267e+00
-3.783887111578831064e+00
-3.332364860158836262e+00
-2.590656733907549913e+00
-1.957403300451535433e+00
-1.350019251194534586e+00
-2.308955016433242857e-01
1.843196441653898843e+00
4.567512590017035912e+00
6.748036984328564358e+00
6.958975797589409318e+00
4.628893824884968922e+00
7.242476103018939959e-01
-2.631614638962419761e+00
-3.505981220357885952e+00
-1.568232975349142411e+00
1.526946579734731690e+00
3.212437715429734553e+00
1.875943827412553500e+00
-1.832885279289108604e+00
-5.313917771366763354e+00
-5.854707815730144205e+00
-2.720012724880056521e+00
2.082145596831350254e+00
5.047555680491470298e+00
3.651245039188721009e+00
-1.709304903227008010e+00
-7.770881436595384884e+00
-1.052419003399766240e+01
-7.949610734100077458e+00
-1.431366136751632379e+00
5.167573598393763845e+00
8.112877089246087081e+00
6.232402122059111704e+00
1.480673319765634099e+00
-2.669705199243266325e+00
-3.739433351144698214e+00
-1.799971467599735142e+00
9.704251341981267043e-01
2.228777485811030523e+00
1.311498914116369541e+00
-4.344158315582057339e-01
-9.819474393660163614e-01
5.600080881906890351e-01
3.160430815587933040e+00
4.734711466737311802e+00
3.914773951355103865e+00
1.224604195601676659e+00
-1.339809391250329274e+00
-1.996275363238113609e+00
-7.192599019929156734e-01
6.977769144195926643e-01
2.018253642723663033e-01
-2.570919054953114902e+00
-5.613889554888456423e+00
-5.869854030971440650e+00
-1.689531721642185680e+00
5.450556437668607757e+00
1.144236189922122371e+01
1.212773506669842760e+01
6.234391577261550133e+00
-3.453372942274256729e+00
-1.163486247554848063e+01
-1.378280716793132754e+01
-8.970664465153538103e+00
-3.428108251143777707e-01
7.020765391951111489e+00
9.319817689153669704e+00
6.162013645122201844e+00
3.238279769776564176e-01
-4.437834214520954390e+00
-5.848094757617245953e+00
-4.201802609835739055e+00
-1.587727849297189131e+00
-1.037593193962353944e-01
-4.639835330530298618e-01
-1.865693701575428909e+00
-2.922377882172233932e+00
-2.748072947843895442e+00
-1.384071780488059122e+00
5.396119572233553097e-01
2.389257824358325788e+00
3.795854869646735796e+00
4.516209631789133816e+00
4.263635415442061927e+00
2.878948784905622560e+00
7.527491643197693483e-01
-1.017905644652358665e+00
-1.162312736242915756e+00
7.391157465710377350e-01
3.550920294903277430e+00
4.992504602338162734e+00
3.164559851837959403e+00
-1.803943395584744147e+00
-7.333697515231188291e+00
-9.810937531263867584e+00
-7.071951326525208081e+00
-2.031116285514205089e-01
6.818866153631569560e+00
9.641390280361667564e+00
6.552921675965252213e+00
-1.877234223599597573e-01
-5.807940659338567180e+00
-6.351477970293696096e+00
-1.518329244224691177e+00
5.097769722892616429e+00
8.629416947242773972e+00
6.539368962513445460e+00
5.372559205337812394e-01
-4.670948788067404323e+00
-4.935086933507124130e+00
1.124072495589509835e-01
6.609247347071187662e+00
9.220649038243646345e+00
5.125743051160052133e+00
-3.715756753873714846e+00
-1.175183641738645512e+01
-1.368764237068630507e+01
-8.227768793424743876e+00
1.002641224924443186e+00
8.018253109541360502e+00
8.640831202124422461e+00
3.257457035878990936e+00
-3.763721466732761201e+00
-7.453550321372419241e+00
-5.847412744653068373e+00
-1.166389704209917833e+00
2.193831042535081988e+00
1.233401557600691589e+00
-3.274018575480425408e+00
-7.380373859027626438e+00
-7.039094402847924314e+00
-1.296749878668028710e+00
6.814537362521637220e+00
1.234492310603007148e+01
1.190429349284908511e+01
5.988304234181716978e+00
-1.497844271024892038e+00
-6.069656094310846406e+00
-5.705527873098905189e+00
-1.910086616404676363e+00
1.824268637247353775e+00
2.828665231980832306e+00
1.149114186393859649e+00
-8.502584622068301012e-01
-7.182247103460686066e-01
1.874035296054561872e+00
4.729911429193334627e+00
4.866942592021801239e+00
1.044265087959211247e+00
-4.916288796967254626e+00
-9.123097529544288875e+00
-8.295702712970802750e+00
-2.225976840151389080e+00
5.776406323248554742e+00
1.084068242435529328e+01
9.605290952489498935e+00
2.361669299722427340e+00
-7.105831412297640703e+00
-1.380381314695488726e+01
-1.440999201374210514e+01
-8.966676113264178127e+00
-5.105459099361997488e-01
6.884818717963797852e+00
1.030409479897451241e+01
9.167877250345259910e+00
4.976773596099580921e+00
1.156113212731717521e-01
-3.399503718328264590e+00
-4.598776420193205539e+00
-3.576631338606487631e+00
-1.152695261497004520e+00
1.508435149698122313e+00
3.225792607087484498e+00
3.148250596481661834e+00
1.124331227641484299e+00
-2.086451362803130927e+00
-5.010339787027104919e+00
-6.119100187979276129e+00
-4.661845002711024755e+00
-1.164222629552339239e+00
2.776436774397320839e+00
5.339947404379337570e+00
5.481287473363990692e+00
3.465427968838993511e+00
6.231028603599169102e-01
-1.482719301844534820e+00
-1.929540560339636279e+00
-8.222808004192154741e-01
9.641792658497174706e-01
2.419354140370784556e+00
2.952661844407574954e+00
2.560918883637999244e+00
1.624914725066255450e+00
5.927759484170591620e-01
-2.001712927250328677e-01
-5.281963156800533188e-01
-2.345922176418819283e-01
6.917816900752724596e-01
1.941817061645628284e+00
2.815442611125415162e+00
2.458002118947350212e+00
3.843088850069302786e-01
-3.016139961175348994e+00
-6.406270137171700796e+00
-8.065602917855350995e+00
-6.870436973739456832e+00
-3.112315435410426101e+00
1.431412890201870347e+00
4.357610556221914955e+00
4.017409648780238207e+00
6.048174058870815495e-01
-3.772963085156844087e+00
-6.202537637961846428e+00
-4.678875285130875028e+00
5.769962626456359711e-01
7.040092632180611432e+00
1.118565501043146959e+01
1.048093261610252469e+01
4.911370893496212808e+00
-2.886972920538414478e+00
-9.015522304649293162e+00
-1.044336421374644885e+01
-6.647629975164311311e+00
1.799975997150795592e-01
6.444307414648722698e+00
9.157285501701906583e+00
7.449106962515469554e+00
2.747369118820407685e+00
-2.344367326267274620e+00
-5.648099514450828806e+00
-6.462189230302811005e+00
-5.504645251432873643e+00
-3.990061566855474418e+00
-2.636596740943434547e+00
-1.339492662233642051e+00
3.450862230936707076e-01
2.420002155204682648e+00
4.105383367835664821e+00
4.290861419921690789e+00
2.460819783538950034e+00
-6.661929164219764221e-01
-3.380812853745480684e+00
-4.044440102085859579e+00
-2.242047303539238090e+00
8.409593525585263851e-01
3.161385459400113618e+00
3.203494642157934891e+00
1.026523612874597369e+00
-1.794013340324829731e+00
-3.304486976954757793e+00
-2.566358509211595695e+00
-2.814444269191971326e-01
1.809091442326996590e+00
2.293285083869530894e+00
1.183721706738044332e+00
-1.011620689763889080e-01
1.314925278514631479e-01
2.459268059861319689e+00
5.764757868386074513e+00
7.935540128607444288e+00
7.347208005040691603e+00
4.030750330744884202e+00
-3.483249491299069689e-01
-3.680488943569417692e+00
-4.870956249016884954e+00
-4.466085352662661379e+00
-3.989761443695019061e+00
-4.531549632878633993e+00
-5.718240270519403978e+00
-5.918547236231965769e+00
-3.578293264615630243e+00
1.319070421830093487e+00
6.827543655264143752e+00
1.007859338039198782e+01
9.127727210873278096e+00
4.315939136138680077e+00
-1.842178120875737513e+00
-6.201773333561430235e+00
-6.912985014985720156e+00
-4.425092169181345625e+00
-9.413317574516656405e-01
1.206007101114617619e+00
1.070863243709005097e+00
-5.294196896911527173e-01
-1.918301646575541808e+00
-1.957914917370822572e+00
-8.582040247100021224e-01
1.613783607390933406e-01
6.976438537608514734e-03
-1.303198982570735298e+00
-2.592310518170509503e+00
-2.452452022403781129e+00
-4.155711280859326617e-01
2.554444780399967474e+00
4.656101224225681179e+00
4.518194875972834090e+00
2.219362937709211447e+00
-6.904536043971629677e-01
-2.202828522291080837e+00
-1.205783994946175497e+00
1.739352618073633394e+00
4.710254774222533136e+00
5.603778310951135211e+00
3.419048169473614784e+00
-1.136214342397873445e+00
-6.026168644631773930e+00
-8.963220144349167029e+00
-8.541266853918372703e+00
-4.851561484101128308e+00
6.386682755869105277e-01
5.783623034312830313e+00
8.663445052181085515e+00
8.326472888622426183e+00
5.120487865130728622e+00
5.158878123875458854e-01
-3.520731978277229945e+00
-5.380731747644430740e+00
-4.539775666163126111e+00
-1.792191147635877613e+00
1.178109306422733260e+00
2.714272774727456650e+00
2.103862051853917947e+00
-4.108017762119242633e-02
-2.188536777263054400e+00
-2.844269484644622370e+00
-1.474742939361240346e+00
1.176602359886467219e+00
3.560517678776535355e+00
4.257775459367390880e+00
2.783175802887842831e+00
-2.081824651626084099e-01
-3.359963072959301300e+00
-5.351009271506668163e+00
-5.473196827239605433e+00
-3.801040984137469714e+00
-1.015524731847911033e+00
1.891739454863237135e+00
3.881131728796721081e+00
4.116147426509010110e+00
2.283141479345148106e+00
-1.082862455528815104e+00
-4.530197258580883179e+00
-6.153765958913775869e+00
-4.562076218286209794e+00
1.241955864764144879e-01
5.941503731919191011e+00
9.855875311357362278e+00
9.394097534117552328e+00
4.227491522548179503e+00
-3.336599972793740321e+00
-9.425484724594461738e+00
-1.072819724926940488e+01
-6.437335594395620753e+00
1.203838510985184129e+00
8.131572691330079650e+00
1.075056947731934898e+01
7.909939507180628659e+00
1.414346150699464122e+00
-5.150516100018498022e+00
-8.483414037886397807e+00
-7.277084153092460816e+00
-2.668267498138674476e+00
2.640670078209819138e+00
5.914112323225388934e+00
5.678028898452854634e+00
2.213179106024226961e+00
-2.780240376640704891e+00
-7.007370265197287118e+00
-8.502056681297567309e+00
-6.385279136690342305e+00
-1.286894622391443921e+00
4.744482859058582136e+00
8.975907788722839342e+00
9.251683363739338972e+00
5.260404949495652183e+00
-9.673513397553555881e-01
-5.875723558385479883e+00
-6.320704487273427041e+00
-1.599910727489041395e+00
5.757122947983508432e+00
1.118045712713835194e+01
1.074160801143955979e+01
3.743782249380275928e+00
-6.500004087972750533e+00
-1.438585363146118290e+01
-1.531280710048770999e+01
-8.522189291197040717e+00
2.351280303427234486e+00
1.141540774950864723e+01
1.400242649944063622e+01
9.290214561522798675e+00
4.607068431435532574e-01
-7.551457915217511641e+00
-1.110808025080435968e+01
-9.701795071246547053e+00
-5.547305053107189465e+00
-1.515802345616341196e+00
9.255165383940240353e-01
2.301611656617573498e+00
4.020668261046816738e+00
6.655463316761902171e+00
9.100164043483562892e+00
9.313621359383803977e+00
6.052870185769240408e+00
1.856215142503343518e-01
-5.528095731410463287e+00
-8.122135994148624860e+00
-6.381244489222257066e+00
-1.645738582010857431e+00
3.112516333448982042e+00
5.253260947819229365e+00
4.055142131912562675e+00
8.562778380870650352e-01
-2.204424824764817714e+00
-3.779019040756887549e+00
-4.018485519044325827e+00
-3.971937746291792415e+00
-4.327728924742306305e+00
-4.645416044657648236e+00
-3.765074079020473974e+00
-1.048014903577647372e+00
2.650726137317408249e+00
5.223801448242702428e+00
4.747465290878473354e+00
1.073161283091010221e+00
-3.710240008546735524e+00
-6.458636540613236221e+00
-5.079252105849000110e+00
-7.876918178217495736e-02
5.611707501263931697e+00
8.497889540068442216e+00
6.817268601943895057e+00
1.682926729991777837e+00
-3.705481196718745540e+00
-6.208180212275830279e+00
-4.745570923316946299e+00
-8.059432861503390555e-01
2.787890162493276591e+00
3.882361949038590332e+00
2.330980854907434896e+00
-1.918496424096459430e-01
-1.615951194138879110e+00
-1.005553331940529649e+00
9.044077976538249519e-01
2.442215208289584716e+00
2.334682119764453390e+00
6.093544532803751856e-01
-1.542345913935924795e+00
-2.719139099641011192e+00
-2.289493868013402267e+00
-6.930792916309448382e-01
1.036178529656680558e+00
2.031678674849580091e+00
2.024856358447565619e+00
1.217339844594416576e+00
-1.188382846532307635e-01
-1.840839280544086520e+00
-3.743231729112239226e+00
-5.245633887968278231e+00
-5.425255462208076196e+00
-3.576372790991772632e+00
5.717029516629046348e-02
4.035021171312044075e+00
6.363142679283168235e+00
5.750760365762905835e+00
2.625648013377243739e+00
-9.205598476058888258e-01
-2.387293168624669892e+00
-5.579207667616163935e-01
3.541199699648574395e+00
7.156954804931666025e+00
7.536682132290343006e+00
3.736316886163367990e+00
-2.706240469516804747e+00
-8.675878383873492083e+00
-1.132963167375972624e+01
-9.652045559342008474e+00
-4.763479849939082023e+00
1.042613716369952037e+00
5.698009711718031056e+00
8.195637094047148352e+00
8.463874276252592921e+00
6.710267267585276585e+00
3.038651427499377888e+00
-2.232215198172192494e+00
-7.903054752890389167e+00
-1.172684121244421895e+01
-1.130451926012802133e+01
-5.712175511131098560e+00
3.276668091182457943e+00
1.150880740314997297e+01
1.450134780779369592e+01
1.014089147918321032e+01
2.853727260773046837e-01
-9.953413682409046004e+00
-1.501569754750321728e+01
-1.213811644606045981e+01
-3.001759411842091829e+00
7.285078580844167817e+00
1.323916617975341836e+01
1.216436687481033019e+01
5.474978179924177901e+00
-2.524157223232069480e+00
-7.457585784052306543e+00
-7.413227051153814529e+00
-3.652047853193405302e+00
7.233848786003991282e-01
3.018027170202600029e+00
2.528521081616025512e+00
5.295167170778913857e-01
-1.065206425183305772e+00
-1.221551377549551454e+00
-3.727069046282089904e-01
2.150425717864780095e-01
-3.476593337520541005e-01
-1.793170326894244049e+00
-2.924740558609747687e+00
-2.602160899956973417e+00
-6.614644052044149625e-01
1.955822870991621887e+00
3.932893095817698637e+00
4.557226264355541900e+00
4.162669698592425860e+00
3.694285483239795997e+00
3.766416981774042050e+00
4.001729017096948837e+00
3.237248294179746466e+00
5.097000063326222463e-01
-3.906316839856189382e+00
-8.248730016911647311e+00
-1.013032537263894639e+01
-8.038805275723298394e+00
-2.489188811153460801e+00
4.004247428582766943e+00
8.231170113174341552e+00
8.118177943275572517e+00
3.965511532677979289e+00
-1.698681458446386294e+00
-5.583684988966865603e+00
-5.542492752536673173e+00
-1.775012144001045122e+00
3.370605345818297849e+00
6.833428773595331407e+00
6.611928030604881101e+00
2.816590151178030688e+00
-2.558999815954647872e+00
-6.904161088573736116e+00
-8.450026487361389727e+00
-7.046164256285343264e+00
-3.897067304692913403e+00
-5.930844485826187729e-01
1.828535526667208755e+00
3.191809544459005998e+00
3.794908897133526526e+00
3.791259287927199573e+00
2.933879946955983531e+00
9.262610991022111051e-01
-1.932644926888609671e+00
-4.439032222948398498e+00
-4.944542097169549955e+00
-2.424920060251173126e+00
2.560732038472571581e+00
7.804707834716599457e+00
1.052509511677065746e+01
9.018137601097755862e+00
3.827635703625879238e+00
-2.417364378597945951e+00
-6.506823378592480722e+00
-6.590523372053495699e+00
-3.301920258234321004e+00
6.915479337703676066e-01
2.435622925501027769e+00
5.895995681079626571e-01
-3.764113568817795130e+00
-7.901734996027059310e+00
-9.260360473784036373e+00
-7.033964242826638014e+00
-2.537264602699677685e+00
1.801402923250806198e+00
4.032051736315460211e+00
3.757681629691670633e+00
2.061656356286986735e+00
5.202098043953666817e-01
1.301381726066583866e-01
9.033718758034050555e-01
2.253583301288511365e+00
3.663959091669039658e+00
4.987353613698440213e+00
6.164417193826627894e+00
6.747385382004183363e+00
5.847312369095035045e+00
2.759245475646807222e+00
-2.145368256902082660e+00
-7.060599044724955142e+00
-9.453487357189011675e+00
-7.578886321511826729e+00
-1.827904490673247118e+00
5.113736286415793586e+00
9.590954264925104056e+00
9.057377797208715720e+00
3.599444875708374347e+00
-4.085539745904627651e+00
-1.024485397333334724e+01
-1.215688192803128942e+01
-9.459257183813065240e+00
-4.012067288158737810e+00
1.417173371925271486e+00
4.676311827029431711e+00
5.049133124955069718e+00
3.118024799798637670e+00
9.160585432765377956e-02
-2.785471251125359426e+00
-4.464283117204301377e+00
-4.161936562595673905e+00
-1.599853092240277608e+00
2.583297357478557377e+00
6.668602521208647715e+00
8.416678403282752186e+00
6.319234492245754176e+00
8.157360793298120694e-01
-5.510043122349793876e+00
-9.200427701615787157e+00
-8.053182670768837426e+00
-2.711323513666014762e+00
3.517194043290206018e+00
6.697115773840570441e+00
4.890230060205190910e+00
-4.566174320386416907e-01
-5.429445977609583807e+00
-6.338172936804486568e+00
-2.334184765549398577e+00
3.922328151973772936e+00
8.081540828576592617e+00
7.167021879176356691e+00
1.716136215210955163e+00
-4.539229877061892182e+00
-7.239859830907581895e+00
-4.399000535573482473e+00
2.272450146009538763e+00
8.599545172066523691e+00
1.079045999982696102e+01
7.855024316670149886e+00
1.959845630778205283e+00
-3.357381275067123472e+00
-5.671894928394370261e+00
-5.038688175260384483e+00
-3.405690715978598959e+00
-2.752832317210387014e+00
-3.515629654295190587e+00
-4.472595413436561529e+00
-4.018763826473587208e+00
-1.652762654465290915e+00
1.573112514578362875e+00
3.948668310969688289e+00
4.512255242046689041e+00
3.736997589312581525e+00
2.925515651378756132e+00
2.881080757170023432e+00
3.069661133042622225e+00
2.081708598145014744e+00
-9.312722932018793198e-01
-5.081929709728557398e+00
-7.963918396318741877e+00
-7.294504852051713506e+00
-2.793762946834385641e+00
3.224639276868734861e+00
7.185112823300461748e+00
6.664495883607857607e+00
2.140822003017655462e+00
-3.264743418697258814e+00
-5.932882949171923492e+00
-4.241372707932837827e+00
4.046779702419317504e-01
4.731567793949746914e+00
6.032460731891968742e+00
4.037116291745610930e+00
8.561592267964273084e-01
-8.522669247411706062e-01
7.782421603804157151e-03
2.237553350063977486e+00
3.497018584259355745e+00
2.335018862253915639e+00
-5.941220318618170015e-01
-3.125704315800733379e+00
-3.487436891077738466e+00
-1.908130334283977714e+00
-5.354058528773427694e-01
-1.631409961668899955e+00
-5.460293519486302039e+00
-9.632797195184719996e+00
-1.060477155481555300e+01
-6.335693385283346579e+00
1.882732277534006737e+00
9.907962872039629332e+00
1.334300376787823339e+01
1.046190742195973478e+01
3.380406292518078448e+00
-3.375284738588760103e+00
-5.888184378365344251e+00
-3.335983720648954876e+00
1.739843414030885160e+00
5.435332265937683260e+00
5.220235438048481669e+00
1.471060343564661643e+00
-3.131450889313454500e+00
