-9.713226681245183514e+00
-4.537115747350454420e+00
2.215051739089272331e+00
7.356796698222898279e+00
8.721493666086306717e+00
6.115315718711791249e+00
1.108584583979750571e+00
-3.944417575873395698e+00
-6.961313746868517782e+00
-6.789717800612201870e+00
-3.414071060020877013e+00
2.116059507596443900e+00
7.940586648256640956e+00
1.189366673212095904e+01
1.229155378885253036e+01
8.762827353075516967e+00
2.628460638652426518e+00
-3.568957189958667620e+00
-7.297401089801391016e+00
-7.371537800769126569e+00
-4.553010721455331478e+00
-9.933982107784913307e-01
1.133958156588233956e+00
9.070560235110635139e-01
-9.922038907611651082e-01
-2.996250761778049831e+00
-3.829271497795652124e+00
-3.261358756773177436e+00
-1.966840271271332874e+00
-7.552068881427502767e-01
9.065703161617472139e-02
8.103988347471664522e-01
1.584945304458150961e+00
2.017131644503921795e+00
1.278255304211848076e+00
-1.086292130954775059e+00
-4.368931325842456914e+00
-6.731835201413623793e+00
-6.269821725697810599e+00
-2.441136529650533404e+00
3.233465544653907564e+00
7.881551824315097932e+00
9.052103377615432933e+00
6.343931104357454664e+00
1.689048649713244865e+00
-1.977268146362427093e+00
-2.737318217312509461e+00
-9.372879397320197370e-01
1.256211447021993166e+00
1.644456173413992861e+00
-2.401770290735242286e-01
-2.762809833956189731e+00
-3.518539903790632195e+00
-1.360229066594899727e+00
2.464348551976588197e+00
5.022887982057457457e+00
3.826558897243670820e+00
-1.163316107250782494e+00
-7.174336108498927445e+00
-1.027907084214804811e+01
-7.982060200192634625e+00
-9.563732740804842258e-01
7.277583024518923693e+00
1.251451489588033539e+01
1.240404314148920051e+01
7.705814540999442741e+00
1.543086901652709120e+00
-2.693252437610563987e+00
-3.321000076289044589e+00
-1.004581581079002861e+00
2.125140750176589322e+00
4.030890971095468345e+00
3.879880055674018280e+00
2.113586574902666104e+00
-2.659005977334059079e-01
-2.449498147132277648e+00
-4.055068252222308267e+00
-4.875321641424100960e+00
-4.617853271515917513e+00
-3.039790715953105238e+00
-3.961021087185044864e-01
2.296656531688309855e+00
3.619011112093582394e+00
2.644232495272129224e+00
-2.608141272454885251e-01
-3.432239944489745120e+00
-4.872996846943923543e+00
-3.596006708192034385e+00
-3.793555621519375531e-01
2.686966602663131365e+00
3.620196330321770795e+00
1.942155403995476259e+00
-9.758516146493072529e-01
-2.917071334247497649e+00
-2.473560275778061701e+00
-1.347771021701590910e-01
2.034670194741125204e+00
1.954245406326579282e+00
-7.862153889408775020e-01
-4.380422935074998136e+00
-5.899114926510644175e+00
-3.352019690671809826e+00
2.696723822431726703e+00
9.146063718913621798e+00
1.212288553882061315e+01
9.415507865188757819e+00
1.999565643515513358e+00
-6.372909740400230838e+00
-1.131452888681413782e+01
-1.035759065908825960e+01
-4.347977109045993771e+00
3.150685193963009390e+00
8.019925484413507277e+00
7.948507033534466970e+00
3.571750218442439895e+00
-2.203744352435233811e+00
-6.134679487784358898e+00
-6.552756339631523375e+00
-4.093921501125764806e+00
-9.237005183633820726e-01
8.885667619116248694e-01
7.122683930331241697e-01
-4.345186833714587138e-01
-8.421481826016571359e-01
5.113078642125363782e-01
3.138138300586126750e+00
5.322429565625481196e+00
5.274350922056179947e+00
2.345307780573965051e+00
-2.512250552828596106e+00
-7.308789566454350073e+00
-1.017471554021478397e+01
-1.031737827208242386e+01
-8.192740494022960007e+00
-4.906199424676295884e+00
-1.396592303803840363e+00
1.956325682914156205e+00
5.072681211075620311e+00
7.608439687268663931e+00
8.709082821498206783e+00
7.445385779223137490e+00
3.689314211137322719e+00
-1.285888239593822480e+00
-5.125814729308780571e+00
-5.650632749975800451e+00
-2.309425282710416027e+00
3.199132137898103245e+00
7.720778662194732078e+00
8.490435451467826411e+00
4.877331635320218517e+00
-1.153711529178318651e+00
-6.242765806709137166e+00
-7.750190968690092497e+00
-5.383610221912546123e+00
-1.236488848750722402e+00
1.776197490790240696e+00
1.980429863580669192e+00
4.434548840410734716e-02
-1.659822968998374781e+00
-9.623049787347297546e-01
2.326770473679686813e+00
6.096108890777078848e+00
7.359637312697799416e+00
4.452238668833888191e+00
-1.574877476144684874e+00
-7.404048209531820746e+00
-9.508697356150397795e+00
-6.445777582993069466e+00
1.719758021382169488e-01
6.678634420940043448e+00
9.641011392544262648e+00
7.889955242150796799e+00
2.990581295117546556e+00
-2.038496258233724490e+00
-4.756409044894690297e+00
-4.652854772287366103e+00
-2.991284389281020140e+00
-1.455782158239223190e+00
-7.530879767068412445e-01
-2.558126091711031558e-01
1.109036483710942322e+00
3.530870558998740361e+00
5.714981099961416788e+00
5.621269416069397451e+00
2.088038787223996717e+00
-3.880082646528411949e+00
-9.251895359309791900e+00
-1.065677654070752567e+01
-6.600390343293166318e+00
1.293132273397937348e+00
8.962664609060038146e+00
1.221844548085736903e+01
9.273338784677164881e+00
1.883170286640074131e+00
-5.668101184582798879e+00
-9.139108122229954390e+00
-6.868043113790661458e+00
-7.085250561437290706e-01
5.190980079464282859e+00
6.975164480917453780e+00
3.424577787752755675e+00
-3.363553596599885953e+00
-9.313704770422379653e+00
-1.085115414687072821e+01
-6.994820262856096704e+00
1.595134902571708757e-01
6.768557501591095260e+00
9.504657136332442136e+00
7.381049639442062826e+00
2.116839496339527837e+00
-3.056451068793487380e+00
-5.334245100286568508e+00
-3.849066111816358049e+00
7.064449099608682836e-02
3.914672490581817321e+00
5.560256691244033433e+00
4.428230097441908875e+00
1.599131974272178125e+00
-1.060569189436064486e+00
-2.130417719833604728e+00
-1.444795201246108496e+00
-2.991232311128848298e-02
7.070552383747510383e-01
-3.463541120345607627e-02
-1.918674646377328541e+00
-3.701239592670795719e+00
-4.033551766129404470e+00
-2.310494065315052303e+00
9.545434754297819069e-01
4.424564957595935155e+00
6.681217534551730175e+00
6.943297308886111630e+00
5.351367249587460684e+00
2.715761014786339356e+00
-3.448807910894613471e-02
-2.310797132641343232e+00
-3.959348419065809033e+00
-5.008848329745344330e+00
-5.344836582033583028e+00
-4.624348520664226747e+00
-2.544753360651241803e+00
7.172192086641043796e-01
4.259242668240746710e+00
6.680491801308002131e+00
6.753252874763222557e+00
4.173018587281880798e+00
-1.058992762258539333e-01
-4.242972643823479828e+00
-6.457781492450001437e+00
-6.022701325931578253e+00
-3.685563349293933477e+00
-1.212551125833992938e+00
-2.805030243454770256e-01
-1.385469827470272808e+00
-3.474012901462060654e+00
-4.585679728836739244e+00
-3.156566631670490342e+00
8.240047352141838255e-01
5.576252641529570120e+00
8.444469560019181031e+00
7.468538793190415248e+00
2.663312261142452453e+00
-3.816188591862088142e+00
-8.789386522350085329e+00
-9.820582657231071266e+00
-6.595462566451337771e+00
-1.071922150537113705e+00
3.688794010379603971e+00
5.303616077350691960e+00
3.391025846098772334e+00
-3.364373774694093822e-01
-3.217570284198065789e+00
-3.285073361697973926e+00
-3.979447275300971310e-01
3.782051882824657874e+00
6.878341656049616226e+00
7.224231259371041602e+00
4.749856741061491583e+00
8.573431803154196729e-01
-2.532536013605318992e+00
-4.096204084220971708e+00
-3.698919552132547750e+00
-2.186342808682338212e+00
-6.383602054237851320e-01
3.462589885858673444e-01
8.674452948652356943e-01
1.378369349217464013e+00
2.115408627900135841e+00
2.772635891339164438e+00
2.677482321749493632e+00
1.337525082300387025e+00
-1.053491765674076763e+00
-3.544939728890482478e+00
-4.890335440105833875e+00
-4.267959215839240095e+00
-1.802810842628419064e+00
1.448211928691553130e+00
4.044652435698463222e+00
4.909081685335427991e+00
3.831209440118962917e+00
1.468202556249789126e+00
-1.090409337057955064e+00
-2.873778571192397990e+00
-3.366678740906178025e+00
-2.515714020897723557e+00
-5.481996160328803658e-01
2.150083758203331641e+00
4.981129854867614171e+00
7.033002902677808699e+00
7.197696990257183458e+00
4.656500988176270894e+00
-4.457286386845451531e-01
-6.604902909876762429e+00
-1.129234588538297146e+01
-1.207561784135593186e+01
-8.019154530324504648e+00
-5.197755886915484957e-01
7.082718727210106202e+00
1.110065180067273971e+01
9.497462691431547199e+00
3.123619691058220127e+00
-4.626081939839528978e+00
-9.638537835518855346e+00
-9.375595916604613222e+00
-4.286057160602453564e+00
2.511506713486887143e+00
7.081710341493169025e+00
6.939764360622939776e+00
2.386716746635041186e+00
-3.823889588236444759e+00
-8.187863648599375210e+00
-8.428892395556424333e+00
-4.596438765727413056e+00
1.230487160024823279e+00
6.267530447296289609e+00
8.475934897600371443e+00
7.337882383893105320e+00
3.720450459164867496e+00
-8.268093170130662584e-01
-4.786978679378101731e+00
-7.066071209889907223e+00
-7.092749792795029151e+00
-4.852790281626343294e+00
-9.711494304853927062e-01
3.292009163978797837e+00
6.357349508365921942e+00
6.982213007828308449e+00
4.943918033378244203e+00
1.270755070190651370e+00
-2.248634547993632715e+00
-4.061706089184926149e+00
-3.736499399319301862e+00
-2.133265601120642341e+00
-7.305484646092139656e-01
-5.692962130473573357e-01
-1.557289795577452951e+00
-2.614746702253032851e+00
-2.525201311362776480e+00
-8.451501911106320541e-01
1.793066422811310678e+00
4.169675823794714908e+00
5.338684450361724565e+00
5.187566695338240663e+00
4.302958534608260166e+00
3.330443841935113003e+00
2.419327665735628408e+00
1.239408711473579006e+00
-4.652369140500506317e-01
-2.320936782624666961e+00
-3.347811647758212494e+00
-2.665422501689304724e+00
-3.610180921543234556e-01
2.242435204652870606e+00
3.295505250450104562e+00
1.725571407402898050e+00
-1.798199798532543303e+00
-5.041613308124243353e+00
-5.554970340383817096e+00
-2.352228661080414618e+00
3.242102318495053481e+00
8.230658024217916591e+00
9.714678145284542765e+00
6.661590282179325584e+00
5.251180660246790310e-01
-5.648885296121697763e+00
-8.997100844020211596e+00
-8.338238863047791938e+00
-4.529926476327402973e+00
3.495969496397486331e-01
4.278671898472148349e+00
6.162296557297008981e+00
5.902545106558596544e+00
3.932656480211934813e+00
7.900036128749183817e-01
-2.922065109641611258e+00
-6.329366804954855041e+00
-8.278465086869843503e+00
-7.787364362712472676e+00
-4.732968975900995190e+00
-2.080386416720483300e-01
3.879819177808892405e+00
5.836696186711371581e+00
5.173734611902551350e+00
2.844420279248991434e+00
5.281437524116265880e-01
-5.321368749362034301e-01
-2.887320041413559135e-01
2.946801155207416367e-01
1.755634130578757057e-01
-8.613204808897763076e-01
-2.060023114609771611e+00
-2.411902205112208541e+00
-1.612994744490029886e+00
-4.197568151735999731e-01
-4.888954932136968523e-02
-1.079324937272899909e+00
-2.787864543696687569e+00
-3.564762058492605412e+00
-2.195271250477076386e+00
9.710144620345835254e-01
3.968534432064434014e+00
4.489819940826231814e+00
1.643427883950904222e+00
-3.129200050179235415e+00
-6.788371178643773263e+00
-6.701955764765074264e+00
-2.544669771744904274e+00
3.314580450525557609e+00
7.318754886947747451e+00
7.137572333310478356e+00
3.298602955110611745e+00
-1.157181492081647889e+00
-2.802242730263602599e+00
-2.554681553168525188e-01
4.800925909741993181e+00
8.755480545422368976e+00
8.564256208932391701e+00
3.855042504810774595e+00
-2.831504193820388871e+00
-7.804751955328196544e+00
-8.715814246271524013e+00
-6.014389688237715248e+00
-2.384101595207970714e+00
-6.367365826871834722e-01
-1.638351564449761932e+00
-3.778012882597053146e+00
-4.335058769191467043e+00
-1.702221235892249940e+00
3.205252481901403883e+00
7.430971397397556188e+00
8.045189380947729063e+00
4.324375367585832741e+00
-1.549013878078962847e+00
-5.831703583481322894e+00
-5.728579074274258609e+00
-1.339487047393910224e+00
4.326436516409504662e+00
7.323455135280727113e+00
5.416119585175257711e+00
-3.880363910316393383e-01
-6.464382368743745388e+00
-8.944846849587413828e+00
-6.252739023543194996e+00
-1.103142139423365364e-01
5.635579206399258467e+00
7.560522664513580793e+00
4.867174918126280225e+00
-2.127870172354147660e-01
-4.048907701062967490e+00
-4.135302066506331364e+00
-7.837146103211465320e-01
3.152567555978509795e+00
4.315576593577464592e+00
1.238357093205259440e+00
-4.537885567683900945e+00
-9.389251050636257645e+00
-9.959136099922440977e+00
-5.362007802466331796e+00
2.215105487848110677e+00
8.880441440597920177e+00
1.143091656754394236e+01
9.185200180785985324e+00
4.113298451778671705e+00
-6.887658525233926188e-01
-3.032157872140454735e+00
-2.776915019641980731e+00
-1.414517981706135519e+00
-5.792334223812521943e-01
-7.100743954897277277e-01
-8.810692584120899395e-01
1.429232941175456184e-01
2.545647881750074504e+00
4.965005060925006930e+00
5.361654138229512867e+00
2.654820741024416009e+00
-2.145787536789617089e+00
-6.297920302025380224e+00
-7.084419041787394455e+00
-3.791142170522391552e+00
1.551987712609737002e+00
5.333008911411582176e+00
4.752602645960747552e+00
-1.534553145688044573e-01
-6.306195344861874830e+00
-9.441036289549240124e+00
-6.868142769176687423e+00
6.824080913296355355e-01
9.375795007958462435e+00
1.457136300831712283e+01
1.362280287105409293e+01
7.387350042109781967e+00
-4.704916926384818954e-01
-5.844640273187374113e+00
-6.643828279972319173e+00
-3.795057900137112306e+00
-2.835955637907945359e-01
9.881296449388921044e-01
-9.477912562676824582e-01
-4.711916297528651931e+00
-7.715789162342026941e+00
-7.952677721962110091e+00
-5.216753997963439637e+00
-1.033168167660684755e+00
2.498389099541187708e+00
4.059457136569251112e+00
3.757758570425519196e+00
2.732670031964660406e+00
2.126889015847057696e+00
2.212547224792544842e+00
2.272717806625590864e+00
1.263772390025449166e+00
-1.259928658006221447e+00
-4.631497261629814233e+00
-7.333002815075701619e+00
-7.866127340322401906e+00
-5.667039415560972238e+00
-1.484272928413110204e+00
3.007796206659151927e+00
6.106388050333080741e+00
6.934620945639361267e+00
5.756770382961958532e+00
3.621696988456061472e+00
1.627055504604917546e+00
3.104433811102904617e-01
-4.558193723118895146e-01
-1.066280255753345951e+00
-1.642712419272307933e+00
-1.809117496495678434e+00
-9.898494750715217672e-01
9.787490232422584313e-01
3.416737377531741338e+00
4.965526509618171325e+00
4.353004483026070126e+00
1.293920716141201854e+00
-3.114318995837900061e+00
-6.858937277816608891e+00
-8.125974790829628702e+00
-6.372581964414760769e+00
-2.649720962913534095e+00
1.054524822075927126e+00
3.024005642180978004e+00
2.776477576227042832e+00
1.163292732445679212e+00
-3.953157945077759861e-01
-9.434811962666131979e-01
-5.471688201193194434e-01
-3.105776133627061175e-02
-1.831814819756855395e-01
-1.094872213237569447e+00
-2.144848080084826414e+00
-2.581454739886710037e+00
-2.162262879331476206e+00
-1.281830674850062302e+00
-4.816946040010154917e-01
1.944967071149948934e-01
1.354325669024263767e+00
3.663465901348841314e+00
6.927308489687867166e+00
9.668626599636366947e+00
9.761971581671595288e+00
5.892156140546345178e+00
-1.138289191492115382e+00
-8.309771533040740010e+00
-1.182161474272685453e+01
-9.314342149025378603e+00
-1.477865610185483902e+00
8.069261388220990483e+00
1.466597461594258789e+01
1.514718097265192398e+01
9.492140493380071931e+00
6.246699114278282394e-01
-7.405426028029146401e+00
-1.165223990349417882e+01
-1.157119715334587795e+01
-8.767397919069686907e+00
-5.606391458081821710e+00
-3.720377890564418699e+00
-3.309552831236567183e+00
-3.461328051679137818e+00
-3.036381336946982312e+00
-1.445481081918835731e+00
1.092201780630746466e+00
3.774921638484042941e+00
5.636762610192988632e+00
5.915181528375256015e+00
4.311107531103265167e+00
1.169813530133546831e+00
-2.474433223747602995e+00
-5.144919796464697548e+00
-5.525601740663575789e+00
-3.200194969284074542e+00
9.397217418866888883e-01
5.009292486081527329e+00
7.116354274601687457e+00
6.448259233665238455e+00
3.721024134235360492e+00
6.384209049540086056e-01
-1.286368633396009153e+00
-1.701607967502960062e+00
-1.469419708499900334e+00
-1.786649037397857187e+00
-3.094140423389983852e+00
-4.669736408917310122e+00
-5.247944513912806030e+00
-4.151771166258406254e+00
-1.961271219286289558e+00
-9.103381803074372947e-02
4.372339616361423653e-01
-4.056139446966811057e-04
2.065111662116994040e-01
2.537909529808319853e+00
6.792890882002111219e+00
1.068318178081666048e+01
1.113278254121389566e+01
6.517190848088255883e+00
-1.790165840900319827e+00
-9.856078711562359373e+00
-1.351504554983174344e+01
-1.105760328474412901e+01
-4.376303643078969685e+00
2.301248290427079901e+00
5.240144166209979026e+00
3.595367468973273972e+00
-3.002855750860031758e-01
-2.886462331535117443e+00
-2.060344090226287950e+00
1.397574611089050345e+00
4.643455771190659220e+00
5.100984404705998898e+00
2.454940197809218461e+00
-1.208516257054504051e+00
-3.142178886706228358e+00
-2.120612408933035375e+00
6.736254945442921027e-01
2.724475136958092847e+00
2.304247626553130424e+00
-9.267595215076140924e-02
-2.163162654267551055e+00
-1.714057367247415975e+00
1.471896473617103851e+00
5.340953388500535581e+00
7.102038981065545542e+00
5.380442833200630659e+00
1.284878311137488183e+00
-2.451586244157557992e+00
-3.562499478196553770e+00
-1.907001144128602999e+00
5.987384734971649136e-01
1.670304447393535785e+00
5.546173658654612870e-01
-1.419188246101397599e+00
-2.076418525999868425e+00
-3.800353277709347388e-01
2.512472752633791107e+00
4.050626518347184124e+00
2.358186256507047052e+00
-2.099767557757092895e+00
-6.650335848587886289e+00
-8.329465712517938769e+00
-6.118649018158305530e+00
-1.733898985184239905e+00
1.692928214211049109e+00
2.038964368084609013e+00
-1.776237711003053610e-01
-2.261569174303898144e+00
-1.563451109737372668e+00
2.275923893636460082e+00
6.848429764518480845e+00
8.702207681498968839e+00
5.985109323328484443e+00
-1.179600917396750326e-02
-5.616722312213207502e+00
-7.312405207244278671e+00
-4.182476467705354750e+00
1.505368399551448189e+00
5.946450850027447999e+00
6.412781006244002491e+00
2.943382525126149396e+00
-1.985380341618188105e+00
-5.372169944438431877e+00
-5.670558597314559357e+00
-3.464800690496576685e+00
-6.066444450229141472e-01
1.264620390879711564e+00
1.615742509177738651e+00
8.306942156778081010e-01
-5.628988960914208528e-01
-2.349273965677062925e+00
-4.340871674912719413e+00
-5.796185152593230860e+00
-5.382274151054441624e+00
-2.053107165203006179e+00
3.736685909931854788e+00
9.615131002122474513e+00
1.236543157334835286e+01
9.999148412620764148e+00
3.368600416607258730e+00
-4.029930084052009143e+00
-8.166239547919103003e+00
-7.126938886337843115e+00
-2.397416456506100690e+00
2.228563329972751195e+00
3.383205085910806709e+00
5.209484463093728701e-01
-3.792135799973959998e+00
-5.904052878003071214e+00
-3.886072936585112991e+00
9.956747173899931358e-01
5.246618482850502474e+00
5.794637110556918991e+00
2.303679369168985858e+00
-2.589703114996786404e+00
-5.258154359555062385e+00
-3.750909117121242975e+00
8.570510193366130958e-01
5.378099636017842577e+00
6.896583258752015944e+00
4.773863137510833354e+00
8.207891444376587131e-01
-2.331155276073518579e+00
-3.258190067208196705e+00
-2.572967753867974938e+00
-2.023411250752504387e+00
-2.754874777299663791e+00
-4.252176050070804791e+00
-4.833735800407662708e+00
-3.230979083453295875e+00
1.278138095244683026e-01
3.254708423832022746e+00
4.090769833497160057e+00
2.140070640887946851e+00
-1.095427356657592943e+00
-3.253065990784222095e+00
-2.910885244610804001e+00
-6.067949042443658847e-01
1.726872802862872813e+00
2.418552457909167508e+00
1.420878012909336352e+00
2.525593808691045661e-01
5.748040950487365297e-01
2.607111831628952547e+00
4.750741908479449549e+00
4.815826584509871999e+00
1.916300679933021556e+00
-2.512940215050259773e+00
-5.495107367263911691e+00
-4.613136171574386601e+00
1.074316627823856951e-01
5.973544936249568948e+00
9.291103810414275799e+00
7.767503848351438478e+00
1.974273116740216327e+00
-5.091628645781826279e+00
-9.937113388920733925e+00
-1.059616331435282177e+01
-7.441302440223028114e+00
-2.478734219638003111e+00
2.102105804600213901e+00
5.010147824840339048e+00
5.990641912387681955e+00
5.307547274359153633e+00
3.293692008647381986e+00
3.965021674988677969e-01
-2.514831600045067006e+00
-4.174439807218339737e+00
-3.568350938881507783e+00
-8.087487983412796622e-01
2.573608749288482489e+00
4.403047383258297920e+00
3.320231281390865874e+00
-1.326917176329880932e-01
-3.733016818016851701e+00
-5.090406017637391756e+00
-3.392885759941990376e+00
-4.375636555795825444e-02
2.374475138245973227e+00
2.085845485399767441e+00
-4.582197904045720027e-01
-2.869993271930961320e+00
-2.682065582691720351e+00
6.142756545516113720e-01
4.937938797204328267e+00
6.960620343543274302e+00
4.498777955090361047e+00
-1.789371580923471150e+00
-8.660553682567801559e+00
-1.232910222825731239e+01
-1.084206621682618277e+01
-5.146960476984533628e+00
1.772556024005413899e+00
6.912558159390790991e+00
8.910401063709162628e+00
8.293901132351496841e+00
6.443066869834439103e+00
4.329253874744953379e+00
2.078319903361122378e+00
-4.664532989257582640e-01
-2.931195218349231801e+00
-4.277771579122963352e+00
-3.585026401746854052e+00
-1.048753047491045809e+00
1.814077104900789994e+00
3.149166492906671611e+00
2.263271443208459743e+00
3.765142749847273929e-01
-1.685203818206320037e-01
2.183535064834834394e+00
6.611382518325080504e+00
1.002115387216715447e+01
9.020073180946027946e+00
2.472432661443813906e+00
-7.239141254486375132e+00
-1.531877865093413504e+01
-1.743417211687116009e+01
-1.245902232758247230e+01
-3.203752289148745547e+00
5.369933964761266054e+00
9.225633351735858412e+00
7.551205334506562394e+00
2.830087880322244231e+00
-1.177931361174051839e+00
-2.019129466585770416e+00
7.075523432676267266e-02
2.752666709204840689e+00
3.496495209166052387e+00
1.367222282858974403e+00
-2.481928821666871343e+00
-5.740960844525726081e+00
-6.474398549687802706e+00
-4.197023808172152926e+00
4.630561687200585030e-02
4.395276828700080962e+00
7.084797353594927571e+00
7.078039375301091951e+00
4.320465316102464648e+00
-2.634272938948596376e-01
-4.974259366614290023e+00
-7.833778667767685278e+00
-7.399968837270178845e+00
-3.613653504109933134e+00
1.881706602974814180e+00
6.370627904398477703e+00
7.483572527067946289e+00
4.595422491807598320e+00
-7.505443932704392029e-01
-5.771027209743527564e+00
-8.153237021431580800e+00
-7.375064957008462763e+00
-4.719594351232981211e+00
-2.043757092779339146e+00
-3.151830355759484004e-01
9.054396426713574586e-01
2.652604240650034306e+00
5.165185128245421531e+00
7.207253936767989089e+00
6.843747100527239446e+00
3.169299313954521136e+00
-2.444113096379486372e+00
-6.806139031444788046e+00
-7.007758928662704889e+00
-2.694155280448049972e+00
3.312283596704463040e+00
6.765427467215660684e+00
5.043508624619988723e+00
-7.290215615855487608e-01
-6.210356922093703602e+00
-6.861924857420582669e+00
-1.384639930290069820e+00
6.982026155272444967e+00
1.242826482402067256e+01
1.058138534681651777e+01
1.751913596781051297e+00
-8.963211031684821251e+00
-1.492664259432419449e+01
-1.237377132506001054e+01
-2.942842109198313238e+00
7.430158153122271791e+00
1.246551119912960459e+01
9.598001610467001399e+00
1.399847987938214189e+00
-6.455230603820933055e+00
-9.103010116849484135e+00
-5.512284174464439523e+00
1.324915126771757157e+00
6.869797317591737951e+00
8.192532046322604344e+00
5.564529396790703686e+00
1.607139616840256302e+00
-1.031655722597596192e+00
-1.557990760750219694e+00
-1.133736118210113775e+00
-1.387070432449340140e+00
-2.747150791753568910e+00
-4.024707590080240927e+00
-3.530849700247386203e+00
-7.253020736853282857e-01
3.040347018721399230e+00
5.361168846280969902e+00
4.575145238183347729e+00
1.099421471356161195e+00
-2.773607886967128788e+00
-4.509042254720698750e+00
-3.172660339832339638e+00
-9.893053894192960218e-02
2.113574873719970881e+00
1.525434905600256741e+00
-1.720870545602114721e+00
-5.497175594408208354e+00
-7.189606596031826946e+00
-5.483994063076318426e+00
-1.173004970868851693e+00
3.507228628296715112e+00
6.430395681585126866e+00
6.865129551709481248e+00
5.632910703679693043e+00
4.170197549363703793e+00
3.313946289760775876e+00
2.749720172196020940e+00
1.481170635365756993e+00
-1.120327441885158315e+00
-4.543935300717041770e+00
-7.260115984848713566e+00
-7.666357595853323659e+00
-5.188196314689364819e+00
-7.649029388043668831e-01
3.614223758567072231e+00
6.018870288409297054e+00
5.628443190585411315e+00
3.097743683840358475e+00
6.811228597219187719e-02
-1.830101896431504560e+00
-1.878444709000535839e+00
-5.821711617315904475e-01
7.283106026694163848e-01
7.340202812165087520e-01
-1.079429501577843009e+00
-4.097519684337188828e+00
-6.882096464915772316e+00
-7.936183603859978675e+00
-6.520641059161445874e+00
-3.083596605720791750e+00
9.405608262049838242e-01
3.871817379233475354e+00
4.672145833120975311e+00
3.488987278077416043e+00
1.540410341409871320e+00
3.949036756627302136e-01
1.048754639467055938e+00
3.327240185695901076e+00
5.953532709486884400e+00
7.247798987791167491e+00
6.064956927891445915e+00
2.456442126603600506e+00
-2.293651751877292533e+00
-6.266300987384398447e+00
-7.826538404137962424e+00
-6.410113804520226388e+00
-2.807241433173905953e+00
1.186449450162797348e+00
3.600069557766463202e+00
3.233449791854984490e+00
2.834060852252380247e-01
-3.675584197890365612e+00
-6.408447464613757028e+00
-6.140459010836993414e+00
-2.533560706234827542e+00
3.025945616260401039e+00
8.051373966671851790e+00
1.021154124202646152e+01
8.542026697452246964e+00
3.916669106141019263e+00
-1.499022524124609568e+00
-5.473898838288510760e+00
-6.859304917963572557e+00
-5.973528521216034726e+00
-4.062882365288879249e+00
-2.300302020243617296e+00
-1.059572584890108971e+00
5.756306983170911273e-02
1.561967756461942525e+00
3.386147771264528927e+00
4.759514959165905168e+00
4.768148439911241709e+00
3.142092261351822735e+00
6.040192676537308181e-01
-1.552247016988767436e+00
-2.362427489128426927e+00
-1.868399649359362646e+00
-1.011908552895921298e+00
-7.976847007982899029e-01
-1.382936726297281815e+00
-1.856258743145089651e+00
-9.598214423034672205e-01
1.745553084425098156e+00
5.186310049236972475e+00
7.190508948901547903e+00
5.852759410558406650e+00
9.565087364455613361e-01
-5.559435862839007925e+00
-1.049665552591328854e+01
-1.115084231016057004e+01
-6.846966205225158753e+00
6.650793352228304700e-01
8.130497203659215799e+00
1.240744833863503693e+01
1.184832696864061674e+01
6.807965844448139237e+00
-7.513568368068517245e-01
-8.138420121241257021e+00
-1.283286216922753908e+01
-1.318831356522753140e+01
-8.928064354946190662e+00
-1.390400024211125629e+00
6.684035065197472036e+00
1.203045757402163929e+01
1.227404346969433391e+01
7.251908754860735939e+00
-6.113210214268303133e-01
-7.354899297061090024e+00
-9.579684972880812666e+00
-6.420277249158559130e+00
-1.199349413707008205e-01
5.279790794811949795e+00
6.408678441215983845e+00
2.652363495550193129e+00
-3.503044172015774116e+00
-8.098684111078400250e+00
-8.228584279006460278e+00
-3.802836203420588923e+00
2.566187059954241789e+00
7.378750216706787768e+00
8.463115898411835758e+00
6.106764948053209352e+00
2.463821103675392976e+00
-1.714047666310949958e-01
-9.083163118515878987e-01
-5.633232397046363804e-01
-6.552112788914243868e-01
-1.983195500958668589e+00
-3.910936178706570399e+00
-4.868397528949467201e+00
-3.633987943959950062e+00
-3.918192530791038131e-01
3.235129902903983279e+00
5.196258555620620889e+00
4.340348019601711016e+00
1.145229226330822581e+00
-2.598649444255498597e+00
-4.871599167900130922e+00
-4.534497617720647966e+00
-1.809489324222820716e+00
2.030680151347707074e+00
5.424179374639027884e+00
7.214864707031285462e+00
6.954898868652068522e+00
4.827451811696817252e+00
1.412255456349681193e+00
-2.507855191715834486e+00
-6.061091661335739289e+00
-8.399978965627795446e+00
-8.875034210210355212e+00
-7.232356765733420012e+00
-3.736358589755867321e+00
8.509757050542089418e-01
5.426055913654291629e+00
8.785200639451019811e+00
9.918035700429078005e+00
8.333016913344920340e+00
4.343458382117830752e+00
-8.489957943789537831e-01
-5.449745441022002979e+00
-7.759880517020497415e+00
-6.987815697106125157e+00
-3.715315091218164056e+00
3.497786988750560822e-01
3.288080012156329612e+00
4.032221893329867690e+00
2.893523552388734377e+00
1.185985458266677783e+00
2.077182945632440880e-01
3.191059619698548566e-01
8.021021891813382432e-01
5.972619516679185114e-01
-6.768807157611412828e-01
-2.266629045718055568e+00
-2.809200319477440200e+00
-1.467789410451608045e+00
1.239165046533384107e+00
3.651101441844602391e+00
4.152636750859336701e+00
2.450140854773108501e+00
-1.035943465701618660e-01
-1.490713115149971291e+00
-6.329302360906576830e-01
1.632101505208147119e+00
3.054563292281301301e+00
1.686743841867664351e+00
-2.457464844525628411e+00
-7.125350279760044536e+00
-9.270311349494932074e+00
-7.233711078444114762e+00
-2.040455780810885855e+00
3.224168093512471245e+00
5.566004117273166685e+00
4.186449188904452612e+00
9.504744414140400277e-01
-1.156705313114893219e+00
-4.173329268229052369e-01
2.233428030919043294e+00
3.930985881404353233e+00
2.195468774179995641e+00
-2.947700631496501966e+00
-8.729674726156183340e+00
-1.154786899516467358e+01
-9.612350180996791948e+00
-4.295082091086043441e+00
8.996529008492615276e-01
2.995779909857085421e+00
1.789719109485353510e+00
-1.002988041525718632e-01
5.205750597878792130e-01
4.606323085734342015e+00
9.740854446758000051e+00
1.173594151753677828e+01
7.890797551843521163e+00
-5.399161168335637750e-01
-8.683153565817852026e+00
-1.118610902722157086e+01
-6.024897319630035497e+00
3.781588474019701884e+00
1.192219882721170698e+01
1.292117483069253936e+01
5.816333924225272511e+00
-5.176908037859732303e+00
-1.348251126302249858e+01
-1.449698284148338345e+01
-8.450641504862161923e+00
9.356513417063649918e-02
5.598364095468655321e+00
5.304508404237072483e+00
7.697616911874092249e-01
-3.712572382214783140e+00
-4.469942175552104047e+00
-1.065890528048304642e+00
3.646184355144050038e+00
5.890259687616855366e+00
3.871936360974076230e+00
-9.403250809173593350e-01
-5.007307021038155170e+00
-5.380535632445375249e+00
-1.811711581569893870e+00
3.196987306327756073e+00
6.324073345843252980e+00
5.826215017830655540e+00
2.637503817067483158e+00
-5.419750913387484381e-01
-1.371657220079722128e+00
4.239882529223347185e-01
2.998102624834812602e+00
3.920445419975126633e+00
2.091361804544610070e+00
-1.404803989074314696e+00
-4.100159766358596691e+00
-3.961794463752627671e+00
-8.833938624814354768e-01
3.207326274319920678e+00
5.661768959954857294e+00
4.890301635110740897e+00
1.382390482130586129e+00
-2.677912922447919009e+00
-4.872004397945572052e+00
-4.072998471222508243e+00
-1.065242020117446842e+00
2.059392082204261953e+00
3.257088721254629338e+00
1.759716648430603048e+00
-1.533980477589523161e+00
-4.647890002619695871e+00
-5.676643483358724929e+00
-3.820647179191270837e+00
2.204782568708558710e-01
4.639063135588315845e+00
7.444991233284974363e+00
7.451286201778685836e+00
4.850317666192812460e+00
1.111284962370563179e+00
-1.761766336763014751e+00
-2.269132335143667412e+00
-2.392183651155049828e-01
3.012007715197116298e+00
5.326292488895168376e+00
4.865649283038353978e+00
1.184906198698870483e+00
-4.397686279931741105e+00
-9.389308542389253276e+00
-1.139248488171664064e+01
-9.372222866859246437e+00
-4.216754336077957355e+00
1.718677813976520197e+00
5.819602652471443704e+00
6.493904225643110983e+00
3.843099919998174130e+00
-5.747686644572961301e-01
-4.663251857985503790e+00
-6.815882969551710246e+00
-6.507485374896927688e+00
-4.234590789513149822e+00
-9.950317407295354855e-01
2.283056840645432573e+00
5.023183874390229953e+00
6.925078592592985416e+00
7.729537612991935980e+00
7.105278413435246243e+00
4.805043612888392879e+00
9.972600350982681050e-01
-3.492904276345348169e+00
-7.282678548950558550e+00
-8.922093261554163490e+00
-7.570476572703679352e+00
-3.501045737202769459e+00
1.873665684122675312e+00
6.527831941726832454e+00
8.680026010761112687e+00
7.575982744107239597e+00
3.814123857515864913e+00
-9.434725659261273822e-01
-4.727068406718379023e+00
-6.112714321055163325e+00
-4.777862953256596157e+00
-1.535899409569591700e+00
2.109017575272836176e+00
4.633508391845415630e+00
5.080078132687534165e+00
3.338810215117418601e+00
7.966791510775506069e-02
-3.566126068805087534e+00
-6.418050368682751916e+00
-7.613177876917960774e+00
-6.840827505450602253e+00
-4.402645116816711557e+00
-1.089836533693093745e+00
2.090348026443812124e+00
4.254770724509301161e+00
4.928081703703993455e+00
4.158008369037317742e+00
2.423656280142092001e+00
3.983593503660737278e-01
-1.307254710668087405e+00
-2.310101486494919421e+00
-2.491903516962914900e+00
-1.950474553429603741e+00
-9.276266533593156005e-01
2.610944340546820230e-01
1.312566513134294954e+00
2.048177086082729748e+00
2.503651231808670552e+00
2.905002845881171858e+00
3.482595129788178312e+00
4.205732095724490804e+00
4.640029476008307618e+00
4.111846887951027263e+00
2.168093021933900744e+00
-9.408005244645697429e-01
-4.142976477955564008e+00
-6.007646311871811307e+00
-5.604590195047775225e+00
-3.220708133154257524e+00
-3.751628360987103727e-01
1.018340288107849601e+00
-1.069418606261390847e-01
-3.144099359216229406e+00
-6.041580310324905945e+00
-6.557111175541196602e+00
-3.772800686695183536e+00
1.155562033766710073e+00
5.595362493888387689e+00
7.063577168694809671e+00
4.830409582443826011e+00
4.121380392685922156e-01
-3.406433339985420083e+00
-4.373705861437300335e+00
-2.176434238322279224e+00
1.494739088812679029e+00
4.217906122573621630e+00
4.511589427499183458e+00
2.713447488314514100e+00
4.877319831183708487e-01
-5.918504164286404468e-01
-2.636503489200539008e-01
3.358086426272405278e-01
-2.359881867934352506e-01
-2.345766154691035332e+00
-4.751605602351812507e+00
-5.418852412586887546e+00
-3.128136438241096329e+00
1.351229883577669266e+00
5.499896934251844449e+00
6.659038783354799484e+00
3.926609142465781410e+00
-1.034925388832549586e+00
-4.938551433939371904e+00
-4.993388881636098731e+00
-7.810525579797982232e-01
5.401176117228578377e+00
9.975392264832050770e+00
1.032815793175770658e+01
6.369433141555412625e+00
4.214664381437325247e-01
-4.382711880163944862e+00
-6.032731693747598989e+00
-4.624312553645641088e+00
-1.875067885238806964e+00
2.922671370339948727e-01
9.906638887167126262e-01
6.013189671347378695e-01
1.707201445735906375e-02
-3.367775328699588178e-01
-8.516500464586791441e-01
-2.199175450758739991e+00
-4.427891534521455341e+00
-6.538913164060435435e+00
-7.006371822740725008e+00
-4.923499134043173520e+00
-8.894903799040094761e-01
3.131729158427499993e+00
5.010418199311850174e+00
3.917726443023124006e+00
9.950712631591071000e-01
-1.332917479261290117e+00
-1.009943559075312525e+00
2.148761689822956455e+00
6.175145916551913139e+00
8.161847214252354377e+00
6.218286804945166502e+00
8.721270562159197937e-01
-5.060799005625669089e+00
-8.128709257158890367e+00
-6.405234394851563096e+00
-7.875340911352324280e-01
5.419146098383674115e+00
8.413203480178980342e+00
6.155256445614306848e+00
-3.897551752198398223e-01
-7.766239072150242784e+00
-1.197728170890282762e+01
-1.071044152902907065e+01
-4.558006170819043135e+00
3.414612777187669757e+00
9.418592959129531650e+00
1.094790084653364914e+01
7.915972098205759977e+00
2.387042806290785357e+00
-2.786232897984048495e+00
-5.524023661851110489e+00
-5.387753564207186763e+00
-3.393678133485182880e+00
-1.087181814897617116e+00
4.184866196688910578e-01
8.501366222998375521e-01
5.234813098076493976e-01
-1.924338903701823533e-01
-1.183459237568295297e+00
-2.437291479341772149e+00
-3.646969459296244054e+00
-4.043609332762125419e+00
-2.769321711286451659e+00
3.705008367371830369e-01
4.350476062577224745e+00
7.136904801411638744e+00
6.755885008027178174e+00
2.647280333451538681e+00
-3.612242384083931945e+00
-8.855483223179579255e+00
-9.992535256544986311e+00
-5.863076807150681802e+00
1.896315635779649567e+00
9.599560249999843364e+00
1.350226609508864328e+01
1.185655154396871147e+01
5.785009555388319846e+00
-1.526322503200900016e+00
-6.750043388529556765e+00
-8.212435815095073366e+00
-6.478742196867586678e+00
-3.509857142028045995e+00
-1.127079377264889049e+00
9.142252704857001255e-02
7.808266650366215700e-01
1.814846088870804008e+00
3.266426818134656962e+00
4.178345475989662106e+00
3.340599309790976523e+00
4.495973717423881189e-01
-3.311808714094801598e+00
-5.822308565194667551e+00
-5.389919926904700453e+00
-1.973833735696477021e+00
2.657639776539382659e+00
6.011541344830596323e+00
6.475601424661993732e+00
4.324181198729291964e+00
1.412214583128868828e+00
-2.233077429213485843e-01
1.520909242741923517e-01
1.475005522403371794e+00
1.745960678322603821e+00
-3.647724761600307231e-01
-4.332573351627369007e+00
-7.904177674285077337e+00
-8.508817634160843468e+00
-5.020746191306432848e+00
1.327931312157949240e+00
7.526286703438223036e+00
1.050414195848838439e+01
8.895494770768435089e+00
3.746758387093114706e+00
-2.214479660054641030e+00
-6.209787088774907815e+00
-6.883958848504298622e+00
-4.768463964759187768e+00
-1.603936109433762081e+00
8.853339748204509529e-01
1.922490680316993883e+00
1.803514045291786383e+00
1.321471133014584742e+00
1.040615380705840698e+00
9.663567360146212426e-01
7.675314234271803926e-01
2.628460672630762440e-01
-2.862600006963473831e-01
-3.342662941709975133e-01
4.652826306284218449e-01
1.846495057386572158e+00
2.939922884276303883e+00
2.750401319791754950e+00
8.128374782402238985e-01
-2.399971411097038043e+00
-5.595284656547381275e+00
-7.263496212199743951e+00
-6.444662332453531484e+00
-3.252196194886145975e+00
1.116644486190011776e+00
4.893969409852582331e+00
6.542092724014951344e+00
5.475368440094118938e+00
2.362052637679989076e+00
-1.165233859616907175e+00
-3.300779379809301695e+00
-3.009345016429747055e+00
-6.387254360059102520e-01
2.182159353210449737e+00
3.400244187626314751e+00
1.749099781934795761e+00
-2.371922946920539843e+00
-6.939591080507703680e+00
-9.365984240659331661e+00
-8.034638735124115527e+00
-3.395873311899254787e+00
2.121444665611417424e+00
5.439808667872450876e+00
4.667375409497356742e+00
3.143436726017314609e-01
-4.912096528312249966e+00
-7.674775010938396314e+00
-6.007717091458548708e+00
-5.222139503912588410e-01
5.930520132630075381e+00
9.926070373809464442e+00
9.429911435507111861e+00
4.876098477577449408e+00
-1.221027051529524954e+00
-5.780210970653266500e+00
-6.812194375537809599e+00
-4.276079657215157148e+00
2.072000814124279611e-01
4.406253263050315283e+00
6.568797692264478627e+00
6.001248271867321016e+00
3.058590314682777755e+00
-1.178414307504308978e+00
-5.250730183388206740e+00
-7.641643042315865664e+00
-7.196021188783262801e+00
-3.665440930209473258e+00
1.884017681152323709e+00
7.227848523507834244e+00
9.904210359429651334e+00
8.555461893278911489e+00
3.882234259960740452e+00
-1.542531551356661534e+00
-4.688784800139018216e+00
-3.931815125563124624e+00
-1.429985062769755233e-01
3.811334310373025058e+00
4.938954848366226891e+00
2.150768468889662444e+00
-2.949897975912737724e+00
-7.113871580400596528e+00
-7.648245260654517708e+00
-4.250997445120156648e+00
8.185841185193223346e-01
4.360005779860033570e+00
4.481356195071338533e+00
1.855400565884875119e+00
-9.209835470212437425e-01
-1.373462928367363611e+00
9.326841674368857582e-01
4.054174013852360758e+00
5.186337763123476385e+00
2.910130693071633967e+00
-1.539217096432761611e+00
-5.003114824749191669e+00
-4.677496947851491171e+00
-3.047063266362841638e-01
5.359427164791333631e+00
8.244724188409080057e+00
5.725214090385782661e+00
-1.455028583263438868e+00
-9.438563814165462418e+00
-1.356144426367176870e+01
-1.120365422972367142e+01
-3.354651745779878347e+00
6.028163142499527005e+00
1.233721793619626617e+01
1.278886518258748772e+01
7.618046880241244878e+00
-4.679119836125542609e-01
-7.939482572707633246e+00
-1.208042961941632498e+01
-1.181603648687680774e+01
-7.661500949628655022e+00
-1.220263486092920235e+00
5.356432418284336805e+00
9.878510090010324873e+00
1.073843066507711619e+01
7.621785410998027643e+00
1.919485801133103298e+00
-3.661476360649178918e+00
-6.387590461824509624e+00
-5.078234275441076306e+00
-9.321995977939783184e-01
3.124808378589636781e+00
4.322333993121113771e+00
1.946232900608075855e+00
-2.122054423657823818e+00
-4.736911204063601666e+00
-3.836899655222532068e+00
-1.077876692593382479e-01
3.366437999140106552e+00
3.364367648113527842e+00
-8.764973910457272144e-01
-6.703282956638659584e+00
-9.635257809712054922e+00
-6.552527325677897529e+00
1.747373705754027062e+00
1.058612478504761611e+01
1.425436233327000757e+01
9.869737213540554777e+00
-4.109065286224853342e-01
-1.047855024959122616e+01
-1.409141061430562125e+01
-8.946790793525796204e+00
1.727944201606091079e+00
1.117858602603891960e+01
1.343392440188675607e+01
7.094162375565547407e+00
-3.864116797892161337e+00
-1.272504030980746492e+01
-1.430949038769007053e+01
-8.086316208357697377e+00
1.804853346509264655e+00
9.448032253669751412e+00
1.092710954279318081e+01
6.525824685218247545e+00
9.220325515198357635e-02
-3.774606107655850806e+00
-2.727132206670578984e+00
2.057959570362478452e+00
6.967592432308940431e+00
8.471172498801085027e+00
