-2.985589630971878350e+00
3.368203992331619823e-02
1.823204948987913410e+00
1.559865094513739781e+00
-1.750515186317941618e-01
-1.831715376716736676e+00
-2.092721221669469500e+00
-8.885151593918645396e-01
6.024924234641760856e-01
9.812945411925469985e-01
-1.602293996410517618e-01
-1.862226627276703850e+00
-2.593847261818868155e+00
-1.572773928874139138e+00
5.176472869050556813e-01
2.066758568554020847e+00
1.924269149139406387e+00
4.637234733650479335e-01
-6.477671178173510791e-01
1.205086806282732459e-01
2.693007914323627183e+00
5.185182913939899940e+00
5.299649006680345664e+00
2.295119252363802431e+00
-2.111020506711649425e+00
-4.820591086825672278e+00
-3.748687300291932978e+00
3.170224777159671437e-01
4.007560210868732042e+00
3.830302786777403323e+00
-9.686652050975075312e-01
-7.417786891199951604e+00
-1.071292566162379245e+01
-7.791834925638678300e+00
5.536875203452085170e-02
7.669836022413440979e+00
9.509160410200111713e+00
3.725019535586021391e+00
-6.197482811385317980e+00
-1.361660928919620162e+01
-1.331840593123196470e+01
-5.243757696072075092e+00
5.392236068528479365e+00
1.175761402735862049e+01
1.023351404827665334e+01
2.914309978519701527e+00
-4.046100760588991818e+00
-5.026398258961339849e+00
9.030257149834748365e-01
9.297867429108608306e+00
1.361275163516362419e+01
1.000915636083277427e+01
1.873485486608432726e-01
-9.775487640710846193e+00
-1.366584144020472280e+01
-9.348948418166585839e+00
1.205115936115208619e-02
8.426802797859828331e+00
1.126490013414401581e+01
8.095430839846098792e+00
2.313369113033247881e+00
-1.842341202318038551e+00
-2.437082314880352651e+00
-8.293230697529339057e-01
-1.559292740960205315e-02
-1.898395300030012445e+00
-5.726416595265335197e+00
-8.843904356430758895e+00
-8.966913268792092495e+00
-6.036454928112457985e+00
-2.161672533041790967e+00
1.986758964471393440e-01
2.329550854643118729e-01
-7.133927148352411374e-01
-4.891722469035031384e-01
1.842156471333860956e+00
5.053689568082421424e+00
6.710499533806496331e+00
5.257518089535839323e+00
1.494245009715899020e+00
-1.844691352102515225e+00
-2.148449190394735808e+00
9.875561732264444004e-01
5.343516713094487613e+00
7.712081644483760989e+00
6.341661216681736768e+00
2.271715423782608489e+00
-1.499492585454847315e+00
-2.364668233373873996e+00
-1.180542369941217640e-01
2.964908859920913464e+00
4.031454532272956470e+00
1.997044908917361639e+00
-1.580417936369760579e+00
-3.839801564085029817e+00
-3.109264735621316778e+00
-4.961779461536932612e-01
8.395265057463164871e-01
-1.686502141227913087e+00
-7.572240433953184358e+00
-1.294193275485475247e+01
-1.300405413638075025e+01
-5.661440253909127307e+00
6.364299197267674124e+00
1.665168802695705352e+01
1.895369735921947552e+01
1.132218925279869381e+01
-2.339476227534580843e+00
-1.445883860270337884e+01
-1.837226694181664044e+01
-1.234451553405850177e+01
-4.549106107934952625e-01
1.013734275942046459e+01
1.368426094846254237e+01
9.189694550554488472e+00
5.868767495714077853e-01
-6.123756702944429975e+00
-6.747750958291210743e+00
-1.292087291335972221e+00
6.447535023689534128e+00
1.155492401462083230e+01
1.103063631034110514e+01
5.312377919351989775e+00
-2.431781968127795679e+00
-8.487567266790254195e+00
-1.071800453346791571e+01
-9.372195555347946794e+00
-6.344560311552584153e+00
-3.649539407740342245e+00
-2.225842648001011170e+00
-1.760223313908602538e+00
-1.415181143642125772e+00
-7.423318989944931445e-01
-4.071982769596904639e-02
7.107250819899502137e-02
-5.419305681459082313e-01
-1.074995127840694176e+00
-1.569997179804120124e-01
3.094218235923447136e+00
8.063454421749142398e+00
1.250810540279828942e+01
1.363014167466458737e+01
9.841279846781086249e+00
2.107643475597017257e+00
-6.148842632185891333e+00
-1.078421528417038289e+01
-9.396063564757243469e+00
-2.980520324778271224e+00
4.410110051133743880e+00
7.993524060965761180e+00
5.214694937244251705e+00
-2.566596547344184298e+00
-1.085265906006040026e+01
-1.485639532274312913e+01
-1.259407978985542798e+01
-6.132866685289322994e+00
-8.374026618874852446e-02
1.684548163834651113e+00
-1.160000662101218882e+00
-5.127479542491610864e+00
-5.441335163735545599e+00
3.107877548047506266e-01
1.000960657504082718e+01
1.799340456508184971e+01
1.870764346788372023e+01
1.060005898910652888e+01
-2.445806450719397063e+00
-1.324636491447257214e+01
-1.571095960816202819e+01
-8.616507547173785753e+00
3.717780088727701493e+00
1.424964535514254749e+01
1.759038969786745810e+01
1.303897441143921654e+01
4.409104953838587804e+00
-2.961567662955288505e+00
-5.769707248823629619e+00
-4.429271133325832999e+00
-1.957306661358411137e+00
-1.198153021067508650e+00
-2.610819909329866739e+00
-4.233487260606599634e+00
-3.671529685783629926e+00
-4.013764693733363753e-01
3.502158475500427581e+00
4.830418554939682529e+00
1.781030257796164751e+00
-4.404262334632077724e+00
-1.002870330659581732e+01
-1.141548661489108696e+01
-7.502444113301933726e+00
-6.658211119459851446e-01
4.854957011346622053e+00
5.841613886489917640e+00
2.273966363943210833e+00
-2.702838428482855271e+00
-4.966830810565155296e+00
-2.235380618769689409e+00
4.390521847882502549e+00
1.112103560805826596e+01
1.385508653643427479e+01
1.063951985457809180e+01
2.698256314164113157e+00
-6.429505998862271809e+00
-1.289480726310820913e+01
-1.438451922393323912e+01
-1.085527227859546251e+01
-4.066009127552868918e+00
3.483339219274132592e+00
9.493325057136964062e+00
1.236763118441903764e+01
1.140761807505562508e+01
6.945006622261990614e+00
4.211484216316017104e-01
-5.847681891556415046e+00
-9.436142813801476237e+00
-8.928541678461524356e+00
-4.783243614959036272e+00
7.124264135555262722e-01
4.571743932950801614e+00
4.769581856261670971e+00
1.432197039265751926e+00
-3.241744917884586297e+00
-6.345322233343057228e+00
-6.080169091936179271e+00
-2.865341190193863241e+00
9.822176238249447078e-01
2.787536873979047591e+00
1.273114154002045195e+00
-2.606119156994334940e+00
-6.269676238231619791e+00
-7.140256771560321347e+00
-4.233375883826882458e+00
1.285853042526085899e+00
6.871035074995422320e+00
1.013017868219973572e+01
1.012940442584061529e+01
7.690602496703201396e+00
4.609816773866543649e+00
2.412085615516911474e+00
1.490130283214621265e+00
1.133973195012175417e+00
3.151197267031033977e-01
-1.407715673342603058e+00
-3.522007480049853978e+00
-4.965058150847290186e+00
-4.962065594179637884e+00
-3.657037647796490543e+00
-2.055437741859409861e+00
-1.302459120927283998e+00
-1.811834553962536010e+00
-2.889851143363460384e+00
-3.169991942508311844e+00
-1.605464024363965958e+00
1.649740319443131931e+00
5.109955492839507230e+00
6.741522817640710485e+00
5.214637549211207812e+00
8.380982511305727911e-01
-4.440472950967467192e+00
-8.012099647339454123e+00
-7.995471538139004686e+00
-4.221708642786283328e+00
1.736658665628050713e+00
7.450742700441252531e+00
1.086233572890714427e+01
1.114373814430601684e+01
8.788865213924053066e+00
5.043660093019148860e+00
1.144710031503478387e+00
-2.162704945167003512e+00
-4.651903081752994495e+00
-6.350568708090188252e+00
-7.285543789758408550e+00
-7.419854057290585558e+00
-6.742557357091267356e+00
-5.350157065131699419e+00
-3.422513866840776409e+00
-1.150700798929397806e+00
1.255588894156637769e+00
3.451070861938063672e+00
4.870385302689820506e+00
4.874762561148228812e+00
3.164567997637094621e+00
2.100066185469032787e-01
-2.697401301397840179e+00
-3.995519408408394035e+00
-2.789811898663059342e+00
4.229321392559857173e-01
3.841263669183236917e+00
5.367346532696841699e+00
3.976436081282845425e+00
5.225088930699095524e-01
-2.671271729052716815e+00
-3.292185561498295332e+00
-6.542226535139687993e-01
3.676474367296809209e+00
6.771429962056013885e+00
6.238631575852206623e+00
1.878912452892508522e+00
-4.056181582524846618e+00
-8.246333876655723927e+00
-8.442748778895120765e+00
-4.939239872268331055e+00
-3.752891289066270231e-01
2.007148078730563778e+00
4.912357204799770449e-01
-4.007919461878380218e+00
-8.554542573578688192e+00
-1.006755784149037858e+01
-7.207921604152524253e+00
-1.099026646441187527e+00
5.462423988253938489e+00
9.669370255169509321e+00
1.014821131800457010e+01
7.392776898175513089e+00
3.149654907767130751e+00
-6.573217278058767210e-01
-2.768215358941743531e+00
-2.863178549371412362e+00
-1.397647077029281704e+00
6.996949306458332130e-01
2.310940555385172956e+00
2.461897606836510821e+00
7.777171994141722777e-01
-2.105577997391804068e+00
-4.560936036501058055e+00
-4.692989059761142556e+00
-1.545466734956244093e+00
3.944599139145324340e+00
9.052544775363337237e+00
1.065395190317384433e+01
7.197600050739634270e+00
-1.971354938286451475e-02
-7.286489516441195136e+00
-1.056087378659182541e+01
-7.976559548333018057e+00
-1.117751620615427655e+00
5.877459834603824262e+00
8.897206134829668045e+00
6.458915056997735604e+00
6.053265746631187882e-01
-4.510412089195648733e+00
-5.392600104107422077e+00
-1.456901813959983638e+00
4.714320102953328373e+00
9.203171312986949459e+00
9.345024266391281031e+00
5.302041335264836341e+00
-3.460820416994836446e-01
-4.530672269420127130e+00
-5.670256703738481896e+00
-4.334141819790456651e+00
-2.312759063358990286e+00
-1.007072890585300584e+00
-4.609266608878818117e-01
2.721015556709434069e-01
1.867924956525218727e+00
3.742222398268655770e+00
4.251257489076026630e+00
1.998952339515204457e+00
-2.787778399520009831e+00
-7.988615662265981854e+00
-1.078664478274913385e+01
-9.552734184593665745e+00
-5.049170465714971634e+00
-2.086142115341793613e-02
2.602193361574443475e+00
1.649703434649251399e+00
-1.559029838044891036e+00
-4.194979980491762461e+00
-3.889824801204415206e+00
-3.051501468654262972e-01
4.750384168533824614e+00
8.635030915285783593e+00
9.602415868151172873e+00
7.724222748091576385e+00
4.475190523856471536e+00
1.464835446168914590e+00
-6.313649626824580086e-01
-2.163610938463679467e+00
-3.696401668154255304e+00
-5.101239277175733555e+00
-5.401445989772544642e+00
-3.555361238276002922e+00
4.550152044815554131e-01
5.174955937402041073e+00
8.355575070019085615e+00
8.366805022746939713e+00
5.330778827132737874e+00
1.098213972013700079e+00
-1.991205397775333674e+00
-2.720821127005017104e+00
-1.825635941110951732e+00
-1.408751699377210453e+00
-3.317635734783328516e+00
-7.612607197407208481e+00
-1.223254054282088532e+01
-1.415841359106626740e+01
-1.135007919347397376e+01
-4.190079898906811984e+00
4.526213778766807749e+00
1.107847766799961420e+01
1.287372341945230758e+01
9.816187644097430720e+00
4.206091384992503457e+00
-7.005568340969565710e-01
-2.553190874746236183e+00
-1.089871986156452088e+00
1.973035520430818313e+00
4.158757028490760455e+00
3.752581088717132474e+00
7.337576704649579895e-01
-3.348511057263042545e+00
-6.371980564838099603e+00
-6.854758944895303685e+00
-4.679833802698719403e+00
-9.833707310037329563e-01
2.621123870893487862e+00
4.944026801972851715e+00
5.695225993866623426e+00
5.307701714751906330e+00
4.326708573057530316e+00
2.861322887087959010e+00
5.297139602648615053e-01
-3.040317492709367464e+00
-7.524531470300455105e+00
-1.159048006934818886e+01
-1.331952294188930352e+01
-1.122958343566956607e+01
-5.303834140917327744e+00
2.671147216563056759e+00
9.785735363074087090e+00
1.340355685665324259e+01
1.248629179011594736e+01
8.058173524448651648e+00
2.531155105759301360e+00
-1.686453717878080516e+00
-3.441077010126309954e+00
-3.209075659454652563e+00
-2.450380704614039118e+00
-2.451145673702702865e+00
-3.450389860357730321e+00
-4.587853970378420243e+00
-4.617993286973526068e+00
-2.833214630837862735e+00
4.384434103130130378e-01
4.037481550908982086e+00
6.654633212402065290e+00
7.488276641559105329e+00
6.486412021261735994e+00
4.143551089768558349e+00
1.129475889203246375e+00
-1.944065141104812211e+00
-4.534655835467990670e+00
-6.118122542853810408e+00
-6.276331852792875310e+00
-4.939145644605772212e+00
-2.570145740791990541e+00
-5.099326931062253543e-02
1.761711635555134325e+00
2.533034726986974405e+00
2.614054321505976386e+00
2.698226176990746517e+00
3.190507439663743394e+00
3.778692742584172759e+00
3.594125770651714902e+00
1.914801403119457568e+00
-1.086318003022209933e+00
-4.151506251733943387e+00
-5.555172073369156749e+00
-4.191898235701470021e+00
-4.144755900632378642e-01
3.985627798657180421e+00
6.708121087740101629e+00
6.225026143532382150e+00
2.616674154185737677e+00
-2.533949778484091642e+00
-7.068208002226454845e+00
-9.380273169711102810e+00
-9.072710770316810169e+00
-6.849868716352430553e+00
-3.874807519296272318e+00
-1.096230796931149776e+00
1.053935129846258700e+00
2.540511508865338275e+00
3.429172729070120162e+00
3.706013613178868127e+00
3.320820177340900070e+00
2.346377064129426149e+00
1.075790286355645220e+00
-2.644021044856470493e-02
-4.719650657090160850e-01
9.405284215370762757e-02
1.758590056073042751e+00
4.215396231672829508e+00
6.685241551551583505e+00
8.020729171220400744e+00
7.134004276695717905e+00
3.680453745580887670e+00
-1.377937045583555786e+00
-5.843479110655779074e+00
-7.237473727403729740e+00
-4.285378997291883429e+00
1.963996745600070870e+00
8.287960204228665972e+00
1.091758866785859539e+01
7.829036869540303201e+00
2.457614157876277794e-01
-7.793472522548219317e+00
-1.175919767491091505e+01
-9.483810472092640609e+00
-2.666024149600246140e+00
4.086457252616445324e+00
6.177857983742454984e+00
2.032182882582519667e+00
-5.835594652819711570e+00
-1.244978416884226036e+01
-1.363456496886828972e+01
-8.700911420493326887e+00
-7.456758597769028718e-01
5.590490426886233877e+00
7.296030217021785447e+00
4.869183589253884392e+00
1.651518246821156888e+00
1.196584518611798265e+00
4.628783458654173621e+00
9.877242527594559007e+00
1.324565071603455735e+01
1.207794132207078519e+01
6.552724333280039559e+00
-6.177262306857680407e-01
-6.205571027401110662e+00
-8.592516044007796339e+00
-8.438228835976520514e+00
-7.558229361682128555e+00
-7.093831787123636268e+00
-6.549895333978728473e+00
-4.486204127539253683e+00
-2.331544265090564894e-01
4.891091971616115863e+00
8.028999835818163788e+00
6.726907040465754051e+00
9.392456458992279877e-01
-6.511553447459276889e+00
-1.152945008869880006e+01
-1.135843660673558908e+01
-6.370248723057014395e+00
2.579784839635210769e-01
4.736325160500783227e+00
5.142207787961663890e+00
2.446345486597781616e+00
-5.343440771872411954e-01
-1.343592780369044837e+00
4.417796981849637095e-01
3.240738699885323815e+00
4.989758319085348504e+00
4.821117609708687191e+00
3.545888641673465180e+00
2.650568594918367271e+00
2.766347623714532133e+00
2.990617984862740553e+00
1.697405143896494994e+00
-1.818259990428167550e+00
-6.289538432142754765e+00
-9.042178752855180690e+00
-7.902051074574554690e+00
-3.018197217201306959e+00
2.891238878549968749e+00
6.226145762028870045e+00
4.987869557190435899e+00
2.352211156260672897e-01
-4.619970632152940127e+00
-6.225324600194756641e+00
-3.664725532291141619e+00
9.494791185718614024e-01
4.109033777141969601e+00
3.554904371312397782e+00
-3.255622518045830915e-02
-3.553920445665667671e+00
-3.830182247568557408e+00
-2.105353277899624231e-02
5.667582283652390807e+00
9.503552798303708471e+00
8.857427128180797027e+00
4.036964023310329885e+00
-1.958587428056614010e+00
-5.523350518849357016e+00
-4.837674853403690634e+00
-9.075302442019697047e-01
3.351294282109688272e+00
5.177377718014467334e+00
3.654269421060682088e+00
-5.719806273476768510e-02
-3.865666897781192546e+00
-6.233124456511843547e+00
-6.884948409945519820e+00
-6.409707392840726214e+00
-5.336114876926195016e+00
-3.601766258798259734e+00
-8.547723666894548877e-01
2.781380913444032821e+00
6.284267201494329491e+00
8.151554903339743419e+00
7.400707277412430507e+00
4.333061828542089877e+00
3.900642075835922817e-01
-2.833171969674792567e+00
-4.637388670409306357e+00
-5.474982167063407346e+00
-6.207401648805360495e+00
-7.016676754180671161e+00
-6.963747139112202333e+00
-4.687421967765494024e+00
2.329153295807957491e-01
6.383147705328749311e+00
1.098167371017188820e+01
1.158395225462400013e+01
7.867916906407738331e+00
2.128527440831870621e+00
-2.046992404270652877e+00
-2.125089473907368909e+00
1.627609602687156265e+00
6.280115405462413314e+00
8.233601338858314023e+00
5.714787692792872242e+00
1.149211808911676513e-02
-5.432907388933728932e+00
-7.428080353118444279e+00
-5.236436745837178108e+00
-1.005254558713805535e+00
1.855951115105070715e+00
1.168920350880390924e+00
-2.446044247232713964e+00
-6.049793336141742195e+00
-6.563160445961937484e+00
-3.089254138419200046e+00
2.274801918732590966e+00
5.731509868053089818e+00
4.321399542693628248e+00
-1.995753862513524268e+00
-1.009588910147370910e+01
-1.543746281445752899e+01
-1.468338826172483635e+01
-7.587521605193858321e+00
2.923511547002184852e+00
1.239599729077170309e+01
1.716065421381706102e+01
1.599867508019718976e+01
1.038052214319290556e+01
3.374343571475804104e+00
-2.009568251327524813e+00
-4.136266524856781146e+00
-3.173965666566778143e+00
-6.181499471625706565e-01
1.687801747348119497e+00
2.496943112092229189e+00
1.645889761986334854e+00
-7.520876746695670523e-02
-1.536614306919337869e+00
-2.008464706829306223e+00
-1.601079890855634291e+00
-1.132918711329947925e+00
-1.486309217754882228e+00
-2.859103072569183723e+00
-4.449473635049209896e+00
-4.879875192913610604e+00
-3.168229138969535619e+00
3.913483432532554041e-01
4.123110077505224957e+00
5.865328241691829092e+00
4.388082393911471257e+00
3.937434102980764683e-01
-3.676577379095436804e+00
-5.057434870414124539e+00
-2.460583874519230552e+00
2.929986974044827441e+00
8.015510940174127796e+00
9.633576046853271180e+00
6.550955411276362383e+00
2.960154341041250081e-01
-5.740361075253553658e+00
-8.370022342188581987e+00
-6.504634508332980403e+00
-1.678211055946954966e+00
3.077135646912998457e+00
5.184027070991048980e+00
3.985790348167339125e+00
8.258058363040192695e-01
-2.157914872821641517e+00
-3.558986322327120533e+00
-3.459191559418255402e+00
-2.978963553700195277e+00
-3.103816933714261594e+00
-3.768578882666972163e+00
-3.917518885926920102e+00
-2.463410597394494861e+00
6.404926048873469391e-01
4.092130318135253297e+00
5.989490665459152652e+00
5.123322381618852006e+00
1.876792440432260456e+00
-1.934704485360295045e+00
-4.194346138603225249e+00
-3.812602500703002217e+00
-1.359532050973895068e+00
1.387419465625500559e+00
2.620662957849299701e+00
1.593614909231513499e+00
-1.049900028410982511e+00
-3.808834106357177340e+00
-5.253663922020223254e+00
-4.717346979870159274e+00
-2.408684801992098112e+00
9.254285104341558599e-01
4.401649671816773690e+00
7.188633321630976347e+00
8.526466966360267463e+00
7.827926763676727795e+00
5.002618094975282759e+00
8.191791233541052542e-01
-3.101342983652144003e+00
-4.924192619231357426e+00
-3.666387905215588550e+00
-3.674910268382325373e-02
3.632542731930486823e+00
4.543071061361903418e+00
1.112820145133744276e+00
-5.840264694610262097e+00
-1.324277655441220958e+01
-1.728302102150712827e+01
-1.546831571055384558e+01
-8.011691059542503268e+00
2.270752225632582721e+00
1.145714760245525810e+01
1.648412905668692119e+01
1.643630754624406975e+01
1.253115097072190665e+01
7.024491738442234734e+00
1.873186753582661179e+00
-2.015628637024788006e+00
-4.663177684462769257e+00
-6.377778328158463239e+00
-7.219562293832143318e+00
-6.965382712552845135e+00
-5.479213364486374971e+00
-3.061084000761725044e+00
-4.186621772041170253e-01
1.720801177635553403e+00
3.007473679783775111e+00
3.522368244078976751e+00
3.459754316026677046e+00
2.771045395816876589e+00
1.166422739945847997e+00
-1.445073535951320043e+00
-4.439829120724253286e+00
-6.430951067550794598e+00
-5.939340508445328126e+00
-2.453584155195108973e+00
2.878400967546407951e+00
7.568044859381948264e+00
9.106736115690644340e+00
6.527695636946890367e+00
1.159465911774999691e+00
-4.032796729554085857e+00
-6.196824284008279449e+00
-4.339388738854417227e+00
8.072681330144748646e-02
4.123311124200671252e+00
5.265725499241172614e+00
2.968045901344749993e+00
-1.121404203100135222e+00
-4.404922901731042728e+00
-5.116625420482508346e+00
-3.402518719681884907e+00
-9.911270583504299125e-01
2.348320351127920480e-01
-3.157480653810212368e-01
-1.539676976837137667e+00
-1.557988995832668477e+00
7.362087614161398896e-01
4.651472942756968543e+00
7.970951706987727370e+00
8.373658383545443229e+00
5.035118276462684506e+00
-6.962060498554351051e-01
-6.021111498932092410e+00
-8.343818240422999466e+00
-6.787814838338993795e+00
-2.627180859534715029e+00
1.581693807678962838e+00
3.561329784457118119e+00
2.583793285903936088e+00
-2.675734323449940888e-01
-2.892125980960390752e+00
-3.453860827456348481e+00
-1.386823827526073583e+00
2.374961614942076693e+00
5.955685443879135121e+00
7.505869556307916746e+00
6.084877260833865265e+00
2.091497035447672737e+00
-2.889935312648383992e+00
-6.743203101769327468e+00
-7.727698855751981455e+00
-5.288447062485394312e+00
-3.993554921729824958e-01
4.794422207302936556e+00
7.962111173795793029e+00
7.762434294570571325e+00
4.571604571991731980e+00
2.889207123135195676e-01
-2.751457564016461355e+00
-3.163845837979638809e+00
-1.338896166363956697e+00
8.456834950653444594e-01
1.296483893693251899e+00
-8.412708820435020884e-01
-4.513794585452773234e+00
-7.360154245375197135e+00
-7.234928310143168950e+00
-3.667200226542679076e+00
1.717823453982528337e+00
6.119918361893772030e+00
7.249729783542807837e+00
4.699077465901402739e+00
1.308599008777360240e-01
-3.796571703930289310e+00
-5.044530872874205762e+00
-3.317787515179655866e+00
-4.384952605011699367e-02
2.674637274661538999e+00
3.385207058690824944e+00
2.046522644157831028e+00
-1.643912472807658454e-01
-1.744307632229866734e+00
-1.806962007051157837e+00
-5.036970347861633446e-01
1.230152358012655434e+00
2.318782610270937461e+00
2.128542825460397303e+00
6.905346920531949539e-01
-1.442997227905949975e+00
-3.512478703993396678e+00
-4.834856770248653568e+00
-4.982130325340596855e+00
-3.883308057472727448e+00
-1.875052294343166448e+00
3.434561529832937943e-01
1.920652392466880354e+00
2.213836915415317907e+00
1.149184697263686550e+00
-6.409955889726886014e-01
-2.040728020600282910e+00
-1.967803802046875106e+00
6.287346417097561257e-02
3.619143297156332206e+00
7.438216896892842378e+00
9.884366718078123171e+00
9.591196172631857308e+00
6.057337291446999394e+00
-4.207812747172301471e-03
-6.711123850572471738e+00
-1.153185847589844570e+01
-1.222731476849999765e+01
-7.936298280795250903e+00
9.548451683942960067e-02
8.667727695331663540e+00
1.385835538522088406e+01
1.292932397791871857e+01
5.946267467144418006e+00
-3.918539852227924669e+00
-1.182441125279744298e+01
-1.383660838182352926e+01
-9.205346445943304090e+00
-9.073077229972570379e-01
6.044205616726145536e+00
7.619443469259685742e+00
3.278402613152930911e+00
-3.679324414503812424e+00
-8.244923834512398741e+00
-7.006551671018982574e+00
-4.781369728272417685e-01
7.141304880623520646e+00
1.070233305251077915e+01
7.569568147761259524e+00
-5.026052998612764444e-01
-8.397796339955817757e+00
-1.095454748884147733e+01
-6.395539022513414551e+00
2.428228190018473232e+00
9.842664668672622241e+00
1.103461827967321263e+01
5.182163463788385549e+00
-4.031792235256545176e+00
-1.083518214714483463e+01
-1.108226413426613988e+01
-4.815467046880548274e+00
3.951531035839110473e+00
9.969406682365116623e+00
1.010260124351631283e+01
5.080519989588713869e+00
-1.377760783381327236e+00
-5.284532174846200192e+00
-4.990779500160085647e+00
-1.940831094176306504e+00
7.719056322372721546e-01
8.527276124417095815e-01
-1.553250950162839317e+00
-4.146750889494361658e+00
-4.363965791693223295e+00
-1.406642263515473168e+00
3.094068113259623942e+00
6.245350892954734334e+00
6.012791999540636922e+00
2.734774491110482764e+00
-1.073141551573057573e+00
-2.491331010180634742e+00
-2.874478885959316221e-01
4.156314891611076590e+00
7.741092486424266284e+00
7.761389845611216920e+00
3.779222090017911206e+00
-2.015678568471714893e+00
-6.200488961054595016e+00
-6.329932372556068998e+00
-2.499330139149853025e+00
2.744199939085854911e+00
6.043355359261657789e+00
5.330087771860766210e+00
1.042957107550645635e+00
-4.253327674369314693e+00
-7.521068138108368828e+00
-7.083096661632490409e+00
-3.514801445515879141e+00
8.615500421204238535e-01
3.453349959706600192e+00
2.885170213970613684e+00
-3.577455423174619176e-01
-4.384580418172159710e+00
-7.041994756672004030e+00
-7.014897252493201840e+00
-4.315118611372862567e+00
-4.414606021319511520e-02
4.266621545448477271e+00
7.299950899861078923e+00
8.302852450594066624e+00
7.135300451968046076e+00
4.177146832545306054e+00
2.266584386576844246e-01
-3.615451733463362238e+00
-6.175714616921488265e+00
-6.595525890590088203e+00
-4.755375615887548868e+00
-1.482139976003679749e+00
1.678468374868619550e+00
3.122351045787315371e+00
1.998801446650138258e+00
-1.261473095053214255e+00
-5.042364769299740423e+00
-7.287495978632485105e+00
-6.553127532413407508e+00
-2.822642967216896004e+00
2.376204738989580179e+00
6.660960443569480915e+00
7.969564950276589954e+00
5.620010604027890544e+00
6.874393456343030895e-01
-4.523652115082988701e+00
-7.651573322062664495e+00
-7.472243762973930004e+00
-4.464685143591250238e+00
-4.332208014342757707e-01
2.593315823602848624e+00
3.535893298513621108e+00
2.804386619726194851e+00
1.866266994752171726e+00
2.115193103091127291e+00
3.779992595212841699e+00
5.632785798226510821e+00
5.768356626834270529e+00
3.011545466214775146e+00
-1.975671117653611475e+00
-6.717358485701580229e+00
-8.229047365727415908e+00
-4.898299341331904699e+00
2.242805081314080962e+00
9.767534526308141452e+00
1.363444546933880019e+01
1.150952002270357077e+01
4.214097031701188989e+00
-4.652206085022827509e+00
-1.075312974112561903e+01
-1.150023382162672725e+01
-7.447703562906045960e+00
-1.737998849959892400e+00
2.017969228125647163e+00
2.036663140308660580e+00
-6.540842153118957558e-01
-3.146214295891464729e+00
-2.818192522809514600e+00
7.626934738860435825e-01
5.505260624319296525e+00
8.246915876916284915e+00
6.983626687153716261e+00
2.330473709175546748e+00
-2.808444591829053039e+00
-5.153276343820483163e+00
-3.248514989891805538e+00
1.548225875549824160e+00
5.964146853837187123e+00
6.989319874246433528e+00
3.864425013095807770e+00
-1.452371721088887346e+00
-5.630884767362438481e+00
-6.195886460256669892e+00
-3.129667286010845206e+00
1.206016270866631324e+00
3.733891810467496963e+00
2.754965634017064069e+00
-9.438546944165880914e-01
-4.688540014865976602e+00
-5.783149236952631611e+00
-3.364583960244871275e+00
9.959043980838446775e-01
4.330626796215163665e+00
4.249819080990585363e+00
5.486168448284669541e-01
-4.595868887899568378e+00
-7.956061482339245927e+00
-7.261705891113123812e+00
-2.628177040859377200e+00
3.461276866744954273e+00
7.584210416537949584e+00
7.345075976545042629e+00
2.727241445422813104e+00
-3.913054250922507471e+00
-9.148768846514306219e+00
-1.030421704247172165e+01
-6.790426522543388188e+00
-2.807837537458630628e-01
6.281653647375422977e+00
1.024354816238678900e+01
1.052117399068725234e+01
7.964554952240339603e+00
4.685799056649781136e+00
2.771374419891373897e+00
3.093666200314512338e+00
4.857188442022625452e+00
6.112934634760444297e+00
4.955885653646846301e+00
7.468005751342579046e-01
-5.334073847008523828e+00
-1.075464004653295724e+01
-1.292176634547822545e+01
-1.062029034783728321e+01
-4.794344961599460220e+00
1.817429158835371261e+00
6.060071470976908792e+00
6.031411623494210339e+00
2.109342651988554973e+00
-3.272621291132409294e+00
-7.008853335217057889e+00
-7.085674830567542770e+00
-3.695151028323897080e+00
9.706537396163225084e-01
4.127454326529271356e+00
4.146585971855681230e+00
1.549319005337973731e+00
-1.392215282462849535e+00
-2.206211354449092443e+00
7.481308686036736155e-02
4.189085600091273953e+00
7.419600940815200829e+00
7.399691221682713760e+00
3.763248416530358575e+00
-1.497536714527970769e+00
-5.275464046606940904e+00
-5.416042940359782065e+00
-2.222874521665406000e+00
1.671323255495472448e+00
3.063231473554158146e+00
4.268033913581841254e-01
-4.894735164870331445e+00
-9.445861064277243813e+00
-9.943400808674251579e+00
-5.575301087429825664e+00
1.289958828427232529e+00
6.556488946796556583e+00
7.105819603822320474e+00
2.927576712695574734e+00
-2.823808859595610343e+00
-5.953105158857058044e+00
-4.113792692116336802e+00
1.532959289110144452e+00
7.080222331611099484e+00
8.578847614818574385e+00
4.824754405574952720e+00
-1.729651613545841293e+00
-6.618071543341150331e+00
-6.446219310439583516e+00
-1.273325622978281668e+00
5.392575543692869289e+00
9.004750575419414815e+00
7.118085886384386107e+00
1.062136333909058594e+00
-5.020627027390906605e+00
-7.081732710860176638e+00
-3.964110589101212057e+00
1.867701151835374329e+00
6.139890887759115401e+00
5.799261872442207810e+00
1.104016098872067531e+00
-4.665824581489813383e+00
-7.596849144415243060e+00
-5.872058843046076504e+00
-9.065649375631044116e-01
3.835453991285418418e+00
5.382853637863198593e+00
3.273637744713877140e+00
-3.637138937889560220e-01
-2.595768008542413074e+00
-1.911711196223716103e+00
7.762611096157336910e-01
3.026438429526164597e+00
2.868905139267377891e+00
3.305819340120170757e-01
-2.667166876383737062e+00
-3.896209317152408147e+00
-2.609924528471755600e+00
-1.245434997814876543e-01
1.247663665262431110e+00
6.423974078984126534e-02
-3.047253116934829809e+00
-5.795913751236589029e+00
-5.936610048414383556e+00
-2.974338573079151615e+00
1.436154356400215271e+00
4.693990813593862832e+00
5.137527092155610653e+00
3.184667974546319336e+00
8.868628963744721316e-01
2.718969332570582154e-01
1.764041261319106102e+00
3.890643256157118479e+00
4.486181767935877751e+00
2.458156427102725416e+00
-1.245590408699233098e+00
-4.220243199725953076e+00
-4.320844470788880898e+00
-1.248723862672565632e+00
3.156245317415524720e+00
6.128874293599128720e+00
5.824688483772581193e+00
2.502967448468465861e+00
-1.733320770041163250e+00
-4.382682650442589534e+00
-4.126369126509942475e+00
-1.494403742098320720e+00
1.712488260126517670e+00
3.702498482122440926e+00
3.737868806598997118e+00
2.312484635258825527e+00
5.222678254483177351e-01
-7.754443591762836263e-01
-1.397172641057075726e+00
-1.670151117842698429e+00
-1.954887511835769143e+00
-2.302238780648361072e+00
-2.480776500973866483e+00
-2.260091651531603407e+00
-1.655196897589386484e+00
-9.385837004759833846e-01
-4.643443871136133660e-01
-4.856021654206117422e-01
-1.079870407586854597e+00
-2.139189208360088745e+00
-3.328242333816358034e+00
-4.032424646703455906e+00
-3.468258297591900963e+00
-1.095078373788839432e+00
2.807410999386720452e+00
6.836743036735843049e+00
8.889634108757491049e+00
7.324006418693999265e+00
2.240508622027856056e+00
-4.070580905269526539e+00
-8.116610986988540333e+00
-7.282908596108976340e+00
-1.752436976910776600e+00
5.147811436344229108e+00
8.716187906953871689e+00
5.876116282603287111e+00
-2.494805330503858443e+00
-1.160726858895511882e+01
-1.544520062337069355e+01
-1.057951702443616782e+01
1.323301372554610555e+00
1.407047134985765702e+01
2.045217744175597474e+01
1.661155653146578715e+01
4.529622774763327975e+00
-9.013521698599225473e+00
-1.643518139289477631e+01
-1.385762120925325469e+01
-3.348171437258004701e+00
8.456228954980051782e+00
1.442789046858193380e+01
1.117908380785665834e+01
8.894350003612441213e-01
-1.025283738847321580e+01
-1.588080811558486616e+01
-1.313520089854631046e+01
-4.038730334817278944e+00
6.074886430532892234e+00
1.191306348491233180e+01
1.123626897806391511e+01
5.792178283487993795e+00
-1.873398812333300079e-01
-2.816653315071020458e+00
-9.145727015244606850e-01
3.486621458922864569e+00
6.662444291001463625e+00
5.710557136503222608e+00
4.814862577900154150e-01
-6.243583090540097302e+00
-1.042109522074566641e+01
-9.246444162911277687e+00
-2.974540208522583384e+00
5.063933690697840717e+00
1.031334328742940798e+01
9.652550624265709089e+00
3.286290784464570791e+00
-5.291921907695174454e+00
-1.129143794887557384e+01
-1.141060813324346768e+01
-5.750452687065196855e+00
2.299516425103437012e+00
8.120757906113528435e+00
8.591318240486785385e+00
3.806713426625004892e+00
-3.206194079085113557e+00
-8.492609642686950622e+00
-9.536237801565613736e+00
-6.491849883736378501e+00
-1.631035470298690448e+00
2.428436398773613725e+00
4.386748829822207263e+00
4.709371912102014335e+00
4.721183669685387940e+00
5.207407267355484315e+00
5.675017056740532695e+00
4.836535072174865668e+00
1.882001558866692736e+00
-2.525313464116326401e+00
-6.382913664607456461e+00
-7.587631539902440991e+00
-5.388233615232721263e+00
-9.732310702231872224e-01
3.255156106025294260e+00
5.204881463691177323e+00
4.330722262464024475e+00
1.744816749625647478e+00
-7.827039017759037653e-01
-2.114868419345695472e+00
-2.365588926824178984e+00
-2.468281397328674132e+00
-3.158881812566134872e+00
-4.262255775032859795e+00
-4.864921363721162351e+00
-4.188706059201076748e+00
-2.382356842242425277e+00
-5.093325632005258896e-01
3.166254077841688108e-01
-4.373211117089464972e-02
-4.587901598176695739e-01
6.860985295694339570e-01
4.127682330466092786e+00
8.824482520562309418e+00
1.229555137840387147e+01
1.210004381794437656e+01
7.500591142806509737e+00
1.566899842427353917e-01
-6.677940127110856494e+00
-9.970191753339197049e+00
-8.576848079872334552e+00
-3.737800539030613045e+00
1.826613148668891684e+00
5.532931682528659856e+00
6.213449875016108237e+00
4.363012818708010165e+00
1.423709794264890860e+00
-1.229964336759854726e+00
-2.905516493994186877e+00
-3.558808961064801935e+00
-3.392435473632898102e+00
-2.559001085396836128e+00
-1.207944059970811335e+00
2.850798188362780872e-01
1.263930947615177214e+00
1.101513675768635236e+00
-3.080801428996096103e-01
-2.289312401405839914e+00
-3.649717607957533971e+00
-3.369504637843339978e+00
-1.267925674059871000e+00
1.820993929878440776e+00
4.496610097783296567e+00
5.564458432980142533e+00
4.630339024683734372e+00
2.176761000454195738e+00
-8.321354107790185362e-01
-3.471027431473133973e+00
-5.152379074522166036e+00
-5.615661597138395855e+00
-4.792295401498911644e+00
-2.786329196265092012e+00
-1.772485976478482828e-02
2.671371668377226172e+00
4.202053370916448927e+00
3.774573448757283511e+00
1.430579295880140656e+00
-1.772396346223951813e+00
-4.219668833825579668e+00
-4.648117682017091745e+00
-2.957440257326338529e+00
-3.633783253989838480e-01
1.282526971958710238e+00
6.395842166428316045e-01
-2.210107853803447320e+00
-5.675923309884001178e+00
-7.496656952635006199e+00
-6.033718743938099927e+00
-1.268579718507840237e+00
5.076998353992602020e+00
1.037191762560054542e+01
1.239601598582763131e+01
1.043067279672338543e+01
5.550461355083808002e+00
-2.633041199933239263e-03
-3.988977525274440605e+00
-5.242157527701404085e+00
-4.083414116592649634e+00
-1.904924507903069664e+00
-2.157193189631665398e-01
2.602063827485793235e-01
-1.078872116018989025e-01
-3.090676549530333439e-01
4.212807205275204137e-01
1.901036988047293042e+00
3.011918448246467150e+00
2.474299599487297385e+00
-1.121017066105715054e-01
-3.712874671592177211e+00
-6.278883909252252593e+00
-5.983379604780963312e+00
-2.505517217618390191e+00
2.540212468571247939e+00
6.428439007624749735e+00
6.963780997111685522e+00
3.893993496193598247e+00
-8.718396403335872957e-01
-4.448137054864859330e+00
-4.818245453523473998e+00
-2.116053604964739154e+00
1.531275239341653993e+00
3.505437674076400167e+00
2.521311332413848305e+00
-4.847291969625452390e-01
-3.024300504922587507e+00
-2.830903358049179808e+00
4.827718302948582618e-01
5.031266908649270064e+00
7.813055362473734000e+00
6.656345859719439595e+00
1.674532270081513285e+00
-4.703487404538705619e+00
-9.119976453270343342e+00
-9.195010015911531553e+00
-4.794317124763058935e+00
2.021382478898001267e+00
8.204225533675124638e+00
1.128637061176938516e+01
1.043355652743470152e+01
6.544867762294918734e+00
1.542016075609632164e+00
-2.642376966820390471e+00
-4.859807321774022526e+00
-5.043718894869590130e+00
-4.002968076295099209e+00
-2.881652313589018188e+00
-2.533554309693025086e+00
-3.078029457519436463e+00
-3.858592039015548814e+00
-3.869133161762884132e+00
-2.454251311073784247e+00
1.359480684793833438e-01
2.752755177906877293e+00
4.014986018737225493e+00
3.257220625083838694e+00
1.095978572334201262e+00
-8.735007329095680895e-01
-1.144253833480276095e+00
5.844716654914520193e-01
3.086585910072123795e+00
4.417982054985235330e+00
3.343218706090167469e+00
3.311531023333837975e-01
-2.693319674876887504e+00
-3.747150182316048461e+00
-2.320228055423607660e+00
1.740639656008490244e-01
1.482049356871281809e+00
3.774849052964864837e-01
-2.154018320786109886e+00
-3.485484466878978616e+00
-1.435053057464027448e+00
3.641396239153581682e+00
8.472532628099967766e+00
8.797839749191332714e+00
2.456966674240495863e+00
-8.543700822665055483e+00
-1.866333404513729732e+01
-2.201642279501842481e+01
-1.611116322441265680e+01
-3.592091719290045226e+00
9.288954465583930897e+00
1.651561387835563366e+01
1.588917872417768251e+01
9.957682092166894705e+00
3.774272572149450777e+00
1.193826511217001896e+00
2.387048443633836392e+00
4.272715258830921847e+00
3.378598693661237107e+00
-1.136725424107956517e+00
-6.629832304110155228e+00
-8.936694595064899715e+00
-5.658613827748755654e+00
1.736477994363794020e+00
8.631971257309176693e+00
1.034467077490302245e+01
5.368570592471812120e+00
-3.541176197709543505e+00
-1.119366503437407623e+01
-1.336618043735231964e+01
-9.391704553387416610e+00
-2.221164287162871620e+00
3.882643211036262088e+00
6.222866615936288426e+00
5.078951370927732079e+00
2.849507415626570062e+00
1.840969193434629059e+00
2.509071328529463685e+00
3.433355784331971527e+00
2.857360308103838786e+00
4.185763964699820150e-01
-2.371491243212275446e+00
-3.275211849514781726e+00
-1.173035650738115887e+00
2.865409993619435269e+00
6.140344434267977825e+00
6.121050730412036955e+00
2.182488754664246855e+00
-3.939189485093009147e+00
-9.230832810831856250e+00
-1.120981952840769758e+01
-9.231336265719802370e+00
-4.553937917432578253e+00
6.562590070105407403e-01
4.555161661771174764e+00
6.298687281066504440e+00
5.958428478625330982e+00
4.042290820117898420e+00
1.131722898439146086e+00
-2.156333491374640587e+00
-5.070941035056119262e+00
-6.796971608710867585e+00
-6.769593929520904219e+00
-5.000107587193149961e+00
-2.109339564759953767e+00
9.945798595845311008e-01
3.542063355297110583e+00
5.101783382556609681e+00
5.467561118917052099e+00
4.474631859821254665e+00
2.064642825758560285e+00
-1.366572192494559079e+00
-4.700465896054073944e+00
-6.365772346586590302e+00
-5.221126503368485494e+00
-1.519237877752950716e+00
2.866104872708722162e+00
5.382059298841581629e+00
4.464773173256687322e+00
7.880353013042193933e-01
-2.948206404627196076e+00
-3.760990142550233450e+00
-5.514133082184011769e-01
4.882150584885607714e+00
8.860799651373012509e+00
8.296413408021518165e+00
2.900074155559683398e+00
-4.509904941730688677e+00
-9.905372880042570216e+00
-1.081524221652781570e+01
-7.923161930064495095e+00
-4.285128000009548188e+00
-2.750655422849640708e+00
-3.586076380176938194e+00
-4.214151547350487803e+00
-1.392165281085209205e+00
5.782410316002842166e+00
1.443075526508025241e+01
1.936100446440104861e+01
1.661983462237093079e+01
6.614322415104505026e+00
-5.591476696902846655e+00
-1.326786506692171486e+01
-1.237302685318115891e+01
-4.255839780189171861e+00
5.240879150012968779e+00
9.724554094044016495e+00
6.538152332693285551e+00
-1.569856525925844570e+00
-8.505157994138039967e+00
-9.118202614220411562e+00
-2.709952308683910793e+00
6.629034219394307037e+00
1.294675313045265774e+01
1.246238142722775777e+01
5.891036409955428432e+00
-2.404317515988703136e+00
-7.609957972368695422e+00
-7.623805820204187178e+00
-4.023355705639140467e+00
-4.026987949362434982e-01
4.718570960648936774e-01
-1.453828392537265923e+00
-3.841512823068670812e+00
-4.023906374332958613e+00
-1.138165851196788037e+00
3.234668097353115890e+00
6.262326141751788811e+00
5.878463280982137107e+00
2.136395887057889187e+00
-2.953874090410356423e+00
-6.801820071280019420e+00
-7.746096233022575994e+00
-5.726786077252403295e+00
-1.918580166851836299e+00
2.133213289982604621e+00
5.169932237343711101e+00
6.389140600315259100e+00
5.375668672644381196e+00
2.182264063604227200e+00
-2.386473932948650400e+00
-6.662640916664772206e+00
-8.602358524584587940e+00
-6.846412403152609905e+00
-1.735801866833916574e+00
4.522873917104396568e+00
8.874831274529245917e+00
9.112267367048225708e+00
5.177457768442253361e+00
-8.115853169842160986e-01
-5.850794473666229401e+00
-7.791943815645685945e+00
-6.390008376204609597e+00
-3.052009198281024904e+00
3.678291012472777455e-01
2.750195156246881822e+00
4.040408827051894747e+00
4.663957183596195044e+00
4.714940959542958332e+00
3.729333599823617895e+00
1.272249483170490691e+00
-2.218857627490881779e+00
-5.206287284928230008e+00
-5.853735710829979233e+00
-3.387992413008561243e+00
1.035683231973303808e+00
4.784844075297901789e+00
5.391940616955229970e+00
2.303016869218595275e+00
-2.561196951585184234e+00
-5.960999796039947896e+00
-5.512203571184361550e+00
-1.387198315198735932e+00
3.695297154695341924e+00
6.264012449914515557e+00
4.479417381848798563e+00
-5.414834140113973238e-01
-5.412906711608078680e+00
-6.754673337236067887e+00
-3.523903741213398000e+00
2.186474453964570852e+00
6.450563960732191404e+00
6.077425193644137025e+00
7.686655123386896271e-01
