-7.221229050655120218e-01
-3.183459325651627481e+00
-3.451560314019723741e+00
-1.902683045320824551e+00
-9.663146792199017732e-02
3.102350985062719557e-01
-1.272679402339123689e+00
-3.932390805761461827e+00
-5.850774226576400672e+00
-5.544613482729482179e+00
-2.911209323330152809e+00
6.327587619972021571e-01
3.027755077517904070e+00
2.895517322758900836e+00
4.442067145854696752e-01
-2.639917639103702918e+00
-4.250801262615708787e+00
-3.195863174049591304e+00
4.321125560820782141e-02
3.601007750218103709e+00
5.383689730937535778e+00
4.364759154863407709e+00
1.219485445179564698e+00
-2.083975154710162592e+00
-3.473014641900236121e+00
-2.005578800518608595e+00
1.591391018340820640e+00
5.380823770643490711e+00
7.360981348230808408e+00
6.585762498822255395e+00
3.597165200722488798e+00
-3.907604997528801860e-02
-2.742258299758355555e+00
-3.805406463505781378e+00
-3.625443927616942119e+00
-3.201313734586425319e+00
-3.311600292757466590e+00
-3.964176640541299701e+00
-4.476585909795174345e+00
-4.074786770565706817e+00
-2.530310827882657154e+00
-3.536989353132253822e-01
1.581235380352845610e+00
2.664934467477201530e+00
2.924392666019349996e+00
2.846677205689852386e+00
2.815608424949810118e+00
2.661446327892480479e+00
1.759268254494936512e+00
-3.322642405860349868e-01
-3.189444082915954493e+00
-5.427709558328514206e+00
-5.436982909349199033e+00
-2.542039152001819957e+00
2.247145502207775536e+00
6.561684420275801344e+00
8.028061795238246035e+00
5.822422128744786818e+00
1.340505783697237607e+00
-2.583088677212325823e+00
-3.487492071342689570e+00
-9.428923286977319851e-01
3.106654728537767252e+00
5.614415752351543887e+00
4.494904573596583575e+00
7.141748319057450445e-02
-5.110729147513770165e+00
-7.997395348761580536e+00
-7.082257717303097166e+00
-3.371984070947982914e+00
4.071502956487628166e-01
1.778393949979321764e+00
2.405760737756015011e-01
-2.482464530572490169e+00
-3.825003599586763503e+00
-2.361202611318403477e+00
1.083121252977376603e+00
4.016989570358900252e+00
4.147245755911971088e+00
1.150457564669735255e+00
-2.961396266383263143e+00
-5.181096284028845922e+00
-3.612492452683401911e+00
1.158187291788677076e+00
6.405329196083160426e+00
9.078887313987534569e+00
7.813451701228485646e+00
3.742937165434059743e+00
-3.946120649813349424e-01
-2.170169423824439559e+00
-1.030692949745081854e+00
1.525908847909341226e+00
3.178277399695515371e+00
2.445151235711729321e+00
-4.061990136010915631e-01
-3.758492622039353304e+00
-5.919901678074949380e+00
-6.260649758225243389e+00
-5.404789999599152850e+00
-4.460457458913774431e+00
-4.005084180896303359e+00
-3.665843712003486132e+00
-2.593757627290676382e+00
-3.817760716314757552e-01
2.378575062247017868e+00
4.401125821765375257e+00
4.658592121344770298e+00
3.231314715827111606e+00
1.351753499274078951e+00
5.575347248621311813e-01
1.559976680773603075e+00
3.673766633449877084e+00
5.251590434417965803e+00
4.829088380795065305e+00
2.165728347608059323e+00
-1.551338442806225126e+00
-4.463789947538675307e+00
-5.205927486070422106e+00
-3.672268308573188200e+00
-9.188472459532588399e-01
1.632900802738803003e+00
3.060829329377076302e+00
3.284303622479373352e+00
2.754592743090736207e+00
1.865102862010398432e+00
6.108414211051749199e-01
-1.248240121680141979e+00
-3.719500130738727872e+00
-6.262003432710501194e+00
-7.942587401543875991e+00
-7.980780365006465260e+00
-6.269152171808052287e+00
-3.464489355650420599e+00
-5.796090599209233751e-01
1.610069883486268338e+00
2.905993047968530973e+00
3.559823829346773660e+00
3.854039781401398912e+00
3.788510041884359580e+00
3.154174566040511163e+00
1.915791690278628057e+00
5.282286264697235723e-01
-1.674465042812196547e-01
5.178631265481052903e-01
2.524976967814041462e+00
4.884080906105172204e+00
6.199603744981907916e+00
5.513144366873516056e+00
2.955485707023635555e+00
-2.966476623760867515e-01
-2.766380914572027283e+00
-3.622671922546267353e+00
-3.162137628635282027e+00
-2.482642458033427424e+00
-2.586880736678971893e+00
-3.577091980241193792e+00
-4.549563924510200863e+00
-4.294394141105088991e+00
-2.307148930950955190e+00
6.412210927567018048e-01
2.850466463693706487e+00
2.789263823555002020e+00
2.262273327550963220e-01
-3.403469606969122818e+00
-5.721027192263374417e+00
-4.824536379079299664e+00
-5.299726812550695776e-01
5.369081477874762420e+00
1.002827742138995681e+01
1.113362230814935216e+01
8.195825363789735363e+00
2.792493710049325450e+00
-2.364526728670312217e+00
-4.956642123334170869e+00
-4.270453354856730499e+00
-1.413533333208259801e+00
1.520213322187812466e+00
2.765632211784303962e+00
1.867605010550323907e+00
-2.240239826150940416e-01
-1.921088012037756032e+00
-2.080084974293251232e+00
-7.079409027489664830e-01
1.113664118892026877e+00
1.973215619001579046e+00
1.026786677762654199e+00
-1.516175816535376031e+00
-4.572373750632372058e+00
-6.844158644296810756e+00
-7.501102488224328013e+00
-6.480425522628082469e+00
-4.312347971921258072e+00
-1.699799847650324658e+00
8.088036304261805309e-01
2.872139339205265429e+00
4.223555593190356561e+00
4.597367139055414498e+00
3.868725187958981238e+00
2.311522880940007685e+00
6.923941627513667818e-01
-1.741308747802572388e-02
7.675068736270005409e-01
2.740402354601284340e+00
4.712615446945743969e+00
5.265654561394207178e+00
3.695958504123944444e+00
6.131389380726719462e-01
-2.295800319343311191e+00
-3.282563392897102972e+00
-1.708597566840571513e+00
1.432734958455210261e+00
4.059693781367959886e+00
4.309186202465262738e+00
1.751884449449935932e+00
-2.315810131723187837e+00
-5.718955865259042426e+00
-6.817464056319921362e+00
-5.512471090630577386e+00
-3.159915756906116258e+00
-1.486166412205245591e+00
-1.314109756452372268e+00
-2.033040402474733277e+00
-2.186216307562370176e+00
-7.153862162155246729e-01
2.090172962855359806e+00
4.673485728261690397e+00
5.282258313480530987e+00
3.250917197565524219e+00
-4.547003609255402812e-01
-3.835108715699087067e+00
-5.161944642146030660e+00
-4.046395918475483633e+00
-1.529214030381721656e+00
8.031634301610859339e-01
1.956425743152445440e+00
2.059872199697822204e+00
1.957473226575762393e+00
2.287544359582799558e+00
2.869129017584350017e+00
2.920051926762296191e+00
1.899505692835988135e+00
2.026884417036443065e-01
-9.803066952774107667e-01
-6.337807664010897124e-01
1.047235259478918490e+00
2.488470537808780136e+00
1.760690522271722402e+00
-1.843904808037224896e+00
-6.886430160782978760e+00
-1.036782680845349880e+01
-9.616706206337958918e+00
-4.237710458279839720e+00
3.307545591668120011e+00
9.043603105044558887e+00
9.952028592223319592e+00
5.915564047109522328e+00
-2.226249967432902821e-01
-4.559081193172211499e+00
-4.693943558266817639e+00
-1.196043927849008703e+00
3.008392567175519616e+00
4.824910364614120262e+00
3.159641961481931105e+00
-4.619313454174932554e-01
-3.186933383570232259e+00
-3.002817887611635594e+00
-1.521344196842142615e-01
3.208089582491719938e+00
4.754577726208056632e+00
3.759954155493308470e+00
1.514791064891113592e+00
1.289255634961516961e-01
7.016618887770930124e-01
2.338724185760133079e+00
2.826772785065450044e+00
4.696117407997344451e-01
-4.346827226181246395e+00
-9.130456298214111754e+00
-1.091519272007356101e+01
-8.389100357952063547e+00
-2.935303444519925975e+00
2.231181474685384636e+00
4.251240372647213661e+00
2.567204248882603679e+00
-7.797557975204372216e-01
-2.710529127872999489e+00
-1.387830184049918758e+00
2.437258340602377782e+00
5.972623531718324941e+00
6.410706566668693540e+00
2.965262518423437577e+00
-2.523294017912514953e+00
-6.805015893084110701e+00
-7.361068490902461292e+00
-3.969625415506170540e+00
1.318977881909710215e+00
5.654384973079841004e+00
7.190196456831008831e+00
5.991876968937303261e+00
3.573758600607046532e+00
1.592542676042104421e+00
7.347356338294792621e-01
5.399498915802005694e-01
1.091027446888795938e-01
-9.993916130475997139e-01
-2.415147875321832061e+00
-3.341058515019009967e+00
-3.258311342499522034e+00
-2.324545852270817559e+00
-1.166732297240098193e+00
-3.146257009460247112e-01
1.904336508480693468e-01
6.714247082254269916e-01
1.323685428832076072e+00
1.848274869646530982e+00
1.603464249730149449e+00
2.023539270720343120e-01
-1.946263973172000172e+00
-3.673456651308852905e+00
-3.744477237320385843e+00
-1.745717480743262051e+00
1.510131743030275198e+00
4.412635305881574155e+00
5.548772836837314593e+00
4.562664922924494881e+00
2.273113691678672943e+00
1.888773688737410694e-04
-1.359999065597954360e+00
-1.812921989916499887e+00
-1.982977287436225922e+00
-2.377153915987824995e+00
-2.855116988230690822e+00
-2.769898264633566143e+00
-1.658729625247939765e+00
1.299322823688376372e-01
1.474360197470422129e+00
1.253503914746070036e+00
-7.051691865867953934e-01
-3.282896001579203915e+00
-4.702977386119456149e+00
-3.763124225610270823e+00
-7.753380636242988011e-01
2.534629827531300172e+00
4.181464269583173632e+00
3.343966175698420695e+00
1.018417756275955988e+00
-6.299280398882498577e-01
1.809567825242421879e-01
3.474008382714222076e+00
7.318563565588983799e+00
9.020428597293760120e+00
6.927945363753490682e+00
1.631310262529763300e+00
-4.278008416690264326e+00
-7.754866196331742678e+00
-7.147865602888757053e+00
-3.152808836917187829e+00
1.709259159054793198e+00
4.695727461961785920e+00
4.461088450730352761e+00
1.683402017290196007e+00
-1.600179327244617422e+00
-3.401170755875605245e+00
-2.965289526097834472e+00
-1.018641426340814782e+00
9.526506000144194797e-01
1.783616802376355670e+00
1.305393098421852027e+00
2.179473422423316986e-01
-6.346752056442062084e-01
-9.815345341814633029e-01
-1.287347197931902221e+00
-2.256308869509925152e+00
-4.071232268355966077e+00
-5.967326722126577998e+00
-6.518095189285598501e+00
-4.517955102009350909e+00
8.618533291986452127e-02
5.846702806577196654e+00
1.035691173549444422e+01
1.144947407896847125e+01
8.395640899550063097e+00
2.406297153440145387e+00
-3.890745875425474676e+00
-7.744945885557056542e+00
-7.651739412434332976e+00
-4.050948873444284892e+00
1.009106962453742096e+00
5.019147517193076169e+00
6.299842176497877588e+00
4.724550426798669989e+00
1.535927585800580530e+00
-1.532707908468629254e+00
-3.240277206160509404e+00
-3.348054373891893754e+00
-2.450102719154690689e+00
-1.374644522060192386e+00
-6.400432741514929802e-01
-3.191128475862328173e-01
-2.984470869406585791e-01
-6.065869306254136895e-01
-1.463527303035320859e+00
-2.980033868673194863e+00
-4.779275293597546437e+00
-5.937894453948864282e+00
-5.428512770895010497e+00
-2.839665087675586896e+00
1.133834238336777434e+00
4.855809287424956544e+00
6.573196273663945988e+00
5.430134500084113469e+00
2.022119006294825994e+00
-1.894538327869079497e+00
-4.380348211243702217e+00
-4.371280683213432994e+00
-2.168661647092984257e+00
9.010922223792299235e-01
3.372907523665574558e+00
4.465966703558873263e+00
4.336890264915343352e+00
3.690308390561503504e+00
3.114167309598147249e+00
2.649022228755050445e+00
1.872011474875944881e+00
3.726029602459264289e-01
-1.778861742528116796e+00
-3.932941071892968488e+00
-5.203601400750001993e+00
-5.004212048640237498e+00
-3.411674597960993705e+00
-1.133233890235618047e+00
8.789626234541109140e-01
1.915852470513633277e+00
1.830700322026076909e+00
1.052584622946104442e+00
3.287214823808645714e-01
3.368969517919611634e-01
1.330480447918836129e+00
2.953558064220527690e+00
4.322913430398974910e+00
4.401551722128697719e+00
2.560028023125572982e+00
-9.299203597186682657e-01
-4.790689940348997311e+00
-7.213071352410818093e+00
-6.776568916009392929e+00
-3.342292078615336504e+00
1.659115386930798852e+00
5.843956401682579127e+00
7.147837329038382315e+00
5.029718282952175379e+00
8.339468939165994854e-01
-2.988690200626180626e+00
-4.370331061947297258e+00
-2.895760197376697320e+00
-2.111204513411518713e-02
1.920355235406408623e+00
1.280858253528555313e+00
-1.805226343889476448e+00
-5.515428893585060166e+00
-7.542314377758652100e+00
-6.577020106567493585e+00
-3.077615184236991652e+00
1.149205559630363194e+00
4.190045230728250303e+00
5.180671062362923074e+00
4.589943579706824650e+00
3.530312801602231154e+00
2.720597274107857011e+00
1.955309356365286577e+00
5.004931047904559449e-01
-1.926440272371048978e+00
-4.441109552693203177e+00
-5.238701635258944833e+00
-2.782553704227364477e+00
2.850722309526412701e+00
9.490728465913287337e+00
1.377323056716794092e+01
1.300888796599319086e+01
6.893682525188502552e+00
-2.060388548465837744e+00
-9.742005578059137250e+00
-1.264863478045358214e+01
-9.798807401313810672e+00
-3.227465876322885840e+00
3.205488376877613454e+00
5.969397789680525257e+00
3.729615709375087018e+00
-2.089890717278945598e+00
-8.259517100148459079e+00
-1.156340943063798399e+01
-1.042415478825233244e+01
-5.498177209642451047e+00
9.311967351545251681e-01
6.269288788399132173e+00
8.843654997762929071e+00
8.447313352039071077e+00
6.063641950365560973e+00
3.102809450506597511e+00
6.626269030858528142e-01
-8.140146209301192259e-01
-1.430055959301967938e+00
-1.489770458194367597e+00
-1.209228212886192644e+00
-6.474613146128878061e-01
1.762941530415857438e-01
1.141115919497527109e+00
2.001022399828075837e+00
2.496320159593935273e+00
2.496044887708939619e+00
2.047796788375770838e+00
1.299375113588684183e+00
3.727349949805960350e-01
-6.870242738953487027e-01
-1.836558456632166880e+00
-2.909265430113147755e+00
-3.586583623590372749e+00
-3.549926510167819238e+00
-2.737520504790379672e+00
-1.500358909998908530e+00
-4.769090250090315397e-01
-2.002956213510752592e-01
-6.838397002118428158e-01
-1.311716605883577191e+00
-1.191531033954609242e+00
2.065167569301080697e-01
2.556872105261045913e+00
4.731137829003030149e+00
5.447609636757245966e+00
4.130323666107949876e+00
1.381989975381079372e+00
-1.314012550874246177e+00
-2.526768925532604015e+00
-1.835684600162738933e+00
-1.317196353316936186e-01
9.976759981914313791e-01
4.156395640309962225e-01
-1.679435415348432103e+00
-3.786758207434386847e+00
-4.088078676077349094e+00
-1.741219650874205715e+00
2.410992914211331772e+00
6.236087706220641458e+00
7.582522862190776536e+00
5.594773922842214198e+00
1.211549707197677961e+00
-3.454841379460436457e+00
-6.409157487628558414e+00
-6.868831145074420164e+00
-5.491224399744560003e+00
-3.691988001626627103e+00
-2.617930993187876698e+00
-2.494466005769415684e+00
-2.710171376953589562e+00
-2.438990403157460296e+00
-1.263371550022965639e+00
6.326070795935753166e-01
2.723162502011046371e+00
4.526256273427962995e+00
5.768706294292925918e+00
6.271880103509270832e+00
5.803241420466829226e+00
4.171373513710260106e+00
1.566606743659999523e+00
-1.179509841474625453e+00
-2.797411326793584507e+00
-2.299550849675786601e+00
2.065536111933883312e-01
3.259530965721071816e+00
4.707885344817705153e+00
3.022568059384944217e+00
-1.562100097658028375e+00
-6.909807571889178490e+00
-1.007573464659729012e+01
-9.032449001053000970e+00
-3.952388961833610992e+00
2.792717918530637000e+00
7.943887054808256742e+00
9.167424940184851323e+00
6.258945545420703915e+00
1.060354530181694344e+00
-3.747638196179888137e+00
-6.145387415635277684e+00
-5.662191592552522579e+00
-3.256246814806689649e+00
-4.702285594888832021e-01
1.479307866761126578e+00
2.148326718009561542e+00
1.760551251356522906e+00
8.425059455682796239e-01
-5.940006348403623071e-02
-4.700620946404788225e-01
-2.365748056860739190e-02
1.388165747056022248e+00
3.395316807109474588e+00
5.097160755581336744e+00
5.392807413412059603e+00
3.621376344876250819e+00
1.210235047486101223e-01
-3.743490999035254951e+00
-6.228574880619552445e+00
-6.200174812084236819e+00
-3.835630494526964362e+00
-5.510003737711052230e-01
1.834240926750772216e+00
2.169854404957705096e+00
6.005915858983031930e-01
-1.631048551112812994e+00
-3.030520864259294456e+00
-2.767377655409689385e+00
-1.092636866254650396e+00
9.337145704169351745e-01
2.144199661664021761e+00
1.918535373650079423e+00
4.391536010513352184e-01
-1.494499859066193093e+00
-2.888524838848756104e+00
-2.970335166541337557e+00
-1.469297969486518252e+00
1.255905122972697407e+00
4.254736957295299327e+00
6.244135282518587182e+00
6.113010013244530860e+00
3.528479339609030596e+00
-6.862619907574847300e-01
-4.737384361217698014e+00
-6.666681831336023656e+00
-5.410869676134432815e+00
-1.481378901097533340e+00
3.222564692962651911e+00
6.432962914954556410e+00
6.767775625671196948e+00
4.434158448160926191e+00
9.428085305606042077e-01
-1.938647608607146688e+00
-3.257848106692069479e+00
-3.261896849595509629e+00
-2.912222265512504293e+00
-2.987589061417827985e+00
-3.495231197069216478e+00
-3.808144044509981008e+00
-3.334929993006145565e+00
-2.103440295625296219e+00
-7.420742607917896194e-01
1.176486400571942204e-01
4.703247262902868764e-01
9.931424892252445069e-01
2.403639848781305766e+00
4.625147422575761169e+00
6.514902762446254769e+00
6.523772100754475112e+00
3.900855726002729895e+00
-4.708433161426489044e-01
-4.356941681947949618e+00
-5.526724286081577731e+00
-3.286313351745855371e+00
9.388867558688848147e-01
4.485407643426655433e+00
5.253582172745561607e+00
3.167975514789310942e+00
2.167450065302154449e-01
-1.015807163671541558e+00
6.916510355846288149e-01
4.159154304254617074e+00
6.480745579734536577e+00
4.997737228605777737e+00
-7.781411800759847619e-01
-8.625018360111328164e+00
-1.483836829476170571e+01
-1.640651718711128382e+01
-1.270597906195332172e+01
-5.674037217557686752e+00
1.520629179020085431e+00
6.322483086930217766e+00
7.948292938352611969e+00
7.273749375307300369e+00
5.785984276606273902e+00
4.494337341865643154e+00
3.532826096261605375e+00
2.534153451634431509e+00
1.264008901039062049e+00
-8.415096248732101269e-02
-1.123167051852843379e+00
-1.715065951257334742e+00
-2.135433986623453517e+00
-2.765369285458127990e+00
-3.589281631154830343e+00
-3.999890701472533561e+00
-3.178650821483018252e+00
-8.181553705832049772e-01
2.392202834013342105e+00
4.977285277042664546e+00
5.529832274626661714e+00
3.639894351524681326e+00
2.315102026860504925e-01
-2.959060019456110968e+00
-4.420458478653788603e+00
-3.718591107894248182e+00
-1.619199462014396129e+00
5.301471207285461951e-01
1.667857098450100661e+00
1.540053673330153750e+00
6.116952823987217291e-01
-4.239867340170517807e-01
-1.089269209658712434e+00
-1.220175958934857530e+00
-7.855286308647138060e-01
2.636671794320275541e-01
1.891254479088960050e+00
3.715497109491336047e+00
4.928781403991011167e+00
4.648328120917804007e+00
2.572519076232592905e+00
-5.360916594019015102e-01
-3.018903723449739118e+00
-3.199080007857523889e+00
-4.761358784079121609e-01
4.108504330872037258e+00
8.298275895498923305e+00
9.847947247799488935e+00
7.789684462195145542e+00
2.922428186604858702e+00
-2.775579638930658177e+00
-7.381603601527663372e+00
-1.005844819900704579e+01
-1.121205082826147859e+01
-1.175898957038279491e+01
-1.212509968538584992e+01
-1.176387779082089580e+01
-9.570263532430296038e+00
-4.884718870180478234e+00
1.667857023783140935e+00
8.160689873742335010e+00
1.225789819892932719e+01
1.247813290346359771e+01
9.034820760014234509e+00
3.734351901416577135e+00
-9.889927462827121651e-01
-3.309572390005189213e+00
-2.814289747035999767e+00
-4.867554092470920413e-01
2.012229074351616909e+00
3.285629012764505141e+00
2.840577357597256380e+00
1.156680662552174166e+00
-7.435296375427302706e-01
-1.911067516892791307e+00
-1.931888507945803912e+00
-1.032897063808175586e+00
1.590355670900520657e-01
1.027146456699798538e+00
1.301542215157456273e+00
1.138417109599012544e+00
9.105819885072556907e-01
8.549390476660847504e-01
8.250115823411280358e-01
3.473296067519369146e-01
-1.016087709106685555e+00
-3.228979066432766221e+00
-5.597554486653200101e+00
-7.042419264582091998e+00
-6.715644460827579820e+00
-4.572107107516819369e+00
-1.475178904846919270e+00
1.296769337714102743e+00
2.848457262329742612e+00
3.216888781843171508e+00
3.250702475349529497e+00
3.868302947594598251e+00
5.225727812280770657e+00
6.447641403358810308e+00
6.202609993129891031e+00
3.771840552689637249e+00
-1.697547422604525069e-01
-3.716524697694259860e+00
-4.853380553756656113e+00
-2.827262129543070657e+00
1.204207624458372816e+00
4.787297615130656325e+00
5.723365582545120844e+00
3.533881778019755338e+00
-1.886716628019005082e-01
-2.840841515613539592e+00
-2.597086352173100465e+00
2.909795382408877362e-01
3.599080060934200187e+00
4.599264097267941054e+00
1.911087788916326691e+00
-3.517426233750089004e+00
-8.956621698120542874e+00
-1.158579690608497970e+01
-1.018510599596800681e+01
-5.731258699359864650e+00
-5.913672005654704300e-01
3.032710885094661357e+00
4.310169480871667957e+00
3.887574903669293480e+00
2.995162205056072224e+00
2.357500736367037497e+00
1.767047204515192149e+00
5.803493553474491362e-01
-1.368068877325760546e+00
-3.273097483652450013e+00
-3.776702170133468428e+00
-2.028914773984648701e+00
1.442933685612917127e+00
4.816098807111376168e+00
6.077079871815373124e+00
4.425079193545641054e+00
9.516759296356127606e-01
-1.974114927200744107e+00
-2.280749072549487000e+00
3.222382703211075228e-01
4.003239190994004382e+00
5.916617801187479486e+00
4.077296012464561414e+00
-1.230480749954817821e+00
-7.465837697896910541e+00
-1.129653854168873650e+01
-1.059652313237911692e+01
-5.712262260797486668e+00
7.817942234010608615e-01
5.643760827946138647e+00
6.830249746734964766e+00
4.520822105974471761e+00
7.497557205724137974e-01
-2.004663871362383887e+00
-2.313305277542496707e+00
-4.595281974015112958e-01
2.022621255249543282e+00
3.493918075504197862e+00
3.226851951384849926e+00
1.676157095323732804e+00
-4.617119614770326397e-02
-1.015478153876026024e+00
-1.044163548162684751e+00
-6.155256564532178842e-01
-3.543820155224878254e-01
-4.930682075254575469e-01
-7.347655366384200359e-01
-5.752577386954217387e-01
2.089165439446854511e-01
1.306098926097121415e+00
2.050915873945531320e+00
1.902960397724113184e+00
8.589853186034124288e-01
-5.142678887713099112e-01
-1.458304958713309896e+00
-1.542774336834940918e+00
-9.545521863056787293e-01
-3.488972867441858527e-01
-3.673312054822875372e-01
-1.162632382603589809e+00
-2.266654774822902674e+00
-2.897879909258840314e+00
-2.500570572226332278e+00
-1.146186964290423216e+00
4.813419256873294194e-01
1.515586786063862768e+00
1.472810932166547460e+00
5.786228057097706490e-01
-3.656365637772892585e-01
-5.008118054702308530e-01
5.149143537186628983e-01
2.245178321269130972e+00
3.709761616008896645e+00
3.986768154611555204e+00
2.818859012387608942e+00
8.407048951187590102e-01
-7.406240163859162395e-01
-8.547348599267819980e-01
7.381685888562261599e-01
3.191999782940840635e+00
4.950239277521205850e+00
4.584640851470959788e+00
1.644531152606105717e+00
-2.975437988554347157e+00
-7.395817352791395294e+00
-9.682531435422152555e+00
-8.850607525144885912e+00
-5.379410613318854395e+00
-9.380710335224990981e-01
2.530822924580843125e+00
3.844412268672485755e+00
3.132244958178436622e+00
1.598309904058133668e+00
6.630777811241160835e-01
1.035643888986944372e+00
2.302824003655981944e+00
3.286158523498942330e+00
2.918587951393658120e+00
1.050828824559202346e+00
-1.361208670117928232e+00
-2.832825417491411812e+00
-2.328567061459034804e+00
-1.302152539354506366e-03
2.810896498919566167e+00
4.363085530139748869e+00
3.587881613735072861e+00
8.065465661725421675e-01
-2.394520502428810094e+00
-4.073172733286416047e+00
-3.095498650681910213e+00
1.356104431922767750e-01
3.822041675228735169e+00
5.710726933378426295e+00
4.308934720899896931e+00
-2.903676967718671342e-01
-6.405953829779116759e+00
-1.156750459185468749e+01
-1.368031445658877132e+01
-1.195921836463960908e+01
-7.191673004029873084e+00
-1.255380629195695708e+00
3.811337830926646575e+00
6.694473157511432682e+00
7.220663365124320165e+00
6.159006710846771426e+00
4.596344278721714360e+00
3.285676357632901556e+00
2.344610109284855248e+00
1.439490023249965001e+00
2.740932236616130391e-01
-9.951258443028824230e-01
-1.740979176419737318e+00
-1.287239213916482772e+00
5.153285387742750911e-01
2.990065853236548499e+00
4.886989437023730787e+00
5.086087920879019286e+00
3.310239552113218409e+00
3.535642519363517700e-01
-2.369024561609101021e+00
-3.681125010404265208e+00
-3.341540496595733600e+00
-2.100823340699939035e+00
-1.085416024547549263e+00
-9.637569528216849424e-01
-1.514975014725658875e+00
-1.924410556115812021e+00
-1.572643616678967682e+00
-6.811024353698795775e-01
-2.520212436292428304e-01
-1.269882061448364130e+00
-3.736118429213397985e+00
-6.320048009663477018e+00
-7.024035423634964914e+00
-4.520287804759598238e+00
7.454419354138537290e-01
6.528344728349383175e+00
9.990336529280281042e+00
9.425476341400262470e+00
5.373299901093272268e+00
3.416361107036924860e-01
-2.727078332522083315e+00
-2.262939302615277537e+00
1.025316886431137942e+00
4.714132935499796062e+00
6.284461161554427910e+00
4.701709006799044133e+00
9.413999434366706609e-01
-2.798005729218298043e+00
-4.571727856115991528e+00
-3.834352329787469760e+00
-1.558343001857925181e+00
6.098995316077349127e-01
1.461918327895647574e+00
8.381223932307259039e-01
-5.636518330307178637e-01
-1.876444746990550083e+00
-2.655841471331945591e+00
-2.978988634719701878e+00
-3.116212202841997847e+00
-3.166416976815311646e+00
-2.994044915571877574e+00
-2.466530029751980102e+00
-1.693710657753475513e+00
-9.821933131316080701e-01
-5.174638523391215106e-01
-8.995152568241027158e-02
8.065664050640420912e-01
2.494372139159886093e+00
4.624076634109338002e+00
6.154466811372392598e+00
5.955873317359150931e+00
3.677410320030036317e+00
2.238690763808262041e-01
-2.608575051792195953e+00
-3.195306206910535352e+00
-1.154432958228869932e+00
2.332586947884471407e+00
5.212978628541112158e+00
5.817171293598782711e+00
3.826577327840409382e+00
3.222503374593048697e-01
-3.047673491252218980e+00
-5.127255253695736315e+00
-5.781660729014026501e+00
-5.606612106150524077e+00
-5.181144888372108070e+00
-4.542807915248515016e+00
-3.308645750670121011e+00
-1.270082712679564851e+00
1.136242184299069091e+00
2.972398066647452097e+00
3.494095834929316524e+00
2.804647030935941032e+00
1.845172500231009094e+00
1.630822687262564852e+00
2.318442131231460923e+00
2.929068045525115238e+00
2.090362588246408748e+00
-6.788192862759603319e-01
-4.174565404695252724e+00
-5.998360466846019534e+00
-4.187273440173918893e+00
1.118891095429318749e+00
7.283964769450568255e+00
1.056889795760267425e+01
8.534792673714655109e+00
1.834384787274357720e+00
-5.945187713602479107e+00
-1.043521250172842585e+01
-9.266925491529260484e+00
-3.603507228319150268e+00
2.651927703424764804e+00
5.459001247236859200e+00
3.283957548443073637e+00
-2.009130357447969750e+00
-6.581464906237252777e+00
-7.306713443146796827e+00
-3.827737883375990080e+00
1.402228534303179064e+00
5.009936566010860126e+00
5.086850903544176461e+00
2.358674741577847289e+00
-6.062738833300248542e-01
-1.442473994298584694e+00
2.869779743056842247e-01
2.928877958861720643e+00
4.158851690344731900e+00
2.817641186616429039e+00
-2.506039788481195241e-01
-2.946211405221328405e+00
-3.594677742198357784e+00
-2.209543449403889248e+00
-3.533918688242821404e-01
2.613686978830073171e-01
-7.125635732932066313e-01
-1.873124418647895473e+00
-1.182010962754844741e+00
2.244795679126975418e+00
7.069333714293002835e+00
1.030277121926175532e+01
9.228012467492558102e+00
3.355332790966093270e+00
-4.994976594783777202e+00
-1.195455040647850176e+01
-1.439960685827973563e+01
-1.174782156654971033e+01
-6.094703607304460036e+00
-6.844147029500016188e-01
2.170406417220686279e+00
2.307830286883514326e+00
1.356362394839878416e+00
1.220442339019515821e+00
2.598865619921235659e+00
4.589617709959077807e+00
5.561334612980934899e+00
4.535401677420791700e+00
2.003419212920108272e+00
-4.067391302736916847e-01
-1.115031893759557580e+00
2.901762636553498198e-01
2.812622274181227233e+00
4.815249272014630044e+00
5.176360350259598064e+00
3.974504875094191370e+00
2.249090542805992410e+00
1.099715378635042651e+00
8.590013795141397956e-01
9.606747446316916683e-01
5.441890349941657101e-01
-7.436966569533633997e-01
-2.422338478521142147e+00
-3.591955976701230568e+00
-3.741519146720632349e+00
-3.265505770334949265e+00
-3.216790384754346643e+00
-4.426644876387433314e+00
-6.655822189622007556e+00
-8.482713449218518775e+00
-8.128003131720223706e+00
-4.716191161774987428e+00
9.035949854819114169e-01
6.416415595943549377e+00
9.306834891961432987e+00
8.359229839627491998e+00
4.425563584760600300e+00
-5.462904762405869363e-02
-2.496157636383244949e+00
-1.672171377585363494e+00
1.642935529736835321e+00
5.247168401304257657e+00
6.887937756558390134e+00
5.563815203292937994e+00
1.987813566574920809e+00
-1.973396473315311539e+00
-4.437723788054666052e+00
-4.493992076021076087e+00
-2.508103727249483050e+00
2.894616604892199518e-01
2.550583115827071978e+00
3.407883265060756450e+00
2.664691894531278304e+00
6.416049113937125625e-01
-2.076318004118023808e+00
-4.805137803280166153e+00
-6.838896625451094557e+00
-7.556905085165201541e+00
-6.630685377874590003e+00
-4.241572218048159648e+00
-1.119011287011698386e+00
1.716795262815391521e+00
3.415043811594997258e+00
3.688003372338235053e+00
2.882713400481868415e+00
1.688559377797447247e+00
6.949209618005566247e-01
1.110979576231386212e-01
-1.811046506339270001e-01
-3.424858338040314143e-01
-3.397966853332277104e-01
2.256294251009755003e-02
8.357944170228002179e-01
1.850012994719167914e+00
2.534855535173500929e+00
2.454629645681541739e+00
1.671263893498682318e+00
7.986078426993457047e-01
5.700691988793691323e-01
1.190891345439518023e+00
1.997906093018190443e+00
1.799012461471619861e+00
-2.314317194192553329e-01
-3.714113411734325076e+00
-6.976993355310730394e+00
-7.953109306097240427e+00
-5.577421377551482706e+00
-7.333502018748472295e-01
4.015262121666522077e+00
5.893845645108471309e+00
3.712324418627084288e+00
-1.217559621781795887e+00
-5.750029635514739113e+00
-6.830431398098987472e+00
-3.468465418254759847e+00
2.550671063656521298e+00
7.736490235659876369e+00
9.089318653463958952e+00
6.001327524355192011e+00
6.168740689097347296e-01
-3.582210912307128403e+00
-4.031075902519248189e+00
-6.991307146592935506e-01
3.963972984404848354e+00
6.673101324359010711e+00
5.432694792456530308e+00
7.640836639896306792e-01
-4.703703251451832656e+00
-7.935073627051131950e+00
-7.339402515714669839e+00
-3.617213587736197500e+00
8.363805521735863113e-01
3.478881584166041208e+00
3.094960767344427488e+00
3.333621311262833231e-01
-2.892208938305045773e+00
-4.640494160578623628e+00
-4.024301957500698634e+00
-1.559014199410083901e+00
1.290681287688102863e+00
2.988548255082879024e+00
2.708045759359237969e+00
6.582647306468756288e-01
-2.107976403741091076e+00
-4.226822892973141066e+00
-4.626555264636989406e+00
-2.962469045881493734e+00
2.620709891969024152e-01
3.919032365649344207e+00
6.730615207688679824e+00
7.794722658459342313e+00
6.922440387475540469e+00
4.630706676569465330e+00
1.816413880410523873e+00
-6.810177619653827730e-01
-2.370306581747921637e+00
-3.120022593814733902e+00
-2.975452714662765175e+00
-2.002742540660252590e+00
-3.254068473238154180e-01
1.692775983696602093e+00
3.349209087955208108e+00
3.800386997337373174e+00
2.530252287846898707e+00
-2.140232707379504662e-01
-3.391909872579705443e+00
-5.676530313931438698e+00
-6.225640515832273181e+00
-5.187821759299930058e+00
-3.543962721149229278e+00
-2.348997711980788772e+00
-1.910592456424926144e+00
-1.544036666680351555e+00
-1.518129618815302617e-01
2.753043134752305221e+00
6.358334986843405368e+00
8.808062369644638068e+00
8.349706590900357384e+00
4.630600146400329464e+00
-7.963049358404841183e-01
-5.211857521414506422e+00
-6.315263584523475693e+00
-3.635230789493734793e+00
1.173665242800291164e+00
5.351948316411769824e+00
6.691931847459366978e+00
4.745555108508158426e+00
8.539284831085542926e-01
-2.892972567385250215e+00
-4.955380793969498932e+00
-5.018944768646198540e+00
-3.729935229875866565e+00
-1.907146283159101285e+00
2.731804658961123344e-02
1.964678076079378277e+00
3.591591373411830546e+00
4.084676326128843904e+00
2.492543216988583943e+00
-1.365246444731896380e+00
-6.229849699532809204e+00
-9.697270143157158628e+00
-9.533126675719431731e+00
-5.218093686136405118e+00
1.407961968571745270e+00
7.028408977954654802e+00
8.827426417027123051e+00
6.282241642922589797e+00
1.510864768288167292e+00
-2.139718389196410442e+00
-2.349272916374316011e+00
6.237524526187714358e-01
4.188926330617137594e+00
5.314525800907554220e+00
2.738981411778561359e+00
-2.066446678495075240e+00
-5.884880273931461403e+00
-6.015337506644717891e+00
-2.224203949368380950e+00
2.991779017757775438e+00
6.034542890537928805e+00
4.615802145016830060e+00
-6.926509412133078358e-01
-6.807515855741007371e+00
-1.011996432785005595e+01
-8.774071578940006333e+00
-3.752759202067627697e+00
1.861691420909720174e+00
4.870209535104114806e+00
3.854442978589870172e+00
-1.625204935701758391e-01
-4.550417772825655405e+00
-6.711038154182786819e+00
-5.450797195214645896e+00
-1.362211347799693328e+00
3.781760401381363934e+00
8.051090956057549874e+00
1.015924208143981033e+01
9.745263444296295319e+00
7.248028113103794468e+00
3.639402814354385285e+00
1.564889265449891376e-01
-2.015864950248966281e+00
-2.174307312053759045e+00
-5.109936875078421314e-01
1.797856954788810357e+00
3.071773999441790082e+00
2.061274276702204311e+00
-1.177852063318161946e+00
-5.092960976179453425e+00
-7.392948154642911440e+00
-6.398050666856570423e+00
-2.158957409617498602e+00
3.412957356562623001e+00
7.562556214913618291e+00
8.261271552815658836e+00
5.351114747492868418e+00
5.444872988877866860e-01
-3.693750033403090161e+00
-5.633072127780515359e+00
-5.173808915416676868e+00
-3.628283309071507201e+00
-2.626021588188499845e+00
-2.946046932821861031e+00
-4.068314740845824673e+00
-4.688793146966338199e+00
-3.763929515595123121e+00
-1.314347285575559798e+00
1.565111763191048055e+00
3.456056582565896207e+00
3.568718066354230167e+00
2.229414936291270077e+00
5.958516327137601820e-01
-1.607251511901527374e-01
3.787685929422946463e-01
1.676386893189228067e+00
2.686051537368888908e+00
2.603150036187488858e+00
1.390395673222459827e+00
-2.485237243865988654e-01
-1.377474826067648594e+00
-1.435270769162296567e+00
-5.343693921392711488e-01
7.036551260092235305e-01
1.600458719656860485e+00
1.813974810242326097e+00
1.416298650572206608e+00
6.660801712474506697e-01
-2.821154463680285995e-01
-1.461220516771863709e+00
-2.890055490837385221e+00
-4.271562604860871915e+00
-4.901873213742900859e+00
-3.977534773884801034e+00
-1.183347554665766133e+00
2.829048396886647332e+00
6.485161979008116973e+00
7.980538296267733145e+00
6.308162758954559912e+00
2.003498679829014417e+00
-2.935702888215841799e+00
-6.037932032155859829e+00
-5.750813361406093449e+00
-2.402844093456383057e+00
1.918875395272676920e+00
4.590947177909060706e+00
4.077603054881691946e+00
9.369573789806613373e-01
-2.483943354758496813e+00
-3.547064965655745805e+00
-1.102319129142256715e+00
3.607561461339560349e+00
7.563544412644295001e+00
7.790817258985086369e+00
3.263589128176257681e+00
-4.323724055908306774e+00
-1.143978729646811132e+01
-1.472306091327711819e+01
-1.286403869934611421e+01
-7.209505323982508429e+00
-7.757538963742702798e-01
3.622274116557604895e+00
4.900024721167332231e+00
3.974475711864179583e+00
2.755085925289080695e+00
2.675154748141821859e+00
3.804535901451884694e+00
5.071970420271745716e+00
5.290015307731427363e+00
4.133769107608019411e+00
2.345144818250043173e+00
1.081908664686342725e+00
9.884369175435132604e-01
1.736797974942764222e+00
2.369011955512864365e+00
2.117452897033576420e+00
1.013220962943479631e+00
-2.066161320646753286e-01
-7.884474055353791755e-01
-6.452155022861449929e-01
-4.352141902479850222e-01
-9.480570876891359910e-01
-2.310593264664815294e+00
-3.718640005641585145e+00
-4.002039184400612015e+00
-2.636264250783420859e+00
-3.805468312215931626e-01
1.068676593673345110e+00
2.822251295093918810e-01
-2.685015483877167597e+00
-6.033294416363062851e+00
-7.255801898930680949e+00
-4.862298356794774179e+00
4.055417296512728864e-01
5.800867879342745503e+00
8.207875314416366308e+00
6.149889764524481883e+00
8.153076596950517008e-01
-4.626130585756615510e+00
-6.993034041756819974e+00
-5.050303642898921197e+00
-1.742706371456546055e-01
4.664102139679672021e+00
6.851614457599350061e+00
5.687680473265478653e+00
2.557614297665824932e+00
-2.574879990138543295e-01
-1.192254900814565755e+00
-2.853049068240056108e-01
1.183245254903578791e+00
1.888664268383539513e+00
1.507691836860624468e+00
8.266019417239764966e-01
8.985607794231607048e-01
1.981626730433774242e+00
3.143277430652651638e+00
2.883820654018041552e+00
3.291738194738180745e-01
-3.915879637428916649e+00
-7.936254751847779509e+00
-9.638545664760544085e+00
-8.082212308225079411e+00
-4.090100489981621124e+00
2.802316128229972447e-01
3.032938133328848096e+00
3.413106430914511602e+00
2.198452794328254800e+00
9.724088579463525672e-01
9.445716986916985469e-01
2.154125258354905093e+00
3.571017043578616601e+00
3.954058821670622947e+00
2.807592241183614501e+00
7.484187999455469420e-01
-9.553582684099237721e-01
-1.319269299182562749e+00
-3.762934443140323326e-01
8.087044756402299583e-01
8.575562220329306928e-01
-9.538720407205316665e-01
-4.125405884522389321e+00
-7.139995644587843415e+00
-8.327658069861426426e+00
-6.854743701402267853e+00
-3.239395667416029134e+00
9.082077907520148541e-01
3.757478549774583065e+00
4.229529813253102510e+00
2.522234177645264808e+00
-8.210788441740046739e-02
-1.982909499099231976e+00
-2.147915861132946524e+00
-6.274007720822318834e-01
1.561411008447839643e+00
3.074158546877841403e+00
3.016710440057964071e+00
1.424676675782793778e+00
-7.952760840086612326e-01
-2.390283638455194648e+00
-2.434497905263201645e+00
-7.848662501052321439e-01
1.890612319395361896e+00
4.474878855126121380e+00
5.928168341560769328e+00
5.715766668423344576e+00
3.975553762120183521e+00
1.412252425633875319e+00
-9.919382403562868600e-01
-2.334878517537990028e+00
-2.121730059675432933e+00
-4.750909987691108727e-01
1.858676304857949102e+00
3.763163572504225840e+00
4.222555824078364495e+00
2.823972936784511667e+00
1.968814500576221427e-02
-3.052142960580037201e+00
-5.154303900117335857e+00
-5.637581319813344649e+00
-4.803444792016263065e+00
-3.676375262135911370e+00
-3.288950315259425938e+00
-3.927772851864170800e+00
-4.858024374454398497e+00
-4.758001269724025484e+00
-2.621990683940869538e+00
1.450445482104531614e+00
6.120747772885781757e+00
9.463505508714087355e+00
1.002234167029497769e+01
7.622087381387743221e+00
3.450179205762996304e+00
-6.107095880321538051e-01
-2.963617014689236662e+00
-3.015438557257482444e+00
-1.287445149596898153e+00
1.021732422649370253e+00
2.674313241235449112e+00
2.881418473253154033e+00
1.496622057715257803e+00
-1.021951637022096682e+00
-3.769511980490559466e+00
-5.648434701236470623e+00
-5.755881291819669343e+00
-3.854053326811388125e+00
-6.861192463482657100e-01
2.176096217273302269e+00
3.066961217964315978e+00
1.243317332815442544e+00
-2.451964116877326738e+00
-5.842710359718083168e+00
-6.617233833159784417e+00
-3.815242720895347439e+00
1.381987129028923178e+00
6.200270493543523997e+00
7.937150190712557674e+00
5.707358822564935430e+00
1.080469920033215070e+00
-2.893532968753516510e+00
-3.679296072333420042e+00
-9.377416311745696564e-01
3.271202421077970435e+00
5.927270800616092572e+00
5.143728406150309240e+00
1.457552272514031966e+00
-2.584488555664933962e+00
-4.240412640579981129e+00
-2.495907567587038578e+00
1.258903619582061983e+00
4.247715426139624384e+00
4.259425449414255382e+00
1.132629867220719788e+00
-3.244469874496004103e+00
-6.338971856693123463e+00
-6.710188958262777170e+00
-4.834516685944148406e+00
-2.512122216154714316e+00
-1.409539505615619692e+00
-1.875484362523482940e+00
-2.868959445429026367e+00
-2.937404557810544325e+00
-1.398135171127635523e+00
1.200326266384632135e+00
3.616688695723227376e+00
4.920826217894172849e+00
5.101795594613328433e+00
4.816310394612010271e+00
4.578303516677484808e+00
4.171278340212761115e+00
2.858635312374770532e+00
2.465004107622916774e-01
-2.970766889812908040e+00
-5.134468816700708871e+00
-4.683213130790824685e+00
-1.407415036334486391e+00
3.115053381063126459e+00
6.369006714351336029e+00
6.530937120090509751e+00
3.719312155266121245e+00
-8.243866310143410647e-02
-2.426613440603064387e+00
-2.129973146141880047e+00
-6.445366773371641322e-02
1.576665903598854834e+00
9.894975869136662938e-01
-1.835927717883728771e+00
-5.074786364581163056e+00
-6.423628806676767056e+00
-4.835005049705727309e+00
-1.326898402261877274e+00
1.740179586757295560e+00
2.375821425471757564e+00
3.847456497776722273e-01
-2.544223772393794381e+00
-4.124476940925040580e+00
-3.151543448421371796e+00
-3.274535370890494512e-01
2.349040688405668043e+00
3.120746544418800728e+00
1.758655001239507243e+00
-3.534251596912471038e-01
-1.351238377083181508e+00
-3.380523278823169275e-01
1.961301879677504578e+00
3.814006168485410964e+00
3.858462597258383475e+00
2.176726249728829554e+00
2.408203564190698476e-01
-2.220278038568618828e-01
1.412735754377888453e+00
4.102332837358943607e+00
5.787743548747853239e+00
4.796518180671177412e+00
1.007596920964115572e+00
-4.015765602647867638e+00
-7.978989084661696651e+00
-9.218096864073022090e+00
-7.576733144035098455e+00
-4.303742288124427162e+00
