-2.686574829668978648e+00
2.814167931735044537e+00
7.990401373074078606e+00
9.462812160527285243e+00
5.919536026380612270e+00
-9.751565617314561507e-01
-7.580767344028258137e+00
-1.049541644215010372e+01
-8.508443022880914697e+00
-3.074841152620400919e+00
2.837104119715859518e+00
6.599097902353582512e+00
7.218607076577313819e+00
5.386011434509089035e+00
2.543181266770611959e+00
-1.447339475352477089e-01
-2.174682192049950835e+00
-3.392081435769643605e+00
-3.533282972324484739e+00
-2.219358283110950847e+00
5.242131442096618077e-01
3.742869686425927434e+00
5.672238528339395458e+00
4.668220884470141385e+00
4.024752192680418617e-01
-5.569113632458723373e+00
-1.041438332419869361e+01
-1.154549112721152326e+01
-8.109696058581846501e+00
-1.484920697319354055e+00
5.521747165609913743e+00
1.021014189765028668e+01
1.125860113511091853e+01
9.015104826995333553e+00
4.839959038778781419e+00
1.582980633343638033e-01
-4.067973196367301369e+00
-7.238801052281239379e+00
-8.767706300455698099e+00
-8.049031073033532380e+00
-4.931874261626848721e+00
-3.070107531372596732e-01
3.854341197269098185e+00
5.341436712276318666e+00
3.048222707314408808e+00
-2.080366029172832754e+00
-7.281069923325594218e+00
-9.418397269416891149e+00
-6.819422099739626653e+00
-3.352644914474147697e-01
7.073626720711733817e+00
1.197868629372598726e+01
1.231977282233497561e+01
8.333603908144326056e+00
2.128425550767504060e+00
-3.649784248507998097e+00
-7.121713714000705409e+00
-7.715569309865813352e+00
-5.876738159479361734e+00
-2.456317907533190237e+00
1.647445055977269313e+00
5.446014204670982295e+00
7.755913165574943591e+00
7.469606650459350128e+00
4.245474453273715199e+00
-8.750916095758933810e-01
-5.585076905827863314e+00
-7.395770698800085086e+00
-5.159801020504040103e+00
-1.108883243727232237e-02
5.072038104263005387e+00
6.990594421523000257e+00
4.501819332466726387e+00
-8.810546992875720740e-01
-5.761082314874951038e+00
-7.016158683008363539e+00
-3.845748187731924617e+00
1.671563320489665605e+00
5.910249976651424930e+00
6.046198046637970336e+00
1.860816118130425689e+00
-4.178036550508920755e+00
-8.556862805628057345e+00
-8.927417760268141933e+00
-5.411771612253791552e+00
-2.245694542544010019e-01
3.972451456445114548e+00
5.743664047885638446e+00
5.445474534536876021e+00
4.453791781088070501e+00
3.818961967911716382e+00
3.462962534578549967e+00
2.508050064850502192e+00
3.690699920705697856e-01
-2.386225380625210946e+00
-4.212173468408929367e+00
-3.740649525770994632e+00
-1.017919321036793612e+00
2.225835144347495298e+00
3.627967677579285954e+00
1.889613681885468743e+00
-2.130664397876969929e+00
-5.814132584297555972e+00
-6.494358289268301831e+00
-3.316021601811412367e+00
2.096538648246930592e+00
6.679699024182003342e+00
7.970371396734407199e+00
5.698745336316671128e+00
1.801294879458784859e+00
-1.124657428923220959e+00
-1.753221411934166696e+00
-8.911171255713342676e-01
-6.192510339840522349e-01
-2.384139592687677389e+00
-5.547634219661177646e+00
-7.607535890660705569e+00
-6.051723570225224336e+00
-5.155172896081037237e-01
6.439784001669202063e+00
1.069869694095082835e+01
9.322644630729097770e+00
2.763025207328162036e+00
-5.097865937072687537e+00
-9.287588057145828913e+00
-6.992673996088950794e+00
4.797235517248137349e-01
8.429552050638763561e+00
1.177815321303133445e+01
8.387250684926229383e+00
4.542576041730681524e-01
-6.964174727481668548e+00
-9.308744687994252587e+00
-5.495016754309710372e+00
1.473323818405865904e+00
6.621367844487989096e+00
6.371836244665497695e+00
8.799560518972100454e-01
-6.193397739801214996e+00
-1.022775787468847497e+01
-8.716048972269607731e+00
-2.790026380050606214e+00
3.743743132785223082e+00
7.077078994015363556e+00
5.887836576806840583e+00
1.974206782896654744e+00
-1.279595690389287110e+00
-1.421135103583418102e+00
1.367011062682608635e+00
4.523402792987207377e+00
5.057050493580810269e+00
1.760121993356888126e+00
-3.873175667250040810e+00
-8.628886365793615454e+00
-9.735323758735017208e+00
-6.700129132774138796e+00
-1.588886272338016603e+00
2.393914532163536002e+00
3.019528375759526817e+00
4.225483260396805107e-01
-3.117476500130139438e+00
-4.783378291453185049e+00
-3.104974045926263138e+00
1.110574944628837102e+00
5.350940520945929535e+00
7.031566229953031488e+00
5.107637805524523955e+00
6.724610671231820991e-01
-3.751139811211510633e+00
-5.704427240992608006e+00
-4.134417056921473765e+00
1.589753364729443730e-01
5.104064936483199588e+00
8.502382609371254674e+00
9.042293791454163454e+00
6.696506882305416575e+00
2.459689082638123914e+00
-2.259334290354586994e+00
-6.196793548460458823e+00
-8.523881678472763568e+00
-8.887880855840373684e+00
-7.351313012520619417e+00
-4.336021771804266400e+00
-5.631775013069100222e-01
3.080109769426128352e+00
5.766046184896601368e+00
6.959627519328051015e+00
6.534190126784683805e+00
4.715029685673868265e+00
1.927609147452841842e+00
-1.305498182338395541e+00
-4.346036804184747027e+00
-6.388021684019923541e+00
-6.563242512638842285e+00
-4.314864429751774644e+00
9.434584253587718905e-02
5.300362114545039915e+00
9.138783089702442908e+00
9.572372311141151613e+00
5.835189273817463551e+00
-8.934965638225919049e-01
-7.819338743443413620e+00
-1.184155556358667560e+01
-1.117629547151470604e+01
-6.347788590741662240e+00
8.983515762036953234e-02
4.985525475192155831e+00
6.340754518051230804e+00
4.324107949115684413e+00
9.578005326041433287e-01
-1.276500648078859212e+00
-9.945195624116518474e-01
1.349159261814339095e+00
3.937384517569084252e+00
4.880408748337246472e+00
3.425618332113411491e+00
3.272724194405760567e-01
-2.761446591024538932e+00
-4.363443505725978611e+00
-3.977287458521673535e+00
-2.155083891315484390e+00
3.590307589071539685e-02
1.679994235199811392e+00
2.356272645634652552e+00
2.063976138395557047e+00
9.823906721971302769e-01
-6.293396636710638647e-01
-2.331722025951257216e+00
-3.426875844658237469e+00
-3.164229965411415435e+00
-1.227665020871923307e+00
1.833655925142640086e+00
4.653925007945536763e+00
5.707931203849054391e+00
4.229749079497568509e+00
7.704545825032231843e-01
-3.043727887810434574e+00
-5.445222068355507261e+00
-5.535606553038666888e+00
-3.688057088769514991e+00
-1.099664388355798383e+00
1.121363691934738060e+00
2.621863076223795552e+00
3.743785079365084201e+00
4.867706781604931976e+00
5.785445531880543335e+00
5.701750127217477093e+00
3.925029508979999804e+00
6.856334771649341686e-01
-2.662594785233068251e+00
-4.362248828784627719e+00
-3.457022398080253023e+00
-5.896195612871916181e-01
2.274254300446732380e+00
3.091390945138874358e+00
1.109015674271645491e+00
-2.623928489106885920e+00
-5.976182579604752299e+00
-7.159928792899322048e+00
-5.828737077306471726e+00
-3.083944587671184401e+00
-4.675250151544592114e-01
1.219643752511708534e+00
2.343391730954561769e+00
3.814455538566148718e+00
5.985453645391890731e+00
8.025060214528361158e+00
8.342881386429136015e+00
5.783996902825558450e+00
6.705723549750559620e-01
-5.146649075302666354e+00
-9.316163533318956524e+00
-1.036193861859422505e+01
-8.429059502569458573e+00
-4.927497396172387134e+00
-1.448051596207785341e+00
1.169363095077151415e+00
2.954437447605458900e+00
4.184627547513820822e+00
4.714912719309481304e+00
3.940031071640141214e+00
1.451271535669654611e+00
-2.231627429736598778e+00
-5.610867145528398048e+00
-7.047348109495109370e+00
-5.896574855508698754e+00
-3.014026052313015569e+00
-1.441088416518399029e-01
1.386841785088602785e+00
1.631435853252040769e+00
1.814503935868002404e+00
3.078218328508468105e+00
5.213788712071052878e+00
6.521345084895902922e+00
5.077063284200434623e+00
4.980138886713567636e-01
-5.248348836324264965e+00
-8.826559488389490227e+00
-7.769585889281682256e+00
-2.357762194080176066e+00
4.347900306975008178e+00
8.490268797926013633e+00
8.045548073070159845e+00
4.158034440198256299e+00
1.536270388617433924e-01
-1.045269133921742366e+00
8.690393037993814351e-01
3.473918484954448438e+00
3.707540659592292620e+00
5.279381921816650447e-01
-4.009067662803909471e+00
-6.219187337726763687e+00
-3.764532693322287571e+00
2.183400968042867873e+00
7.408988380844697907e+00
7.595306533586844822e+00
1.636776039134329785e+00
-7.203833031034218237e+00
-1.330631103110473035e+01
-1.253065280504121937e+01
-5.121410266214471818e+00
4.456694624274209815e+00
1.064666828339288784e+01
1.059738610765867683e+01
5.857839189030205063e+00
7.943353376115265263e-01
-9.662911881917096713e-01
7.065347558755024071e-01
2.608436648251318601e+00
1.115078655759642601e+00
-4.474216223023449679e+00
-1.086353584861352850e+01
-1.293967663501819132e+01
-7.670412525142138449e+00
3.207482229473610058e+00
1.383600021626243759e+01
1.791935163794216024e+01
1.289773793863311191e+01
1.670976165348736941e+00
-9.325530084275557741e+00
-1.430370830547512462e+01
-1.163946971003153941e+01
-4.391624372208490001e+00
2.291406512562806697e+00
4.820035975739360268e+00
3.243983297487004869e+00
4.908093199760663605e-01
-3.535074157046234067e-01
1.497587350770037684e+00
4.147784518064886683e+00
4.803771112341792104e+00
2.173347890099352142e+00
-2.433457691425069847e+00
-6.088420931561959293e+00
-6.456790720843560649e+00
-3.491218182934904490e+00
6.438488742645788188e-01
3.258683020525776186e+00
3.078631255656835819e+00
9.863184574394832094e-01
-8.839721134861648899e-01
-8.860348269082644057e-01
9.315965574785539660e-01
3.003932458147705375e+00
3.557479713711630076e+00
1.975779409620221916e+00
-7.922169072886270369e-01
-2.993327996752224163e+00
-3.340587661391507979e+00
-1.842640214242320607e+00
3.255780100853917780e-01
1.689767502684984102e+00
1.398629481778475458e+00
-3.809795811539848920e-01
-2.705375879300619513e+00
-4.423676991828836336e+00
-4.692935735244933682e+00
-3.263923013589747235e+00
-5.718316831161021074e-01
2.322051520372082845e+00
4.008296460432181796e+00
3.307284272608875142e+00
5.729419820700298871e-03
-4.683885956965007757e+00
-8.415859456146517203e+00
-8.837822881796318697e+00
-5.010110932985989862e+00
1.795103231382275233e+00
8.570035710541194618e+00
1.217181094422709542e+01
1.108963161150556154e+01
6.235516430411357724e+00
2.466616040481846017e-01
-4.191028765145007107e+00
-5.828848644593573880e+00
-5.182746933107776677e+00
-3.640681518786438531e+00
-2.193247368925455909e+00
-8.312057188783232853e-01
9.892936079097873758e-01
3.355604047913827159e+00
5.377800702188625159e+00
5.714294754797016651e+00
3.769571549106700115e+00
5.153730598845341904e-01
-1.906638058817559989e+00
-1.670359459073962549e+00
1.254076393997679562e+00
4.849946693403699882e+00
6.380302415412215211e+00
4.393294613206221833e+00
-1.092811578724404153e-01
-4.303680219607285196e+00
-5.587175619973212548e+00
-3.523345889817834919e+00
-1.908127042726788236e-01
1.382971024088637035e+00
-4.476588209955788544e-01
-4.621739503074083544e+00
-8.088795536991622015e+00
-8.057445277171755293e+00
-4.089754982178518183e+00
1.536845376071756863e+00
5.463621299119688857e+00
5.634040726212880656e+00
2.637512637673639748e+00
-9.434860933727372556e-01
-2.595061811511371275e+00
-1.705904395966029607e+00
2.124645547099329734e-01
9.846930368954533996e-01
-3.487039148522126930e-01
-2.767897924562316536e+00
-4.199757454938720436e+00
-3.304420533293140672e+00
-6.010437474210608144e-01
2.011047045446569648e+00
2.914736428380884092e+00
2.182882819020723453e+00
1.483551416833014391e+00
2.501556709637107634e+00
5.202223765144987411e+00
7.501365071940182538e+00
6.810582941844341320e+00
2.336922779155475638e+00
-3.767243668427115999e+00
-7.564253601209486533e+00
-6.175404549505138618e+00
-2.259973464389763986e-01
6.116035738675335232e+00
7.836267955809614882e+00
2.742740411481109142e+00
-6.564866557534643654e+00
-1.405000026092050369e+01
-1.420431598334529077e+01
-5.956684441137785058e+00
6.249673873997982021e+00
1.510372729048459917e+01
1.511166866070964687e+01
6.189910201809509793e+00
-6.247156801833463113e+00
-1.474178197703220761e+01
-1.445935428123470778e+01
-6.006186004417125801e+00
5.310199914614291750e+00
1.306457406434010338e+01
1.363285524758060063e+01
7.939952227326111611e+00
1.899361356290176772e-01
-5.212256723259406144e+00
-6.311615246212671337e+00
-4.181138350251300650e+00
-1.408969808611207464e+00
9.662069042068138769e-02
3.128593107673423579e-01
5.951513206090187635e-01
2.084133067954356378e+00
4.403441909810010380e+00
5.697232466377633031e+00
3.985518581304201113e+00
-1.176088308817231809e+00
-7.966216740083146952e+00
-1.308082268276191584e+01
-1.358774454298472278e+01
-8.707779831336873499e+00
-4.224407356719313000e-01
7.476974843834133466e+00
1.137115128610571446e+01
9.721605863649157797e+00
3.859621069361683254e+00
-2.769739129837622382e+00
-6.496728744771258945e+00
-5.423771023746725817e+00
-4.329216344659756466e-01
5.370129253219277032e+00
8.483858942497516153e+00
7.071572721250207749e+00
2.033043753692943323e+00
-3.588784478632896402e+00
-6.535585862314639449e+00
-5.399176471414056877e+00
-1.484367372225281922e+00
2.130826052516862745e+00
2.743573685184671707e+00
-6.717589192691120203e-02
-4.119014495880912285e+00
-6.170250398210440856e+00
-4.290700911404266904e+00
6.235070425893820545e-01
5.334524111844251237e+00
6.494128025296563855e+00
3.087703284713122720e+00
-2.671216662624767757e+00
-6.718907407742214843e+00
-5.912161897878441152e+00
-2.855120466340594909e-01
6.805134622152187340e+00
1.080457421951452979e+01
8.926086858570766225e+00
1.963569788481490441e+00
-6.239268209767198314e+00
-1.123584096710066049e+01
-1.065126135743009428e+01
-5.352963959024100049e+00
1.474820745363491392e+00
6.498842795738142719e+00
8.079455250222304485e+00
6.675328615965378631e+00
3.870928447839759645e+00
1.041072293730525233e+00
-1.284522206361750296e+00
-3.076929401340262160e+00
-4.098551104654957200e+00
-3.695269700797227053e+00
-1.393004300729767220e+00
2.251653728876121363e+00
5.466791554326968949e+00
6.188995156758467786e+00
3.574799156736928385e+00
-1.064512542390752214e+00
-4.800613041158379168e+00
-4.940156892068733541e+00
-9.753579718345777305e-01
4.800867907279067204e+00
8.591882691880265099e+00
7.534115395508028890e+00
1.645323675661808149e+00
-6.059801958916154696e+00
-1.138985494278081667e+01
-1.152242498931146919e+01
-6.609557243788366954e+00
5.247876387525687303e-01
6.249072871660364292e+00
8.222726668049757492e+00
6.405290828016361182e+00
2.545377515109971345e+00
-1.220972934309592306e+00
-3.572444136021174277e+00
-4.298483476339781006e+00
-3.799772214365318757e+00
-2.467674934695878619e+00
-5.244437296477550969e-01
1.671449253440073779e+00
3.353712662025021274e+00
3.584670015010651856e+00
1.953960808925816472e+00
-8.425947312352839447e-01
-3.169317859895090628e+00
-3.442103704872970127e+00
-1.309873963021390919e+00
1.890479235889897414e+00
3.880494662774877312e+00
2.982377564724260743e+00
-6.048355609870232907e-01
-4.757452033067736785e+00
-6.738428506466100920e+00
-5.021187541093325102e+00
-3.751820682230819770e-01
4.555506120104462653e+00
6.914497276866219622e+00
5.420591447866412338e+00
1.100192632857672770e+00
-3.466260286556721582e+00
-5.803036318207151822e+00
-4.963806544426240031e+00
-1.838700981561362635e+00
1.705249012600248193e+00
4.114188744694842192e+00
4.942573157112739146e+00
4.710656986542690383e+00
4.122272920782569017e+00
3.372755932268952428e+00
2.108215488474820543e+00
6.713166864287578584e-03
-2.576625260686189467e+00
-4.516529540156468236e+00
-4.549566013853034718e+00
-2.212696229641805790e+00
1.614284074986378048e+00
5.024793362889063530e+00
6.130562587464987168e+00
4.188240947633724787e+00
8.051953073988160625e-02
-4.165398767906210331e+00
-6.524986607583326048e+00
-6.083696687224881217e+00
-3.450138994676734239e+00
-2.743794305720202997e-01
1.782142486182786367e+00
1.979922667207477449e+00
8.025254948978315372e-01
-4.935863940808636885e-01
-7.504607682042898631e-01
3.469991379634994599e-01
2.086807290629490552e+00
3.186954838754941566e+00
2.603673399224785800e+00
2.148439529576375850e-01
-3.013012622016945752e+00
-5.474880920263959005e+00
-5.762228638927838986e+00
-3.447685591350019507e+00
5.926764267936399655e-01
4.503224685082491519e+00
6.286855275077855687e+00
4.774945698540317807e+00
2.758814628809402869e-01
-5.415917990950390504e+00
-9.692208856061554911e+00
-1.022912137298414592e+01
-6.060452098492720374e+00
1.841211817569602172e+00
1.076873363088788338e+01
1.725517648621447009e+01
1.847161328670580360e+01
1.347763320937646014e+01
3.755186337938068775e+00
-7.280317784660489622e+00
-1.565243306553587210e+01
-1.850500267488282091e+01
-1.531908721052545985e+01
-8.068773095664177220e+00
-2.205661074158753454e-01
4.935426835439798765e+00
5.785287523393992437e+00
2.976890695267238041e+00
-1.159262311323343564e+00
-3.982686209155048118e+00
-3.940646439597222717e+00
-1.265518515426604207e+00
2.321016184454820053e+00
4.641116477708747468e+00
4.226907966730363952e+00
1.029974478403180349e+00
-3.605349776515430094e+00
-7.599281241706034251e+00
-9.067776872720919812e+00
-7.129952300811083887e+00
-2.303946980953729629e+00
3.637106235127878673e+00
8.319898863981464388e+00
9.745375079958270348e+00
7.229145645953124699e+00
1.867686982894502190e+00
-3.801757302548034900e+00
-6.931379810690406096e+00
-5.808409222313169806e+00
-8.513368398209326671e-01
5.477820884848684457e+00
9.915652000403733624e+00
1.016390530533336012e+01
6.166107828046240691e+00
1.115200670409756678e-01
-4.861416606124550732e+00
-6.477371559652218558e+00
-4.538128141890934941e+00
-8.162321255778239859e-01
2.231253640999337762e+00
3.036269360535638562e+00
1.754325645026326042e+00
-1.067199189494234535e-01
-8.897308667825041262e-01
7.547244240775463631e-02
2.160843603918481737e+00
4.051414378285772777e+00
4.712071830310593512e+00
3.962761659343643217e+00
2.315426041416030145e+00
3.521784371237803857e-01
-1.736015190459228918e+00
-4.038463421042369106e+00
-6.390854383049754617e+00
-7.994999608199589325e+00
-7.683560905889873283e+00
-4.768582765162559411e+00
1.590452527288950257e-01
5.206448112539392881e+00
8.140961507182518986e+00
7.777905012711688215e+00
4.814878310835680075e+00
1.435487879780708464e+00
-1.399825460870817717e-01
8.148569127426821268e-01
3.017726241561013545e+00
4.095540181521748480e+00
2.329886545562374955e+00
-1.998352924528949082e+00
-6.646273898927689494e+00
-8.845789305219472709e+00
-7.161643965504568499e+00
-2.482065623301743074e+00
2.542423065855204722e+00
5.210134025729031393e+00
4.437553270696314556e+00
1.261239045936665359e+00
-2.094982390982789155e+00
-3.837076106523395147e+00
-3.709871673332805209e+00
-2.842530038433496831e+00
-2.547487344233350548e+00
-3.071783166069515847e+00
-3.314976055717179904e+00
-1.770720878411365273e+00
2.016833702956314589e+00
6.644965378209447771e+00
9.444468485832981486e+00
8.217705209310036452e+00
2.975984816498700170e+00
-3.599544525975781895e+00
-7.481003701500071656e+00
-5.725923346860867014e+00
1.470448369878873951e+00
1.047444687788996909e+01
1.602102132109906307e+01
1.418449417279252422e+01
4.794270729385083030e+00
-8.174974933146089029e+00
-1.856252109133694361e+01
-2.128267121355186120e+01
-1.505967093418417235e+01
-3.088232409391213018e+00
8.745728059314565428e+00
1.505475158276548697e+01
1.373098661275425059e+01
6.775630324360118806e+00
-1.196899755462252912e+00
-5.792807687991828658e+00
-5.285597278614521777e+00
-1.267690359847053916e+00
2.744261504213349578e+00
3.738052406688115781e+00
1.076708281646356458e+00
-3.329071039436472201e+00
-6.525334836498920765e+00
-6.580507062337732194e+00
-3.790877407620235395e+00
-2.681969531841185139e-01
1.695668595835207348e+00
1.259213747832221619e+00
-5.094172739959152985e-01
-1.618233504420967472e+00
-7.886773878287418604e-01
1.514096864159425460e+00
3.442202496938471246e+00
3.241512735138420531e+00
7.109406628630510205e-01
-2.497170819056435676e+00
-4.018852692870837906e+00
-2.550974742450570432e+00
1.068092215766834663e+00
4.320521118066588784e+00
4.740847671899851790e+00
1.693882913376391741e+00
-3.091283904110929903e+00
-6.639561426505729003e+00
-6.719524997376384867e+00
-3.300336212392310564e+00
1.528363162828471067e+00
5.056260365220580866e+00
5.745634361838256154e+00
4.037026379530494147e+00
1.678992080346365601e+00
2.149615262745794286e-01
-1.453784701104304244e-01
-4.144000904109846339e-01
-1.646780890449348389e+00
-3.733415482567932653e+00
-5.234463455985208569e+00
-4.471000241616247095e+00
-1.042093298360477593e+00
3.485712028328765921e+00
6.395851799706150587e+00
5.669882526033922510e+00
1.535251803874052356e+00
-3.490884937403995192e+00
-6.207840389723395802e+00
-4.912084543205969211e+00
-6.059990585309484867e-01
3.657972814711183407e+00
4.869141390466155350e+00
2.127274183670579522e+00
-2.758117129766116449e+00
-6.537773236463550575e+00
-6.743395794887353745e+00
-3.299362987813841741e+00
1.556142229317372783e+00
4.900289127007662060e+00
5.096468626812017177e+00
2.735147956491223553e+00
-1.732423919774866983e-02
-1.074728703372837657e+00
1.449513634547612284e-01
2.488569984270444735e+00
4.061464827858873861e+00
3.615481558857657873e+00
1.319798967940940981e+00
-1.535597820754129206e+00
-3.537170059104074227e+00
-4.034058612445172720e+00
-3.312863967911351182e+00
-2.088107513313119057e+00
-8.479635581725597504e-01
3.915927195142405726e-01
1.805557379263112328e+00
3.309475631737042178e+00
4.413168248829723694e+00
4.536964965724800791e+00
3.504532599656936309e+00
1.751281203981723156e+00
3.316373914077530571e-02
-1.132436957674999523e+00
-1.811227862140380340e+00
-2.473730018147144882e+00
-3.444393215595119351e+00
-4.474196573748432826e+00
-4.852174383480095443e+00
-4.009945737135081956e+00
-2.114786534099102777e+00
-9.796024725429663960e-02
9.948728410686649148e-01
8.548302597781644030e-01
2.452409608716153988e-01
4.555549060761995284e-01
2.214671308175795161e+00
4.907352709580310446e+00
6.794492270066518458e+00
6.200624368108707429e+00
2.843015057875394547e+00
-1.731220783403289332e+00
-5.040628705233159756e+00
-5.344814363633264342e+00
-2.900089541444319963e+00
1.758198365293994758e-01
1.413792129578026024e+00
-1.752118830630306212e-01
-3.300113900582182236e+00
-5.271037425905078067e+00
-3.988549437371095241e+00
3.821774541139628667e-01
5.304751441904653753e+00
7.487920153413100799e+00
5.138640698311601973e+00
-7.178479377497204439e-01
-6.787096817120236381e+00
-9.561400156485767354e+00
-7.488393505976563169e+00
-1.819890516172889328e+00
4.337681546713277214e+00
8.015984092972665565e+00
8.033640781500547945e+00
5.290215189118128158e+00
1.733973058902436026e+00
-1.064684312388531229e+00
-2.675452440142300325e+00
-3.511230938040523775e+00
-3.951604092400251123e+00
-3.757510108413977257e+00
-2.291760975076490237e+00
6.980525680972946567e-01
4.488535712771732911e+00
7.580443299352655373e+00
8.611171783073697128e+00
7.276464488013882459e+00
4.513693168086225782e+00
1.781328010693435715e+00
3.271589797966267810e-03
-9.750137361181162587e-01
-1.989883931018073149e+00
-3.577149491601523845e+00
-5.265049785254991122e+00
-5.800904108190272801e+00
-4.198517834489368994e+00
-7.705287943211875934e-01
2.759799986699859708e+00
4.291951878201144766e+00
2.831398347608226729e+00
-6.986613347793171336e-01
-3.997663546330307405e+00
-4.955090311678716830e+00
-3.114439015003203526e+00
6.159920879418478989e-02
2.338794491863165792e+00
2.414030643335670856e+00
8.772953487829606711e-01
-3.115276883723168133e-01
5.608567730214921720e-01
3.498391889926544263e+00
6.639962990330328552e+00
7.575270523904798381e+00
5.159922205513131743e+00
4.478315940323733813e-01
-3.993775484496997930e+00
-5.897318403265456865e+00
-4.877322249192365788e+00
-2.583425050141053614e+00
-1.306462191420306507e+00
-2.108090808740411326e+00
-3.929659373575483450e+00
-4.409660238966305101e+00
-1.835345667053879470e+00
3.245881995177814616e+00
8.035610402624241644e+00
9.229306032158385520e+00
5.325623601002218876e+00
-2.132650200344563984e+00
-9.310488670456784632e+00
-1.237737789764896057e+01
-9.841912608089838699e+00
-3.407223910758435892e+00
3.154884538463630594e+00
6.309878608479644768e+00
4.748360975765777425e+00
-1.138408619400463895e-01
-5.250164227455885069e+00
-7.882028016203297405e+00
-6.899627177427530178e+00
-3.131485508229191694e+00
1.439125200881992805e+00
4.844033995718142194e+00
5.994519644009947079e+00
4.931501620768411698e+00
2.567751476933669785e+00
1.962680021920357454e-01
-1.032199108663284459e+00
-5.661299778967582297e-01
1.261829477700619373e+00
3.299220763145295443e+00
4.108501197592254073e+00
2.821441610241119946e+00
-1.652824073569534313e-01
-3.203367986308644166e+00
-4.298250194786716882e+00
-2.454309422608494273e+00
1.436384145754418640e+00
4.900464464519380670e+00
5.365489852389853986e+00
1.926824522097861703e+00
-3.824081871902254015e+00
-8.601816406958555206e+00
-9.455397589204199704e+00
-5.714812657845828703e+00
4.858933308532020767e-01
5.529924460499327843e+00
6.641413751479484873e+00
3.654563179130692063e+00
-9.693461649556440740e-01
-3.874589121291991844e+00
-3.089298794143803484e+00
7.116452829126999058e-01
4.788946890693151381e+00
6.305713261780645063e+00
4.282259401363921469e+00
2.021903638641708856e-01
-3.089642128636497453e+00
-3.376995512338672345e+00
-5.685020724339603371e-01
3.276141099393925060e+00
5.333911680203307526e+00
3.844325103301002411e+00
-8.081054186246978688e-01
-6.363782833697968044e+00
-1.002677806028748364e+01
-9.985744529534416714e+00
-6.250046466234418396e+00
-4.578230952991884095e-01
5.071742674880628243e+00
8.440144382797925005e+00
8.889339447812712791e+00
6.910244171332433183e+00
3.821627399341725351e+00
1.078342165431078525e+00
-3.888064218314100096e-01
-5.371108842402853023e-01
-1.186075009973788785e-01
-1.522148499278127565e-01
-1.217127850294802638e+00
-2.978753188367136318e+00
-4.287537593720565532e+00
-3.866153392962003998e+00
-1.196822753289760843e+00
2.973046582675636706e+00
6.888769051026230272e+00
8.695292366340222401e+00
7.428993030214455118e+00
3.468548789940083310e+00
-1.792779686412111495e+00
-6.742663394868159799e+00
-1.021966545642171376e+01
-1.166545140172786077e+01
-1.086918769886450420e+01
-7.771787672090036736e+00
-2.678244447969330366e+00
3.284171118430521563e+00
8.058693821712214600e+00
9.394889810080947257e+00
6.244860465349511891e+00
-1.038201294636356131e-01
-6.211675374134387972e+00
-8.278922540152729326e+00
-4.620756633814453451e+00
2.855536287267177009e+00
9.444356623738023870e+00
1.051281954230601556e+01
4.695754085894477292e+00
-4.815285853017885032e+00
-1.201318821070297815e+01
-1.192229727966166486e+01
-4.047148778938932878e+00
6.998949887842275785e+00
1.429520505390102869e+01
1.310054037707626051e+01
4.037436089913548187e+00
-7.221877555611244226e+00
-1.361785397632927896e+01
-1.128256398680024475e+01
-1.976979788460293541e+00
8.197731495731803264e+00
1.286057170824041052e+01
9.399054276804850616e+00
3.486075486578110727e-01
-8.625905784884261962e+00
-1.255663621903357807e+01
-1.013136142933765527e+01
-3.931864801599419756e+00
1.874447830993558162e+00
4.498423229685913682e+00
4.031510767733268885e+00
2.662149904986153448e+00
2.522533797580548409e+00
3.964464493215004826e+00
5.521382762436655156e+00
5.385647356646858341e+00
3.071222005330509486e+00
-1.000876938779173275e-01
-2.022964279147472677e+00
-1.463528271781946666e+00
9.824452576581952368e-01
3.342783788932672806e+00
3.723283805637971344e+00
1.621428427956646878e+00
-1.844763320869567291e+00
-4.838085565308865910e+00
-6.036167158731823079e+00
-5.264964323284697656e+00
-3.205091555505521939e+00
-6.290219315863305738e-01
2.072545264312704028e+00
4.709043103774416927e+00
6.776452324846346187e+00
7.285712310945132941e+00
5.297218254459365561e+00
8.251702486046430529e-01
-4.685696405138300769e+00
-8.884942586418929977e+00
-9.842442306953062214e+00
-7.273904792621183724e+00
-2.739689295713171546e+00
1.385128325166682162e+00
3.443980594553094576e+00
3.417169964600605070e+00
2.581656260850092810e+00
2.251731108455119479e+00
2.653582309634899161e+00
2.852818457535769792e+00
1.769384983565048586e+00
-6.108494618433514267e-01
-2.921442143255191581e+00
-3.376336100110612026e+00
-1.303440558445957409e+00
2.021812365527632771e+00
4.066050864298981438e+00
2.897776307935002293e+00
-1.139440039238917679e+00
-5.308930296313565833e+00
-6.216872894646980008e+00
-2.299939950471320493e+00
4.718381351903206955e+00
1.058319997515910593e+01
1.114115014511202517e+01
5.152526825560117985e+00
-4.638668349906454047e+00
-1.298454534993420140e+01
-1.527223131182856974e+01
-1.031570562336904828e+01
-1.022797618377466300e+00
7.439888387580861462e+00
1.075257293505417344e+01
7.840762375393392603e+00
1.152628285864402358e+00
-5.169919611291478034e+00
-7.902613277283987436e+00
-6.452195251112369689e+00
-2.731128190907331277e+00
4.894696940792941930e-01
1.511681447333498962e+00
6.570783926188019652e-01
-2.664186400136506760e-01
5.332017366365617850e-01
3.444287144034679837e+00
7.092198369024171001e+00
9.193949951268598042e+00
8.030262716119610289e+00
3.583617592358367077e+00
-2.361208501777553259e+00
-7.201605251361062443e+00
-8.981890494531967306e+00
-7.462753253288344268e+00
-4.168865739369461920e+00
-1.398260143572534142e+00
-7.911861828846289413e-01
-2.318811606210316789e+00
-4.307110514123036360e+00
-4.495182102301277460e+00
-1.500752646857978156e+00
4.192095722869776608e+00
1.033107453814293208e+01
1.403825814315827714e+01
1.333326145238141258e+01
8.164757709705590116e+00
4.034529522166989679e-01
-7.117856357371776355e+00
-1.190804477947941464e+01
-1.275890907852684464e+01
-9.952504582481195072e+00
-4.844318349997932316e+00
7.856206832272338847e-01
5.279911653821383055e+00
7.468151183565844065e+00
6.935617092109237269e+00
4.215642072059518242e+00
7.356093605114204514e-01
-1.695007209973246720e+00
-1.804838194442531796e+00
2.746636611835804320e-01
2.855298177164278250e+00
3.589284588397595677e+00
1.040347834879423061e+00
-4.071790612218618044e+00
-8.940256064620536236e+00
-1.025460776791112139e+01
-6.410122561302713962e+00
1.148537158673874181e+00
8.517705572936920433e+00
1.165945781058252884e+01
8.996631514194669776e+00
2.494102516536069736e+00
-3.610077723578435815e+00
-5.640976265120255739e+00
-2.957612893657717734e+00
1.687680609408304555e+00
4.193018694368220167e+00
2.130119571779988341e+00
-3.412878766370355699e+00
-8.520296697187013990e+00
-9.218433240107550830e+00
-4.368855789840870862e+00
3.383936491409111014e+00
9.305308549164788445e+00
9.725055027032638577e+00
4.453503884065571405e+00
-3.185719478029044538e+00
-8.645134109248218124e+00
-9.097786758701353449e+00
-5.008264151532621611e+00
6.087563397108552987e-01
4.497921477746881003e+00
5.267680301851072500e+00
3.848777572112205725e+00
2.219589904058240748e+00
1.607219165620617840e+00
1.638700962720002652e+00
1.018971271720291449e+00
-9.779076023271059404e-01
-3.560270299414376893e+00
-4.875273037613085947e+00
-3.531253060408849898e+00
7.555979495748199604e-02
3.784261323190044379e+00
5.136499248535791651e+00
3.208805897975854915e+00
-6.171156830942170490e-01
-3.601418031705162726e+00
-3.655357342440767709e+00
-9.182046289767120673e-01
2.305150458481157738e+00
3.241911050925891047e+00
7.543415740573728989e-01
-3.702257860486318108e+00
-6.992282343126418276e+00
-6.454129744572254523e+00
-1.778323459302119325e+00
4.696803406112195489e+00
9.449385557387762091e+00
9.966095421993856007e+00
6.193623139733303695e+00
3.746355253656838968e-01
-4.471481811559223196e+00
-6.314729824813190007e+00
-5.008852480977129318e+00
-1.929161666044677759e+00
1.157139678943769567e+00
3.108469635426469146e+00
3.717807467582391112e+00
3.350762676642454529e+00
2.408631494404601003e+00
1.088173524471713005e+00
-4.804585691693190608e-01
-2.005494340449936352e+00
-3.040199788907150591e+00
-3.266606102864362704e+00
-2.785919567498697180e+00
-2.099830188202640446e+00
-1.732691663975086893e+00
-1.783022178170031502e+00
-1.796829928290106571e+00
-1.116984959544144340e+00
5.310878943935655183e-01
2.679601668092508326e+00
4.302431955489943505e+00
4.450918477227247649e+00
2.893317883021889081e+00
2.907849733900637612e-01
-2.218704724009980644e+00
-3.720141543220767844e+00
-3.996652210834767072e+00
-3.459329348781394753e+00
-2.637599849664431062e+00
-1.671517087129482437e+00
-2.345982430167379285e-01
2.034932696095800075e+00
4.938160521158851068e+00
7.468468494028501325e+00
8.207389699196692590e+00
6.193680785877590189e+00
1.714654890587657743e+00
-3.553886393711786607e+00
-7.260433003024065357e+00
-7.605720859635894726e+00
-4.386904061248987574e+00
7.857567802334096685e-01
5.286932779832755003e+00
6.880933923786167306e+00
4.945134787039163982e+00
7.970421464601697981e-01
-3.087583040682795321e+00
-4.526754803865143728e+00
-2.900734274266309143e+00
5.297905900068187179e-01
3.459097514873259893e+00
4.013519459680301438e+00
1.936963713180777091e+00
-1.285960354051133070e+00
-3.464299086689023977e+00
-3.216878181153784766e+00
-9.432574278185374972e-01
1.442672422283498790e+00
1.876714281367527271e+00
-3.130975784644632887e-01
-3.780411562363150679e+00
-5.957740118455753908e+00
-4.803759814574119602e+00
-3.288123760707505339e-01
5.182104397062730960e+00
8.477694782487468217e+00
7.367103003407757811e+00
2.143523101677128118e+00
-4.529651849078385695e+00
-9.185524875854589766e+00
-9.544913951767247440e+00
-5.679899544478738349e+00
2.833620143506482281e-01
5.566153040917466654e+00
8.233667809468180110e+00
7.879766938518914188e+00
5.294808447421442743e+00
1.633866144390782704e+00
-2.187559333700177522e+00
-5.531019421949344483e+00
-7.756105937036731568e+00
-8.142789682942471075e+00
-6.266535522960624327e+00
-2.544429988628411188e+00
1.623257772498914120e+00
4.444307475878590985e+00
4.773886949554499104e+00
2.859214910293639722e+00
1.718041571323793981e-01
-1.625539031053972572e+00
-1.836338513870415134e+00
-1.127142132055813040e+00
-8.418668378118789875e-01
-1.768491457954328272e+00
-3.357562103697392608e+00
-4.065099336090230331e+00
-2.600852127806951852e+00
8.942943848093911630e-01
4.718270748844788365e+00
6.710501464533047411e+00
5.795585821956452222e+00
2.792150971912027213e+00
-1.526194270049410773e-01
-1.088963413437125549e+00
4.039518290132116385e-01
3.070160712067148356e+00
5.056081990131203519e+00
5.295106523166886348e+00
4.076901167108928803e+00
2.412138634878487231e+00
8.571319628804823232e-01
-1.056496072972617384e+00
-4.173498539770180926e+00
-8.366319934456795337e+00
-1.177536373348209686e+01
-1.161071831431492640e+01
-6.230306731450560243e+00
3.014582135316756339e+00
1.180776523214654539e+01
1.518648488734770119e+01
1.080631707924809248e+01
8.660779492429258042e-01
-8.883146891841803949e+00
-1.263816192882535638e+01
-8.291355081686152317e+00
1.159257723487905789e+00
9.583384826586831551e+00
1.176729292057512843e+01
6.758373000860770752e+00
-1.772700749658919994e+00
-8.299753473411156435e+00
-9.275262459516568470e+00
-5.287024882486898392e+00
-1.183363734664958367e-01
2.391639264131828480e+00
1.219954669532274494e+00
-1.378684124470258565e+00
-2.038425608748966944e+00
7.373219473751072561e-01
5.183249595143085919e+00
7.588004402474382459e+00
5.298967231047399196e+00
-9.466389595786369737e-01
-7.240524514327605132e+00
-9.207589966877462118e+00
-5.220664011870543852e+00
2.275728284056177664e+00
8.355268918742943640e+00
8.993868325283560949e+00
3.823604429659483550e+00
-3.683665843237874160e+00
-8.664737769566794867e+00
-8.143940388736156777e+00
-2.842091845264101746e+00
3.622724662843432419e+00
7.384573894250576309e+00
6.847494259084514034e+00
3.366278038437468645e+00
-1.583840121151918190e-01
-1.531449077609292164e+00
-6.760336875736363549e-01
6.723545708506857288e-01
5.328608253601941902e-01
-1.783757146816298267e+00
-5.250993626683124305e+00
-7.943978362940584681e+00
-8.338056897116125299e+00
-6.146230154521766131e+00
-2.281867567774537697e+00
1.771642541589984798e+00
4.615214083113427179e+00
5.290520753322447867e+00
3.436422072415614259e+00
-5.246972869407355855e-01
-5.205479695828016062e+00
-8.436244150539152997e+00
-8.111349043621792987e+00
-3.467703313991401082e+00
4.019996911303310050e+00
1.098394021747072813e+01
1.388084842792749996e+01
1.116423600576243480e+01
4.439305399664289276e+00
-2.368631119638705318e+00
-5.468066974555119586e+00
-3.682635690405893225e+00
7.962105240816470531e-01
4.002430348340542565e+00
3.071026177764931919e+00
-1.655885671893087441e+00
-6.854258496265723366e+00
-8.662334311088130789e+00
-5.581721770655863502e+00
3.133712122116525389e-01
4.801127825316432229e+00
4.575366668458497266e+00
-2.862136220773805473e-01
-6.281391437340833050e+00
-8.938585025749233637e+00
-6.004499913981756976e+00
9.406532341435362987e-01
7.594832822503772007e+00
9.939742123931022633e+00
6.954133941833746668e+00
1.116511302239283188e+00
-3.560463684072821433e+00
-4.424619810771736717e+00
-1.865933717682476178e+00
1.356366782570213925e+00
2.477205880831442109e+00
8.836850840848219368e-01
-1.577870669774559254e+00
-2.295604625420204048e+00
-1.711223269485679932e-01
3.363467284711563643e+00
5.423015911758428231e+00
4.013207533663845972e+00
-2.059055436037883213e-01
-4.173033558246639352e+00
-4.601627588897350130e+00
-4.979474711964835265e-01
5.872728201424774142e+00
1.035955621102538338e+01
9.719552344963052093e+00
3.864893663584741290e+00
-4.021813848760341870e+00
-9.572788443336873954e+00
-1.004755748419066208e+01
-5.938753697199564918e+00
-3.524978356464272267e-01
3.267756248017581910e+00
3.401201769171374956e+00
1.156755648588351892e+00
-9.038627148628919361e-01
-8.093428658037634671e-01
1.448658921729158333e+00
4.127566781567784560e+00
5.213930026581395261e+00
3.957153255277733095e+00
1.310659178536985214e+00
-9.527862728383778013e-01
-1.666190634718159869e+00
-1.095687004340430537e+00
-5.702088101214299876e-01
-1.281573228145320487e+00
-3.255145125660143357e+00
-5.313060965682605108e+00
-6.031853427944978918e+00
-4.895477238897010253e+00
-2.694910983547170069e+00
-8.401665203781680802e-01
-1.416740088550993981e-01
-7.680431128833153931e-02
7.950949538204526990e-01
3.517935512091080685e+00
7.544307572352197511e+00
1.069053295771530365e+01
1.046045472278201061e+01
5.899171862612419659e+00
-1.371733465637528848e+00
-7.819053582503828537e+00
-1.007957447286331742e+01
-7.125323421992388440e+00
-1.018588332301540333e+00
4.341647240019279153e+00
5.715518749013043021e+00
2.607959931001271325e+00
-2.473157666341390115e+00
-5.778459666084199142e+00
-4.906711241893550124e+00
-4.518069419833182776e-01
4.423863717490396752e+00
6.193741199155486044e+00
3.426230154042682052e+00
-2.197632738771290395e+00
-7.003657539346992422e+00
-7.801248910076594711e+00
-4.014568256191997975e+00
1.971147180971500656e+00
6.438419369658959113e+00
6.783114300603861224e+00
3.107167101114179264e+00
-2.056281875906314838e+00
-5.576842464308176872e+00
-5.770029185316587927e+00
-3.255367865880866685e+00
-1.669123100185988529e-01
1.553917453543867122e+00
1.468262293657689677e+00
6.464044546272590397e-01
5.098184304067494566e-01
1.519379268411013229e+00
2.774779544691540867e+00
2.821841334978794080e+00
9.902934718196485520e-01
-1.839749157396852741e+00
-3.700955672776817806e+00
-2.930767169489014279e+00
5.417484811219563934e-01
4.994282287030461731e+00
7.977870340778340008e+00
7.900265626537334107e+00
5.004085000676538719e+00
1.076523592993740674e+00
-1.844202610897012651e+00
-2.801474243290204669e+00
-2.361928026713157713e+00
-1.942252575389824099e+00
-2.617622509035602008e+00
-4.330036646514136223e+00
-6.033712552666887774e+00
-6.567541284204768459e+00
-5.522648228340459653e+00
-3.454811847728025853e+00
-1.363960068289550520e+00
6.023289037077667052e-02
8.021366702991052922e-01
1.259808734426316468e+00
1.677689994697711295e+00
1.831132780668025983e+00
1.262648709058514562e+00
-1.524039545674220619e-01
-1.859113861822840219e+00
-2.881688973620776473e+00
-2.548186510531695870e+00
-1.096156624171932936e+00
3.961093383756991715e-01
7.913291050164107387e-01
-1.763567870956879724e-01
-1.576286637562861026e+00
-1.900542243836425893e+00
-2.370249172609399935e-01
2.876025242162250084e+00
5.620745876590967249e+00
6.075090327901502718e+00
3.608977394206730249e+00
-5.064974940479554100e-01
-3.777440218870827149e+00
-4.062144855372207708e+00
-1.008847586941661323e+00
3.612925312959108126e+00
6.929564464154211123e+00
6.688656695550632136e+00
2.610973376344738472e+00
-3.440955318567889165e+00
-8.524647884821348498e+00
-1.022484126802374860e+01
-7.869617395483802014e+00
-2.740218112895743019e+00
2.719802816426656555e+00
6.173374162527645481e+00
6.460905525823456230e+00
4.004463484563045128e+00
4.515901896250131831e-01
-2.199560416404358953e+00
-2.570895664760937560e+00
-5.395936554364104687e-01
2.747417404741243629e+00
5.495824508295445554e+00
6.224109947707937351e+00
4.549701353849581409e+00
1.339245625264975370e+00
-1.886247217324942493e+00
-3.920085428441990150e+00
-4.556395007878704106e+00
-4.499112536128037299e+00
-4.553806969973158481e+00
-4.737201594046928754e+00
-4.075528362520680403e+00
-1.384375004170498080e+00
3.472772519005832947e+00
8.858024494665000859e+00
1.193224619291867228e+01
1.037885469002661054e+01
4.173643752954093067e+00
-3.940523468110841421e+00
-9.841914721174024550e+00
-1.053219536225323338e+01
-6.091762328796924031e+00
3.391683758584342900e-01
4.663453811889359812e+00
4.617330856603359734e+00
