2.881974895286383287e+00
-1.768177353461143353e+00
-5.583953109335315190e+00
-6.192004230721303237e+00
-3.473592715255934049e+00
5.343675744916044357e-01
3.146088924709122381e+00
2.818473058797757780e+00
1.266080844499850588e-02
-3.339505849016876304e+00
-5.230850576419455500e+00
-4.782731543036696564e+00
-2.488415436471056452e+00
4.721157774753623748e-01
3.144407869823423685e+00
5.194975665765321438e+00
6.602823397495709123e+00
7.112863711066521155e+00
6.109911128695409310e+00
3.149042568539464959e+00
-1.290595857417416559e+00
-5.585021696245497935e+00
-7.692199989838334417e+00
-6.466093077752018914e+00
-2.612569362382773264e+00
1.534449432790856660e+00
3.426001117336441304e+00
1.992786311664571652e+00
-1.589883840506531865e+00
-4.680852221035223693e+00
-5.006338186418990865e+00
-2.260449671999183785e+00
1.687415440168863023e+00
4.145222827986971836e+00
3.535611152120194944e+00
5.034711420342949939e-01
-2.614017840058067144e+00
-3.550106484871358159e+00
-1.783449218031669226e+00
1.124680407665554771e+00
2.773013243902280323e+00
1.795746909612354836e+00
-1.050954447937498148e+00
-3.416662275566488383e+00
-3.108040515665515535e+00
2.437333510359819266e-01
4.838114773335600027e+00
7.928503012783523651e+00
7.699454299001038393e+00
4.427980716344211309e+00
1.318546978195758168e-01
-2.949560562962886934e+00
-3.860227088246930283e+00
-3.324297230011220350e+00
-2.848115782155110409e+00
-3.339318382300716426e+00
-4.373307565130810204e+00
-4.656370210479003902e+00
-3.243837017141300016e+00
-4.683785838279297398e-01
2.210347176062388286e+00
3.328106494714534680e+00
2.597067415854126260e+00
1.165167942503789522e+00
7.046425336372151849e-01
2.027791954942957720e+00
4.333952893116054916e+00
5.723166394764160003e+00
4.627047733721201261e+00
1.075300694253131351e+00
-3.185123903259833522e+00
-5.839766157971784111e+00
-5.584161578662160785e+00
-2.965033522053116322e+00
1.165684333622865054e-01
1.831130947559462152e+00
1.683737296966640873e+00
6.824455900426660282e-01
3.436198413272009700e-01
1.357830632175199392e+00
2.977311665302103005e+00
3.601699023197077132e+00
2.098572610200831523e+00
-1.173719907465283985e+00
-4.444834963702908759e+00
-5.681172176933292128e+00
-3.975047719315407235e+00
-1.794661570402443784e-01
3.639916396646301067e+00
5.514762793342012692e+00
4.726004380501440671e+00
2.063698085915857128e+00
-8.601957920808244173e-01
-2.663500178198158430e+00
-2.881099488382279361e+00
-1.941713463773137027e+00
-6.416340731706702272e-01
3.885813549092942409e-01
8.727362106523268714e-01
7.602921843426218018e-01
6.416917291626678121e-02
-1.117861627900152088e+00
-2.459524212197004456e+00
-3.393333220612438250e+00
-3.385394669377899568e+00
-2.350699127095502661e+00
-8.445354505460365147e-01
2.282520307091372436e-01
2.608840248761745695e-01
-5.247670447569237062e-01
-1.130798787556475116e+00
-4.754407696261848670e-01
1.734404599174963257e+00
4.613784524728872682e+00
6.552373919941795855e+00
6.254447769137442492e+00
3.649550783239441820e+00
1.351358750518028007e-02
-2.808495799271407023e+00
-3.542793099752717279e+00
-2.205934090177963380e+00
6.048169989325624663e-02
1.853578481326678018e+00
2.407675206335335272e+00
1.902749283468309960e+00
1.056160411666195120e+00
4.202589445635191989e-01
-1.702417571575132182e-02
-6.427037526842176440e-01
-1.672409649331491277e+00
-2.773010118009667124e+00
-3.218266144594952749e+00
-2.472728477835618222e+00
-7.195528510030835267e-01
1.127342233523395798e+00
1.979514237734605775e+00
1.297194568384781421e+00
-5.553241005944158371e-01
-2.568462878661171178e+00
-3.738718041828272831e+00
-3.622222298443833477e+00
-2.431766870478360598e+00
-7.154616630953377632e-01
1.029575654768901893e+00
2.480591042756800313e+00
3.339394487761732755e+00
3.200741139261589208e+00
1.722705073693715061e+00
-9.446113755229343933e-01
-3.866966277017571230e+00
-5.587344275057784415e+00
-4.960264976522193336e+00
-2.048662686117049603e+00
1.633703255810532218e+00
3.888730459763894309e+00
3.234917615616335063e+00
1.169369528287500515e-02
-3.658690469781906707e+00
-5.156770313722436327e+00
-3.105527219213810142e+00
1.621951169011847327e+00
6.369631559222117545e+00
8.380304911825760428e+00
6.573759199779628304e+00
2.214637365636169086e+00
-1.976601600532002401e+00
-3.642033068008749375e+00
-2.281033131054599039e+00
5.719423769488820586e-01
2.539141429663749339e+00
2.074856393293935675e+00
-5.400625165947605666e-01
-3.506527651329994999e+00
-4.806602500252363797e+00
-3.536631370441226441e+00
-3.865795043504693940e-01
2.950447479581567389e+00
4.911121038102277403e+00
4.922401161234736477e+00
3.488015525688546781e+00
1.609776186894607886e+00
8.126659275989533970e-02
-8.418733088636597417e-01
-1.283212276884770464e+00
-1.379979304234181692e+00
-1.083357683406898753e+00
-2.672119780561640345e-01
1.019735992432656113e+00
2.435060703178428376e+00
3.479191823642608039e+00
3.759146961934672238e+00
3.145738116071662205e+00
1.718771773826946347e+00
-3.803060706061753837e-01
-2.976380162044232502e+00
-5.700319847766316173e+00
-7.821747495894748603e+00
-8.361909539094019905e+00
-6.589491958478991052e+00
-2.643161944362681925e+00
2.205312654780612114e+00
5.990820453353085107e+00
7.068466829214273162e+00
5.102258962259197617e+00
1.344075043119203450e+00
-2.063423914086916167e+00
-3.365562438591362504e+00
-2.232109564037516147e+00
1.381684958951640563e-01
1.906361326541402779e+00
1.854119785685981014e+00
1.474551042802449974e-01
-1.897312287480533488e+00
-2.831641429633989571e+00
-2.119691335991686021e+00
-4.670484790073043957e-01
7.646490957782918763e-01
5.899652449631702655e-01
-8.890795406840152904e-01
-2.594332464296355667e+00
-3.290111023372298771e+00
-2.486899718635398049e+00
-7.711624277693787111e-01
6.596532868439065611e-01
8.999550060027853293e-01
1.823402614460667426e-02
-9.669595681410383392e-01
-8.000396843767361155e-01
1.098673025329908626e+00
4.135555155550890483e+00
6.796711464414147308e+00
7.504875544388826647e+00
5.563927739292080510e+00
1.629931703640117746e+00
-2.571499294624840282e+00
-5.135360458500700886e+00
-4.994311061409099750e+00
-2.507190463628881982e+00
7.201316610632851889e-01
2.717973733452152096e+00
2.281983066530214099e+00
-2.877882810715512441e-01
-3.308226860435895311e+00
-4.698349954476687351e+00
-3.296098770901187081e+00
3.022386139551512807e-01
3.978743747251344942e+00
5.364593741807483163e+00
3.398714473029095462e+00
-8.578662803387792080e-01
-4.787221287468595321e+00
-5.899513470140685278e+00
-3.559980725991361616e+00
4.607524747806008292e-01
3.111682288012592501e+00
2.204387317921047362e+00
-1.881114368481967336e+00
-6.204205093840410079e+00
-7.142060799012353023e+00
-2.961785516825311326e+00
4.689815352607928034e+00
1.152816277122023614e+01
1.326186265687361043e+01
8.423655035586515183e+00
-5.206816097823452338e-01
-8.606076942597244539e+00
-1.145149596113079227e+01
-7.959110880231479612e+00
-8.414084973487390151e-01
5.330763949114686540e+00
7.178180467716122948e+00
4.567121197859242976e+00
3.272832318638740912e-01
-2.035814201742391472e+00
-9.146560216253268871e-01
2.386228075793390246e+00
4.846249796527364317e+00
4.158394060603804121e+00
5.443423731403531640e-01
-3.393720195273827400e+00
-4.654077694135903442e+00
-2.156933486748053408e+00
2.335928783069631809e+00
5.413814621474718258e+00
4.483258699622652443e+00
-2.696382890175561542e-01
-5.853145621779727747e+00
-8.442795841626528741e+00
-6.005151901830168448e+00
2.341032652914734058e-01
6.488254481151040309e+00
8.811051623436222613e+00
5.611105510902535620e+00
-1.347803489968217860e+00
-8.056808362041548932e+00
-1.071264773943389237e+01
-7.941476329600008377e+00
-1.466531247963107187e+00
5.069811987855745272e+00
8.294461726238189669e+00
6.950772443374431120e+00
2.384642708321241145e+00
-2.467572133565015147e+00
-4.871261492782462454e+00
-3.795894515281188042e+00
-3.305498276166737304e-01
3.118867874363666637e+00
4.320079318432800797e+00
2.534061155585691338e+00
-1.061260435916521860e+00
-4.069872797165510647e+00
-4.315068889373743666e+00
-1.211019171909388792e+00
3.738275014372917759e+00
7.667349478033541388e+00
7.961417597042387051e+00
3.848341632935199819e+00
-2.996581717890737906e+00
-9.267668512084375365e+00
-1.184994724798299615e+01
-9.575888343176561790e+00
-3.844515117621471134e+00
2.280724275283638303e+00
5.916310326552434162e+00
5.966464834486417956e+00
3.495248049282051905e+00
7.117540041276955165e-01
-6.489582030407835544e-01
-3.988756857402360190e-01
2.754252303137132429e-01
-2.488645320709220732e-03
-1.563972191174624493e+00
-3.366993723389549498e+00
-3.810456890108233630e+00
-2.043614944518544529e+00
1.253513541372599072e+00
4.232974309204070806e+00
5.124346599985353912e+00
3.435693672008028443e+00
2.312354033742833881e-01
-2.678444745014826101e+00
-3.979020994980473791e+00
-3.584370652424567538e+00
-2.366285012251964748e+00
-1.208563833096671924e+00
-2.363651263705275340e-01
1.117041940524330812e+00
3.286783145705776565e+00
5.760257511056247282e+00
7.079862016470187314e+00
5.819000282363780308e+00
1.837183743573403749e+00
-3.221724022100217244e+00
-6.735122106924009699e+00
-6.770804658768214246e+00
-3.449565060111632775e+00
1.041886127024580277e+00
3.887965175117622074e+00
3.552913281043871940e+00
7.884534668949982894e-01
-2.011067490582568063e+00
-2.651162487247222810e+00
-8.205269840170574813e-01
1.652402867172570566e+00
2.197949597682018918e+00
-4.483205305305186794e-01
-5.074033560805065513e+00
-8.616048403623780771e+00
-8.213521202679451960e+00
-3.267668762549913453e+00
3.954206596920044170e+00
9.633107478804296520e+00
1.076727803522402915e+01
7.017281236896995900e+00
8.319330543248293353e-01
-4.159399597533818493e+00
-5.368178600085740548e+00
-2.642358989416078607e+00
1.948494584993251122e+00
5.616096170363229945e+00
6.547311172585381200e+00
4.730256302654276546e+00
1.574644572745591997e+00
-1.190427256125267341e+00
-2.506579568800495927e+00
-2.303281275494046376e+00
-1.168176693852566395e+00
1.855834925941219904e-01
1.230777938403187388e+00
1.631346441856028617e+00
1.164014418149945218e+00
-2.109049169980794503e-01
-2.149850567128284595e+00
-3.857842700767545985e+00
-4.382299989236339677e+00
-3.196621610453011186e+00
-6.843312815583884046e-01
1.898178413480667182e+00
3.074611211088168705e+00
2.050819245825493908e+00
-7.354702586305081891e-01
-3.822360028720927172e+00
-5.587294554312779660e+00
-5.210514248110732716e+00
-3.112235900900828245e+00
-6.006455102502501475e-01
1.000722703470722230e+00
1.154741031582796618e+00
3.447797627511511864e-01
-3.427074972308876699e-01
4.818857926672198699e-02
1.772584851152554375e+00
4.274360990846008512e+00
6.503748511497041029e+00
7.406488993020971634e+00
6.326849036681819527e+00
3.215314539600981014e+00
-1.337079998090398236e+00
-6.201098822714714132e+00
-9.966628653286125683e+00
-1.137380571886750502e+01
-9.823039692938406731e+00
-5.723697489866720112e+00
-4.248091883771181188e-01
4.332956189548554882e+00
7.195302390868580034e+00
7.759816172444804039e+00
6.587630005465875627e+00
4.680468649413027649e+00
2.811144985533111207e+00
1.187662775179893826e+00
-3.423740357741079099e-01
-1.781737759471123006e+00
-2.664744741727267829e+00
-2.282814705621714069e+00
-3.462177187723246008e-01
2.449410786156686726e+00
4.510594783823893117e+00
4.206983983831419138e+00
1.016355757891151956e+00
-3.851799204574346547e+00
-7.903261885929051545e+00
-8.729669397834236122e+00
-5.492759232495941113e+00
4.367788509978554057e-01
6.145104736895215858e+00
8.777336313005363877e+00
7.109597250164894078e+00
2.157053072357363543e+00
-3.488730681663825717e+00
-7.114616525513245193e+00
-7.231676205613906561e+00
-4.090659628621918564e+00
7.563183632051694305e-01
5.400062549042679017e+00
8.399196231385605671e+00
9.117188082200037513e+00
7.622878315436410368e+00
4.449624277708514875e+00
4.368967485118453453e-01
-3.365778809733932064e+00
-5.900020016918521293e+00
-6.474423774247792807e+00
-5.141189270869009675e+00
-2.764090461430074974e+00
-6.128054809721437124e-01
3.344076544330408796e-01
-7.136101007311951294e-02
-1.161919073772196054e+00
-2.019430083748228189e+00
-2.176324436737282930e+00
-1.904217838053357204e+00
-1.861040417681291137e+00
-2.388562273461800167e+00
-3.068468566882883941e+00
-2.972158680956879184e+00
-1.476942530784984609e+00
9.973010093176679636e-01
3.010435525218240649e+00
3.024362385318365654e+00
6.305276586218125923e-01
-2.866392840318388924e+00
-5.093324656504077730e+00
-4.183961018465954140e+00
-2.186202116272557561e-01
4.575915127984489850e+00
7.169888247663685377e+00
5.801520029765196540e+00
1.336717651385051386e+00
-3.135720571094959830e+00
-4.333115718050537524e+00
-1.105729999578759060e+00
4.576193458590637420e+00
8.766364046950549493e+00
8.147354807787806408e+00
2.365256321616472146e+00
-5.526205702924873897e+00
-1.088557903768971791e+01
-1.040286031429448244e+01
-4.192365069895144458e+00
4.313301486518852812e+00
1.055635979774718969e+01
1.163939294214353559e+01
7.877518945750708212e+00
2.208648867430664353e+00
-1.962824379490461402e+00
-2.917019895316040223e+00
-1.347715098378728049e+00
6.246407358998988801e-01
1.225913789993071878e+00
2.159329145985264820e-01
-1.281403549859144064e+00
-1.967151306696008017e+00
-1.493614059314914755e+00
-6.145195150033009313e-01
-3.330699866302588852e-01
-8.763985103616536154e-01
-1.447359954770581547e+00
-1.006741714147727951e+00
5.900634034217122625e-01
2.150552244452535344e+00
1.919604818820158210e+00
-9.328128693082343714e-01
-5.304714975218815631e+00
-8.576087828862496210e+00
-8.319004721381034528e+00
-4.110362025773742545e+00
1.951445732034294611e+00
6.534723053486240829e+00
7.319612432787121037e+00
4.567152940110595694e+00
8.154094692202291661e-01
-1.109786050627728837e+00
-2.791876101520742726e-01
1.653757656735862280e+00
1.852043042435854492e+00
-1.248313845485006235e+00
-6.340610242269875130e+00
-9.859866091756231299e+00
-8.504979001614461964e+00
-1.859169808263248402e+00
6.899251288280697558e+00
1.287179005797983855e+01
1.266584587233888293e+01
6.678058146031043307e+00
-1.234828117457663410e+00
-6.479487550031976184e+00
-6.864179096320039086e+00
-3.864645737936309278e+00
-1.133008807226357995e+00
-1.439985895221020717e+00
-4.423755058762825598e+00
-6.898726973546790653e+00
-5.504705443112571039e+00
3.560832549471475428e-01
7.627655507285442837e+00
1.156826053411729127e+01
9.198110319767366150e+00
1.649246087651138115e+00
-6.419322664517340904e+00
-1.001553722751173758e+01
-7.318790534843372164e+00
-9.126183521102686491e-01
4.186151370397389826e+00
4.261517344957070463e+00
-3.647799835642748789e-01
-5.622860566576992625e+00
-6.792400410712581937e+00
-2.101533083643214894e+00
5.848845566000647089e+00
1.188885603532050084e+01
1.197077685866021213e+01
6.029965595132308565e+00
-2.048881123386172565e+00
-7.258173699543405633e+00
-6.945185493351823780e+00
-2.402447983697512335e+00
2.470628505620480642e+00
4.261522862835604997e+00
2.475697506541265636e+00
-4.796201680042754267e-01
-1.577370422019472862e+00
2.121546687374517015e-01
3.086100475645556784e+00
3.990784156818711015e+00
1.297185131552354154e+00
-3.638159860461962047e+00
-7.352847150399524523e+00
-6.971557417370092935e+00
-2.600148273339236926e+00
2.527550360762852222e+00
4.387984048035823648e+00
1.281800464748234614e+00
-4.658863500544791592e+00
-8.806155377682685526e+00
-7.332810078376415852e+00
-8.979573275791619125e-02
9.055415368664229803e+00
1.471256047716398108e+01
1.354542718629143216e+01
6.428029373669168933e+00
-2.266720028683614885e+00
-7.639436559283602435e+00
-7.356769015575739701e+00
-2.781411549562220031e+00
2.426344613739272127e+00
5.009737207438833551e+00
4.128609316613076174e+00
1.412584647234755408e+00
-6.776326630436324550e-01
-7.553218996455185463e-01
7.191089066155891274e-01
2.147360783095564329e+00
2.181806823650929150e+00
6.229467797114165428e-01
-1.746955688010501939e+00
-4.008910973160908497e+00
-5.756978326303578086e+00
-7.014613978754460355e+00
-7.662187663356398559e+00
-7.108284207789005826e+00
-4.685849588332538396e+00
-4.999204137503225898e-01
4.099061211635122604e+00
7.046271996343658195e+00
6.890834904230063174e+00
3.937631873981443320e+00
2.116350612595284120e-01
-1.889028032412462643e+00
-1.312086641636841744e+00
8.944062793094260666e-01
2.455320429298978091e+00
1.757616807061779696e+00
-7.285028117913084911e-01
-2.704034811200551225e+00
-1.895741004088976389e+00
1.883954880366917495e+00
6.158240760011981507e+00
7.332013085885144221e+00
3.367803892470648819e+00
-4.383137507860661586e+00
-1.168197043319845463e+01
-1.406088841461257033e+01
-9.840499153207733940e+00
-1.354255837476714852e+00
6.543767918588228483e+00
9.675648596278534797e+00
7.204586902935636417e+00
1.924641312733480936e+00
-1.947693500307835057e+00
-1.823387300177018444e+00
1.565011502993490344e+00
4.959887893045919149e+00
5.157719859340510915e+00
1.411604111742191581e+00
-4.072275877930003674e+00
-7.797868664182341369e+00
-7.476809989646044485e+00
-3.516488712424290952e+00
1.484567277869210056e+00
4.698848462323939046e+00
4.945186962863854951e+00
3.145171288891660755e+00
1.211447699751761364e+00
4.064583279038769259e-01
5.007944850794322500e-01
3.006849640110391686e-01
-1.029132068180558246e+00
-3.026635348442262785e+00
-4.180700540398962772e+00
-3.162001133049076262e+00
-2.510128832310176694e-02
3.604676089569497144e+00
5.540220411414214396e+00
4.493084791776720266e+00
9.193675071855205161e-01
-3.317620672773808899e+00
-6.149728595906344353e+00
-6.476504478383961150e+00
-4.551821428833556560e+00
-1.499796119138485206e+00
1.499112470323602286e+00
3.709259695039754945e+00
4.809645066164106808e+00
4.630194555211472718e+00
3.094611539920810284e+00
4.849188815656426677e-01
-2.305133127589769071e+00
-3.972652237984037882e+00
-3.535638878772093818e+00
-1.114679416518289612e+00
1.917615173553079977e+00
3.713609404372269385e+00
3.215344166395404102e+00
9.853085876055798220e-01
-1.103046837154136650e+00
-1.202184312003984124e+00
1.075555226821236054e+00
4.215506179192898273e+00
5.760824626465508302e+00
4.048897574386280951e+00
-5.155898327777651557e-01
-5.592974995069424082e+00
-8.381410490006455660e+00
-7.398153001890807268e+00
-3.335345459045756300e+00
1.539437816897593736e+00
4.906679814283868346e+00
5.702510386634251915e+00
4.351180919954292570e+00
1.966813857885010286e+00
-6.478503240595191448e-01
-3.332675568334524385e+00
-6.049794904276803109e+00
-8.149174257491202056e+00
-8.292392825546730961e+00
-5.335728453076999500e+00
4.400965324128807143e-01
6.840036076578906332e+00
1.066618846910323626e+01
9.632719109953523429e+00
4.005758175715580904e+00
-3.279658874338537977e+00
-8.274039092050902156e+00
-8.418958193042996641e+00
-4.091857190427152347e+00
1.764187175564864374e+00
5.652030154499398940e+00
5.762109773799277690e+00
2.913805863447153754e+00
-3.593757534151740818e-01
-1.799154042237075535e+00
-9.876837079356073357e-01
6.057741038385475729e-01
1.008293603095897772e+00
-5.859125280741867003e-01
-3.149410007911562559e+00
-4.626688200802114181e+00
-3.539325850399158480e+00
-1.392917180154680246e-01
3.751896442544725652e+00
6.055974440637776901e+00
5.880910312298551545e+00
4.018040123326740876e+00
2.173564388898440392e+00
1.576212339893259262e+00
2.039513208241743758e+00
2.168581187573123792e+00
5.197956282658922067e-01
-3.173103599543152242e+00
-7.602723126544070453e+00
-1.058325499314577911e+01
-1.032911030076654413e+01
-6.464304626331333736e+00
-1.844480565487129908e-01
6.390381028177926304e+00
1.116059503216835402e+01
1.275096122325497738e+01
1.076716901277046290e+01
5.746179930103593847e+00
-9.820683035560631158e-01
-7.489019629732298178e+00
-1.165058131889276183e+01
-1.184893980767838428e+01
-7.762423748009442903e+00
-7.682320382872438458e-01
6.447711054122747143e+00
1.103568163677397251e+01
1.131570486194616443e+01
7.531123104219947351e+00
1.574371272582097969e+00
-4.114009772388765640e+00
-7.754558626741610894e+00
-8.817822424546267968e+00
-7.761383782621757987e+00
-5.303806640377151993e+00
-1.897787050978159140e+00
2.201498851937798484e+00
6.448816988506815839e+00
9.681318923944250088e+00
1.042723042275365231e+01
7.787810162784280621e+00
2.282840651463296844e+00
-4.050995951235250914e+00
-8.555377389308478797e+00
-9.376107423356303983e+00
-6.525709022354773126e+00
-1.872903363744261362e+00
1.962520124653658105e+00
3.115576949984931510e+00
1.443859189514271391e+00
-1.597702292772844146e+00
-4.001495796449518139e+00
-4.433935825924008256e+00
-2.873123628084818471e+00
-3.581041716062620672e-01
1.840435271153369357e+00
2.996938761657572226e+00
3.171297474966868091e+00
2.879027978854028724e+00
2.555014420982187673e+00
2.247236002382139386e+00
1.721546576936628714e+00
8.097615992694822129e-01
-3.361141411167710147e-01
-1.304627466382119794e+00
-1.740420071553871129e+00
-1.640970240080020126e+00
-1.376563435240442113e+00
-1.396541344904223436e+00
-1.835524363842829132e+00
-2.325090530772666142e+00
-2.183416011627682174e+00
-8.918901465479953661e-01
1.445932622668133272e+00
3.988083955299028815e+00
5.514210473548291525e+00
5.103127722939625244e+00
2.747785203750744198e+00
-4.861506020694483787e-01
-2.929926426143135476e+00
-3.225204856797182718e+00
-1.196595737069753529e+00
1.859034842230465001e+00
3.745270703360915387e+00
2.596745955453968691e+00
-1.880286748908501782e+00
-7.922882783942414520e+00
-1.240346081917773979e+01
-1.245444358496171766e+01
-7.167672769732568838e+00
1.646655284470034841e+00
1.019481163349437480e+01
1.462226946630345559e+01
1.307221566127879520e+01
6.682335466576870608e+00
-1.086032133185088400e+00
-6.400720554222116832e+00
-7.133528415735358230e+00
-3.839439365302903973e+00
8.746579199771816748e-01
4.098398394423988123e+00
4.331422284261682520e+00
2.117286836036057274e+00
-6.740289291113159553e-01
-2.290662872132951389e+00
-2.230255894339528311e+00
-1.333367808253768327e+00
-8.988484701927084153e-01
-1.562958053476726006e+00
-2.793053830265058046e+00
-3.340346777481924434e+00
-2.269738359414202655e+00
2.297151669942955055e-01
2.868419492134071103e+00
4.105823240212916225e+00
3.217665004796890660e+00
8.228264007751597831e-01
-1.497943477196014062e+00
-2.223898098194966533e+00
-8.610709293921146035e-01
1.778686720595640258e+00
4.135309576474031523e+00
4.891243585718941134e+00
3.742388690343610325e+00
1.488309806850776518e+00
-5.516311559539334164e-01
-1.374177835710854279e+00
-8.509544939377166051e-01
2.903703131528657666e-01
9.846509949195526579e-01
4.906285989403714187e-01
-1.194500654951382579e+00
-3.367288888489215370e+00
-5.029957787663805746e+00
-5.425940857482959956e+00
-4.411717920923678982e+00
-2.489974137538776944e+00
-5.114637855714124770e-01
7.819159462305591557e-01
1.123184894127956079e+00
7.938397301136156381e-01
3.638367547003492630e-01
2.571818836424321075e-01
4.279400090030145987e-01
3.866171437711333203e-01
-4.013012361832650199e-01
-1.993553771274858333e+00
-3.711116439940282508e+00
-4.400023702205627885e+00
-3.133015141880436616e+00
7.353993377119127928e-02
4.040275940264391075e+00
6.944155703422236314e+00
7.332786680709348026e+00
5.016721024346704638e+00
1.243138661518139010e+00
-2.006776129873338199e+00
-3.174391149329589101e+00
-1.992784036214614973e+00
4.896023265032348748e-01
2.712123507737747019e+00
3.642879344877711034e+00
3.316985979223163739e+00
2.519730282593454884e+00
1.914755157012408393e+00
1.351242469024806159e+00
-4.004125151329251953e-02
-2.966263168618882951e+00
-6.971195809119977049e+00
-1.017237971895408677e+01
-1.013659713615920666e+01
-5.467550080475357177e+00
2.927295645739025787e+00
1.184352882192955114e+01
1.724467841894581710e+01
1.640584804428919696e+01
9.455785802288891873e+00
-6.378826940950688140e-01
-9.640192288185968295e+00
-1.422120265810755768e+01
-1.344819364022732522e+01
-8.819274931043562304e+00
-3.021950619524048420e+00
1.644213087117027960e+00
4.182834744674407190e+00
4.771033295579938383e+00
3.993234683819969266e+00
2.222609003583147391e+00
-3.506638613010084615e-01
-3.216204692403758614e+00
-5.222940009840837838e+00
-4.981309661730071170e+00
-1.879689684723203413e+00
3.049759390426615369e+00
7.269641541017846542e+00
8.092368670847488232e+00
4.510008645575618758e+00
-1.782534501774725832e+00
-7.084996995945560982e+00
-7.898937813361056826e+00
-3.299882171502294792e+00
4.169003878575425759e+00
9.871499151904000513e+00
1.000063475672584623e+01
4.180847012582389333e+00
-4.054145460906704912e+00
-9.384889905163635859e+00
-8.157179553182459131e+00
-9.043598456694899035e-01
7.802856680975096104e+00
1.219429590399655794e+01
9.031543188638295305e+00
-2.161323054448758274e-01
-1.021729177941394795e+01
-1.512320343864864824e+01
-1.222992044230948494e+01
-3.571802075176108815e+00
5.545153033732910686e+00
1.002082972378432224e+01
8.101733347783824257e+00
2.149359425747010111e+00
-3.326441044395185287e+00
-4.877736037094600796e+00
-2.321822248246445231e+00
1.495265311216450899e+00
3.041531419916176038e+00
7.679880332347137628e-01
-3.805764274286318471e+00
-7.279649913439644848e+00
-6.879810094648506791e+00
-2.442647266273141327e+00
3.499633746855316474e+00
7.491822062747560906e+00
7.442558129043513659e+00
3.815733202536646829e+00
-9.840746942802820474e-01
-4.407109286134087256e+00
-5.340660976846891117e+00
-4.402799302305586693e+00
-2.956789473673544055e+00
-1.824585893618401844e+00
-7.921400665777642569e-01
7.755571771389672131e-01
2.883995393080802661e+00
4.480467596458734825e+00
4.160695773744377490e+00
1.500497140566687371e+00
-2.145795361876091434e+00
-4.233706893045047437e+00
-2.781517131121820974e+00
1.953876032494825665e+00
7.241446321572870382e+00
9.484880624549774097e+00
6.697899577117262027e+00
1.008682794451867260e-01
-6.422165547825938958e+00
-8.802606019478334431e+00
-5.577931305435274822e+00
9.628532250920922575e-01
6.180186328420388620e+00
6.185233584745525093e+00
5.719224294098275152e-01
-7.111949711110296057e+00
-1.155722360580930186e+01
-9.157283502745150017e+00
-4.736508843385713874e-01
9.930705834582287395e+00
1.620855030233590810e+01
1.476872303779614093e+01
6.413465991126120258e+00
-4.216683311135605905e+00
-1.146315778194785118e+01
-1.193590786962973738e+01
-6.281081623387743562e+00
1.517700971988351855e+00
6.715989910395732565e+00
6.611029692336645169e+00
1.922152303834235187e+00
-3.930356512634295640e+00
-7.055132956587721438e+00
-5.423549845842691397e+00
3.605330517298088733e-02
6.117314167953592730e+00
9.285038190216564402e+00
7.715189133229663376e+00
2.265532646431737795e+00
-4.126508567041049069e+00
-8.214959735114614858e+00
-8.324657110390869974e+00
-5.231111463510413451e+00
-1.527522761157741549e+00
1.250275341251028127e-01
-1.229005029375042524e+00
-4.182988815513660974e+00
-5.893889814240669267e+00
-4.040538570839741439e+00
1.452912087803471142e+00
8.114007079735040762e+00
1.233712691275223783e+01
1.166378189531952181e+01
6.433797518070451638e+00
-3.395142961313343255e-01
-4.858489921487263885e+00
-4.973714883134273457e+00
-1.523831542262367389e+00
2.345876863562033066e+00
3.435285956517064143e+00
7.598255081345810513e-01
-3.747312803549106341e+00
-6.605135565183948287e+00
-5.276658509574909672e+00
-3.488614737170436797e-02
6.110887357559740884e+00
9.379749815576619909e+00
7.705123531818123261e+00
2.032482341732825049e+00
-4.411176635653253797e+00
-8.282088134251665679e+00
-8.165460879901301539e+00
-5.134181127671751277e+00
-1.599612946091553134e+00
5.365155769845181277e-01
1.013727123163153276e+00
8.866666241709297847e-01
1.189448235828391098e+00
1.807541212835404254e+00
1.540202886527217929e+00
-6.889396507846989870e-01
-4.504146902939954344e+00
-7.822020527928412292e+00
-8.046187546524748768e+00
-3.932784884624447308e+00
3.252488738583592998e+00
1.022283308681338632e+01
1.356910371564871376e+01
1.180390533930169106e+01
6.168512027002735820e+00
-3.006716779541860340e-01
-4.730940574955157629e+00
-6.019528537805039825e+00
-5.060795309169754397e+00
-3.626437787291880266e+00
-2.881234718943705975e+00
-2.667281974089279029e+00
-1.985964067285495460e+00
-1.419113352768812675e-01
2.457571451230695647e+00
4.500271482755174191e+00
4.766957988234800325e+00
3.086724101421098876e+00
4.708196303631357882e-01
-1.662014531181284394e+00
-2.516895534775740462e+00
-2.374108625216233115e+00
-2.128988529934880081e+00
-2.356254577995470445e+00
-2.727413200521589420e+00
-2.303825027708647610e+00
-4.750434492891195681e-01
2.264681595215675358e+00
4.421765436461402743e+00
4.509099883043198531e+00
2.211801510390367209e+00
-1.221608068637443312e+00
-3.740708530632832485e+00
-3.893481875462533104e+00
-1.823926998640339470e+00
9.028170389848974020e-01
2.530903964598898881e+00
2.457404784626332717e+00
1.633303226393239438e+00
1.678542151367871771e+00
3.378667306907541246e+00
5.761745678633609202e+00
6.571457928361651213e+00
3.909672810514903674e+00
-2.111919189346913583e+00
-8.981358011097192673e+00
-1.309123079534479928e+01
-1.196729625850074541e+01
-5.939432191654200999e+00
1.914378667681293056e+00
7.581499037334091362e+00
8.532715716354543289e+00
5.179821481670577654e+00
4.450276362354795845e-01
-2.239926619149163578e+00
-1.176002572447547356e+00
2.565042494998335698e+00
5.930936084239756489e+00
5.944970895919377440e+00
1.690005412721570011e+00
-5.015956087275764474e+00
-1.063102042049876950e+01
-1.193225299478533863e+01
-7.862121480290474196e+00
-1.364953404460433894e-01
7.663823481636525159e+00
1.194641235968658854e+01
1.087682439923201372e+01
5.170097319289839177e+00
-2.409915858239655151e+00
-8.485236100608549492e+00
-1.065631404030045992e+01
-8.482298345195429690e+00
-3.452538620678547332e+00
1.925725858428234627e+00
5.391432203054204564e+00
5.903660669380133896e+00
3.898634984802082037e+00
8.092671277951906106e-01
-1.799565083767755480e+00
-2.981807865454955575e+00
-2.691492323807278098e+00
-1.557794804540451272e+00
-4.024010860434810155e-01
1.720537603270675397e-01
-6.245977365239513412e-02
-1.015527919654914291e+00
-2.373902991991670319e+00
-3.625673310719820019e+00
-4.073449929175129824e+00
-2.998648470659734055e+00
-4.634116987774783425e-02
4.336937549463119268e+00
8.759405194647444048e+00
1.130655431420672663e+01
1.045900140611613871e+01
6.037019982519962191e+00
-4.431666056537792997e-01
-6.345710942187984926e+00
-9.207201834494407322e+00
-8.035682056274817242e+00
-3.837111954093191279e+00
9.742857802374665921e-01
3.944540100622289103e+00
3.907317039596702735e+00
1.487012988822642212e+00
-1.473643666197413715e+00
-3.139962103958566786e+00
-2.769871068264795788e+00
-1.010667288420731058e+00
6.943025430934244291e-01
1.130862659290419181e+00
9.268543545791940730e-02
-1.542153658102110692e+00
-2.417164105382614281e+00
-1.563425154643208081e+00
9.969654802870225874e-01
4.222520511848978586e+00
6.568613183639517850e+00
6.752405299413712925e+00
4.393014959430169952e+00
2.458903614263292514e-01
-4.069414569929958425e+00
-6.751654302768407945e+00
-6.641849434677880026e+00
-3.819005420371360593e+00
3.634432707422432518e-01
3.906226956995754396e+00
5.207645069279960737e+00
3.970719243659580844e+00
1.403452360885948602e+00
-5.018821588203713491e-01
-2.508900782829651677e-01
2.097813122035494970e+00
4.843138236156452336e+00
5.682837568683083873e+00
3.285369088566597817e+00
-1.643406909797488602e+00
-6.589098282491584690e+00
-8.718156064981933184e+00
-6.716590313830047343e+00
-1.755249971030134581e+00
3.125984481288474282e+00
4.887679238222866651e+00
2.424696740892867464e+00
-2.707818529088640069e+00
-7.269032540518232111e+00
-8.374964787768607977e+00
-5.272787338336566876e+00
2.891867166307720005e-01
5.273156477742022119e+00
7.274847522154749058e+00
5.870005963924254111e+00
2.570142962308251011e+00
-4.315233401906291011e-01
-1.745920195041693157e+00
-1.473626278959010882e+00
-7.336752216280144623e-01
-5.480671130072083397e-01
-1.009980232662507582e+00
-1.350410737709492937e+00
-7.588647095083596028e-01
7.846775470143148024e-01
2.388099363102485384e+00
2.951972624807976953e+00
2.119432145263730138e+00
6.607041457682061303e-01
-8.617373900077901494e-02
6.671416136980774514e-01
2.365157778943290712e+00
3.337954072505945113e+00
1.999912815317097081e+00
-1.809795474738622900e+00
-6.369568359817593617e+00
-8.959498071761773375e+00
-7.595032291599960850e+00
-2.460945491335855717e+00
3.974618744435765461e+00
8.330303347317068230e+00
8.326697965427312553e+00
4.151844555446771778e+00
-1.703497759949378132e+00
-6.016621413255539785e+00
-6.773398207180772346e+00
-4.235176903002463078e+00
-5.084105477707614451e-01
2.000559369451004876e+00
2.157716588181921136e+00
6.664223063522769497e-01
-6.683916917678938141e-01
-3.755255727292982071e-01
1.587263559099774124e+00
3.825843570030436069e+00
4.549970370274108333e+00
2.896177884720457563e+00
-4.031086675379769724e-01
-3.464228741535370304e+00
-4.494413745473186950e+00
-2.975496510167720654e+00
1.225043875927178672e-02
2.532884866778785327e+00
3.089336845477899995e+00
1.592290429012859443e+00
-6.430960180064276832e-01
-1.858487438411071890e+00
-1.111544717016911266e+00
1.030163714824061882e+00
2.849913042534105934e+00
2.680396928558899550e+00
1.466250766677279493e-01
-3.405058536606709652e+00
-5.646160271534526487e+00
-4.765161528822565273e+00
-7.831999291532594221e-01
4.206805203787896019e+00
7.136707079184748004e+00
5.810841968355718201e+00
3.932714047974439353e-01
-6.433968508673741482e+00
-1.084701805975102751e+01
-1.005627756035660525e+01
-4.009596510239477496e+00
4.430076504609408161e+00
1.100618290651338427e+01
1.244081923338709572e+01
8.271509621748528218e+00
1.060754575465345351e+00
-5.146447968935750517e+00
-7.187076465594039121e+00
-4.545623738116074897e+00
5.187784567509442502e-01
4.505883692046832145e+00
4.875410146135971345e+00
1.544153452276403105e+00
-3.207510108243065705e+00
-6.283547490077803666e+00
-5.739685472797880550e+00
-1.926559648057015739e+00
2.849009468786741994e+00
5.832629019482283184e+00
5.478081358249023758e+00
2.217928715028846032e+00
-2.032199812068413713e+00
-5.177941017648675093e+00
-6.140338880475067818e+00
-5.209580814108861979e+00
-3.478921103438586293e+00
-1.905085193024545376e+00
-7.137245981360618163e-01
4.860517249350437829e-01
2.087840877622653135e+00
3.938102893297646734e+00
5.305259749473211883e+00
5.373892884827275118e+00
3.851132575429639715e+00
1.205946221812233654e+00
-1.622109320498355878e+00
-3.783150498509979087e+00
-4.898521867106516936e+00
-5.009581585082252708e+00
-4.236635203311328368e+00
-2.544997702192770994e+00
1.007150144788737656e-01
3.310133842650571090e+00
6.019263909870007367e+00
6.824015106583942725e+00
4.849440061619545439e+00
5.912367349360461155e-01
-3.980732999015761386e+00
-6.349238017944922596e+00
-4.959640159949362470e+00
-3.419943643814629120e-01
4.995712325041763435e+00
7.975002481605061533e+00
6.821213645466809972e+00
2.181444371876069876e+00
-3.287042351290343500e+00
-6.613039409200283103e+00
-6.362970993420846710e+00
-3.405289491378540756e+00
-1.042749589537177446e-01
1.437622149943969641e+00
8.136730783555663482e-01
-5.852115602491164692e-01
-8.129561530463486063e-01
1.024113256599495703e+00
4.026584990236109718e+00
6.185172326494488892e+00
5.948936745197306308e+00
3.453032445909891557e+00
4.332893069430201471e-01
-1.131888157769609826e+00
-6.054814015686544870e-01
7.623183424672360653e-01
8.214652202641175016e-01
-1.658117743997247651e+00
-5.744765964924051005e+00
-8.737715340370215245e+00
-8.047418233605567295e+00
-3.243587482127632260e+00
3.290063941387548319e+00
7.723963574355792616e+00
7.333729048254600258e+00
2.458207286411757675e+00
-3.588426126815405404e+00
-6.697744087941043034e+00
-4.782916034854925336e+00
7.409487251593501744e-01
5.894739225829667362e+00
6.886294685140089911e+00
2.773328748763583373e+00
-3.831280494133409320e+00
-8.525276880646913469e+00
-8.136735182760597596e+00
-2.900089248975008083e+00
3.715772002443288535e+00
7.387560007115597571e+00
5.856356107887958018e+00
3.733523589031149115e-01
-5.274182061387665321e+00
-7.407286835296258865e+00
-4.896572918063051283e+00
2.564199520402161703e-01
4.495562131964962127e+00
5.236367091418998143e+00
2.543024385311853930e+00
-1.147801509549160492e+00
-2.931747869403241058e+00
-1.527826657818059264e+00
1.922126682057671454e+00
4.815741597925547346e+00
5.011369906343539071e+00
2.288599285280132900e+00
-1.637756686643604187e+00
-4.435111204430075560e+00
-4.756822512522811408e+00
-2.983216685817851488e+00
-6.817262224169120532e-01
6.683121003501136803e-01
6.708630646194964076e-01
4.173999357888874551e-02
-2.059241163568625854e-01
3.380457771511395926e-01
1.233464598911162780e+00
1.725440332832148149e+00
1.520179538130978836e+00
1.074222844300547264e+00
1.116047810564895215e+00
1.815569892334409907e+00
2.376596381223900600e+00
1.528500546625449319e+00
-1.351405076279253104e+00
-5.353187150111399895e+00
-8.201541605153817471e+00
-7.563968730397095719e+00
-2.705843156994988341e+00
4.671587946621259313e+00
1.111053875331829488e+01
1.328445337949995420e+01
9.935073410193860255e+00
2.621007711355975545e+00
-5.195521740193393967e+00
-1.011652790590048845e+01
-1.057401344966401879e+01
-7.349689859474990428e+00
-2.693898931382009199e+00
1.196980261242714505e+00
3.279731869331564020e+00
3.738005489218179100e+00
3.254120496403002161e+00
2.248522976317282041e+00
7.352966060574102070e-01
-1.195733390261177975e+00
-2.862843669233301913e+00
-3.094244343905461658e+00
-1.055640979042573591e+00
2.795276990577272969e+00
6.495310310675213472e+00
7.523532301023533542e+00
4.451341926776088975e+00
-1.815872984591567318e+00
-8.197397174608301640e+00
-1.110247203002892213e+01
-8.641704903553243611e+00
-1.943200607314565787e+00
5.371344022643185667e+00
9.310889748599896265e+00
7.920915407313285250e+00
2.428275991973920966e+00
-3.610618122344961822e+00
-6.589066466376887199e+00
-5.063841800733620779e+00
-4.873474745798680452e-01
3.945688769286949338e+00
5.490664516991250466e+00
3.593119770682090763e+00
5.591656126365826540e-02
-2.385662205599356156e+00
-2.035645654004917482e+00
6.064771558828345732e-01
3.258933546183063967e+00
3.507993995756648609e+00
5.444458594013356079e-01
-4.187460793740162224e+00
-7.852108429606609263e+00
-8.022348544249835456e+00
-4.254109912447773922e+00
1.557359411130723625e+00
6.252479196731796307e+00
7.251109878806230924e+00
4.064852369115252273e+00
-1.394633754082410082e+00
-5.868596046930616872e+00
-6.556977679370657341e+00
-2.675199510072890696e+00
4.076804073823470986e+00
1.037345068134374593e+01
1.298715748883385679e+01
1.046644468296844011e+01
3.886735707438730536e+00
-3.720706677117508132e+00
-8.955925774942832263e+00
-9.797729569119049131e+00
-6.560777552923124034e+00
-1.547435923325480189e+00
2.376505491417055360e+00
3.425356525598505009e+00
1.775580286197298019e+00
-8.136447470530965287e-01
-2.338178422057112460e+00
-1.928299754588511217e+00
-3.432916072406926866e-01
7.278444985625157626e-01
3.393390495494730263e-02
-2.201316104747679248e+00
-4.339558876897277706e+00
-4.465639284134164555e+00
-1.798338089835219922e+00
2.643824739809597535e+00
6.615758598850229433e+00
8.064835380784952434e+00
6.400170358096350931e+00
2.742301904705751525e+00
-9.595044418212137494e-01
-3.237384190121975092e+00
-3.873533529468164538e+00
-3.635935494620417430e+00
-3.322354971323189687e+00
-2.980381715480691529e+00
-1.975271004218386306e+00
1.776671086376271358e-01
2.991003431340567786e+00
5.010517826647396866e+00
4.790618743120660383e+00
2.122244541206615764e+00
-1.529590736088515701e+00
-3.886358028017683708e+00
-3.494457740667927137e+00
-9.090032525493847437e-01
1.586229191026084395e+00
1.662540552658587689e+00
-1.157886354425023301e+00
-4.877737193720274256e+00
-6.300607965041737479e+00
-3.410194240183142433e+00
2.872862838372487460e+00
8.955360756355181806e+00
1.083794074788878348e+01
6.867233869974324278e+00
-9.899670933676441020e-01
-8.325312143598660342e+00
-1.115135324137944473e+01
-8.452884749431705202e+00
-2.643864234890724862e+00
2.338943373785626001e+00
3.866592949907463606e+00
2.296480251488276281e+00
3.251095981119849765e-01
6.013248708389026254e-01
3.478882420548368160e+00
6.645987270351327858e+00
6.914647435926630337e+00
2.796267704094538509e+00
-4.112911353789387547e+00
-1.001585236347372998e+01
-1.144374377078040261e+01
-7.588228747336730251e+00
-7.686740140820917944e-01
5.231748164390563005e+00
7.679817679207690873e+00
6.439301147930502900e+00
3.564073258674493427e+00
1.451002057687700741e+00
1.070327530311290687e+00
1.571437264128593414e+00
1.373305857804456354e+00
-3.166822986725383871e-01
-2.839683360574578597e+00
-4.736860818688028552e+00
-5.035697020670534485e+00
-4.000676503548015184e+00
-2.718332379598903170e+00
-1.960275757543366915e+00
-1.427729193837982358e+00
-1.395729554572164854e-01
2.336459165398342641e+00
4.965906098166604110e+00
5.656780203136869467e+00
2.906710045137032239e+00
-2.575390191989332500e+00
-7.749830425351737162e+00
-9.056125186364651469e+00
-5.014138953772146579e+00
2.347424858527097591e+00
8.520218623295733096e+00
9.502106879451330812e+00
4.672102367316250948e+00
-2.603479899380777951e+00
-7.225839607197013237e+00
-5.956466287305302032e+00
2.440289082565507695e-01
6.880546321198066195e+00
9.155843066416954557e+00
5.422716469048410204e+00
-1.677826857264831162e+00
-7.215832276537549106e+00
-7.595952296446622398e+00
