-6.242990380744143364e-01
1.414659481829736665e+00
5.380262837041358992e+00
8.255555373499010585e+00
7.397239228114673715e+00
2.548617787499194876e+00
-3.826913438766494036e+00
-8.200125218128839322e+00
-8.432809467065464304e+00
-5.218052563856771187e+00
-1.421906836630576709e+00
1.755015966019419782e-01
-9.891194148292364874e-01
-2.913009539068430520e+00
-2.758163980605144339e+00
6.621893643083281988e-01
5.608322687784509597e+00
8.451461626101437474e+00
6.369263899495766879e+00
-2.831890192281423246e-01
-7.777546407493264979e+00
-1.129979791550051438e+01
-8.194152453983441831e+00
1.281371651457805516e-01
9.007618250356747680e+00
1.354830957467151187e+01
1.173106978407205325e+01
5.485426846264152445e+00
-9.411825058698783941e-01
-4.051626387486120251e+00
-3.370155132153634714e+00
-1.349598284730058717e+00
-1.126564596690809106e+00
-3.900686326642237134e+00
-7.926949989757304138e+00
-9.852085947635050189e+00
-7.357399903667287688e+00
-1.102799328326759198e+00
5.505357232033553316e+00
8.590566867198765166e+00
6.496393382294352925e+00
9.585320106186667743e-01
-4.082176534434726278e+00
-5.190191288787984192e+00
-1.774471815875846570e+00
3.550230200033431593e+00
6.791997926389793605e+00
5.313285727826250415e+00
-3.928420848480153049e-01
-7.035191782403601657e+00
-1.067495271033275372e+01
-9.223927103996297561e+00
-3.669491271299794022e+00
2.684313675134092136e+00
6.363738987679303349e+00
5.830893105799392018e+00
2.249110600602555188e+00
-1.461012229868682288e+00
-2.566299966199613536e+00
-2.090639879856321937e-01
4.157070308978922490e+00
7.747113595520527696e+00
8.155529036669513232e+00
4.748123412738387117e+00
-1.036382455695633587e+00
-6.554766937793823800e+00
-9.411760898514092588e+00
-8.645662477291784498e+00
-5.038129936582464552e+00
-4.952504656436369501e-01
3.034850198249790854e+00
4.457188280964701654e+00
3.804321018277446509e+00
1.895315952155393946e+00
-2.570844386547408433e-01
-1.872055374119057758e+00
-2.483731188750458507e+00
-1.830566468602745189e+00
1.632923446973463255e-01
3.188862857100275061e+00
6.323343332066751366e+00
8.134138486522239475e+00
7.309365773006970102e+00
3.568322210310790332e+00
-1.769667217370844536e+00
-6.134570360158444480e+00
-7.009213007774673265e+00
-3.508953676630663043e+00
2.799440956933900715e+00
8.532346991749323095e+00
1.036087748017930465e+01
7.019066107840441049e+00
1.392091482514379308e-01
-6.703611456441102234e+00
-1.017809154947769912e+01
-9.195974456238140249e+00
-5.397956172777728767e+00
-1.823474850961782856e+00
-7.197071536836420202e-01
-2.042827934536442402e+00
-3.697546957203652340e+00
-3.298427354805342659e+00
-1.279005666865167257e-01
4.176509014266398978e+00
6.736706739075374983e+00
5.547686642514838340e+00
1.038565733317857065e+00
-4.079929534389163059e+00
-6.597441372114636771e+00
-4.949826604119660800e+00
-2.126189464111329919e-01
4.721349157853498291e+00
7.132023867211730206e+00
6.182988541145916450e+00
3.188928501144951522e+00
3.891976383656792216e-01
-7.397545086315813201e-01
-3.533278377641724255e-01
2.600303827308432236e-01
-4.023408587590038277e-03
-1.077835271767989322e+00
-1.863303498177390605e+00
-1.324652667755513269e+00
4.462066239391604405e-01
2.142142778418494320e+00
2.253025213313587294e+00
3.539589630177939483e-01
-2.430340393689515821e+00
-4.241024750271463972e+00
-3.974776301536074641e+00
-2.228827070455103421e+00
-8.533348441045267574e-01
-1.371632954324686793e+00
-3.509673451826405888e+00
-5.112768721969440655e+00
-3.713907002878245045e+00
1.315316798307762713e+00
7.712513153735020666e+00
1.139457567658750037e+01
9.146430707551880701e+00
1.128499843726734397e+00
-8.662686412814501580e+00
-1.454146221550153761e+01
-1.264015315618541457e+01
-3.494664387882761680e+00
8.063068429203905652e+00
1.572923019160737468e+01
1.549110619150622092e+01
7.930973554094045141e+00
-2.348362366320938310e+00
-9.701100456253879400e+00
-1.082521066225252326e+01
-6.418317646814187150e+00
-2.180956050449254224e-01
3.713906666956556357e+00
3.559837005460454673e+00
5.463536704740452610e-01
-2.324500548787410636e+00
-2.540872679023827629e+00
2.522011558411780818e-01
4.195992267337799397e+00
6.608406172505759457e+00
5.746013024448111572e+00
1.778865632706656097e+00
-3.500664708139450632e+00
-7.839458693317825855e+00
-9.702337769268856604e+00
-8.798053801201330515e+00
-5.852158290184028111e+00
-2.009015334552563203e+00
1.670616311209805582e+00
4.416417217087012403e+00
5.773075375764158856e+00
5.642442173386287507e+00
4.379154445943159502e+00
2.773419766108188078e+00
1.749348983487215126e+00
1.837527081828289388e+00
2.749645783004064370e+00
3.427850725289785849e+00
2.665519346083033980e+00
-2.880852267003053413e-02
-3.904377199108408192e+00
-7.211875388236231643e+00
-8.166127295084544713e+00
-6.069966052895422237e+00
-1.873207026703006761e+00
2.248368005891647314e+00
4.102400420580361029e+00
2.773248694013039639e+00
-7.887360108159067185e-01
-4.263346145402402421e+00
-5.276910827595433062e+00
-2.782868820089295703e+00
2.292346402307105624e+00
7.514286973577208428e+00
1.025885210414413784e+01
9.147119532379475615e+00
4.798976902835866198e+00
-5.101136764372594667e-01
-4.097071287656783412e+00
-4.331467585990363744e+00
-1.495432382357529066e+00
2.439757252353518258e+00
4.995595474175124728e+00
4.647657719813237165e+00
1.706066137423536855e+00
-1.925572943406761439e+00
-3.990310661617168630e+00
-3.366603864089472431e+00
-8.560100704781065106e-01
1.286867131077592541e+00
8.534836425953530314e-01
-2.720578692379052477e+00
-7.734820471130573694e+00
-1.109674827785089590e+01
-1.024659710666191614e+01
-4.941880087417274581e+00
2.307224691720180854e+00
7.567660530953486564e+00
7.856325280886425233e+00
3.087300459019179488e+00
-3.701176515358841179e+00
-8.093855660883836123e+00
-7.004940800217907437e+00
-6.598864917064144464e-01
7.432937175459618295e+00
1.256098972235593969e+01
1.167307260339130082e+01
5.251417083693895371e+00
-2.975054670425093306e+00
-8.287129443459299694e+00
-7.789478629561934930e+00
-2.057090710010829326e+00
5.339630485818863015e+00
1.005152204831499319e+01
9.496056119906116422e+00
4.211404019146923972e+00
-2.678800893800687533e+00
-7.416894688509860778e+00
-7.731561587360048726e+00
-3.925365902783009897e+00
1.538843984652316754e+00
5.531151767066320168e+00
5.899938210946512385e+00
2.430791366789039287e+00
-3.219144458562776201e+00
-8.410096529565448620e+00
-1.073292891895692058e+01
-9.037001053673280992e+00
-3.915058759961541845e+00
2.520499455900695907e+00
7.526916791922281469e+00
8.991193075551567659e+00
6.521899751075716622e+00
1.766431398412747766e+00
-2.373052831919831629e+00
-3.355557296023121694e+00
-5.817901569744750034e-01
4.084747887690519441e+00
7.356461844690501017e+00
6.636457664839987558e+00
1.903768309020991811e+00
-3.967557895462154427e+00
-6.876908471548183854e+00
-4.231708820019779438e+00
3.035336415816640709e+00
1.065248948718042854e+01
1.350697229748715600e+01
8.970073351151038210e+00
-1.138403102211278828e+00
-1.137782642308364522e+01
-1.594028371807400468e+01
-1.230456418259762685e+01
-2.899177537579929798e+00
6.377019123921964905e+00
9.870192012865256714e+00
5.720975307347723415e+00
-3.059297069215173082e+00
-1.065476297730559807e+01
-1.224577720056401731e+01
-7.025956334861166219e+00
1.491189489092844322e+00
7.946069417167439752e+00
8.625912606170899721e+00
3.644545070104030060e+00
-3.504642430611301762e+00
-8.501926207421465875e+00
-8.985569995969989066e+00
-5.710855296378928081e+00
-1.508287409824369263e+00
9.738227954429951039e-01
1.027081941828153600e+00
-2.896755775430492896e-02
-2.725942898886996035e-01
1.125239656367307273e+00
3.261258129535332451e+00
4.329915589207110393e+00
3.182713015369655007e+00
3.541025147810763496e-01
-2.245162115321514218e+00
-2.718940550929261235e+00
-5.965370334474204839e-01
2.787061251120161565e+00
5.200016082652581417e+00
5.026239839658339648e+00
2.302403207085815584e+00
-1.393578781017203116e+00
-4.024454076341502429e+00
-4.326282156166920245e+00
-2.381892314648315967e+00
6.972659313647684431e-01
3.566121778447029822e+00
5.278995622066494420e+00
5.425610924729467044e+00
3.936937045519744771e+00
9.697491461097231813e-01
-2.930432442846612417e+00
-6.619649230126066541e+00
-8.543216938615875833e+00
-7.501315438445319117e+00
-3.606961894769385779e+00
1.327679651011062889e+00
4.526882186348175630e+00
3.899407906963718418e+00
-3.931865065510000701e-01
-5.613558787158471119e+00
-7.853221058411691047e+00
-4.488163261139917815e+00
3.836330924405797038e+00
1.309547796235307970e+01
1.795182930705450275e+01
1.488967104408660624e+01
4.521450669125436583e+00
-8.426274144910467001e+00
-1.755848063010494897e+01
-1.830487952231638005e+01
-1.042073525660563860e+01
1.946666459716080322e+00
1.260501287611097965e+01
1.665354839292690414e+01
1.289448396227995097e+01
4.069108841683623190e+00
-4.993737057567475546e+00
-1.007297582529597513e+01
-9.540013416800132262e+00
-4.694329427545398836e+00
1.434174688016188526e+00
5.891003902690676419e+00
7.151600116860102219e+00
5.452755815745048196e+00
2.218026016207805373e+00
-8.706167970626033092e-01
-2.611321366258843923e+00
-2.596968287036378609e+00
-1.179585295388373201e+00
7.432683541806506256e-01
2.036882388494836604e+00
1.742729106068070299e+00
-4.443452459114456410e-01
-3.840708027377828238e+00
-6.875466401172747766e+00
-7.768519806296994012e+00
-5.550739029840388916e+00
-8.476876678618372463e-01
4.165179954572591825e+00
6.802612202525797791e+00
5.422569926292581499e+00
5.683517954029936314e-01
-5.101545837802891725e+00
-8.207735925897225115e+00
-6.625094742354042943e+00
-8.418712513054558144e-01
6.196995342315290145e+00
1.074950785544517018e+01
1.046450944843957842e+01
5.749377896417017908e+00
-5.415040765610764639e-01
-4.897470299642489699e+00
-5.278747421338676915e+00
-2.235394707213657295e+00
1.650797441788436792e+00
3.567677240079395240e+00
2.292026492040960761e+00
-1.156614194104395255e+00
-4.383672036875643663e+00
-5.332343511942615244e+00
-3.633388353354378708e+00
-6.972402955388959933e-01
1.434773631468677868e+00
1.604943521348910052e+00
3.305090473757614222e-01
-6.635539294099753738e-01
2.001733109037882041e-01
3.093507933449687552e+00
6.516350028737004862e+00
8.211387888115513789e+00
6.638971386544522346e+00
2.030241622218793118e+00
-3.658119056045575412e+00
-7.835805673840747332e+00
-8.717781127655074513e+00
-6.247891274695588137e+00
-2.019263328372634447e+00
1.677010729399933009e+00
3.078711284089550304e+00
1.789059674267508671e+00
-1.151761879786034726e+00
-3.908967485540932429e+00
-4.833704577361864985e+00
-3.299869482441449176e+00
-1.581545971230291503e-02
3.334597586924414880e+00
4.973277912967841274e+00
4.018743984236490263e+00
1.056821122148444925e+00
-2.095152403534757291e+00
-3.406446674218050585e+00
-1.911459093396722375e+00
1.541895602041611468e+00
4.651141812531024655e+00
5.043505235446409607e+00
1.879589628725578443e+00
-3.402062370448660555e+00
-7.820007955133602806e+00
-8.715304218289290361e+00
-5.554122556687603129e+00
-3.927381102681608560e-01
3.436922806776165018e+00
3.624712770013599705e+00
5.892675681463857007e-01
-2.681374748780608996e+00
-2.682818849004060535e+00
1.997611739284879784e+00
9.354402323347095205e+00
1.496536221871161665e+01
1.478009477069966593e+01
7.866535899581029057e+00
-2.767972408235578996e+00
-1.190097441524782340e+01
-1.525830434754456277e+01
-1.202749221581902717e+01
-5.088001396613260674e+00
1.100777937481854707e+00
3.432676238519769552e+00
1.906596074338119839e+00
-8.818654303685207196e-01
-1.959507781289599571e+00
-2.031906708467280387e-01
3.005515679050390077e+00
5.037492804296939575e+00
4.115105016804299964e+00
6.414310195356551780e-01
-3.177657144249014465e+00
-5.029098016759039780e+00
-4.156732367205534295e+00
-1.749126108950087133e+00
1.578614143226921840e-01
3.331872253132424078e-01
-7.475214796464209055e-01
-1.413577908608864675e+00
-2.630626238313823473e-01
2.608178297657550271e+00
5.582801033296275861e+00
6.712693210934633115e+00
5.190040971527491109e+00
1.963804420915072679e+00
-9.585278200415432437e-01
-1.974561485951615181e+00
-1.001869407577731241e+00
5.750081953718136907e-01
1.042157076479573563e+00
-3.114433835875076162e-01
-2.665122034544429752e+00
-4.298938314899238833e+00
-3.870913351870128416e+00
-1.378201269828180919e+00
1.869156949911813026e+00
4.172816700410065138e+00
4.545134485130075674e+00
3.207425976944184409e+00
1.228755153646447162e+00
-3.096180008352324986e-01
-9.618198182350637948e-01
-9.685167374680725416e-01
-8.254750723143234881e-01
-8.297320623934467676e-01
-9.783615794925779596e-01
-1.202703958163905629e+00
-1.595611663095540811e+00
-2.322689103259584442e+00
-3.261847142660981635e+00
-3.756963885855789442e+00
-2.865315515923039236e+00
-8.240276993240081005e-02
3.950961358244625465e+00
7.397494868661433465e+00
8.089754460255717206e+00
4.904318046921069651e+00
-1.241000073280495997e+00
-7.538677125262132961e+00
-1.067613587518169815e+01
-8.713580020972230500e+00
-2.319087100163788495e+00
5.446596436991153034e+00
1.073743037815010481e+01
1.100983472624671222e+01
6.381651092065554032e+00
-5.061147429009873466e-01
-6.002533847046479742e+00
-7.428729111145252695e+00
-4.407892261513091547e+00
1.132316281130174573e+00
6.166187069570467472e+00
8.212510556005316431e+00
6.488967353465565857e+00
2.037504117644310941e+00
-3.082821352329656150e+00
-6.944506285527857870e+00
-8.566298639120368819e+00
-8.038086590918110730e+00
-6.076242536995093424e+00
-3.446304580987703758e+00
-6.651869454051051456e-01
1.911540640221687237e+00
3.851939705262436675e+00
4.607406360890598407e+00
3.817991176658784624e+00
1.755899033622256189e+00
-5.186594509337116854e-01
-1.584876996419780193e+00
-5.373042307782334159e-01
2.249757027610107318e+00
5.094782230746435658e+00
5.920628107634787085e+00
3.634549096722333950e+00
-9.381960084119762566e-01
-5.315699265609469037e+00
-6.813828222380188926e+00
-4.331708370529910646e+00
7.406820947495763585e-01
5.216887688759809905e+00
6.079198818459769171e+00
2.467027626325656975e+00
-3.664050052951191461e+00
-8.722275915858995532e+00
-9.761555837950531611e+00
-6.346496264189014802e+00
-7.420675220626544721e-01
3.682523596879612171e+00
4.710644563857468547e+00
2.629732421012866528e+00
-2.163390020921838186e-01
-1.271427031518218564e+00
3.709160638949662303e-01
3.418488192595339203e+00
5.462435874645866107e+00
4.803902167209861851e+00
1.643654301261086470e+00
-2.188349606302784078e+00
-4.638113012208343378e+00
-4.807739300448218955e+00
-3.265925865024723151e+00
-1.182084794407853856e+00
8.425342631713294006e-01
3.157421683190706485e+00
6.297519546341664665e+00
9.777322589101839156e+00
1.165374892022202147e+01
9.529178147955589040e+00
2.461200450618986402e+00
-7.666596288285215444e+00
-1.658240958733547288e+01
-1.990391256545879273e+01
-1.586918211573106063e+01
-6.630503657691116715e+00
2.908473259030212255e+00
8.051506261397181063e+00
7.119797437650146499e+00
2.237302966366359502e+00
-2.383126073091333286e+00
-3.393567346859657885e+00
-4.294472151392199066e-01
4.007014179236234597e+00
6.651290464385632539e+00
5.923472332814418095e+00
2.926857734395706956e+00
3.700848097967506245e-01
3.469293988511499283e-01
2.702685751392119862e+00
5.192564794939730000e+00
5.245793705837989762e+00
1.962298311725046318e+00
-3.144443191417329420e+00
-7.157988004196848664e+00
-7.726546618142754674e+00
-4.557890562625858344e+00
5.423710550923701579e-01
4.961134614568059931e+00
6.863915333529684304e+00
5.987619420763622635e+00
3.287975152834220260e+00
-2.819474600944782416e-02
-3.217488471156969787e+00
-5.989069490785587924e+00
-8.014404456304848878e+00
-8.611336918754643577e+00
-7.033506091040006680e+00
-3.177325939603683480e+00
1.934419394852130658e+00
6.418861670608545289e+00
8.485295469305167870e+00
7.439135173932243106e+00
4.029790853432534625e+00
-8.144433282392604667e-02
-3.312962071028337618e+00
-4.904227875832904537e+00
-4.971204984568633023e+00
-4.017320504875462106e+00
-2.430102545400794956e+00
-3.898353030221431981e-01
1.846474435258869562e+00
3.705817090260807412e+00
4.475419874922407892e+00
3.830321323762303720e+00
2.234553377869746171e+00
7.536742706848293949e-01
2.956962634474076257e-01
8.456836731763807125e-01
1.375406084182987154e+00
6.268758933190181626e-01
-1.764730027032218818e+00
-4.719356742462583298e+00
-6.292882577518959408e+00
-5.085659977956962230e+00
-1.453795904835540220e+00
2.470132686069575367e+00
4.109618108237784284e+00
2.255620887144116349e+00
-1.960471059794792525e+00
-5.712763561057408346e+00
-6.365259911327004971e+00
-3.284214596463665536e+00
1.719708006608227979e+00
5.645422621135497643e+00
6.352975155547508024e+00
3.944327410382999499e+00
5.128329952564156802e-01
-1.495674998644417997e+00
-1.065546631497004348e+00
7.706913578871871229e-01
1.886538352162466348e+00
8.194563534985817022e-01
-2.010994468007186065e+00
-4.535863692168168093e+00
-4.540545097156390320e+00
-1.330729868758667944e+00
3.645971356237817762e+00
7.659572393131095502e+00
8.428058782963665507e+00
5.536537590376875428e+00
6.331851556948202564e-01
-3.648409964058762611e+00
-5.272366167114854285e+00
-3.883270057805946696e+00
-8.082809362487179961e-01
1.879905692227530345e+00
2.578600426164525672e+00
9.483301198045304137e-01
-2.059117746480610300e+00
-4.823987880227941005e+00
-5.932072777490682292e+00
-4.862801754788676156e+00
-2.200806713377743584e+00
7.030284862600115758e-01
2.467052366415312559e+00
2.460907130425359579e+00
1.202681029599787177e+00
7.629961039633753606e-02
4.422034958632724000e-01
2.640669143330245383e+00
5.568923988567784811e+00
7.235837445604657248e+00
6.056331540863630458e+00
2.058041005138269153e+00
-2.894916786116220386e+00
-6.155417575298736566e+00
-6.008093357548428770e+00
-2.869192623146540555e+00
9.388328744503755541e-01
2.768489771144740708e+00
1.502371896242434390e+00
-1.669837675558612400e+00
-4.166882275854797868e+00
-3.988585625406836588e+00
-1.278324474075179573e+00
1.739196253660359570e+00
2.457843109651852487e+00
-2.728196269732041657e-02
-4.062265596043263649e+00
-6.530214359760289078e+00
-5.145361927334896279e+00
-2.311643744325517780e-01
5.399064906694883703e+00
8.424823060637784522e+00
7.394626426492364679e+00
3.688518153216268303e+00
3.200519288360919035e-01
-4.952137597759581622e-01
9.154405589954008882e-01
2.048763670837006057e+00
4.781673694231968197e-01
-3.783285321804387813e+00
-7.797661557487527872e+00
-7.714080850298133285e+00
-1.929277727929367359e+00
7.014922652063294350e+00
1.347934503583849164e+01
1.231735204382296800e+01
2.652319562031021150e+00
-1.086636690403464378e+01
-2.044942458232625881e+01
-1.984513572408457804e+01
-8.328300334695263984e+00
8.609576533131578557e+00
2.234995648510559363e+01
2.606614269814540563e+01
1.842149784819776315e+01
3.906350904647736932e+00
-1.011580037791257602e+01
-1.759767851183634235e+01
-1.667674075619633101e+01
-9.806367908174024706e+00
-1.577090006482154028e+00
4.073739899321332736e+00
5.577562211618320553e+00
3.730139740115940405e+00
5.014147185561832476e-01
-2.285749300576745302e+00
-3.658406139511323207e+00
-3.504771466876571484e+00
-2.267614011421908771e+00
-6.585324700014711929e-01
5.661919914979930413e-01
8.916573156021413427e-01
3.747796220709570525e-01
-2.450665911734233315e-01
7.335507277338806920e-02
1.882264232845999752e+00
4.570982756427057758e+00
6.436225824545998897e+00
5.671823112660286270e+00
1.720967706079274517e+00
-3.995432021331061456e+00
-8.661836654861032159e+00
-9.745947850272376201e+00
-6.687002232876219310e+00
-1.371736304707801057e+00
3.045730468704744176e+00
4.241249272898375722e+00
2.278680614728409992e+00
-5.080118299408318272e-01
-1.269579983830743553e+00
1.200975827540034624e+00
5.472107606506983579e+00
8.397478870362876435e+00
7.342785102258644336e+00
2.147038253848772449e+00
-4.582239484270485441e+00
-9.070501089349477297e+00
-8.777168712275143392e+00
-3.962809384502591570e+00
2.592182733710157283e+00
7.432214723781402910e+00
8.512478599549027081e+00
6.147057235519761242e+00
2.342435369124939548e+00
-8.048927037231599080e-01
-2.404690956525543655e+00
-2.908231303842538473e+00
-3.201402024013798808e+00
-3.559783770620098764e+00
-3.382287924279703262e+00
-1.897892730562390939e+00
8.122423535078679979e-01
3.430820579190315467e+00
4.114930902110486954e+00
1.857097655200671049e+00
-2.539300379296835164e+00
-6.706771977200637558e+00
-8.145926359325327937e+00
-5.899668956531245456e+00
-1.273271904883184202e+00
2.973870056538066464e+00
4.464545927507333367e+00
2.809535556053448069e+00
-1.562315393815452147e-01
-1.706679069920861158e+00
-2.151386428848025001e-01
3.603692081080748011e+00
7.115480398947744867e+00
7.610658256578392233e+00
4.307834074823854387e+00
-9.113451927568047006e-01
-4.626860788945151626e+00
-4.172941456316613618e+00
4.404596507649112258e-01
6.325957618287227469e+00
9.457177370948866013e+00
7.252812992791128899e+00
3.084429635683880733e-01
-7.885068547919256154e+00
-1.306796268472318090e+01
-1.278872686268901404e+01
-7.753642102925622837e+00
-1.122477175756735335e+00
3.677287533542165310e+00
5.070970528659286991e+00
3.968176350230414595e+00
2.598764366546484794e+00
2.547020155169874567e+00
3.518865079024468212e+00
3.768281757092360351e+00
1.804700133006091445e+00
-2.019046417424140039e+00
-5.392579514987033029e+00
-5.648569684027959781e+00
-1.951396353559268881e+00
3.631102873860234226e+00
7.172515876890356523e+00
5.515010419175297329e+00
-1.310304920938018647e+00
-9.672041820532687240e+00
-1.442076471807203575e+01
-1.219249463503039976e+01
-3.721957973477872272e+00
6.454988361842479705e+00
1.278015826490461215e+01
1.210862182743410287e+01
5.533080552226310900e+00
-2.549131793011322422e+00
-7.384493515436962419e+00
-6.766933371710332601e+00
-1.995339181586123889e+00
3.548408156078792786e+00
6.956895826324867471e+00
7.568767442407311918e+00
6.789362981129680286e+00
6.350505640644606764e+00
6.555594554092810000e+00
5.962900487098437452e+00
2.741312776083390190e+00
-3.435672859378269273e+00
-1.054591500332302090e+01
-1.521198657960581890e+01
-1.489294290022205658e+01
-9.684264587071501396e+00
-2.385424034838540486e+00
3.249768645945896317e+00
4.853977704552789874e+00
2.759074382938615511e+00
-5.507598291922852773e-01
-2.330119631917846768e+00
-1.394517486780111781e+00
1.362284500437918933e+00
3.944591147370239081e+00
4.832145697786871530e+00
3.948755198200383898e+00
2.420821610263601986e+00
1.506253681545533185e+00
1.641506784507939631e+00
2.313688694262739709e+00
2.695837768705523274e+00
2.366333706729315978e+00
1.467448419266526027e+00
2.600346367740593578e-01
-1.367343943791365923e+00
-3.827818174960058606e+00
-7.156196600715802880e+00
-1.034269628220293491e+01
-1.145975274661567411e+01
-8.790050704721258157e+00
-2.281375886278389054e+00
5.806277619655320521e+00
1.177959924182186668e+01
1.256970690336582663e+01
7.683396875366897305e+00
-3.071313342622028486e-01
-7.171967333647637055e+00
-9.481173446987904541e+00
-6.537934856372822345e+00
-5.716156101473934825e-01
4.839107056073457258e+00
6.983719553303942007e+00
5.425566964707222439e+00
1.829862602169718411e+00
-1.417837455378137879e+00
-2.696705437395266358e+00
-1.774064761119658273e+00
5.923890385529564373e-01
3.456484686323993749e+00
6.124813186731544512e+00
7.993202943512602410e+00
8.206971453210943679e+00
5.780534757434162785e+00
3.587819444056932205e-01
-6.917296656962431456e+00
-1.331011637306444939e+01
-1.559936340135045363e+01
-1.194136486373480821e+01
-3.291445802697187339e+00
6.695457557071278210e+00
1.344245744434423884e+01
1.392435979682858260e+01
8.321677963175774906e+00
-1.808486974511245293e-01
-7.304645586586002715e+00
-1.007384369987253692e+01
-8.230581210640815826e+00
-3.919076332530156748e+00
-3.459373973283996762e-02
1.582570691300900112e+00
9.888466828993607294e-01
-3.328524422226593060e-01
-7.211621849600244882e-01
5.643605250189600575e-01
3.038777393152408912e+00
5.483008866099090106e+00
6.729879129744380961e+00
6.200914053964508454e+00
3.987907561448585270e+00
6.480446648569104795e-01
-3.007093737658796506e+00
-6.022610331511867088e+00
-7.433694359043808930e+00
-6.573521364440321868e+00
-3.498873796619772936e+00
7.664684321760735219e-01
4.484821828240745489e+00
5.975065691187833927e+00
4.515875447589329461e+00
8.061312454369451430e-01
-3.376232759540862993e+00
-6.163186980675388504e+00
-6.626110054859168486e+00
-5.183181762156097605e+00
-3.129623033266840881e+00
-1.635060303554986216e+00
-9.221746888549033905e-01
-2.116462572066932779e-01
1.529861401091264117e+00
4.589085215089569125e+00
8.011966805678785164e+00
1.004347613149042573e+01
9.270760371497679841e+00
5.703900473812473670e+00
1.000688291024907084e+00
-2.426886852739136735e+00
-2.926187202722266179e+00
-7.570382400677631018e-01
1.946323822250736635e+00
2.501291718222020677e+00
-4.839534069672959404e-01
-5.964151198481502547e+00
-1.086485308479316458e+01
-1.194002330872327100e+01
-7.976916814928452837e+00
-8.876014573955099962e-01
5.180954010759998951e+00
6.341967312785820710e+00
1.569353831819048750e+00
-6.325856146811409175e+00
-1.216149299472584744e+01
-1.156043682345687884e+01
-3.899235498799500377e+00
6.927588409137761083e+00
1.460416912569174741e+01
1.420392092935550465e+01
5.377501931074041508e+00
-7.145580266186033036e+00
-1.617391843112486782e+01
-1.624928776889532855e+01
-6.850177887716515812e+00
7.357920807793728812e+00
1.932277859229570183e+01
2.365051031355483602e+01
1.938861765449238561e+01
9.967384386859995615e+00
6.091091234358056994e-01
-4.920480036854508299e+00
-6.117263063268182144e+00
-5.169028221910769716e+00
-4.754308910128090204e+00
-5.952735804174956513e+00
-7.707162974328036320e+00
-8.003074600063026622e+00
-5.675325995454218564e+00
-1.413759556989851784e+00
2.720621617561465477e+00
4.778677930802119889e+00
4.211632336927230824e+00
2.030380667200417655e+00
-1.535717002254666508e-01
-1.342507827545111887e+00
-1.653872522175164006e+00
-1.810631804713679349e+00
-2.183638163983209424e+00
-2.292707578245133604e+00
-1.237255277102999873e+00
1.308116786257773612e+00
4.431174430398093556e+00
6.330699697031626272e+00
5.542696480953162919e+00
2.154428395336039248e+00
-1.968289326853817300e+00
-4.232967716621406140e+00
-2.998681477278468677e+00
1.266248318861777022e+00
6.161583599245769705e+00
8.767741602234089271e+00
7.366203699617698497e+00
2.380704847488416043e+00
-3.969245190757316522e+00
-8.954745535253820776e+00
-1.069631278490458826e+01
-8.849227796053535045e+00
-4.438939698815245194e+00
7.969086818689528062e-01
5.073281194609927880e+00
6.997042758872703772e+00
5.857729721606933282e+00
1.898937067985802418e+00
-3.517717542710378620e+00
-8.147831923816616140e+00
-9.683927593795548461e+00
-6.919964476284817145e+00
-6.067635420670316471e-01
6.656537409141517259e+00
1.162301085821408364e+01
1.208401219666875903e+01
8.033959880313268798e+00
1.582533859871639415e+00
-4.315957835917076935e+00
-7.478344493730517684e+00
-7.434809194039104341e+00
-5.209119500688470517e+00
-2.284130247443351358e+00
3.847571789372380424e-01
2.614292348516687792e+00
4.482062589700682054e+00
5.672635079634502198e+00
5.369796704846284463e+00
2.865110536248413275e+00
-1.615621313306237372e+00
-6.621456218409187855e+00
-1.009144510698542518e+01
-1.052475905517766819e+01
-7.878522769314610485e+00
-3.531218758037891092e+00
6.594617514992815455e-01
3.499038881827762459e+00
4.966810444651625467e+00
5.784781746625397680e+00
6.487968502764860368e+00
6.818507963528317894e+00
5.967843370552563087e+00
3.458266934286666761e+00
-1.138732673814324414e-01
-3.181366726473301210e+00
-4.191877217965465974e+00
-2.766879004004040077e+00
-1.118772092461887691e-01
1.724625833012693565e+00
1.273246778901403253e+00
-1.277643408126499125e+00
-4.163694478844096380e+00
-5.269076601103424018e+00
-3.633143940206601474e+00
-1.603704065796918155e-01
2.973876147771258527e+00
3.793469465062826007e+00
1.829436156766353516e+00
-1.622690368143124173e+00
-4.412604897406641413e+00
-4.920775316561186052e+00
-2.964900294379197998e+00
3.011928521623481458e-01
3.276708404558803078e+00
4.873645101965396798e+00
4.912875553571027787e+00
3.848625897699835985e+00
2.224669199218994642e+00
3.683341462292413215e-01
-1.501220182406764803e+00
-3.003974940733578070e+00
-3.565984396120859046e+00
-2.762554752779613931e+00
-7.682408996275793545e-01
1.534913853073556211e+00
3.003137249157909139e+00
2.971833357734884551e+00
1.728926506268947172e+00
3.066870066682829687e-01
-3.035715902063305105e-01
7.459306365860174370e-02
6.717250475874101401e-01
4.440677586573281710e-01
-9.378219915939873808e-01
-2.581562476308136844e+00
-2.846565787210963983e+00
-5.732174370392861817e-01
3.783711956675594124e+00
8.009241884399106226e+00
9.241632556027651546e+00
5.743306144382130718e+00
-1.790739427717545462e+00
-1.029094569723023866e+01
-1.581167022711738213e+01
-1.563821252747569446e+01
-9.775610354699079352e+00
-9.546006842855572216e-01
6.832932305844115817e+00
1.041596212386488141e+01
8.981929451281711607e+00
4.274468202125201621e+00
-5.630548738753855531e-01
-2.784837234533767081e+00
-1.480903433574300987e+00
2.081149554569450277e+00
5.324665937871717603e+00
5.917017747701736496e+00
3.143872715437376453e+00
-1.645072799422444110e+00
-5.770887192505313124e+00
-6.756939565189498786e+00
-3.819323920493107316e+00
1.543465031138258947e+00
6.263239086852889770e+00
7.393218519971302527e+00
3.853823436988427886e+00
-2.794853592825593758e+00
-9.077470713328919416e+00
-1.148680784933168297e+01
-8.472040691064288254e+00
-1.363592336766115132e+00
6.337742280116880345e+00
1.091167418375766118e+01
1.046610061614539511e+01
5.883354891580663271e+00
1.436328204067511827e-01
-3.513153262336891736e+00
-3.453337441768306704e+00
-4.521781459633567035e-01
2.960726305625614341e+00
4.122608280321129470e+00
1.813482041317636462e+00
-3.103078486444168949e+00
-8.241795884353823709e+00
-1.103174746550949337e+01
-1.003834520678363518e+01
-5.603359022885548768e+00
4.224293260491203128e-01
5.614789278379934245e+00
8.084726143693416134e+00
7.271583082073761695e+00
4.117299201224759564e+00
5.727229285148676130e-01
-1.360297696204746609e+00
-6.437325163199061340e-01
2.213024907677363373e+00
5.357003604249828577e+00
6.575724174841371727e+00
4.598029810763309300e+00
-2.855109384438447861e-02
-5.081757146112691359e+00
-7.863434700047189807e+00
-6.806221975153867731e+00
-2.498035994141683869e+00
2.581363710461275218e+00
5.524549282302795739e+00
4.771067521073790729e+00
1.048030194019157424e+00
-3.155328450314967892e+00
-5.243230895359697108e+00
-4.194324124192393199e+00
-1.138843579309783305e+00
1.539883674613144571e+00
1.930403247894108665e+00
-7.193068776499578210e-02
-2.746053551842128737e+00
-3.826413249169170250e+00
-2.149256222504925873e+00
1.510921171666837814e+00
4.987107731320253201e+00
6.221861423412702763e+00
4.632733416381905833e+00
1.385692189938589447e+00
-1.557412624458301753e+00
-2.862998897854963420e+00
-2.661957911878848115e+00
-2.221000675207121411e+00
-2.762046287207377659e+00
-4.369307174139914096e+00
-5.830844296016794104e+00
-5.538152556024286355e+00
-2.767378561162875616e+00
1.616798017312389923e+00
5.564941110685589720e+00
7.080643278930069506e+00
5.437215373256048423e+00
1.567992940415585013e+00
-2.565352889348995191e+00
-5.125342263096094086e+00
-5.288948623376748870e+00
-3.384612484389295517e+00
-3.758099636441007974e-01
2.788251374621155687e+00
5.474258137181095663e+00
7.243554924780061022e+00
7.628573662033390157e+00
6.179751907365049313e+00
2.842252285856735394e+00
-1.663520201262915776e+00
-5.885939168412797073e+00
-8.244938312054159724e+00
-7.865432879217022055e+00
-5.068918895591609797e+00
-1.149794994512225887e+00
2.424737394033210869e+00
4.820776972902148572e+00
6.076785147687054689e+00
6.647745409809490802e+00
6.680889817590001556e+00
5.673786601322963641e+00
2.866155342161880171e+00
-1.891291285318057902e+00
-7.493618901365932672e+00
-1.178304295409366986e+01
-1.262745457519281267e+01
-9.236563701785666325e+00
-2.822660416997634591e+00
3.908161162171734926e+00
8.182362084884987397e+00
8.630942997112516224e+00
5.898285820652999334e+00
2.051109568208750566e+00
-7.692961365957555753e-01
-1.556318482843620732e+00
-7.787382258495524345e-01
2.442566594983905937e-01
3.926040008293974481e-01
-5.324384181248964509e-01
-1.845172284380069971e+00
-2.626029542484279222e+00
-2.433963135862453164e+00
-1.558970257926780345e+00
-6.905883320215755461e-01
-3.195589198845631973e-01
-3.534381605498939649e-01
-2.236188862195043203e-01
6.250989760202247947e-01
2.244261279132871323e+00
4.048530255599149363e+00
5.123635193046520264e+00
4.754981105445642342e+00
2.832973228374069397e+00
-9.318335330750660006e-02
-3.100418597223129957e+00
-5.313857685903148997e+00
-6.234466750272355640e+00
-5.847331194385454012e+00
-4.524301431707834276e+00
-2.814700474410098519e+00
-1.221984959221944056e+00
-3.451603790455615162e-02
7.441382185140783534e-01
1.336418253025156266e+00
2.012682465737088755e+00
2.869803775901204279e+00
3.697249719070644147e+00
4.043544922375422956e+00
3.485699861864731908e+00
1.958886800594202171e+00
-7.180032856652157625e-02
-1.748489041448938242e+00
-2.232766630448220102e+00
-1.173376877820092812e+00
1.048553096861116307e+00
3.458696612322415653e+00
4.955232868873626018e+00
4.857068352713787007e+00
3.247465666838052378e+00
9.391151778092947655e-01
-9.211952098645841414e-01
-1.423315543583631548e+00
-3.804654154165654223e-01
1.497872076863874025e+00
2.863216450419541204e+00
2.361056776939423063e+00
-6.037875498422689002e-01
-5.345419338448190061e+00
-9.970664578774201203e+00
-1.215864940077359790e+01
-1.036177098047901346e+01
-4.806838241293700520e+00
2.350236143084535545e+00
7.965963052505467878e+00
9.544879785333282740e+00
6.657017243900353876e+00
1.239625025056577234e+00
-3.496722836495961939e+00
-4.958238140178235831e+00
-2.692172828559765474e+00
1.439234163618454687e+00
4.561691607720836039e+00
4.708571208563350652e+00
2.067202114645354527e+00
-1.282870122935114932e+00
-2.925053130932744772e+00
-1.831556960648759613e+00
9.717266675333096071e-01
3.250895274962627646e+00
3.260185703979298744e+00
1.009788311189057097e+00
-1.835164866134807671e+00
-3.316783159297885586e+00
-2.732404499012539567e+00
-1.148557490845846463e+00
-4.640854527773238813e-01
-1.750579570931499074e+00
-4.199233329170689366e+00
-5.573465365216133449e+00
-3.908585334308315673e+00
8.063994886548822016e-01
6.292714573324261984e+00
9.354098038659229175e+00
8.034723683946481287e+00
3.010559142686990874e+00
-2.814231182552927812e+00
-6.231340236522182607e+00
-5.790687441156801007e+00
-2.541885034732263016e+00
9.964885293551740686e-01
2.770758499339876835e+00
2.534590923290769737e+00
1.639400474498562854e+00
1.569021749249846609e+00
2.499376816739090401e+00
3.102394862154125299e+00
1.763755181729970367e+00
-1.808036890807078745e+00
-5.971710039738735709e+00
-8.160251379304940045e+00
-6.806743414410363791e+00
-2.682668576225379020e+00
1.483776886387016880e+00
2.936863073741137420e+00
9.633298280057189800e-01
-2.487868382664786715e+00
-4.178966911046495092e+00
-1.988487635559062827e+00
3.424260649036134474e+00
8.949427225901503746e+00
1.113627891838371475e+01
8.554146420019398178e+00
2.709414513183963535e+00
-3.086023779923687815e+00
-5.994017716941545615e+00
-5.395388368531376599e+00
-2.920201421792458785e+00
-9.271837654004098095e-01
-7.211365544454801935e-01
-1.856308506173246275e+00
-2.892139396494254999e+00
-2.787126200838383028e+00
-1.693858037924602211e+00
-5.513922299007880667e-01
2.355248312720226167e-02
4.295126847356385280e-01
1.643759018785206694e+00
4.014210084892338770e+00
6.434438202594185086e+00
6.840610439372578178e+00
3.853781602981402266e+00
-1.711665758240459079e+00
-6.864447497564990286e+00
-8.278019236945908688e+00
-4.758626513087897969e+00
1.552680417482426911e+00
6.364807462832080986e+00
6.171796680531698165e+00
8.758514323018333769e-01
-5.905121655096714939e+00
-9.240378214132300982e+00
-6.380012361984984892e+00
1.179457050801557383e+00
8.623444717586041364e+00
1.114969951059536868e+01
7.330715516885949690e+00
7.927171477224970175e-02
-5.479078424998838237e+00
-5.669223973781284620e+00
-8.034520031895056036e-01
5.211198154033776397e+00
7.829264266042278209e+00
5.163633732277182808e+00
-7.790596035378317685e-01
-5.735191080712233713e+00
-6.372035531218094739e+00
-2.630228838337224762e+00
2.437750543855535135e+00
5.065015059719767621e+00
3.509456420517171438e+00
-8.871618302702819481e-01
-4.957930314156433482e+00
-6.157918710146867980e+00
-4.278601689068814551e+00
-1.230541390333696361e+00
7.234954957603993986e-01
7.430320010211106663e-01
-2.103598587645719720e-01
-5.450654357231771163e-01
3.683828943604380846e-01
1.600855066864793175e+00
1.567784802295199453e+00
-3.808205178608170538e-01
-3.109993430381661650e+00
-4.413384593038851555e+00
-2.793083891835831611e+00
1.139307107387479867e+00
4.859478699306867711e+00
5.697400141787364980e+00
2.867448470956408091e+00
-1.822639177529486343e+00
-5.194393750710725399e+00
-4.982101587393594322e+00
-1.472861703224615848e+00
2.730730808647293006e+00
4.642995991453401139e+00
3.068700255310246039e+00
-5.930931684853626429e-01
-3.466683388730503079e+00
-3.347166233713179562e+00
-2.606367406703971046e-01
3.666669569395781370e+00
5.824742527070580600e+00
4.939060866673762540e+00
1.765054612025799496e+00
-1.716886431336030583e+00
-3.827533043826487180e+00
-4.206075047776145936e+00
-3.632653203661151853e+00
-3.000903457712805533e+00
-2.438858848451844086e+00
-1.346708213362890927e+00
7.499455973245992002e-01
3.379276608864883791e+00
5.169410458910715711e+00
4.837879483666851499e+00
2.343126525229785706e+00
-8.053164567007379260e-01
-2.455552260223432981e+00
-1.335146905778271886e+00
1.962453056601896062e+00
5.319312543912490199e+00
6.557166107044780645e+00
4.954768740028103302e+00
1.695640619868357568e+00
-1.071897974889747029e+00
-1.838041906867946995e+00
-7.923118286607647720e-01
4.278704637631565166e-01
6.822466288735962170e-02
-2.360691896730146233e+00
-5.679701571912729285e+00
-7.879474583857621894e+00
-7.542313873935295732e+00
-4.798439271045434218e+00
-1.166511036501079124e+00
1.530541943035180097e+00
2.345726856561172191e+00
1.665507614528599856e+00
7.142041765171006640e-01
5.600544453717866134e-01
1.363584439715027852e+00
2.347755693318401171e+00
2.421940500560373799e+00
9.772107209614881995e-01
-1.661217391878539562e+00
-4.350243701323389445e+00
-5.690459183611273453e+00
-4.718549138487539096e+00
-1.421060138720118271e+00
3.134816364895960383e+00
7.136942724716178077e+00
8.772260326403408470e+00
7.127883520628803815e+00
2.814747103015664553e+00
-2.125547080399029731e+00
-5.164297121729132911e+00
-4.685239042591759606e+00
-1.030627113105643256e+00
3.550341903232020702e+00
6.169345959678546265e+00
5.071399376306387374e+00
7.608607502163846625e-01
-4.325307226368374280e+00
-7.433668101189744526e+00
-7.306168708042106275e+00
-4.908102591214387189e+00
-2.546368884481536199e+00
-2.032330883863819881e+00
-3.273662322939276059e+00
-4.380295466209898514e+00
-3.228927608524574389e+00
7.025328552194257670e-01
5.667280416099130136e+00
8.727503840747377950e+00
7.825525842873140903e+00
3.310877462989840314e+00
-2.233165240035307697e+00
-5.748134060204843188e+00
-5.737879473656741780e+00
-3.089132849689339100e+00
-1.354294906592941050e-01
1.223509302826425005e+00
8.471641195746305586e-01
1.324999748708762803e-01
5.357789243614549113e-01
2.146100044000486484e+00
3.546897969140600182e+00
3.099431721133986350e+00
5.543215769791358660e-01
-2.433794059121872078e+00
-3.443880665669807328e+00
-1.247944252787051234e+00
3.002238063186204453e+00
6.428172676225957005e+00
6.534111628298512997e+00
3.163378065204698331e+00
-1.289530653326205645e+00
-3.684557467686889076e+00
-2.616233435176428035e+00
3.976449801005166318e-01
2.057893178245029375e+00
-1.968342328098648952e-02
-5.128666931749158664e+00
-9.614818664842884388e+00
-9.418391898894338254e+00
-3.218049343830461595e+00
6.205344086755367528e+00
1.354652384415454947e+01
1.449691236864034849e+01
8.721700679290870895e+00
1.282353944125829148e-01
-5.809961221832129930e+00
-5.786199078565169351e+00
-8.108035680053612415e-01
4.698115421708974004e+00
6.154175760356342728e+00
2.019179205710059932e+00
-5.242302960913956866e+00
-1.100648318836657502e+01
-1.167929855660491434e+01
-6.947963701320076346e+00
3.403668580538776745e-01
6.321707759767398294e+00
8.571940214452300921e+00
7.182091166904559287e+00
3.984981155785977336e+00
8.632213257378373861e-01
-1.431485710466076533e+00
-3.184308189154594793e+00
-4.752012364326903437e+00
-5.801433854169321336e+00
-5.500306612115702265e+00
-3.447387951471978518e+00
-4.053968575259484508e-01
1.955622783019758337e+00
2.221312491008617496e+00
3.790027467689505158e-01
-2.043737975681991781e+00
-3.050313732672497391e+00
-1.660395627418209674e+00
1.359060673124959484e+00
4.105657096787630245e+00
5.011996068836475082e+00
3.998623879342158460e+00
2.393811664705394193e+00
1.712310803435598494e+00
2.320377674233779608e+00
3.108945679465598744e+00
2.464987426448090879e+00
-2.534714476609472023e-01
-3.980024521885098920e+00
-6.608813392361502892e+00
-6.592606967568981347e+00
-4.199423388944654612e+00
-1.375941835807002356e+00
-2.521236130004593790e-01
