4.105895020507597692e+00
6.043545462450212291e+00
6.303291112449115552e+00
5.214569157237698427e+00
3.251821588055411549e+00
1.064064641549170132e+00
-4.294705729059046795e-01
-2.676698704368933313e-01
1.936836611600530222e+00
5.424606716549180696e+00
8.358274691690004587e+00
8.741037839880608118e+00
5.697335982238445951e+00
2.048487116688049170e-01
-5.366515558820887044e+00
-8.715997582409681144e+00
-9.088749846304308377e+00
-7.681881832032751767e+00
-6.631740470538165511e+00
-7.297699927972525202e+00
-9.133707555495966801e+00
-1.004531853093316585e+01
-8.019373828978478613e+00
-2.815054710291618356e+00
3.598562326408146994e+00
8.262693507691677652e+00
9.251932183428261069e+00
6.999711517242603875e+00
3.912511989911279908e+00
2.537022180742836586e+00
3.650696279790275778e+00
5.726409275313153913e+00
6.193230252254957158e+00
3.546331812689714091e+00
-1.307002216201858857e+00
-5.522075152967321543e+00
-6.300764176327857236e+00
-2.927665394311829594e+00
2.651061312677099657e+00
7.133734768062303999e+00
8.086328688380890028e+00
5.459913330211055182e+00
1.346694792271026397e+00
-1.742576572776375787e+00
-2.715281006784769247e+00
-2.468975148738187464e+00
-2.851809971125060628e+00
-4.921380323314531680e+00
-7.922589711848882388e+00
-9.797059497989499377e+00
-8.810536810419408837e+00
-5.006532577751781510e+00
-3.372597822437330972e-01
2.646180272954574697e+00
2.559167605907481047e+00
9.275839331782853581e-02
-2.569180444012204134e+00
-3.333922447625250030e+00
-1.590496770836808071e+00
1.558105051702350474e+00
4.256604178161506269e+00
5.215308210212084461e+00
4.392534222106921682e+00
2.669675059220052660e+00
9.802164069568319871e-01
-2.886912725647987066e-01
-1.173486731787137138e+00
-1.567339422831703688e+00
-9.100315026587053602e-01
1.419047619385124248e+00
5.265603498327439347e+00
9.208741664529807025e+00
1.104205304972919599e+01
9.092957530997905380e+00
3.486544205242148031e+00
-3.641349694017272487e+00
-9.275039011393792165e+00
-1.129099010389073143e+01
-9.654512915026792541e+00
-6.217376896786071860e+00
-3.310358566152000748e+00
-2.190485282692877345e+00
-2.453153971548243106e+00
-2.730331409864857672e+00
-2.000732975380624001e+00
-4.196434350190729745e-01
9.564554765935388003e-01
1.228535093199128347e+00
5.331044095630766977e-01
-4.048162233263563614e-02
5.697855841717061054e-01
2.374967368852237026e+00
4.190178272227372602e+00
4.564347515044413939e+00
3.056132211460906856e+00
7.800154292736356521e-01
-3.082088222147411072e-01
1.100926245581377749e+00
4.562917943735246062e+00
8.056525843205522008e+00
9.360678960069297005e+00
7.596515587838621464e+00
3.758947627831748406e+00
-1.442623859457272673e-01
-2.628969610807275092e+00
-3.710165596440875291e+00
-4.562911483236261390e+00
-6.209932458190120741e+00
-8.388274167814307347e+00
-9.601122024834763735e+00
-8.363753011449214014e+00
-4.619193143618323560e+00
-9.481121082125820720e-02
2.803198503887634363e+00
2.753984821175540887e+00
5.433896115394094561e-01
-1.525607137443522276e+00
-1.428237018651540069e+00
9.825033627027724981e-01
3.864995020723741348e+00
4.892365576988166431e+00
3.184878015235914628e+00
9.857390612204153246e-02
-1.816091494552647401e+00
-8.896029910748612934e-01
2.239162440582060931e+00
5.062607641365480582e+00
5.239272635813581047e+00
2.608569180722515313e+00
-5.142368776189482071e-01
-1.148847865059634987e+00
1.766558841894591447e+00
6.101876595406506176e+00
7.766379415993342583e+00
3.723743886452242968e+00
-5.410954600565928807e+00
-1.524503988747878935e+01
-2.025466547829853070e+01
-1.743063758539449992e+01
-8.329007902925113171e+00
1.970775701785902889e+00
8.265221698850604426e+00
8.543181227567707481e+00
4.881053887908191058e+00
1.408271003069866190e+00
1.004556836932578356e+00
3.263748559784185321e+00
5.197618322569825366e+00
3.999616794199309044e+00
-3.912716152084956267e-01
-4.988060811817408791e+00
-5.977942760528950572e+00
-1.743256688215311989e+00
5.683202437821005759e+00
1.189705279097943702e+01
1.320848028452814127e+01
9.231265535926263865e+00
3.057129219098923656e+00
-1.070778664864869612e+00
-8.126895892230261431e-01
2.736776997884535767e+00
6.074212235895082301e+00
5.966278392427229349e+00
1.716972433028596257e+00
-4.588626525167576631e+00
-9.841187197533542985e+00
-1.214411811730807678e+01
-1.179532006238881436e+01
-1.043070011282250320e+01
-9.269929802655539675e+00
-8.056365692822627267e+00
-5.576134758529592617e+00
-1.214795778911792468e+00
3.920912251822964656e+00
7.438398381408071636e+00
7.430850012689269590e+00
4.153397219469781021e+00
1.288156478178944520e-01
-1.580212937523491235e+00
3.174045531294758526e-01
4.269492861876338807e+00
6.989010220723701039e+00
5.989507942069927537e+00
1.618240329187238924e+00
-3.039859307581997516e+00
-4.414132607784534201e+00
-1.199162181183431208e+00
4.504253198059808838e+00
8.599598252775784601e+00
7.972076250573679523e+00
2.828008360130039200e+00
-3.377761027746220002e+00
-6.421997773120262210e+00
-4.400632351004437837e+00
8.413293208467731432e-01
4.990588648748015999e+00
4.330482170390143715e+00
-1.615002951633959682e+00
-9.718055324001447559e+00
-1.535212228161053538e+01
-1.541223271582927801e+01
-1.014716015109600633e+01
-2.669640404764319186e+00
3.293788357114294740e+00
5.700725895904872331e+00
4.999561728416925810e+00
3.152689600117963398e+00
1.886628787562625753e+00
1.574126847150692621e+00
1.450512541912923670e+00
7.263666330159891382e-01
-4.893020350447063738e-01
-1.240944490012511281e+00
-6.261926902830854402e-01
1.310825868585890897e+00
3.500519780850028351e+00
4.656832267449702911e+00
4.275793605846823553e+00
2.969070896329328857e+00
1.854574022656020560e+00
1.535777363290517172e+00
1.557337395250880219e+00
8.266684459397861673e-01
-1.329830091954357085e+00
-4.367488227863398187e+00
-6.700387902170736432e+00
-6.796682247753856210e+00
-4.375128768292562143e+00
-7.597891581481253098e-01
1.931677477201170667e+00
2.207332987550382875e+00
2.068664900251625527e-01
-2.417726529562972182e+00
-3.629912811778612802e+00
-2.321260147687377984e+00
1.080124697905020081e+00
5.016172134739350419e+00
7.796150920124434336e+00
8.434057115339790300e+00
6.852978081037216285e+00
3.563438905513388377e+00
-7.085987603241821198e-01
-5.095573080114914610e+00
-8.464938583089468338e+00
-9.511284215018223520e+00
-7.322403676697458508e+00
-2.164969489171966188e+00
4.167557519543741762e+00
8.967243588592443970e+00
1.003953320943177019e+01
7.088435285299837574e+00
2.043470289613916080e+00
-2.065447328334286681e+00
-3.060976351503317261e+00
-1.101877107841992665e+00
1.381668491803974330e+00
1.356284691319672886e+00
-2.620212311834967611e+00
-9.182386862299695807e+00
-1.480715287360171217e+01
-1.596383493309948953e+01
-1.137039303085844111e+01
-2.875010038050889172e+00
5.607699727100806442e+00
1.040168196377972976e+01
1.013635186977599822e+01
6.314758926598218025e+00
2.138332072543998930e+00
4.438249376983258720e-01
2.078032187802667075e+00
5.634729548655137421e+00
8.551983266252426219e+00
8.757456147759501874e+00
5.837901667040099163e+00
1.134327453214452053e+00
-3.134499542009071327e+00
-5.101762883325215547e+00
-4.142466272283714446e+00
-1.037645838026851841e+00
2.542181403428121822e+00
4.884419478054829789e+00
4.986984240535436541e+00
2.904724113199280033e+00
-4.130426136531926140e-01
-3.676097204392220874e+00
-5.910694097507176892e+00
-6.878901622533240001e+00
-7.030407414217700435e+00
-7.018908000159008509e+00
-7.098781794401634038e+00
-6.833375009434763392e+00
-5.373462745575170452e+00
-2.173469754023316547e+00
2.341671009208348586e+00
6.688999580613877782e+00
8.999050137708309194e+00
8.092321322094868208e+00
4.267954729881397569e+00
-7.569345905058399993e-01
-4.770886949048436243e+00
-6.275284409484811476e+00
-5.190169477255873964e+00
-2.623786065597538020e+00
6.378473387698679886e-02
2.178558957265852580e+00
3.917770761127498780e+00
5.790491290125514112e+00
7.771485487281930560e+00
8.955859233766453542e+00
8.095302793678865072e+00
4.672149960715810124e+00
-3.359683431987312563e-01
-4.712417132359846050e+00
-6.270518999554928641e+00
-4.334780532150016796e+00
-3.719339295681112212e-01
2.781884405079377842e+00
2.692792895778961082e+00
-1.042621161052247780e+00
-6.427118045740005670e+00
-1.025699487650965658e+01
-1.013764537582594016e+01
-6.009540266820094345e+00
-1.850345212009290030e-01
4.120562066881760188e+00
4.793623792313437271e+00
2.065509020733391043e+00
-1.766748169933957335e+00
-3.889042358342471140e+00
-2.732911883448612578e+00
1.172916312383501580e+00
5.721264614259030878e+00
8.658349129259637067e+00
8.926810165503507477e+00
7.076172790864026396e+00
4.596339804910517302e+00
2.758979751894049315e+00
1.819126912805823615e+00
1.092256267186348939e+00
-2.427638612603328916e-01
-2.277794593653092114e+00
-4.126589779783044420e+00
-4.506436440160987544e+00
-2.753618153550155156e+00
4.555042663413084725e-01
3.238058368613311977e+00
3.500883656008367595e+00
2.331391054882625546e-01
-5.698468257992034935e+00
-1.178199269592523279e+01
-1.505615954349178054e+01
-1.363853914181846250e+01
-7.748235075862178078e+00
3.434867079315315763e-01
7.413009295353445438e+00
1.084427482626318628e+01
9.825565470584219696e+00
5.582368786022014362e+00
5.855421622438493623e-01
-2.778372716887433924e+00
-3.335721452556017042e+00
-1.483470297390407922e+00
1.320644820717794765e+00
3.541838721390787370e+00
4.407802781871647646e+00
4.141878501145717095e+00
3.545583844198680445e+00
3.293952937432222061e+00
3.451016707978072695e+00
3.515800231129929454e+00
2.916613161616450345e+00
1.553066031641561207e+00
-4.246984106674522863e-02
-1.070549197188102042e+00
-1.106660053584277881e+00
-5.349573064384054444e-01
-3.960844575643802656e-01
-1.667837888759941212e+00
-4.425935486600126367e+00
-7.492007521729648900e+00
-8.924871866793077757e+00
-7.175002722937871447e+00
-2.233587035559913225e+00
3.997064728824465618e+00
8.488791207947114614e+00
8.709318958358242213e+00
4.183339788648519075e+00
-2.978091934967751708e+00
-9.019835167003400045e+00
-1.053621271347823907e+01
-6.416021341410794498e+00
1.418565976748768387e+00
8.987757282970472161e+00
1.245008615225528281e+01
1.026663173862100997e+01
4.053089412155744142e+00
-2.407241235634358212e+00
-5.416631674077747149e+00
-3.535394361548235942e+00
1.630442488097212372e+00
6.482300904234220340e+00
7.648312203986527891e+00
3.990693265849317051e+00
-2.809680612583325132e+00
-9.380606129883084066e+00
-1.271213118562124222e+01
-1.181658800576748369e+01
-8.009073841681232153e+00
-3.772119025798866154e+00
-1.080895625390491999e+00
-3.354067987043698462e-01
-5.266728637988177253e-01
-3.549613812220688280e-01
6.266604534390867176e-01
1.708999854164930277e+00
1.739599835607589018e+00
2.379370348995196172e-01
-2.003744651323354109e+00
-3.349470305746298671e+00
-2.496286035936596370e+00
4.765838399255420965e-01
4.001810338690720670e+00
6.000927504374811150e+00
5.286635274484005720e+00
2.402646417819719105e+00
-7.028585635457352820e-01
-1.952539425888855096e+00
-4.828334919923491508e-01
2.855520314522692615e+00
6.134411209563976897e+00
7.617419906774344440e+00
6.752160778192028090e+00
4.245697159269795407e+00
1.296228555711498753e+00
-1.336343397770603181e+00
-3.684781639664875375e+00
-6.136626922748229518e+00
-8.655971051959969742e+00
-1.040413530916212181e+01
-1.017408055815369039e+01
-7.368165183401233165e+00
-2.744503861821716129e+00
1.750327462435647297e+00
4.091321726634310707e+00
3.518058210435569322e+00
1.141863437138102677e+00
-7.014534650086572398e-01
-3.400050017121403201e-03
3.483522581683961672e+00
7.934041271313304833e+00
1.053831165385988555e+01
9.321898794229104723e+00
4.512403606213629459e+00
-1.460450730463224156e+00
-5.362757820865937219e+00
-5.081890339676512269e+00
-8.795159281451161437e-01
4.785369729569051600e+00
8.717134355872868667e+00
8.808581326157291613e+00
5.142605327617626898e+00
-2.194500695829739723e-01
-4.543140112544827858e+00
-5.990188250661907077e+00
-4.548301651856017536e+00
-1.863437817225013227e+00
-1.668238672537807332e-01
-9.601226976665602209e-01
-4.185562858839111833e+00
-8.286393184901408304e+00
-1.107031917933417375e+01
-1.088619656669654923e+01
-7.492807929665342925e+00
-2.176941474433354173e+00
2.930756664755912233e+00
5.975800029726870299e+00
6.329764406028028034e+00
4.839518136518998759e+00
3.224159541757479541e+00
2.964872015324998777e+00
4.361029148704988145e+00
6.359112554893779468e+00
7.296130920713912005e+00
6.099448961019493076e+00
3.141663943147346760e+00
1.257441914622994261e-01
-9.980408315804936148e-01
5.982052117067508945e-01
3.904127084320572205e+00
6.567083423343992976e+00
6.353435706020793106e+00
2.640186277535066850e+00
-3.075868419888108551e+00
-8.040690921918002942e+00
-9.944877254943198963e+00
-8.347389680043900029e+00
-4.875629867091531899e+00
-2.081980273882519494e+00
-1.747552973614488137e+00
-3.782771704629386278e+00
-6.432748345559070380e+00
-7.574081337904739364e+00
-6.148985752343836708e+00
-2.743641854209949216e+00
1.014659598808398844e+00
3.700473733406244747e+00
5.006693673554551083e+00
5.680620996316044113e+00
6.615931143925903868e+00
7.891752542322669761e+00
8.571503673870484619e+00
7.454982575099426079e+00
4.202033594131167504e+00
-8.207847583664062974e-02
-3.330876481536779288e+00
-3.798175986230474255e+00
-1.244523960553815645e+00
2.828057097615602089e+00
6.079650373597471180e+00
6.753684029462250216e+00
4.645526236737411274e+00
1.002514358292004637e+00
-2.481509751270999153e+00
-4.794297782504145289e+00
-6.056550666840351482e+00
-7.062258635375124882e+00
-8.368251458803472431e+00
-9.692339213325151803e+00
-1.008397901238461003e+01
-8.701538822416264196e+00
-5.564255535920431761e+00
-1.689515819611193681e+00
1.485900706266168658e+00
2.966514267864122978e+00
2.730525539214809783e+00
1.609409466457622617e+00
6.802221479581472829e-01
6.415609806877961008e-01
1.560726186453055941e+00
3.031330235538949758e+00
4.486160154390796073e+00
5.399458110346545325e+00
5.339244370253299010e+00
4.034696382005535931e+00
1.586247288769334851e+00
-1.300782026198052055e+00
-3.371223014902178683e+00
-3.364590716971749274e+00
-8.512707552961671364e-01
3.208078565525836368e+00
6.723578502655006339e+00
7.593729244387761312e+00
5.048936859318249759e+00
2.885824882477958653e-01
-4.146575388445626231e+00
-5.966426521147505824e+00
-4.648918920512844721e+00
-1.804780854915952970e+00
-6.789283922130240345e-02
-1.235262013113568980e+00
-4.953245925764053759e+00
-8.897002721128624003e+00
-1.034063937412354939e+01
-8.020197618312966625e+00
-2.982864717334946292e+00
2.148694866192664588e+00
4.932102304841054163e+00
4.619358571911830857e+00
2.409865888453489369e+00
3.908978101291641361e-01
5.432653664733633203e-02
1.487409856261997732e+00
3.701186016345132668e+00
5.632110028224309950e+00
6.887337921518213335e+00
7.651049108151013911e+00
7.993711268984721841e+00
7.395043535170478854e+00
5.092239894138633538e+00
1.051272543249863745e+00
-3.356313038360458911e+00
-5.823711408474445683e+00
-4.682310950189091159e+00
-4.896239832996167607e-01
3.745973275744010067e+00
4.238412640249600294e+00
-9.164136178270800848e-01
-9.957362938876430647e+00
-1.803750525520907289e+01
-2.007778009522773743e+01
-1.411550102982249122e+01
-2.835365655006947705e+00
7.908874307251697822e+00
1.271555682288603251e+01
9.994399190421312085e+00
2.783954905973557992e+00
-3.504534332924636342e+00
-4.807710039559882631e+00
-9.921132277513613484e-01
4.435624621717160210e+00
7.134323461625641016e+00
5.117356355625842568e+00
1.684887748089902715e-02
-4.373564858850670589e+00
-5.036358194132527721e+00
-1.872651760323623904e+00
2.513389337490206987e+00
5.081687349101452256e+00
4.796433266583608912e+00
3.287500326395348171e+00
3.237586149013085279e+00
5.834242976949315818e+00
9.399862457935693527e+00
1.041175131915579755e+01
6.236101617102796979e+00
-2.512426486378872781e+00
-1.189453627714665984e+01
-1.708856892838613106e+01
-1.566603509450125742e+01
-9.309232770030103410e+00
-2.652657823500891521e+00
-1.426702950109071111e-02
-2.344209600554119532e+00
-6.597035617103052196e+00
-8.003564220628135217e+00
-3.633755312495946299e+00
5.290614028537482305e+00
1.399232415025495690e+01
1.725354551456878482e+01
1.290803569918341864e+01
3.336033483516853693e+00
-6.012623132836514728e+00
-1.002942025171558527e+01
-7.024062512520639068e+00
4.671899902293127349e-01
7.504072506108351526e+00
9.874405360866010284e+00
6.519384581832452064e+00
-1.287937586113014898e-01
-5.868877189120502713e+00
-7.278026253108287769e+00
-3.551130938684085248e+00
3.270631026210650383e+00
9.567524190122657757e+00
1.204291550220818863e+01
9.255465459173024101e+00
2.149189654764081858e+00
-6.501116632443161514e+00
-1.337174806477916889e+01
-1.602268498913699446e+01
-1.389094489265190191e+01
-8.422719413983008607e+00
-2.264186233756077193e+00
2.124343878170038558e+00
3.717635161355532514e+00
3.322871327635055216e+00
2.856275588571195456e+00
3.921906648659614358e+00
6.611432584636006027e+00
9.357724992677601605e+00
9.993512878884803996e+00
7.321018179014391336e+00
2.094217165914430190e+00
-3.316199171654743427e+00
-6.386138336269571170e+00
-6.022140246860255175e+00
-3.152444635337932066e+00
7.837405455911850005e-02
1.895992212331117477e+00
2.079147568737169660e+00
1.870007015976325127e+00
2.719064323200088840e+00
4.871832046361120661e+00
6.938318805571441317e+00
6.837320096051153762e+00
3.436017619098679532e+00
-2.369315853469943445e+00
-8.009205497520225592e+00
-1.084932704386622859e+01
-9.915085748304155899e+00
-6.479310562625601122e+00
-3.080839803350107431e+00
-1.694701840301356510e+00
-2.397461256161010468e+00
-3.494931505640240577e+00
-2.983172496524730377e+00
-2.175112704658503926e-01
3.486034170653484310e+00
5.784748805029528818e+00
5.085143317128409279e+00
1.821364166926147998e+00
-1.749170403615253111e+00
-3.123016776671885264e+00
-1.364195009443804452e+00
2.180823728395690164e+00
4.819129932483468437e+00
4.454316691595600730e+00
1.149636945801469023e+00
-2.824668298749470008e+00
-4.528323707808231902e+00
-2.416407338938302729e+00
2.506751042226444959e+00
7.260172496380342011e+00
8.808372641027466088e+00
6.029978281465863788e+00
4.071348513253281176e-01
-5.005073286698852542e+00
-7.598010300123529959e+00
-6.833970339005809080e+00
-4.395399192924861254e+00
-2.813144136096611625e+00
-3.573507454879849554e+00
-6.043171682153460011e+00
-7.959349040213595572e+00
-7.125651080570459150e+00
-3.100756103265221775e+00
2.338534693190670311e+00
6.324555134956124647e+00
6.853938566820537481e+00
4.195284363984597142e+00
7.219863633427684446e-01
-7.631937207919292643e-01
9.446548028032448752e-01
4.536875386494850559e+00
7.115039013567118431e+00
6.376502143791463517e+00
2.515762817899127146e+00
-1.612522804242932706e+00
-2.363186310753605301e+00
1.970520331504170386e+00
9.482065228494670706e+00
1.536891828184759845e+01
1.480150044664741316e+01
6.170192272579685167e+00
-7.466436385494416683e+00
-1.983109860244286082e+01
-2.498598348019784510e+01
-2.078153409105518890e+01
-1.000381965958249531e+01
1.476408116800306480e+00
8.290772096333375529e+00
8.547120823668127088e+00
4.356642692442773246e+00
-1.915699109646772369e-01
-2.005812939849111576e+00
-8.119581038376789683e-01
1.287371867581732943e+00
1.910195192817878418e+00
3.972509984132730487e-01
-1.806309039267889549e+00
-2.553098375202007553e+00
-9.299055239295126452e-01
1.897434021142178517e+00
3.631958754273696410e+00
2.813224560999501023e+00
1.804732000743796139e-01
-1.741453556617649001e+00
-5.978678636082837006e-01
3.794598691589798456e+00
9.006722819131571356e+00
1.156302738955468712e+01
9.415364724936612362e+00
3.482604026185662782e+00
-2.926412964363867442e+00
-6.413664325789442344e+00
-5.825226917033841545e+00
-2.898764096913635235e+00
-7.777905136911037465e-01
-1.548948771428707349e+00
-4.676290142935823013e+00
-7.498869467983285020e+00
-7.374433444279011596e+00
-3.804856834281860500e+00
1.087763268321033205e+00
4.093498518052795632e+00
3.287169182369108711e+00
-5.482437569665778998e-01
-4.498101706124095323e+00
-5.631013148958897041e+00
-3.061870381297723931e+00
1.536265349087454490e+00
5.268972109269475013e+00
6.132358068963805309e+00
4.317771631402129273e+00
1.819514112452617516e+00
7.683813675984229041e-01
1.828662436078182463e+00
3.850599402248966463e+00
4.940161047088910351e+00
4.026745675812178682e+00
1.696085510090693305e+00
-3.063564932926021722e-01
-4.555555117769609641e-01
1.366749557308788887e+00
3.740686355748439773e+00
4.664981942237620416e+00
2.865691856618895361e+00
-1.436367334602145940e+00
-6.707594578021457643e+00
-1.096354486725753929e+01
-1.268998857068508457e+01
-1.135199158606374681e+01
-7.423730368865877338e+00
-2.141548058340809302e+00
2.850095793012573875e+00
5.960132447061207372e+00
6.242222421427308987e+00
3.929036825497079555e+00
5.110844642383209901e-01
-1.929914961837349452e+00
-1.931835520999521494e+00
3.287674000842987776e-01
3.021248936100286109e+00
3.865847908255734211e+00
1.854036296468713818e+00
-1.759683048916359738e+00
-4.074168239564873062e+00
-2.524224785222153322e+00
3.101473481738548088e+00
1.012557165818564542e+01
1.448588784277613861e+01
1.335606296766554379e+01
7.065515298728701765e+00
-1.085097348373498249e+00
-7.032229176400720760e+00
-8.622198238073124799e+00
-6.835803102426684319e+00
-4.721153388805750417e+00
-4.896626112643810202e+00
-7.538565481469647445e+00
-1.036189516221503482e+01
-1.054675898806371492e+01
-7.061608870842476904e+00
-1.547749000985049417e+00
2.919254126423341145e+00
4.194958359248976087e+00
2.674356137116373766e+00
8.662998778231825181e-01
1.279823987738337276e+00
4.319628282817605580e+00
7.890437562781342784e+00
9.052673767311659958e+00
6.427928726588493902e+00
1.432491333226080688e+00
-2.674550377705238180e+00
-3.215766193600744671e+00
-1.042809297724704987e-01
4.134579602957784594e+00
6.335125192907231195e+00
5.089900301860223131e+00
1.683372635766644088e+00
-1.143692590481869331e+00
-1.551701216811309125e+00
-1.275162652199303137e-01
6.953201164010753832e-01
-1.141350168386014996e+00
-5.310051022663459186e+00
-9.050486065196462704e+00
-9.275157641099696093e+00
-5.220641204887855658e+00
5.368009151836817816e-01
3.707679202133480345e+00
1.498998782695614151e+00
-5.001052384646815341e+00
-1.120068674354185490e+01
-1.207331068026768506e+01
-5.792351617765303828e+00
4.719828591731382694e+00
1.353659558541288632e+01
1.560199016656730819e+01
1.002934686124996588e+01
5.423322396237033605e-01
-7.157604863665128825e+00
-9.146831832683165686e+00
-5.519797164436531567e+00
2.899332062180834946e-01
4.343831988714082826e+00
4.956074468492648322e+00
3.409573884141275713e+00
2.354885024217593159e+00
3.373221796600365252e+00
5.684042387209808922e+00
6.926918057660865102e+00
5.252461424991741623e+00
9.641335566714364091e-01
-3.608622102648248564e+00
-5.871695635553004777e+00
-4.940602008323731198e+00
-2.279557162225071654e+00
-5.374056001240878899e-01
-1.510589488383627277e+00
-4.790248057007298499e+00
-8.068087477347873460e+00
-8.796536273573424936e+00
-5.933395414047604177e+00
-5.488658329728548502e-01
4.992157285109163567e+00
8.524639341670027903e+00
9.155973659539991871e+00
7.323978999653785849e+00
4.099818323286580579e+00
4.750931306992480785e-01
-2.843522344438160321e+00
-5.223775030409306908e+00
-5.981777314219550945e+00
-4.680003472326081493e+00
-1.647553208641716394e+00
1.851400776450783603e+00
4.178507485267209276e+00
4.351165794220957395e+00
2.764832748694400877e+00
9.441334737414535105e-01
3.875211237992690627e-01
1.345820608457572343e+00
2.529367429646469656e+00
2.074416059144585045e+00
-9.029041263559746122e-01
-5.375280180870673163e+00
-8.903107653419388257e+00
-9.289706641274223742e+00
-6.187905045505508461e+00
-1.424018619513681472e+00
2.256920856278194165e+00
3.117665262067773391e+00
1.586641545538497233e+00
-2.226896272939447030e-01
-2.497686709650216441e-01
1.866762633953548578e+00
4.511043964529668493e+00
5.392512287389742198e+00
3.408080375608559809e+00
-3.979613277998075294e-01
-3.539921941701519970e+00
-3.929132134989070657e+00
-1.425390758590973750e+00
2.100897471634469049e+00
4.243936676174159928e+00
3.927335059499584613e+00
2.202908168616799500e+00
1.350070942553667441e+00
2.961825369452238288e+00
6.502582486426244479e+00
9.484341092615004243e+00
9.185958756147584836e+00
4.664002977953869866e+00
-2.435965639878685529e+00
-8.883148824513915187e+00
-1.196505984299122183e+01
-1.118173990256265959e+01
-8.341988342714182991e+00
-6.051370070345287289e+00
-5.738417381770439363e+00
-6.661655087021994603e+00
-6.589013516007600657e+00
-3.618381934173537928e+00
2.196492115123432676e+00
8.584792828278933641e+00
1.235607609722817202e+01
1.138039881539466869e+01
5.946820146387046258e+00
-1.345924562251616052e+00
-7.039290961536325497e+00
-8.666549941531133783e+00
-5.916488950201030050e+00
-5.425084676956650753e-01
4.766629654562281715e+00
7.804785352264337561e+00
7.787560261038507292e+00
5.445754638012862969e+00
2.405643178761172063e+00
2.922212344507105763e-01
1.247348602235076598e-03
1.396033096218119551e+00
3.458197169850329544e+00
4.765448328338958817e+00
4.099890375866423575e+00
9.771951944947394608e-01
-4.087452790748871578e+00
-9.687685215703343289e+00
-1.399477517933703830e+01
-1.542919208929624908e+01
-1.327852579404261846e+01
-8.008794406171686475e+00
-1.130325060098605228e+00
5.342099193899707998e+00
9.627973433505175649e+00
1.082459722811440805e+01
9.190988632989173013e+00
5.950304363220090487e+00
2.696790255431345429e+00
6.810845101722149408e-01
3.176405316140717972e-01
1.151645759544632774e+00
2.273948048801833099e+00
2.914853077891758737e+00
2.846898546502065752e+00
2.365640503620729529e+00
1.916678317217019867e+00
1.688114652123431370e+00
1.497215158131889101e+00
1.047220646562087243e+00
3.054781823772525495e-01
-3.727974512316744038e-01
-5.484567614882335240e-01
-2.102186164591597350e-01
-1.710066778316354785e-02
-9.310121910701222303e-01
-3.383991481740698415e+00
-6.596570235246189462e+00
-8.705017660292266868e+00
-7.839129808381657405e+00
-3.539747377952373153e+00
2.509017678231597159e+00
7.137868811539489933e+00
7.522027303371503493e+00
3.062278254044842996e+00
-3.991352542678422655e+00
-9.732030586178186837e+00
-1.093738980232137870e+01
-7.050435462583199531e+00
-4.713317959260860945e-01
5.043627450704219584e+00
6.785339883656237525e+00
4.669603440557732910e+00
9.743472881206265424e-01
-1.458888880701532331e+00
-1.192334098678631715e+00
1.073674566082869930e+00
3.409637503056571539e+00
4.368818812172719390e+00
4.102045764131251104e+00
4.014138268092953155e+00
5.297405090470011402e+00
7.588994790359538278e+00
8.912218923429696460e+00
7.046740099439203320e+00
1.323444202098857936e+00
-6.543320293429180978e+00
-1.328557130123987839e+01
-1.603864745255144797e+01
-1.405334768885582974e+01
-8.983045962327723899e+00
-3.623108128214250989e+00
-8.573534011085603979e-02
1.281742172352305031e+00
1.586791984235070174e+00
2.128999670165621083e+00
3.282367099485822948e+00
4.371982395371490249e+00
4.499449396079910457e+00
3.489050516376888122e+00
2.087919860769054115e+00
1.255709767815418765e+00
1.206399349489365891e+00
1.108208491424635289e+00
-2.056204565476731361e-01
-3.052697899912112600e+00
-6.256477146516256305e+00
-7.689885471333347766e+00
-5.720529581699699051e+00
-5.078163537393045601e-01
5.857157320027689629e+00
1.053815797264302923e+01
1.164149704343887137e+01
9.207910886098083836e+00
4.854193444343550823e+00
4.386833835304311258e-01
-3.167524287772825797e+00
-6.279415499532004397e+00
-9.519427025684537469e+00
-1.269669009212388744e+01
-1.446309918168476116e+01
-1.311322211286692152e+01
-7.941327113079449163e+00
-8.214607415824026759e-02
7.870083357914458233e+00
1.324428974506865764e+01
1.470784824842845495e+01
1.275211051506611604e+01
9.017679031935239564e+00
5.086664769665977914e+00
1.679941519173092868e+00
-1.245649111177613566e+00
-3.794807587698349138e+00
-5.589367678252116889e+00
-5.921756302684101136e+00
-4.453908317064011690e+00
-1.766467778280900847e+00
8.459264590854913557e-01
2.276422003111726600e+00
2.481951432890226350e+00
2.534235711194636753e+00
3.675296770999527673e+00
6.056623686199073653e+00
8.206057158945842644e+00
7.797179330580951806e+00
3.306843760109937413e+00
-4.606355635195827247e+00
-1.307532870886838161e+01
-1.850442488223034232e+01
-1.863125150801340624e+01
-1.380527913249636462e+01
-6.649196607957232885e+00
-3.820910549362412922e-01
3.032622378018795750e+00
3.717601015307596235e+00
3.286656272851744998e+00
3.421813891725406176e+00
4.701671439035779443e+00
6.431806171830897867e+00
7.413296765738564886e+00
6.931347076126735729e+00
5.209311710725287092e+00
3.097624803453301823e+00
1.380388864606452604e+00
3.046321746628231075e-01
-3.477307865966700606e-01
-8.209470847444313435e-01
-1.034899661096643442e+00
-6.416143471965298772e-01
5.831676234283735827e-01
2.376646260133766564e+00
3.977488125762472126e+00
4.487811096918004061e+00
3.344013539033072302e+00
5.908066412106514065e-01
-3.151989205979323749e+00
-6.917616409196011951e+00
-9.648500921318618140e+00
-1.042786831126946012e+01
-8.744038014105218082e+00
-4.792610868848811378e+00
3.544065985035880217e-01
4.971617509269687929e+00
7.377748220617493580e+00
6.814805419611057680e+00
3.945964720888229138e+00
5.383812632598297121e-01
-1.577620219590749162e+00
-1.621494378576280315e+00
-2.638746890950368074e-01
9.977278502112856273e-01
1.039515234317962999e+00
-2.845402250200657068e-02
-1.023175632502621335e+00
-7.490070518941257527e-01
9.130176533905139946e-01
2.825417317535778405e+00
3.540920056021741757e+00
2.626706255890706831e+00
1.207897327467349680e+00
1.123683967946164985e+00
3.234798569958854841e+00
6.252877383934039912e+00
7.237692891430901554e+00
3.681600605243524171e+00
-4.240189287742745172e+00
-1.304892829260563403e+01
-1.775476869042462624e+01
-1.508815125970907012e+01
-5.980463264474152218e+00
4.585606808001726264e+00
1.050335445894067021e+01
8.423484536137614498e+00
-1.218195065624194662e-02
-9.152599385494710305e+00
-1.293722568889445057e+01
-8.733560412985147181e+00
1.109507732918640688e+00
1.092966427433474763e+01
1.540403057697884925e+01
1.271201834835275157e+01
5.237050290165565336e+00
-2.375147737922953972e+00
-6.240222041453312940e+00
-5.277875546114039196e+00
-1.165884808994851696e+00
3.332196779610006043e+00
6.208177560540568685e+00
6.970143925524841855e+00
6.144680620502708912e+00
4.327754539831675018e+00
1.737449628213629804e+00
-1.460984498501928464e+00
-4.606009820765013529e+00
-6.527724817683710157e+00
-6.280452885681418351e+00
-4.037795470960205968e+00
-1.281112573540661215e+00
7.328342414475552680e-02
-9.431525383886609770e-01
-3.531196965157054279e+00
-5.591746650728868673e+00
-5.223946108958293699e+00
-2.157349590609674905e+00
1.979079371381727182e+00
4.780330024699190439e+00
4.745299697858263777e+00
2.257330412638960837e+00
-8.332996870561200087e-01
-2.635238458555968499e+00
-2.508263080867306094e+00
-1.251457632704638945e+00
-1.503233029010813127e-01
2.325644562067085697e-01
4.782944319437301695e-01
1.613623923130626414e+00
3.944652408560695100e+00
6.491580213103866015e+00
7.593080270977450752e+00
6.239686989952845764e+00
3.025295410230554261e+00
-1.435266888971273858e-01
-1.443920324861417859e+00
-5.647899559371851730e-01
1.000763860454829235e+00
1.100568342480739314e+00
-1.345031482170974568e+00
-5.386989400102434544e+00
-8.659827466318652966e+00
-9.131252723278286965e+00
-6.643270020926211217e+00
-3.033465876867086131e+00
-7.241989006264133444e-01
-8.736238604266037822e-01
-2.538280606758240410e+00
-3.507884167562654198e+00
-2.151585725489597145e+00
1.195234578018721683e+00
4.424318279756921157e+00
5.302824214710888384e+00
3.287889685380001037e+00
6.058794396510824853e-02
-1.683143979870233675e+00
-2.826724736937720750e-01
3.574219955690939088e+00
7.305583853335443578e+00
8.333513951622855132e+00
5.990738638825970241e+00
1.989797884499882930e+00
-8.935005488745928481e-01
-9.141118538822782247e-01
1.354536211496046194e+00
3.489673885521086483e+00
3.057225765207271628e+00
-5.816450799414103479e-01
-5.825456770282621655e+00
-1.001449423149126972e+01
-1.128895149586275437e+01
-9.727658486251408831e+00
-6.998213054624713436e+00
-4.914941087914104223e+00
-4.088943976049934648e+00
-3.685016542039486254e+00
-2.362787285060027553e+00
4.517974735597682923e-01
4.016092907405441892e+00
6.843562395548609345e+00
7.867606529724815445e+00
7.208503028089054965e+00
5.927389363077608664e+00
5.020140778310062224e+00
4.544574476135666785e+00
3.659581771909517833e+00
1.578409483776759270e+00
-1.365453707841610020e+00
-3.509100125782124380e+00
-2.847102556932058270e+00
1.401582407161634292e+00
7.802588729711791515e+00
1.313355405184688252e+01
1.410839050764023916e+01
9.351918102061253180e+00
3.563951829024771811e-01
-9.211917602871528388e+00
-1.544099954556209653e+01
-1.617431129864258565e+01
-1.194448877511915086e+01
-5.413984407134863730e+00
2.085685869242742130e-01
2.799894393188238517e+00
2.148305504675199096e+00
-3.059472254592866536e-01
-2.487749371343396465e+00
-2.827683443235592620e+00
-9.704592804627767411e-01
2.191933584107895960e+00
5.072604637468695721e+00
6.219292484175305447e+00
5.038464512576665832e+00
2.087892650473325951e+00
-1.211397186121358605e+00
-3.324222205695292587e+00
-3.429795568997574318e+00
-1.851755252793899409e+00
2.028971806478970796e-01
1.473569751232733482e+00
1.521435003827195986e+00
1.035768904405203417e+00
1.296906964620133662e+00
3.109483295312230666e+00
5.953144754097160707e+00
8.032621696138413370e+00
7.330130925755728555e+00
3.037454260958993402e+00
-3.611702932079842387e+00
-9.779700667594138253e+00
-1.258855604570407039e+01
-1.087634625650773579e+01
-6.004301240532970318e+00
-1.122101469629979142e+00
7.254629135592193245e-01
-1.500059357080709033e+00
-6.118980295735808816e+00
-9.690979575222314679e+00
-9.090458423681312183e+00
-3.455206501788770090e+00
5.162953987056408955e+00
1.283652525941442413e+01
1.588408444400070252e+01
1.285787190097441446e+01
5.293866266366348938e+00
-3.142810649526516009e+00
-8.582749661061130908e+00
-8.863971747087632025e+00
-4.430295601376278647e+00
2.163497520713262290e+00
7.745769401868195736e+00
1.013594065969087410e+01
9.015595689646406896e+00
5.707382241697725789e+00
2.145583576530493808e+00
-2.674001753713128871e-01
-1.257434760687527131e+00
-1.483342620244528121e+00
-1.820358356617770790e+00
-2.678682158738318275e+00
-3.807487540582673802e+00
-4.638647399013216877e+00
-4.829610455728684748e+00
-4.549205555255936062e+00
-4.283688095448646926e+00
-4.337019131372167102e+00
-4.454024557955659880e+00
-3.910347574465460774e+00
-2.049775230699131701e+00
1.115457739810648663e+00
4.707586229593270666e+00
7.381118601234065046e+00
8.076124741137387986e+00
6.623859708761326459e+00
3.804964651967708278e+00
8.515862405466596563e-01
-1.234003465207084815e+00
-2.084120679231260542e+00
-1.889137240534887852e+00
-1.015518129533889535e+00
3.064430474441216523e-01
1.976995474525909735e+00
3.779149696515874624e+00
5.196169558931285515e+00
5.539496931149150427e+00
4.334969828671667358e+00
1.652577718688425179e+00
-1.917109666666310774e+00
-5.637765642632726504e+00
-9.029740213748171485e+00
-1.193251278088627387e+01
-1.416476841119816932e+01
-1.512878230758083831e+01
-1.384469068702736472e+01
-9.589664202717475661e+00
-2.760497206206410148e+00
4.764645413478113767e+00
1.026901624087872200e+01
1.164304998843328676e+01
8.743038969760847934e+00
3.665053467361773176e+00
-4.168970910697717969e-01
-1.201106037309497720e+00
1.280004212196853786e+00
4.717463129767695662e+00
6.127055754184050684e+00
3.940870422775769377e+00
-8.363070865423969380e-01
-5.208803807470005154e+00
-6.123946455791035248e+00
-2.456133144813475777e+00
4.263096573872296347e+00
1.078600561933533974e+01
1.405661470472812979e+01
1.281680847170137305e+01
7.978842454286773744e+00
1.749797538559454857e+00
-3.713945983782165339e+00
-7.213472077918336112e+00
-8.584697497831113466e+00
-8.228807547699313218e+00
-6.667407762291868600e+00
-4.446623934880044260e+00
-2.244370070563126873e+00
-8.100298252481865635e-01
-5.849766127110964664e-01
-1.280051268960963107e+00
-1.878432684634281369e+00
-1.252266430075899661e+00
9.657473813010631902e-01
3.940954731509908715e+00
6.073412823989539966e+00
6.089536826193671537e+00
3.994006712857273378e+00
1.118957570568206439e+00
-8.239800583082943497e-01
-9.841408076755406853e-01
7.234455920066801271e-02
9.515941376937717688e-01
7.002841407816803310e-01
-3.004613166230432064e-01
-6.082701370943122132e-01
9.917111061585992537e-01
4.215166565939520993e+00
7.134048702701721645e+00
7.422345109398217566e+00
4.121952658160559224e+00
-1.447706554699080606e+00
-6.435491410798693579e+00
-8.398927132455121125e+00
-7.011935188664497609e+00
-4.229031030192833995e+00
-2.749707210876253693e+00
-3.941743318938103258e+00
-6.819773388771323219e+00
-8.865178603690916148e+00
-8.031087146805509391e+00
-4.339069380328469450e+00
1.990103306987700549e-01
3.250436115251881475e+00
4.039149170820294898e+00
3.859540043628250761e+00
4.763284719374063059e+00
7.492144159701748407e+00
1.043869141311569493e+01
1.066756186485543978e+01
6.357290660170764163e+00
-1.251031227156775616e+00
-8.112351263015181502e+00
-9.938785013289672676e+00
-5.321100766896997847e+00
2.939611779323168861e+00
9.458657372798962015e+00
9.861816898304923029e+00
3.828342370803945016e+00
-4.639039002848375226e+00
-9.976885374195351375e+00
-8.914287251203726115e+00
-2.668934954485043587e+00
4.058328392290806441e+00
6.506825590938401405e+00
3.182963024418054676e+00
-3.288623840166894574e+00
-8.299407881497065986e+00
-8.697136083602320156e+00
-4.965055544398172316e+00
-6.036567199856290866e-01
6.989112493532603221e-01
-2.085168667973561263e+00
-6.572611742472593832e+00
-8.796035752035919586e+00
-6.171969973327168013e+00
6.000320033284443078e-01
8.035621139506597288e+00
1.229089368274076755e+01
1.169674582643148497e+01
7.636605448960285258e+00
3.309945791982189967e+00
1.439117258978746872e+00
2.591755193185733219e+00
5.160670179004434033e+00
6.765120903379713724e+00
5.909012345980712233e+00
2.764396461166448660e+00
-1.237745833484981350e+00
-4.460526798921133462e+00
-5.929422297090846783e+00
-5.568387660619825930e+00
-3.942274182012321937e+00
-1.911690703790925205e+00
-4.200733632011979246e-01
-3.019028809013984960e-01
-1.930433018588070038e+00
-4.800649302612082892e+00
-7.451749759945002438e+00
-8.068600070212642805e+00
-5.595015047680267806e+00
-6.382412456200530215e-01
4.614724109629449345e+00
7.626295959611319120e+00
7.144911841813934572e+00
4.068374700912547937e+00
8.099648148829925454e-01
-4.586629515160984272e-01
5.978273081637496267e-01
2.295248716741130846e+00
2.367370593623968400e+00
-5.047836661258042756e-02
-3.476326557372063419e+00
-5.030371618914810661e+00
-2.666220042670452539e+00
3.004624934284844340e+00
8.788358411985296215e+00
1.098698636920780380e+01
8.025004960999265080e+00
1.660585367539270329e+00
-4.199079046385282510e+00
-6.279251389506894654e+00
-4.282428877255227917e+00
-1.035820953536846556e+00
-2.927768610652343728e-01
-3.795910510183488018e+00
-9.787687305813205896e+00
-1.410767346495055108e+01
-1.311800694626887953e+01
-6.358755342034876357e+00
2.965125308670508719e+00
9.995607520562604265e+00
1.130017816106033024e+01
6.904477351774112925e+00
1.164831142245414952e-03
-5.278931848028815210e+00
-6.392725313082781469e+00
-3.566675676754299751e+00
8.890671414022729424e-01
4.348763067795226256e+00
5.386636071818280413e+00
4.179774553365199985e+00
1.902266273198188973e+00
-1.472097626382173341e-01
-1.044352171496947035e+00
-3.039926250649520600e-01
2.119794939572551939e+00
5.639329808128426436e+00
8.854143683794381658e+00
9.866492667900525149e+00
7.265856623843674811e+00
1.273140727007462392e+00
-5.888627404969581924e+00
-1.098304193001202655e+01
-1.170315471432675558e+01
-8.278316719447246896e+00
-3.469699706484542290e+00
-7.381507816962407098e-01
-1.756500943902968181e+00
-5.077412222399401820e+00
-7.063641887881466630e+00
-4.561240385299411670e+00
2.566110159826844317e+00
1.095161547282061498e+01
1.578577865396946578e+01
1.405948331626295378e+01
6.700074762975491538e+00
-1.956130763808801465e+00
-7.020998070566372817e+00
-6.237800071288813086e+00
-1.267414510399675454e+00
3.757438646362827317e+00
5.280625771044237027e+00
2.747245430346525019e+00
-1.276337409395551958e+00
-3.232668044639094962e+00
-1.286197096068029344e+00
3.369731212129351228e+00
7.464216775133952098e+00
8.029991978827551335e+00
4.421424358204042449e+00
-1.419628955825824601e+00
-6.467926925474265509e+00
-8.651973195957681995e+00
-7.954735609091585502e+00
-5.963278723856646479e+00
-4.443700149839529878e+00
-4.122157602628925943e+00
-4.495178050908326561e+00
-4.576756640487809946e+00
-3.801442660203042223e+00
-2.347857763372087625e+00
-7.778681734812704640e-01
5.085934396776038424e-01
1.442605275621117178e+00
1.993244262820036861e+00
1.845078909131553813e+00
5.325835517966721611e-01
-1.956019256489364366e+00
-4.652562555242653275e+00
-5.800693860945550284e+00
-3.874967861704615935e+00
1.211239921486909399e+00
7.663151077363250963e+00
1.262798394170573957e+01
1.385452701616773652e+01
1.107086424951965675e+01
