-6.762090101532271191e+00
-3.352063348965675260e+00
1.466532847982591647e+00
5.772435651305667825e+00
7.646125430026736502e+00
6.315114510858114372e+00
2.752723894438660945e+00
-8.492368047231932948e-01
-2.518206732168534856e+00
-1.872167809201844779e+00
-3.693241694747049220e-01
-1.450335994574740717e-01
-2.230467263986517956e+00
-5.513105842311952109e+00
-7.340159827568774276e+00
-5.453455866925977169e+00
1.283769100072402747e-01
6.745474346885909078e+00
1.066916831163093171e+01
9.590977081207416433e+00
4.255539621073928025e+00
-1.991116481058814447e+00
-5.479207751611752997e+00
-4.713038758877763357e+00
-1.290925971013751727e+00
1.416637901877505046e+00
8.538498914892700409e-01
-2.778313646544060767e+00
-6.660267211693398970e+00
-7.470626157027144387e+00
-3.917850830354843161e+00
2.182074673176661594e+00
7.078989267482079129e+00
7.663380506801186876e+00
3.589056980356764903e+00
-2.547829477594233616e+00
-7.033993768414418923e+00
-7.504793725945568816e+00
-4.306018212867360972e+00
9.856267373954086253e-02
3.070972011675130453e+00
3.574891374490978713e+00
2.528232679477806499e+00
1.651269311849380861e+00
1.875143593654474916e+00
2.624893832088416534e+00
2.501940450947846450e+00
7.256809292921648780e-01
-1.919902068139727858e+00
-3.481612037874350918e+00
-2.331258249335941279e+00
1.393642965847670112e+00
5.570685957202755390e+00
7.368273165835786287e+00
5.164838350742792628e+00
-2.459538023479976854e-01
-6.034588083040304696e+00
-9.057891308519725015e+00
-7.761217625844269108e+00
-3.017804088751351088e+00
2.559911988218764201e+00
6.262823217378570284e+00
6.747559769143601116e+00
4.448347157009154174e+00
8.850182645749307131e-01
-2.451178625658898103e+00
-4.807389000715339478e+00
-6.115694347609988313e+00
-6.468000874860243776e+00
-5.727378690994885169e+00
-3.660276007050017988e+00
-4.433640073335576304e-01
2.981734874696274851e+00
5.151709428599815510e+00
4.894332865570063973e+00
2.191325983574874403e+00
-1.549812837447557712e+00
-4.104471241250282176e+00
-3.629054148395642887e+00
2.483550927692355081e-01
6.101380181537261471e+00
1.135008433750451928e+01
1.352440671483550005e+01
1.146585911071169406e+01
5.859608220829839453e+00
-1.122744055653074557e+00
-6.833934654308587042e+00
-9.299059101031005525e+00
-7.984940652688603535e+00
-3.903674270985789008e+00
9.238480714497435686e-01
4.365271026691252665e+00
5.046831978481329806e+00
2.857314897432154943e+00
-1.085179092962039960e+00
-4.958720278952721827e+00
-7.024635134393651725e+00
-6.354408594346179662e+00
-3.207171670082062054e+00
1.091482627227308599e+00
4.724096526682792785e+00
6.182765765870011698e+00
4.964424597094442504e+00
1.839784898475040897e+00
-1.475313069741997385e+00
-3.159341825286915650e+00
-2.271209109666342485e+00
6.347880433558238389e-01
3.680486000170652083e+00
4.656582189702658248e+00
2.371346484962338685e+00
-2.431803022753827648e+00
-7.252448708160629920e+00
-9.177640465261955427e+00
-6.700490251127829033e+00
-8.845155782110285525e-01
4.995628785427856045e+00
7.308512199446371760e+00
4.373201737259932997e+00
-2.260959310577183246e+00
-8.520727162707300906e+00
-1.022316061694397504e+01
-5.747222816100529208e+00
2.776269464818583721e+00
1.062478327635487574e+01
1.334672884998412812e+01
9.519917541511377479e+00
1.611073853620136553e+00
-5.635884186138989449e+00
-8.223323785953263965e+00
-5.343961454220742091e+00
3.325367900276627875e-01
4.634036726944379403e+00
4.711888166340598261e+00
7.988201677672097656e-01
-4.202446415566876148e+00
-6.868045831407664892e+00
-5.556824070493702195e+00
-1.303590145559761382e+00
3.159310602158533765e+00
5.374623157527842920e+00
4.650977691919663926e+00
2.112728582493407892e+00
-4.882649379289385472e-01
-2.109554714666583841e+00
-2.854658891265481557e+00
-3.323013636686640737e+00
-3.627327177999650765e+00
-3.075628297485784479e+00
-8.780785541087672286e-01
2.731829484996590729e+00
6.045294912795738718e+00
6.719803432082805728e+00
3.474952174883257250e+00
-2.614776640052154377e+00
-8.357234288911067566e+00
-1.027823468204186241e+01
-6.901072311389799374e+00
1.303458821684286839e-01
6.960718304461569694e+00
9.928713875776770337e+00
7.853136803149434186e+00
2.641889187208012135e+00
-2.161595175488096210e+00
-3.833817349299045496e+00
-2.194073349797641015e+00
5.638484099975309416e-01
1.701964722431921873e+00
2.385405889335701080e-02
-3.310385392906788127e+00
-5.773598688334353746e+00
-5.453686813552517165e+00
-2.514093704488753467e+00
9.467278840960691166e-01
2.498808037905021706e+00
1.226701160508910426e+00
-1.559561716047227486e+00
-3.269878046021891471e+00
-1.940369757756440494e+00
2.279557420012989777e+00
7.116671510502789566e+00
9.633765110615238214e+00
8.133237000422495200e+00
3.214370918990384851e+00
-2.670042478315071577e+00
-6.772542580698340586e+00
-7.637416573854638457e+00
-5.711176962313623484e+00
-2.715721314075379755e+00
-3.563268159159269644e-01
7.079685874522431144e-01
1.007517292382022145e+00
1.569945222494445014e+00
2.990239402808727132e+00
4.932550177718718842e+00
6.353473759634418627e+00
6.224176237389889010e+00
4.237000715967482734e+00
1.057814052594809651e+00
-1.987968195277175276e+00
-3.576996661357965124e+00
-3.032051030248650303e+00
-6.491589900525076562e-01
2.410483209264024040e+00
4.600479143786515124e+00
4.652829579516954972e+00
2.172774357104814591e+00
-2.088577925444714989e+00
-6.450157019763011590e+00
-8.982450494984568934e+00
-8.393378880843066270e+00
-4.697064705183819910e+00
7.091306938923599423e-01
5.656175207649832615e+00
8.223840694377669180e+00
7.640219309698546013e+00
4.578299460992952596e+00
7.042246541149568273e-01
-2.242102045387761144e+00
-3.301713920664383739e+00
-2.629435907748101098e+00
-1.189504069254093244e+00
-7.821944931148117064e-02
8.330308651617501781e-02
-6.439793804467898175e-01
-1.742663101541459092e+00
-2.660783941007490938e+00
-3.124031255655210337e+00
-3.175150168660118233e+00
-2.999987988792580218e+00
-2.732986176690660685e+00
-2.397972025290961096e+00
-1.988480242843574608e+00
-1.562127629934829010e+00
-1.222076006984666563e+00
-9.802901369321204150e-01
-6.336924769170488858e-01
1.883836278969349687e-01
1.767696039107804484e+00
3.979590410507620302e+00
6.165365384190564235e+00
7.363225121811261431e+00
6.829391539866076499e+00
4.545137291594309126e+00
1.351741614575498129e+00
-1.444260383555330485e+00
-2.804924582470023076e+00
-2.578859308686352492e+00
-1.572306004206089014e+00
-9.777306212086558368e-01
-1.510023178110998732e+00
-2.847206471758246593e+00
-3.814990266538257124e+00
-3.256086165136824917e+00
-1.008269922690921527e+00
1.741718388268120865e+00
3.095171103444655181e+00
1.747931944346902799e+00
-1.900662004087783519e+00
-5.687562498142794354e+00
-6.887094063337468874e+00
-4.009679467161667787e+00
1.977517232506762479e+00
7.925172534173151817e+00
1.026123161056782251e+01
7.213736850906773412e+00
7.558604269021329536e-02
-7.378098562190472443e+00
-1.104868464711313791e+01
-8.941571719877929425e+00
-2.345145846838713855e+00
4.978254825981440312e+00
9.065415075822828683e+00
8.050938688298618473e+00
3.084903044425014951e+00
-2.604376713791872078e+00
-5.788212773121697907e+00
-5.088466835110453168e+00
-1.506928528479750895e+00
2.515259398291082693e+00
4.721532294199197288e+00
4.251705321261981751e+00
1.791057044490884209e+00
-1.197012300182365596e+00
-3.453592799653224965e+00
-4.450954846282192179e+00
-4.281969730143519115e+00
-3.238664407551619551e+00
-1.544875707505749762e+00
5.648722906397878329e-01
2.618451353385536251e+00
3.881823907990162859e+00
3.685801873471739487e+00
1.896900310246453891e+00
-8.554123374565614224e-01
-3.423237229583254493e+00
-4.720164034236437267e+00
-4.242649210861831222e+00
-2.203724459532533153e+00
7.289761717446558986e-01
3.806512942933244492e+00
6.385531356996602348e+00
7.889263493724812726e+00
7.773855624656040852e+00
5.738194140342309346e+00
2.126207007890944300e+00
-1.851653902811087438e+00
-4.467118221908774167e+00
-4.390874021601314681e+00
-1.646712608851609527e+00
2.137501664696548787e+00
4.551079936972791451e+00
3.903235212231467521e+00
4.231732104270549133e-01
-3.749067151452967206e+00
-5.905462198824581677e+00
-4.604180216558138916e+00
-7.210520985530648463e-01
3.078182365735399273e+00
4.144501330085269331e+00
1.692674720004841760e+00
-2.625709088063975294e+00
-5.859329284040798669e+00
-5.820742739377694264e+00
-2.615857045828219096e+00
1.452519824911262525e+00
3.540621344232481871e+00
2.299966008876276113e+00
-1.151117341257910986e+00
-4.001919859081398023e+00
-3.718269989456053359e+00
1.647066235172425230e-01
5.642413540016279150e+00
9.471501893243969405e+00
9.183439131094111474e+00
4.579161233231094030e+00
-2.172144859154002461e+00
-7.775769023768981825e+00
-9.565693370599131384e+00
-6.779068322430180871e+00
-7.893946853081894588e-01
5.637599173436131039e+00
9.589267146049596846e+00
9.213453517031567230e+00
4.492853735206040255e+00
-2.652354998329956359e+00
-9.040557739199391207e+00
-1.157421941897550433e+01
-8.793683488793853087e+00
-1.865631418802405239e+00
5.714104477112361913e+00
9.828249189865269742e+00
8.081185065557397351e+00
1.395024452720740715e+00
-6.289898711649994034e+00
-1.026077100125485941e+01
-7.956414626371691057e+00
-6.922164932212357957e-01
7.052747879311914048e+00
1.045539752237694664e+01
7.481354429139489781e+00
2.336424824718219551e-01
-6.435518344219310016e+00
-8.152592002589875264e+00
-3.920266995668663768e+00
3.269311408051186696e+00
8.488895706085287429e+00
8.158327410625005882e+00
2.320590041815175031e+00
-5.553203192557703005e+00
-1.095128180521198225e+01
-1.116709143737174870e+01
-6.705211547105717429e+00
-5.037169505922287627e-01
4.215945234665831265e+00
5.845591009008295202e+00
4.839397191489662298e+00
2.743668930610198231e+00
8.459131222821227869e-01
-4.588659756179145344e-01
-1.302351424045074424e+00
-1.617414189522639267e+00
-9.306165350815134296e-01
1.054397687366192660e+00
3.675653322302688597e+00
5.247097068123183661e+00
4.065188519563215586e+00
-1.451564689654883944e-01
-5.539910965741395188e+00
-8.995019518195517705e+00
-8.096780592513621144e+00
-2.913850085914091892e+00
3.813464533147900237e+00
8.345778865297823756e+00
8.374412129088465662e+00
4.485407800357765318e+00
-4.035189303030358166e-01
-3.214684829201205574e+00
-2.882544310507138885e+00
-9.272177396765716173e-01
-4.274047540110348375e-02
-1.813450651885968989e+00
-5.322429608989306615e+00
-7.727794735989784947e+00
-6.386720363743353168e+00
-9.408969224648182639e-01
6.187981508304599032e+00
1.125934578307076350e+01
1.157634338763665127e+01
7.095048629441902399e+00
2.491545278358584525e-01
-5.723864064211687364e+00
-8.672041577252088018e+00
-8.375671007452528016e+00
-6.018985633746543051e+00
-2.987678633873179557e+00
-3.611983008967412090e-02
2.658005043156234759e+00
4.895409555334512497e+00
6.094821910593299918e+00
5.624750908482716305e+00
3.530755617142620650e+00
8.917845644726709597e-01
-7.025939941800194433e-01
-2.797274710459753955e-01
1.678716542266352141e+00
3.463359530615397919e+00
3.379056792998329062e+00
1.086182154799842703e+00
-2.044966626929567433e+00
-3.927350301837693181e+00
-3.380708869289843932e+00
-1.108562047521600924e+00
7.978083413283729719e-01
5.069143498890233968e-01
-2.022945092214642138e+00
-4.870728192349826458e+00
-5.549262958490151831e+00
-2.942030155091698962e+00
1.722170608006095005e+00
5.659249626398851873e+00
6.531872464968995651e+00
4.151656222636998628e+00
5.713166597323595663e-01
-1.514920378966856385e+00
-8.337636905825206446e-01
1.538468685956633664e+00
3.102954351638720354e+00
1.997020257181185476e+00
-1.432189090301500212e+00
-4.791495171097047923e+00
-5.448997323398017123e+00
-2.604936588889845694e+00
1.978470278885935851e+00
5.176733524773144524e+00
4.747121607313443015e+00
9.366859042792627932e-01
-3.735214379780701588e+00
-6.320792542591694207e+00
-5.503208486124606225e+00
-2.347810833329029734e+00
7.321257290461643530e-01
1.901143686932789123e+00
1.192797030935217162e+00
2.122181382487764445e-01
5.882361557447248757e-01
2.492037962103005988e+00
4.441764373621269968e+00
4.540262129943355873e+00
2.117966620664701427e+00
-1.583728647193891614e+00
-4.285188725175717472e+00
-4.435781494631042321e+00
-2.470032911210880755e+00
-5.159739431659500219e-01
-7.225606416827162759e-01
-3.474098004844571097e+00
-6.894213193095120040e+00
-8.091628574195938839e+00
-5.282541154160501407e+00
7.603649482604902810e-01
7.016827496623870175e+00
1.010546847454294195e+01
8.443282938036194452e+00
3.204725052706971056e+00
-2.516939447368982563e+00
-5.693930348981769640e+00
-5.123041949948040852e+00
-1.864791102089553121e+00
1.742457864394489242e+00
3.657724946471838656e+00
3.220717167034296224e+00
1.183776545879502873e+00
-1.065810482791614611e+00
-2.388594166110150852e+00
-2.318586296480921849e+00
-9.788264366640260228e-01
1.173036543580373570e+00
3.455145134589488798e+00
4.949276080229723540e+00
4.649056051770889653e+00
1.949020304190687281e+00
-2.738298762018037014e+00
-7.757890206117917131e+00
-1.077955375283267436e+01
-1.001604253197309902e+01
-5.386027421882077171e+00
1.199678571595545584e+00
6.752831073341910795e+00
8.846904065968544728e+00
6.971976579863723877e+00
2.739124559846884299e+00
-1.188993187449153055e+00
-2.732332526849539533e+00
-1.538673202824497599e+00
1.045346596226857994e+00
3.058702199499592211e+00
3.273865091153577378e+00
1.914990106063958919e+00
3.449327624772502432e-01
2.360048109718498877e-02
1.474331516545200449e+00
3.912550868905076307e+00
5.713889416161549661e+00
5.381358559559253685e+00
2.428606394978343630e+00
-2.286853921462739692e+00
-6.913287823116627706e+00
-9.439176238061854463e+00
-8.627921085554355329e+00
-4.649679542828645928e+00
8.799865454959446831e-01
5.531968459549787553e+00
7.160956972271467436e+00
4.996021118453002785e+00
1.519986658752867648e-01
-4.809875839132945252e+00
-7.163215194091701044e+00
-5.508123959014111115e+00
-6.207203007645349935e-01
4.899485949283048924e+00
8.051790777311335745e+00
7.117578525005250789e+00
2.596014087093393208e+00
-3.169891602213775972e+00
-7.414083458959143336e+00
-8.496309102877914299e+00
-6.619764307041271501e+00
-3.356295341405355792e+00
-4.284411065392355056e-01
1.349995538799497741e+00
2.280662967877062020e+00
3.124775273810641796e+00
4.211840255605843630e+00
5.061127670067355311e+00
4.803279845949095517e+00
3.023951008552144160e+00
3.036466199201723892e-01
-2.035563360933519750e+00
-2.834471921072541978e+00
-1.977591468878856729e+00
-5.570272799320136192e-01
-1.418504018223394336e-01
-1.639941009925485416e+00
-4.556193147619156392e+00
-7.187260945166168646e+00
-7.645615371122901571e+00
-5.043598294835140550e+00
-8.034412994162720700e-02
5.306047969698287403e+00
8.954219088818186734e+00
9.526325403114118018e+00
7.024539257022524907e+00
2.615649217803631466e+00
-1.994205895836099973e+00
-5.243036205401502947e+00
-6.187076553604758722e+00
-4.711259697407829350e+00
-1.528606503485214763e+00
2.016341170856921217e+00
4.378260162770837738e+00
4.441017465323655600e+00
2.118436637028553005e+00
-1.441765910897670366e+00
-4.310886156452154339e+00
-4.778622279965309083e+00
-2.378445345778280817e+00
1.713061436209646349e+00
5.244901834347096781e+00
6.170749555918271234e+00
3.884169221606103672e+00
-3.750334784250186626e-01
-4.233140438115895243e+00
-5.590568787164371223e+00
-3.847801622155468948e+00
-1.865750334289155710e-01
3.243644386151716574e+00
4.683198507381946207e+00
3.787662279300867407e+00
1.696323261560450879e+00
1.597148141066070670e-01
3.385776596649445747e-01
2.058081096499502660e+00
3.966068877242924451e+00
4.449839964762999145e+00
2.702570964063909731e+00
-7.281877345071712249e-01
-4.230202678139420414e+00
-6.061528727607686129e+00
-5.368816843110366221e+00
-2.696850456957954112e+00
3.038405669354979910e-01
1.815882064005888807e+00
9.252750764612670542e-01
-1.782054152855889750e+00
-4.472245288483050807e+00
-5.089590615415958474e+00
-2.630517143767606036e+00
2.068164365803104587e+00
6.568725380850669815e+00
8.097237829897947492e+00
5.202824779703047575e+00
-1.155364013811784440e+00
-7.841543192525089800e+00
-1.112163572752991314e+01
-8.773923754168812650e+00
-1.496546909000036951e+00
7.304523970142297706e+00
1.332838487341356171e+01
1.377500090661534671e+01
8.890814542772265128e+00
1.711978016441563000e+00
-3.836072137149403094e+00
-5.286601255544701949e+00
-2.953417737979873170e+00
5.660753457526538357e-01
2.302655661855172120e+00
9.251090298559954128e-01
-2.485087391592055717e+00
-5.347014153526050251e+00
-5.472882517187239060e+00
-2.592718478150572547e+00
1.523028989382596343e+00
4.356802076811986169e+00
4.376426673973735859e+00
1.968602701702197422e+00
-1.034165709560845192e+00
-2.799529054689489094e+00
-2.795493038042463851e+00
-1.987726279167080445e+00
-1.844406659308383212e+00
-2.973091093139315078e+00
-4.488459392445339979e+00
-4.640875579585882704e+00
-2.252681170028675517e+00
2.145437318086992562e+00
6.408430050061987515e+00
8.136016501095237885e+00
6.370692914347565683e+00
2.397333411179325413e+00
-1.002898541918876951e+00
-1.404963834757520402e+00
1.550770846602379294e+00
5.789121426584485697e+00
8.074573002015219103e+00
6.117452502933352854e+00
1.314549637109103664e-01
-7.173944394508446898e+00
-1.215047569208302924e+01
-1.231205002534598236e+01
-7.680067069275456682e+00
-6.264789832393684588e-01
5.554264292220416621e+00
8.380703155487246647e+00
7.218782020599060267e+00
3.187277411598571142e+00
-1.756263656935835193e+00
-5.848240754121690088e+00
-8.108021817029241518e+00
-8.372793668057948224e+00
-7.038150331044480623e+00
-4.805378589220166141e+00
-2.515926989918646051e+00
-9.498226813264198931e-01
-4.968937371511057410e-01
-8.394952621700356721e-01
-9.580696408651996343e-01
3.455235202192479260e-01
3.595309542753878596e+00
8.005709529638268762e+00
1.160796184961850841e+01
1.223579130630558431e+01
8.850694131924681685e+00
2.358052873097399527e+00
-4.685896523305355998e+00
-9.374106442701492625e+00
-9.976781678452688595e+00
-6.756870037751808944e+00
-1.615563812943719757e+00
3.104433322858238586e+00
5.811357593406143884e+00
6.120429903781866798e+00
4.472845669204726704e+00
1.455452915346876264e+00
-2.500916613577449432e+00
-6.821437022342209389e+00
-1.031562853968283555e+01
-1.123630653926054279e+01
-8.177980098142896281e+00
-1.335931194738080308e+00
6.885798875951124387e+00
1.268782232902956508e+01
1.292237109111421844e+01
7.170428176979679158e+00
-1.624552839311184549e+00
-8.638516432027039116e+00
-1.002295682181620862e+01
-5.344859123101541876e+00
2.059783898747836517e+00
7.181302923607521649e+00
6.591028260094805802e+00
7.165645297062621655e-01
-6.410549559625595251e+00
-9.808118687153195125e+00
-6.844392458841473292e+00
1.015921130454612742e+00
9.172679975204170333e+00
1.287910162714286422e+01
1.023239868276101561e+01
3.197698086417053887e+00
-3.911245028532719825e+00
-7.340047924057460982e+00
-6.170149784975511587e+00
-2.503238818950065614e+00
3.791579756509629862e-01
4.334572961056534224e-01
-1.875340023248466270e+00
-4.224053469226836555e+00
-4.353331604139832223e+00
-1.762798242024482764e+00
2.025374159973980959e+00
4.697765438421662054e+00
4.843665168181744640e+00
2.830967066371333107e+00
3.039981895891924468e-01
-1.175106422939768969e+00
-1.218969795758019670e+00
-6.253993615011818052e-01
-4.114342748110839665e-01
-7.608137884985372024e-01
-8.070236924539289092e-01
5.477578838186497601e-01
3.460038817992257876e+00
6.632299889082070798e+00
7.983566449191465075e+00
6.093643424143489362e+00
1.364466017388025421e+00
-4.007261095644539139e+00
-7.304243237319975712e+00
-6.957151432239395916e+00
-3.463563321138992457e+00
1.046255423505091819e+00
4.237585737199960789e+00
4.963341634622524090e+00
3.688388832076126445e+00
1.775556814039943365e+00
2.943439483537988455e-01
-7.018854194142584157e-01
-1.926546182864120382e+00
-3.930519542882779493e+00
-6.312441206474148636e+00
-7.755460439972447162e+00
-6.910127130548157304e+00
-3.468462746289516119e+00
1.392870499438592535e+00
5.567192019334596509e+00
7.215050171586383065e+00
5.800147890082084423e+00
2.299026410818104882e+00
-1.485462130312432016e+00
-3.980521044359327743e+00
-4.567113986821751404e+00
-3.594446022796967455e+00
-1.847089010034147716e+00
3.603192329036319919e-02
1.773672358230288459e+00
3.248771538914502877e+00
4.217797245093560576e+00
4.271198010912819143e+00
3.126770145483023899e+00
1.009296652726162868e+00
-1.243261010690993151e+00
-2.516094285122513430e+00
-2.028837030058632251e+00
1.642271895997291509e-01
3.112079514790702994e+00
5.391202559378458048e+00
5.775320001291892602e+00
3.799428905761296882e+00
-3.015376506386635569e-02
-4.425501852516815937e+00
-7.793279270274704906e+00
-8.825074589526515467e+00
-7.027155851607702175e+00
-3.011531992464541840e+00
1.620492354081812358e+00
4.872209584893605339e+00
5.266443037200992272e+00
2.666374134521710459e+00
-1.501356111560836482e+00
-4.888323185106640878e+00
-5.497056186200721228e+00
-2.884982035489394470e+00
1.476429835560464143e+00
5.011886534865741538e+00
5.601894775513912350e+00
2.926337891344859443e+00
-1.305097437177219710e+00
-4.435324246992518482e+00
-4.569623585970712831e+00
-1.770726680975031719e+00
2.078821700622802027e+00
4.650845315030855076e+00
4.810417459692437170e+00
3.342628445158080108e+00
2.229801469336899711e+00
2.992395999601587864e+00
5.319334505155056902e+00
7.055560440114794218e+00
5.666206800179246272e+00
2.128944244610440073e-01
-7.565939256847129535e+00
-1.393895514399331503e+01
-1.531941792232851718e+01
-1.052948163155838301e+01
-1.714768505177472591e+00
6.734099915253823454e+00
1.063070710612167424e+01
8.328019774865767388e+00
1.547986237016134581e+00
-5.727456957746614563e+00
-9.558887056386518921e+00
-8.150602124638886892e+00
-2.592704636140607199e+00
4.018859437063612816e+00
8.406093535062950650e+00
8.774493973956147386e+00
5.479874280074552573e+00
5.322499960360218552e-01
-3.601236883943648159e+00
-5.189684218365735902e+00
-3.892828426470690495e+00
-7.107401292742350218e-01
2.615226557962820664e+00
4.438482775309299910e+00
3.951106102239582363e+00
1.557134695611292585e+00
-1.300805316785095478e+00
-2.851228233494453423e+00
-1.968620135896028911e+00
1.074937170217277194e+00
4.563764911644950573e+00
6.160371761872765362e+00
4.244237769534997540e+00
-9.797896697734949090e-01
-7.328108750086153478e+00
-1.165965363807274358e+01
-1.157376723738915913e+01
-6.812367345914260852e+00
4.959095472888384037e-01
6.944126628650448829e+00
9.680849458303610433e+00
7.893111119440478163e+00
3.082706452705837208e+00
-1.968871299061496272e+00
-4.855203912722734216e+00
-4.794300921484136779e+00
-2.770518141023316172e+00
-6.074598632352992134e-01
3.296557445288911259e-01
-5.952591524823336311e-02
-7.563078532270657295e-01
-5.212124087977736409e-01
1.128076940101773618e+00
3.527264670130024538e+00
5.294447701202009249e+00
5.254954352006324214e+00
3.235564071141190379e+00
2.178880264982311354e-01
-2.231403781236863892e+00
-2.886222432967574747e+00
-1.577401765264704769e+00
7.163870164229734216e-01
2.439478522498927049e+00
2.351526176368372134e+00
2.349138128397019187e-01
-2.970632903529377256e+00
-5.671884797955033974e+00
-6.482719254991721414e+00
-4.969395436304710145e+00
-1.872831511455678388e+00
1.313042344162497654e+00
3.169498371667241798e+00
3.118115818735988753e+00
1.685923276251124037e+00
1.252596569692384643e-01
-3.711749002157651023e-01
6.244958687244626105e-01
2.575896544031491153e+00
4.382405434869897753e+00
5.081678102238481820e+00
4.374582796311740296e+00
2.646519573431953543e+00
5.414785056690016862e-01
-1.525589168390220074e+00
-3.508468222646427659e+00
-5.420267364926005804e+00
-6.880668081482962606e+00
-7.000770245500098632e+00
-4.858602692923065902e+00
-3.279311671730762434e-01
5.358167503499252859e+00
9.868347274771709365e+00
1.089621496921557053e+01
7.537954596674950380e+00
1.024668916904382776e+00
-5.765691200446478426e+00
-9.821805468608852507e+00
-9.641510161274720048e+00
-5.977223987810747374e+00
-1.221525326086799756e+00
2.141186874823964637e+00
2.987859248838169446e+00
1.988294857568162044e+00
8.203988338557814952e-01
8.127732276458199401e-01
2.009996716035389763e+00
3.287481478374352228e+00
3.345157899319218142e+00
1.777017123338768823e+00
-5.974226568747678101e-01
-2.359725408741953245e+00
-2.563511522654646768e+00
-1.417968250964560806e+00
-7.569422468718101094e-02
2.837272607317392059e-01
-6.483084732968944497e-01
-2.114373473003946291e+00
-2.920855604742685685e+00
-2.375743998397126688e+00
-7.980653569386131352e-01
7.775980688391119777e-01
1.434522813652163276e+00
1.062692601328400155e+00
3.572486351323563292e-01
1.527324637086933390e-01
6.644678990703873911e-01
1.286832101487014324e+00
1.142224953654699338e+00
-5.469163599745047177e-02
-1.548449683074110128e+00
-1.950760519654064495e+00
-2.779392082619936977e-01
3.141045424961363963e+00
6.615557849959117220e+00
8.039346428247178267e+00
6.238057196926960479e+00
1.800130554404330674e+00
-3.198724872739381997e+00
-6.416748964677715605e+00
-6.614637743511212697e+00
-4.292737358481674370e+00
-1.232084618803257925e+00
6.978302859410536740e-01
6.641573265703822893e-01
-7.532517292496558881e-01
-2.078106737192157105e+00
-1.931804075637031159e+00
1.290271409421601678e-01
3.371925257642731211e+00
6.282963152802678586e+00
7.311649892737118961e+00
5.592706526125590827e+00
1.368660604931263070e+00
-4.016722556433618863e+00
-8.568024703900068317e+00
-1.042985213860251648e+01
-8.760593453006602971e+00
-4.279478953474233904e+00
9.028561045995970868e-01
4.257347630050411169e+00
4.205996107426718922e+00
1.109571816253255072e+00
-2.821324639698695513e+00
-4.785668645047230108e+00
-3.131204400614088890e+00
1.535100329768422700e+00
6.656689104717957051e+00
9.330939205958511451e+00
8.169157722308604264e+00
4.141503285886820152e+00
-1.943416658638268402e-01
-2.539693674493030962e+00
-2.440934225735207797e+00
-1.444231846714859602e+00
-1.695814375776945937e+00
-4.045703012411220989e+00
-7.136206435428674055e+00
-8.262635358927735041e+00
-5.457282568130046307e+00
7.420724912651286420e-01
7.246496326834963142e+00
1.028820780946316304e+01
7.974732116741389376e+00
1.704660464733938952e+00
-4.637739854124357741e+00
-7.227969272585291094e+00
-4.841040580892073564e+00
3.911568245162064805e-01
4.533139432217264009e+00
4.602464612216359718e+00
5.825863124857835196e-01
-4.694442667521833812e+00
-7.638588606869285869e+00
-6.413436573316605660e+00
-2.075236988742386046e+00
2.395352043960652821e+00
4.352669100762389220e+00
3.325106157208222335e+00
1.116126800222869253e+00
1.966968196791185619e-01
1.688540245377498916e+00
4.489639528133999136e+00
6.173878423560156925e+00
4.931102457801092243e+00
1.039502191959382316e+00
-3.255897254912463623e+00
-5.362893054147644278e+00
-4.237695137075152552e+00
-1.141834300341306507e+00
1.292606196723860901e+00
9.914814631674448986e-01
-2.047073383649938183e+00
-5.729140093876064377e+00
-7.316303217271824977e+00
-5.300241074793558660e+00
-4.055897905123784231e-01
4.902244711058139082e+00
7.977189640235169854e+00
7.526253859688047498e+00
4.162035124620764748e+00
-2.215901995245760370e-01
-3.666757786519074802e+00
-5.114950259940291843e+00
-4.618050262970498920e+00
-2.904457891358730226e+00
-7.910408810156135395e-01
1.135482465360564186e+00
2.506029462244088180e+00
3.063520351592899260e+00
2.699402426098734153e+00
1.621295202964659676e+00
4.216216576623525447e-01
-1.508300585204218613e-01
3.476932208486723797e-01
1.678830898420559326e+00
2.951008174636157833e+00
3.103859961426898906e+00
1.559562044639467127e+00
-1.381345800221466025e+00
-4.646997784373918527e+00
-6.910761693688494134e+00
-7.182142596784876432e+00
-5.158635834235467676e+00
-1.249922822164065916e+00
3.600703674079028804e+00
8.140265862977177136e+00
1.104497454426261882e+01
1.125214336858177155e+01
8.400114759783336993e+00
3.189812156145291233e+00
-2.650307071202859355e+00
-6.981257201054388517e+00
-8.259577736477696774e+00
-6.379529823841825653e+00
-2.773414364722125658e+00
3.985388581428918053e-01
1.532440130666468558e+00
5.337966443270691919e-01
-1.198046862962695025e+00
-1.763537516952447870e+00
-8.169495838404605692e-02
3.344021847090285604e+00
6.712282914174081405e+00
8.048353210706107319e+00
6.408552290102005777e+00
2.403710208919395352e+00
-2.215164807733785324e+00
-5.546109177462673401e+00
-6.441961222927909958e+00
-4.861453419887953764e+00
-1.649622558253176052e+00
1.928133205670806483e+00
4.578554110785053588e+00
5.236081353366731861e+00
3.323855546622922930e+00
-9.031004807232176912e-01
-6.123090418597194606e+00
-1.017837659550547968e+01
-1.094043719777002011e+01
-7.494908075068906328e+00
-9.224475207886388972e-01
5.982791315475822991e+00
1.010305998873105260e+01
9.756994687091490093e+00
5.716568847071147985e+00
7.483284264652394491e-01
-2.109741038738825125e+00
-1.452235390719921249e+00
1.659165778143114611e+00
4.486865132021479852e+00
4.496285856728290398e+00
1.053186767320523742e+00
-4.184772460287300433e+00
-8.393468784882403000e+00
-9.407885691466784550e+00
-7.006255055662034437e+00
-2.857250703068695330e+00
7.084254371580420706e-01
2.173374242694384062e+00
1.567945089600366604e+00
1.003018324382341508e-01
-8.839526658187880637e-01
-7.926776531875526777e-01
4.212378909686775863e-02
8.679632544837719843e-01
1.168028821967144859e+00
9.495823004540908663e-01
5.473728929859338344e-01
2.449571760951600452e-01
1.030338855699473033e-01
1.057131899045786194e-01
3.834652774975323974e-01
1.185181413683992657e+00
2.536663227379188701e+00
3.893559987609628070e+00
4.212587493195681709e+00
2.572700406956437646e+00
-1.014171327954184409e+00
-5.240004978146155956e+00
-8.004831053972058186e+00
-7.603919898360417484e+00
-3.862893140075127185e+00
1.573279642581617566e+00
6.069923797327906101e+00
7.472069581429565233e+00
5.291453428502107315e+00
8.766814114360923504e-01
-3.484494467171680654e+00
-5.893513905755546567e+00
-5.747224934386148121e+00
-3.742687558577499018e+00
-1.151782512548348070e+00
1.019526077081384319e+00
2.422896643820388718e+00
3.185400550020318633e+00
3.475827082203422069e+00
3.257304919356588613e+00
2.407397251617597433e+00
1.018646061968043526e+00
-4.645803462861993749e-01
-1.447880140742524802e+00
-1.578299594217168034e+00
-9.924817112729543700e-01
-2.036160998678076262e-01
2.832579208196338572e-01
3.103901774917450229e-01
9.286578779975329656e-02
-5.917475843518185674e-02
-5.123352471813941156e-02
-6.420480657657012813e-02
-3.213038512062265650e-01
-7.984055327298498206e-01
-1.173856113597945061e+00
-1.093701921954510325e+00
-5.213053618078831164e-01
1.696038219389726376e-01
4.912498648968245396e-01
2.981906533448890340e-01
-1.838933322090574585e-02
1.591141658864488884e-01
1.056412303237149741e+00
2.111046874147401553e+00
2.236658512964397882e+00
6.805796206955463390e-01
-2.137222837822489119e+00
-4.536688488519680540e+00
-4.501300730543771778e+00
-1.104646789657918404e+00
4.553178654424847593e+00
9.675247824857287071e+00
1.130767230133545098e+01
8.157039967698175076e+00
1.479909646636262899e+00
-5.591455565183795606e+00
-9.882906505642068851e+00
-9.986192559155579573e+00
-6.888216745097445859e+00
-3.089057988828648682e+00
-8.916116190123446472e-01
-1.040535704525788141e+00
-2.544807074688898663e+00
-3.634955383589451916e+00
-3.050310399211309864e+00
-7.483645865733052904e-01
2.319443043818268269e+00
4.997134975698653392e+00
6.579496645495606089e+00
6.899492266717758504e+00
5.985281660395031622e+00
3.786780261413507986e+00
3.258209961909568353e-01
-3.870759450135360158e+00
-7.569246637462569538e+00
-9.256403752386995976e+00
-8.050922198009990538e+00
-4.441926154152532114e+00
-1.913358011064774100e-01
2.686976772552132964e+00
3.220587648381240786e+00
2.096227445879668139e+00
1.088292443074282190e+00
1.667280064904787196e+00
3.816335664981438835e+00
5.979235360472157979e+00
6.228690574368211053e+00
3.795847823861999260e+00
-2.200572140323929782e-01
-3.555202062989307521e+00
-4.412414501774562403e+00
-2.788400178018283881e+00
-4.504522260198460248e-01
4.712128178853690619e-01
-7.757915152615746379e-01
-2.857890471299692425e+00
-3.309975210324940242e+00
-5.184507332147916259e-01
4.742779226425726691e+00
9.455149747768215818e+00
1.021851169898064526e+01
5.598666913441631365e+00
-2.691651268934291963e+00
-1.065488657569407493e+01
-1.437303993982903627e+01
-1.229580948620094993e+01
-5.959091494149221901e+00
1.233499883300218869e+00
6.202105158868706170e+00
7.814408297885147903e+00
6.953117328110610451e+00
5.249880852119638952e+00
3.645350629939663634e+00
1.916503942582634235e+00
-5.854837486519144374e-01
-3.772344857544636998e+00
-6.353938342220621927e+00
-6.586361970314985825e+00
-3.695984684983730340e+00
1.195812056746236696e+00
5.513711523337089915e+00
6.860906395837797156e+00
4.698782750034045108e+00
8.030229175259799845e-01
-1.922373621596670912e+00
-1.479332624921303685e+00
1.795169212138884696e+00
5.451797701181992473e+00
6.659828546317600129e+00
4.204305535270784766e+00
-6.845646202635053967e-01
-5.245043116694570351e+00
-7.142442002326095718e+00
-6.027890217293218278e+00
-3.578266286317404621e+00
-2.044014489282167446e+00
-2.439912972014405934e+00
-3.763319009560627926e+00
-3.837387007724914589e+00
-1.144808802249608348e+00
3.742762824501124186e+00
8.260305719182351680e+00
9.482677186176223572e+00
6.175786215648476407e+00
-1.884141919314370472e-01
-6.203740767797969013e+00
-8.603355737882319332e+00
-6.257593525845115856e+00
-7.849659549867535890e-01
4.579056726686198786e+00
7.048460112654852949e+00
5.908688158831562731e+00
2.688158652464473608e+00
-1.114999655242257526e-01
-7.779489933454240003e-01
5.510792508442809989e-01
2.166478449087891001e+00
2.115538541760903612e+00
-3.732610793529083093e-01
-4.310779578483467489e+00
-7.543620332625622815e+00
-8.090170333976960393e+00
-5.353355922898721531e+00
-4.860266463926516955e-01
4.258277291640467865e+00
6.758399687060770766e+00
6.120124365445201775e+00
3.048419222879405144e+00
-6.469650110202110893e-01
-3.084056640229989377e+00
-3.290614645471119371e+00
-1.610493274400294217e+00
6.552551412170053435e-01
2.133054446959762096e+00
2.247713171493549655e+00
1.538821677760661366e+00
1.204768535940891727e+00
2.143975686294644412e+00
4.127842663021667136e+00
5.723797194816203415e+00
5.140965657353746998e+00
1.535460589156877109e+00
-4.095081232422471018e+00
-9.148931103873218618e+00
-1.082224289980007725e+01
-7.890201649059179090e+00
-1.701755431938394292e+00
4.387816128274099725e+00
6.940788402016002223e+00
4.564385586320946153e+00
-1.152277182972998526e+00
-6.583964102431945520e+00
-8.358724449356387254e+00
-5.514249489280395267e+00
-7.565745169907778234e-02
4.359116131968264085e+00
5.083388828366313561e+00
2.109778066893686077e+00
-1.907643978617997060e+00
-3.611365118821851183e+00
-1.383949251722111473e+00
3.432218704630520367e+00
7.423812704235317028e+00
7.504267543684395747e+00
3.141750716206410665e+00
-3.161842464964389698e+00
-7.501836595987111167e+00
-7.192454627625085806e+00
-2.565458986498968308e+00
3.287281304418748107e+00
6.621912587385700988e+00
5.522337698437026710e+00
1.056076684509766439e+00
-3.620315820390450412e+00
-5.492387684095429989e+00
-3.657578238707331675e+00
2.916868565270590574e-01
3.611172970640123658e+00
4.398446877540217237e+00
2.781580772670797064e+00
5.295646481673779160e-01
-4.951498136185391030e-01
1.923453603563224368e-01
1.403016144593395076e+00
1.315556643667518566e+00
-9.863990619862758047e-01
-4.659572738315848284e+00
-7.560426038327507925e+00
-7.667846110671738380e+00
-4.440060254639291770e+00
8.242393083329818682e-01
5.798837473721706992e+00
8.481816669646335072e+00
8.164126566074717317e+00
5.483276438510899631e+00
1.736568653894011938e+00
-1.907796491380948423e+00
-4.753681977334964337e+00
-6.419157783867504463e+00
-6.565241650169177490e+00
-4.923267296166953244e+00
-1.655318259090779343e+00
2.332557827463589639e+00
5.563898293051854793e+00
6.714758753243655676e+00
5.442131748758594512e+00
2.680455223756160521e+00
9.424430759999880003e-02
-9.993739888740409416e-01
-4.846007231327604248e-01
5.601805872727639857e-01
7.490019915514551929e-01
-4.943375558227253164e-01
-2.435847160524379440e+00
-3.552290499823572922e+00
-2.708611758974345474e+00
-1.095079861733595505e-01
2.719639317383787613e+00
3.959230309560322070e+00
2.806395794044284742e+00
1.056464584708338705e-01
-2.196569782588868591e+00
-2.421584573646320404e+00
-3.903467088971328547e-01
2.370341132482176150e+00
3.623612046510019891e+00
1.954680813327633437e+00
-2.203854288645183956e+00
-6.751133234888421875e+00
-9.183250582730400069e+00
-8.110811060083971569e+00
-4.059357320445704964e+00
9.109349533411195132e-01
4.456010400962258089e+00
5.242946295980757121e+00
3.517464276440032123e+00
7.055310924424122998e-01
-1.571720573800343246e+00
-2.392508697810555862e+00
-1.829089191119959601e+00
-5.932822221384548289e-01
6.016549893952252148e-01
1.485376970386167894e+00
2.218942897087360144e+00
3.019927145139322366e+00
3.762721431210885203e+00
3.886478744833206100e+00
2.715223440709107372e+00
4.060916445097983996e-03
-3.648827482724667615e+00
-6.841969018058952301e+00
-7.939993956793404806e+00
-5.937001555859806601e+00
-1.159327763779872233e+00
4.635204013460475281e+00
8.931729537177039546e+00
9.655410379990176040e+00
6.293558775771728619e+00
2.975001930939202843e-01
-5.547892832398877871e+00
-8.529356867858172819e+00
-7.443094568813454437e+00
-3.240649567679726228e+00
1.525326613434746070e+00
4.164788827124499271e+00
3.374590209908292060e+00
-7.927113201834790068e-02
-3.917109894255894176e+00
-5.775174469369562580e+00
-4.616844044651784884e+00
-1.271989841527843890e+00
2.175961912000762943e+00
3.712099665037895235e+00
2.573361594119582207e+00
-4.012137492336010913e-01
-3.376364577283890611e+00
-4.619234663583407396e+00
-3.400115920287014593e+00
-2.327120529197059806e-01
3.542044563224048481e+00
6.460928949054856929e+00
7.514875354404882302e+00
6.396240645330577124e+00
3.471966031225507621e+00
-3.672584609167655056e-01
-3.914763168370898772e+00
-5.956344089133532194e+00
-5.703468429261747019e+00
-3.216850696694653511e+00
4.539894389354154902e-01
3.630239717526440923e+00
4.791958930771220260e+00
3.395291842597069731e+00
2.109175560977127883e-01
-3.079914962431695269e+00
-4.829240151405924664e+00
-4.334330781848668934e+00
-2.149470944807847061e+00
3.768436668198953399e-01
1.997930462597815371e+00
2.283991419729844541e+00
1.703983972217047560e+00
1.093532562619485615e+00
9.596502150938319708e-01
1.152059819901448900e+00
1.113973667143163038e+00
4.652988184566409502e-01
-5.786112062440569304e-01
-1.304997252695408116e+00
-1.052396298512373374e+00
2.208081876836133217e-01
1.807837924896792181e+00
2.696064693036779758e+00
2.275974166335435367e+00
7.995103215220797921e-01
-7.579100903290052482e-01
-1.349478200555272789e+00
-5.713270288505800654e-01
1.057089952700406288e+00
2.436444538384488823e+00
2.613826707927009885e+00
1.400900325705137783e+00
-5.127361802386536382e-01
-1.994458598385532522e+00
-2.141031842504308003e+00
-7.597350836500889049e-01
1.598514866481962171e+00
3.997610200218686849e+00
5.583064690715289657e+00
5.872613041064516537e+00
4.774021388071997052e+00
2.446430842292901531e+00
-8.008696359916308571e-01
-4.476445357800923119e+00
-7.821903051544770058e+00
-9.856448600709470043e+00
-9.669382856463180076e+00
-6.886691293861800567e+00
-2.054232371451926831e+00
3.352311871929882336e+00
7.412861220656967731e+00
8.581216782066741544e+00
6.441334682508871090e+00
1.980870136226331013e+00
-2.816558588901795446e+00
-5.895421636072579297e+00
-6.102546527175821467e+00
-3.692365168857142166e+00
-9.017054800101709233e-02
2.942018806150224819e+00
4.248033495534471626e+00
3.784246477418367061e+00
2.424738355721578920e+00
1.243375373711691045e+00
7.756509127496056255e-01
7.517249972466517605e-01
4.497673276508147300e-01
-6.210639758574740821e-01
-2.228484226454585659e+00
-3.491305478314298938e+00
-3.477483208891730904e+00
-1.894354654505172153e+00
6.351423197108868601e-01
2.919617355472982734e+00
3.929161791738247533e+00
3.397852790594882766e+00
1.896592465086032853e+00
3.704700634447604113e-01
-4.866689118765858968e-01
-5.718309470665750016e-01
-2.451777073024029863e-01
6.793823551274968953e-02
1.703728145899329749e-01
6.442632313252366627e-02
-2.798748523702534463e-01
-1.036586791356800319e+00
-2.319554993455343883e+00
-3.820365295119557913e+00
-4.698490304398908357e+00
-4.006806939936373269e+00
-1.474511713152200532e+00
1.955030725904080224e+00
4.410267149921513585e+00
4.221760683116312585e+00
1.198312325498456898e+00
-2.940811114108533353e+00
-5.496554133155417965e+00
-4.616180851052840595e+00
-7.596794393727841488e-01
3.370510351351114764e+00
4.599286053203107016e+00
1.626498156838816600e+00
-3.756869253213586557e+00
-7.641057355677189022e+00
-6.679845450869345669e+00
-6.618775955098281649e-01
6.958321555138235581e+00
1.117061727292464468e+01
8.862521172403905467e+00
1.215926189944760649e+00
-6.774875771264587065e+00
-9.533629932769434490e+00
-4.763323423293638115e+00
4.755597138538291802e+00
1.279715892539273980e+01
1.376007220413110232e+01
6.445018914573765301e+00
-5.053063336739999301e+00
-1.397096085968733803e+01
-1.523815329871671764e+01
-8.617667602801846627e+00
