1.024186983494154157e+00
3.090520089175553320e+00
5.657238542021644889e+00
5.945068904433247425e+00
3.101104945371805144e+00
-1.407554145594709150e+00
-5.001867749905647642e+00
-5.778009717743447737e+00
-3.614531406913521927e+00
-4.482470433548879640e-03
3.029139757291838375e+00
4.057561678728218268e+00
2.732291767123128157e+00
-4.273002966005114978e-01
-4.525653772816159659e+00
-8.633077067372076030e+00
-1.188947708080056742e+01
-1.357591776641220171e+01
-1.332828512227848350e+01
-1.138556832503756766e+01
-8.567360100985467852e+00
-5.815409254652028181e+00
-3.529914551196940309e+00
-1.220860354747173915e+00
2.138174132875657829e+00
7.186605035031830013e+00
1.332873782765025794e+01
1.866552808472132696e+01
2.090578833171858975e+01
1.873176110859989763e+01
1.270259766331993490e+01
5.047512729655012187e+00
-1.543220292135970118e+00
-5.328978378048639719e+00
-6.215287371558988028e+00
-5.360140138881659411e+00
-4.095680796234132615e+00
-3.010087032798660189e+00
-1.825392885248873664e+00
-4.409941857807897492e-02
2.252349060943268810e+00
4.144356045339276484e+00
4.379655097358244653e+00
2.252895793754088771e+00
-1.816448026386342285e+00
-6.439894967781958357e+00
-1.002716648703197677e+01
-1.161569341560734081e+01
-1.122051855419999455e+01
-9.555714663681865062e+00
-7.424847819149633210e+00
-5.244861951516731402e+00
-2.976863289703036486e+00
-3.928408666743417044e-01
2.603237003508519720e+00
5.828711137863867187e+00
8.871032689076566058e+00
1.120672747675546432e+01
1.229541022597715383e+01
1.168166849590144807e+01
9.187184731435912965e+00
5.162757707380929872e+00
6.008291626612130010e-01
-3.113416894973060955e+00
-4.814673567277801602e+00
-4.210927802347923965e+00
-2.107388814852768189e+00
5.123416428608362772e-02
1.091527620305875246e+00
8.586428140022024369e-01
2.274940754696410661e-01
3.117915041571520662e-01
1.426731293190041772e+00
2.614291656334064573e+00
2.182495155692284250e+00
-1.038181150131818553e+00
-6.608041378434901247e+00
-1.240890487464440284e+01
-1.575423775308336793e+01
-1.498557336599685108e+01
-1.047163838288327575e+01
-4.312567955962597566e+00
1.045471929882070494e+00
4.312543413245069956e+00
5.933497269446797340e+00
7.385775795001385369e+00
9.771327439142787341e+00
1.277378236360342001e+01
1.475654809972842507e+01
1.392238689727331824e+01
9.678945005256055722e+00
3.221425717570165048e+00
-3.072058895537411072e+00
-6.987834022838672610e+00
-7.634162144840745512e+00
-5.679457782457881798e+00
-2.641748427135393484e+00
1.479323688121316760e-01
2.150764339068585329e+00
3.468918426070495276e+00
4.234440985484980047e+00
4.155658769890401949e+00
2.637450555948543496e+00
-6.326292885301003643e-01
-5.150394648193785230e+00
-9.604527685234700130e+00
-1.249454789482498995e+01
-1.294489947186719370e+01
-1.114725240609686630e+01
-8.137181917638871553e+00
-5.089851988434903163e+00
-2.636469164894744033e+00
-6.402658720596763331e-01
1.490743886365746285e+00
4.243863161531658434e+00
7.594790379294897420e+00
1.097199691042222547e+01
1.352411572492531988e+01
1.446333811490221066e+01
1.331189763204622523e+01
1.003549032988483170e+01
5.127448050789418232e+00
-3.616761687976590700e-01
-4.971249944813774135e+00
-7.268533369347935036e+00
-6.494401231661045770e+00
-3.081353036972412696e+00
1.359371655237216370e+00
4.731844826512600299e+00
5.526233060800064933e+00
3.628280214032019835e+00
3.080013027665895464e-01
-2.667837767871994004e+00
-4.242921832702698737e+00
-4.765854590042226668e+00
-5.642467291512449634e+00
-8.133676169261537581e+00
-1.213009594300571337e+01
-1.582809600626426949e+01
-1.666202651462754503e+01
-1.297243929118494776e+01
-5.312817787339199072e+00
3.552520195948345449e+00
1.008624969059885856e+01
1.201577114938194235e+01
9.681824006954020234e+00
5.796208606227401638e+00
3.708180262209370248e+00
5.249293197937702438e+00
9.525706586889871375e+00
1.344649153928608598e+01
1.368061331967864191e+01
8.825255785330456959e+00
4.260293635323613159e-01
-7.796784430636438223e+00
-1.204954946327391596e+01
-1.061880852125905150e+01
-4.792965564067708684e+00
1.956363503630050626e+00
5.984729998034790555e+00
5.447943096030797960e+00
1.102544873400511438e+00
-4.432034294255961626e+00
-8.377879162010543723e+00
-9.373501868711937135e+00
-8.002077436839197588e+00
-6.075492732192183887e+00
-5.253366691336800898e+00
-5.927619470451072736e+00
-7.048602702431289835e+00
-6.918516608472036644e+00
-4.370497791820071143e+00
4.389547261096575781e-01
6.090278027861975474e+00
1.071347627855486095e+01
1.300184652086335646e+01
1.280653455385832196e+01
1.100673799765946903e+01
8.815845194301820342e+00
7.001855292269603126e+00
5.499092794692062469e+00
3.607798668565502354e+00
6.157072589161969312e-01
-3.554790114204680940e+00
-8.061432427170613479e+00
-1.139440620670652926e+01
-1.205689632918444332e+01
-9.347107221668839117e+00
-3.853797809557538034e+00
2.609225231545025281e+00
7.660380549960857266e+00
9.348378146040381864e+00
7.042262380916510800e+00
1.762261929408012850e+00
-4.266108005963744176e+00
-8.664315491614976494e+00
-1.004121007926490350e+01
-8.609319328971471563e+00
-5.920616294670412394e+00
-3.858790958933697723e+00
-3.473469595178197977e+00
-4.357027705536035356e+00
-4.947862325566474873e+00
-3.573208901961621997e+00
4.222947619058916580e-01
6.172134138385507285e+00
1.171804982007945561e+01
1.508882368190246837e+01
1.534062721138074181e+01
1.292681300841323910e+01
9.227260886803710704e+00
5.615212379212277227e+00
2.704463326081798513e+00
2.406181706040282364e-01
-2.374680149706176913e+00
-5.366988775181920523e+00
-8.216213096281499872e+00
-9.886836719594960243e+00
-9.487515277305099914e+00
-6.902729047651228633e+00
-2.980699763358320986e+00
8.312705298242509810e-01
3.168184817663393105e+00
3.348789364396241197e+00
1.593795021067043294e+00
-1.194875877726815139e+00
-3.919686419232384811e+00
-5.770312699061710404e+00
-6.488017367174152561e+00
-6.326000218578195167e+00
-5.756146952841611153e+00
-5.076444285837359516e+00
-4.127440671761521962e+00
-2.304596260980221523e+00
1.070872135128633662e+00
6.167600921292653027e+00
1.218104037801645845e+01
1.735338141929835842e+01
1.961893867101460387e+01
1.763231946028720287e+01
1.162006007976349053e+01
3.494922541199130706e+00
-3.946572238149631318e+00
-8.360410143827119001e+00
-8.966166543412404266e+00
-6.767720174238607278e+00
-3.760941726366247462e+00
-1.654219969608399898e+00
-9.394309626162289373e-01
-8.974300321424408811e-01
-4.666323300010157826e-01
6.999513891430834134e-01
1.787657650345106486e+00
1.334735863093125419e+00
-1.641385502147410635e+00
-6.713012135870928709e+00
-1.200015097802193687e+01
-1.510846641244573796e+01
-1.446889140426496034e+01
-1.022667642839300939e+01
-4.125569632496642214e+00
1.516494578146796446e+00
5.084134583774110538e+00
6.423273067765957300e+00
6.679458880070631821e+00
7.390836244154335155e+00
9.427066716441007799e+00
1.239743573452044245e+01
1.483473425446351435e+01
1.501939668174253129e+01
1.198468995495189127e+01
6.172307159430847179e+00
-6.149741447725665111e-01
-5.984133190932949375e+00
-8.109645663621655842e+00
-6.704753290261644239e+00
-3.249707586303801854e+00
-2.475250153283454768e-01
1.876675846797184466e-01
-2.360103466460815369e+00
-6.240237398849412642e+00
-8.672123558063494997e+00
-7.538447033143445886e+00
-2.938902995304195187e+00
2.583208151855396650e+00
5.456735374046700393e+00
3.356380247550766693e+00
-3.131814868678272745e+00
-1.064063801790027952e+01
-1.499027026439157773e+01
-1.376709309374700752e+01
-7.792274317768352887e+00
-4.582704490062994296e-01
4.628480954369440070e+00
6.055453978517989277e+00
5.357604897962337631e+00
5.584214152850900170e+00
8.736664296843809296e+00
1.398423762289554162e+01
1.802449703609280007e+01
1.738865995065906844e+01
1.103951378230595992e+01
1.352565524098062966e+00
-7.276848426144180593e+00
-1.123266692456194704e+01
-9.893185657374326425e+00
-5.714971835961750735e+00
-2.216936630389909180e+00
-1.426944870002901045e+00
-2.691049143145774813e+00
-3.649120307142793784e+00
-2.498903081478871524e+00
3.056063245881895929e-01
2.300557227226670332e+00
1.029331517727982925e+00
-3.768427673789421117e+00
-9.578247816975133944e+00
-1.270919830362224268e+01
-1.094437223808105664e+01
-5.254232098828102160e+00
7.728340055142801646e-01
3.443588888577026275e+00
1.615621833935626750e+00
-2.442123809386201216e+00
-4.626878378672987679e+00
-1.898054249779705493e+00
5.557911684333661562e+00
1.438051521390178422e+01
2.019049248249253736e+01
2.028803345028595118e+01
1.507495032699820925e+01
7.413206563784774161e+00
6.141079231275154982e-01
-3.419023590287266767e+00
-4.724552313065514930e+00
-4.458962608095548674e+00
-3.659487226961486872e+00
-2.635391458789938746e+00
-1.294491411535517278e+00
1.567330426392454790e-01
9.614339760011085811e-01
3.165815021476232616e-01
-1.839386772760753352e+00
-4.553798983036470460e+00
-6.470964546395498118e+00
-6.886711086856891484e+00
-6.339966373003971256e+00
-6.158133779538585983e+00
-7.250224270646688396e+00
-9.136751265990554316e+00
-1.009555040165554729e+01
-8.422082672930239156e+00
-3.849581762568918819e+00
2.045293797604971875e+00
6.873131839072106786e+00
9.158599370540002838e+00
9.393225482461666331e+00
9.506029253679599833e+00
1.109142786692951965e+01
1.379394277316797179e+01
1.523907307669480282e+01
1.275001070050625884e+01
5.648405055988693135e+00
-3.659197807265697655e+00
-1.082419851047325743e+01
-1.230186842516378576e+01
-7.798027291171194086e+00
-6.060777546273647953e-01
4.517603612469414998e+00
4.509327330211368334e+00
-3.086785318805063127e-02
-5.448132520299379777e+00
-7.768930080795315440e+00
-5.583462369992069796e+00
-1.005415685138852266e+00
1.947482353297079305e+00
3.373771050514724479e-01
-5.521909225081725658e+00
-1.225012230072703900e+01
-1.575414344919406595e+01
-1.400966690384389501e+01
-8.280886079134981870e+00
-1.981440632952262249e+00
1.894253401528587677e+00
2.848406910509324597e+00
2.977812581661813951e+00
5.096531591481187284e+00
1.032466628092480576e+01
1.693593811542034544e+01
2.131182742250528861e+01
2.033060174171865242e+01
1.352106382564058329e+01
3.509195906933169518e+00
-5.512606878479708428e+00
-1.023471379530248626e+01
-9.989786676374023955e+00
-6.763045848074938249e+00
-3.596725511976615941e+00
-2.547528244677150333e+00
-3.537583658458478109e+00
-4.744419720916821959e+00
-4.131053163982737253e+00
-1.021376157182706246e+00
3.315632825504866599e+00
6.404768822803724504e+00
6.103659398321477525e+00
1.951164194373347538e+00
-4.495979036772496329e+00
-1.050412024713138770e+01
-1.363243143800095325e+01
-1.293775039144037819e+01
-9.231826411778673247e+00
-4.323816346787258347e+00
1.880731064093157379e-01
3.759485623908942031e+00
6.846836256585199010e+00
1.006854349091520184e+01
1.326073923605412830e+01
1.520521774749163768e+01
1.433408486257820513e+01
9.973934073799018307e+00
3.209664768673521351e+00
-3.385716668467293911e+00
-7.146521945674695786e+00
-6.975072286009693201e+00
-4.100379275019212955e+00
-1.297344259509068953e+00
-9.895872878676303941e-01
-3.511929746784756112e+00
-6.798066348654281832e+00
-7.815861506930771085e+00
-4.819709475759531792e+00
1.169620018287190089e+00
6.784790781857983788e+00
8.445818641228402868e+00
4.777659179493801922e+00
-2.380171000753680932e+00
-9.110845918333804860e+00
-1.193390784226527401e+01
-9.947603522975795087e+00
-5.129514581974750520e+00
-6.657550475044038407e-01
1.398941037225243322e+00
1.445250397556323785e+00
1.601683788231659467e+00
3.717601769290102443e+00
7.623813123719975771e+00
1.108021681345712928e+01
1.148851884137086543e+01
8.050900407178360751e+00
2.659013228205980184e+00
-1.274787894325089876e+00
-1.265538096108792310e+00
2.317132817035646219e+00
6.330375681355201678e+00
6.994573697391667899e+00
2.615945836500197075e+00
-5.043803231207712123e+00
-1.176152690728259032e+01
-1.356420928110700430e+01
-9.318355770314051156e+00
-1.465380541775690215e+00
5.531155073014822676e+00
7.921647476812026412e+00
4.777269944900201182e+00
-1.792620575031164121e+00
-8.235203924598859970e+00
-1.173865830416390743e+01
-1.158083523828876693e+01
-8.974560514792845112e+00
-5.817005600270585219e+00
-3.369253607043896537e+00
-1.714143716238351267e+00
-1.357591206954120722e-01
2.077251242858278779e+00
5.049994363199856728e+00
8.275205154825647114e+00
1.096569194835342920e+01
1.245844948094403648e+01
1.243480139157152387e+01
1.095391286373658701e+01
8.407757949551140086e+00
5.436826496718334845e+00
2.746660326454934520e+00
8.044049405616147119e-01
-4.361947784801019079e-01
-1.525498076480539922e+00
-3.103158619938583218e+00
-5.290986109061209142e+00
-7.365027312700458850e+00
-8.079383953507342397e+00
-6.548700017744870649e+00
-3.095119474023072748e+00
6.377901370665375325e-01
2.541794146905189233e+00
1.377281727380397447e+00
-2.350590994631235109e+00
-6.658428532721170967e+00
-9.367262408656074513e+00
-9.494786458675994467e+00
-7.726866395342641525e+00
-5.616508654824847291e+00
-4.150111765820330589e+00
-2.850920323902022879e+00
-2.040456467092321979e-01
4.859839854636126333e+00
1.159124638729244161e+01
1.735250724509175058e+01
1.910636465998887701e+01
1.549472449930036788e+01
7.982719153047996841e+00
1.304104433527557561e-01
-4.602183708346392343e+00
-5.004650722401161822e+00
-2.691699979901706286e+00
-6.991685138703451763e-01
-1.141922315488062223e+00
-3.665518286524969582e+00
-5.830194235634104771e+00
-5.122250761007684616e+00
-1.070028637489397028e+00
4.140707243416715144e+00
7.044948783272496406e+00
5.288987068891585430e+00
-6.900765910800035208e-01
-7.893640109701841823e+00
-1.271441806076762049e+01
-1.321619685572127878e+01
-1.017374746455285717e+01
-6.252068821015285494e+00
-4.027852895658814880e+00
-4.289845857082434044e+00
-5.724053832503919637e+00
-6.025777131931235431e+00
-3.513527069747897080e+00
1.875663875339029563e+00
8.719295582246452625e+00
1.502598707295468294e+01
1.915890633460551129e+01
2.022617711706607224e+01
1.798694692933023376e+01
1.270438788003227515e+01
5.245687223902786300e+00
-2.729871338896446176e+00
-8.953320636768662411e+00
-1.135895974383834961e+01
-9.214826099048192276e+00
-3.806495745784302276e+00
1.971346849537216173e+00
5.072075880916079527e+00
3.984647558228743947e+00
-4.243278238315721929e-01
-5.488742141276937936e+00
-8.385619058946144122e+00
-7.788062363310575442e+00
-4.503518204730209362e+00
-7.881570662313603925e-01
1.102483353998961357e+00
1.545546754364850450e-01
-3.062723912743653631e+00
-6.957458009149871003e+00
-9.824737773358343418e+00
-1.050042293286973205e+01
-8.535732009094564532e+00
-4.092173525980955517e+00
2.138701008311679530e+00
8.925484722175035301e+00
1.461796983144513007e+01
1.762493953269140334e+01
1.715114688609339311e+01
1.373347932815379480e+01
9.087967439972326034e+00
5.197607911490528920e+00
3.153457458925064572e+00
2.536218437146116500e+00
1.819492240628017843e+00
-4.347656270833213377e-01
-4.414261451367837097e+00
-8.768341652261440800e+00
-1.142720261806352511e+01
-1.096817782968910038e+01
-7.577346017793578525e+00
-2.954901409254501843e+00
7.265786177744404384e-01
2.053087049539580100e+00
9.662262676632197289e-01
-1.564667408770156420e+00
-4.394943971965309615e+00
-6.864734755634476215e+00
-8.819457140061839340e+00
-1.013748389833864394e+01
-1.032530985367680998e+01
-8.641455447991766903e+00
-4.702676586405861947e+00
9.471025756171389531e-01
6.853544135385147840e+00
1.135085034231718204e+01
1.347460107076394031e+01
1.341258072624612652e+01
1.215281167725402511e+01
1.060979103873322948e+01
8.922790050756486124e+00
6.487119367727343544e+00
2.695965230353709607e+00
-2.206910489793528551e+00
-6.877651108604167618e+00
-9.495285435135984997e+00
-8.863275138529791874e+00
-5.222853040004325820e+00
-2.090492635740837102e-01
4.012247744879509526e+00
5.836239155859930250e+00
4.855981826655855649e+00
1.754692933777511676e+00
-2.293487898964636784e+00
-6.197095558568728180e+00
-9.158038356861291973e+00
-1.059634316857729175e+01
-1.012441137419320469e+01
-7.779463809642317429e+00
-4.340362554336522294e+00
-1.295283558444958238e+00
-1.860411931860477264e-01
-1.570325380686446337e+00
-4.308370368998211575e+00
-5.859474122124272100e+00
-3.671072404104619658e+00
3.069028901754751626e+00
1.246836343252145163e+01
2.055313972879677209e+01
2.330615870330004213e+01
1.897671516861850094e+01
9.232548070148768105e+00
-1.631647740298175053e+00
-9.018747359513779926e+00
-1.050232019038710263e+01
-6.959760088076316187e+00
-1.723054064486073900e+00
1.645855286050921240e+00
1.507353781326162823e+00
-1.118658731346491075e+00
-3.609953014313082242e+00
-3.795135604236115956e+00
-1.581876722619005804e+00
9.370925259629596660e-01
9.598232390922403212e-01
-2.968818286980927645e+00
-9.714499389806082519e+00
-1.599147935179912139e+01
-1.825200594144700261e+01
-1.484348088234332153e+01
-7.055882042910097240e+00
1.623885759061508338e+00
7.594192074532903014e+00
9.245715870243557788e+00
7.762910407126163648e+00
6.125581399986677944e+00
6.974812303008365078e+00
1.074230836113166276e+01
1.527338781293716075e+01
1.720337594895999800e+01
1.420125361640430306e+01
6.620709897296737978e+00
-2.524038427676126073e+00
-9.256897774640977516e+00
-1.093414182592238681e+01
-7.689803145278666818e+00
-2.165413917446742609e+00
2.220609840343316321e+00
3.296236655097366963e+00
1.175940734505646290e+00
-2.226999211432281633e+00
-4.723621078551046182e+00
-5.288661662826367404e+00
-4.477543000898853265e+00
-3.685399861619313544e+00
-3.930439191817643341e+00
-5.099151882799724866e+00
-6.148545638903165411e+00
-6.000246724152695776e+00
-4.369195421773870436e+00
-1.892606941345326810e+00
4.754993537376437374e-01
2.255291200094795112e+00
3.754016900622024977e+00
5.657623851669164594e+00
8.258366362052800724e+00
1.097302770294236751e+01
1.257264884760396484e+01
1.197770302252319752e+01
9.027322879849775106e+00
4.653271512333307491e+00
3.467764058944560190e-01
-2.672583133430917357e+00
-3.997294004754030183e+00
-3.971802737148562912e+00
-3.207124566833978729e+00
-2.135456909409615633e+00
-9.470789467754268109e-01
1.476708529025443362e-01
7.004834214388421243e-01
1.682047692837085329e-01
-1.634152430745575924e+00
-4.173152644446137316e+00
-6.335488006024053931e+00
-7.088100893399050584e+00
-6.216269521951585553e+00
-4.549624491623188938e+00
-3.421950250568712715e+00
-3.696039561452121092e+00
-5.060719643692551450e+00
-6.153741341318424318e+00
-5.469900758776898186e+00
-2.422732031051463508e+00
2.201409611585103399e+00
6.717028848860576495e+00
9.582500799605616848e+00
1.025592089843283716e+01
9.287275153499054525e+00
7.673471319149829384e+00
6.048940797652124779e+00
4.352916677972936021e+00
2.175356319396645866e+00
-5.879868574432733919e-01
-3.376667769791817708e+00
-5.229348032870217544e+00
-5.452835154711428878e+00
-4.133087722487177373e+00
-2.065249270202566656e+00
-1.790524662410635237e-01
1.038633507791210109e+00
1.640347375233874860e+00
1.798825349833858001e+00
1.325156830065730151e+00
-3.367670677610598018e-01
-3.522418386822348868e+00
-7.635558458973275897e+00
-1.101687674054799437e+01
-1.171738062626938159e+01
-8.765694494892271038e+00
-3.014896795888170722e+00
3.159869243389484605e+00
7.239310327450247939e+00
8.107196153741632827e+00
6.659999235077059154e+00
5.009895506665906773e+00
4.844165101596606959e+00
6.151416900758048811e+00
7.272524042471502526e+00
6.246288334574761514e+00
2.436370720117750910e+00
-2.798569695717853190e+00
-6.913148777827480274e+00
-7.868225636182335059e+00
-5.454947646471682177e+00
-1.296439435373784477e+00
2.405835280566293477e+00
4.371506358829855721e+00
4.843485861937884884e+00
4.914477486009660723e+00
5.240398635618107370e+00
5.283107903328624566e+00
3.758638863890065629e+00
-6.602738117135009688e-02
-5.340909985403108351e+00
-9.825988066297151491e+00
-1.130262247078236726e+01
-9.178561185177851911e+00
-5.021795149093387423e+00
-1.526890103091005813e+00
-6.209975844403816669e-01
-2.114735406842076948e+00
-3.926316171377115971e+00
-3.720036770992154906e+00
-7.121162506033393846e-01
3.740022924810507909e+00
7.211735623528150008e+00
8.100434018072954601e+00
6.838402488739309781e+00
5.458594961355759168e+00
5.838186311790667382e+00
8.009758767430135151e+00
9.922780614995065918e+00
8.938756186059281461e+00
3.983512116994218921e+00
-3.290047736620062668e+00
-9.295598657144006793e+00
-1.079268143856391049e+01
-7.062095597129765423e+00
-4.323527404538807239e-01
5.209536293716975131e+00
6.855875253583464612e+00
4.067418879452265656e+00
-1.168230185972571000e+00
-6.125295103139309916e+00
-9.213284041710355865e+00
-1.066648499259205352e+01
-1.169507624950455771e+01
-1.295782492974793776e+01
-1.369145145414091225e+01
-1.223209029875853027e+01
-7.497327591561052884e+00
-1.975118810814393555e-01
7.261223910366858547e+00
1.219470609455248322e+01
1.334626280302874868e+01
1.160115669956814344e+01
9.176443253877641482e+00
7.911325499609130674e+00
7.960482802800150637e+00
7.870903070701236182e+00
5.953600134697695445e+00
1.866804095887582449e+00
-2.835657105456764970e+00
-5.650040580605330653e+00
-4.887363177355537047e+00
-9.575299123739551277e-01
3.779063018499227766e+00
6.496890925255929261e+00
5.671696633569634827e+00
1.902167180625056631e+00
-2.718441708789617106e+00
-6.134400751430593601e+00
-7.615490607197662243e+00
-7.919357755252081965e+00
-8.340007980901441798e+00
-9.480438986581795291e+00
-1.073369750397728417e+01
-1.084492283824912384e+01
-9.052672067976889281e+00
-5.849379117871947642e+00
-2.704280792209606155e+00
-9.182353874078215128e-01
-4.930543556698658847e-01
5.304821263627501615e-02
2.663517223432435799e+00
8.164814352882096671e+00
1.526228695400887148e+01
2.092424116988034299e+01
2.204672967362335356e+01
1.739336358694674090e+01
8.551759314561460101e+00
-7.696438067907074299e-01
-6.736018804878364463e+00
-7.477770565839136019e+00
-4.014807599581907027e+00
5.242675371841789556e-01
2.871884153977330989e+00
1.551774389726622516e+00
-2.392620766618730244e+00
-6.254200841386156284e+00
-7.499085784321628978e+00
-5.405130486325554706e+00
-1.496228158094804250e+00
1.449833254873311272e+00
1.157157167440247436e+00
-2.730501460680179626e+00
-8.417775428134286031e+00
-1.300389210261110939e+01
-1.413025112857376620e+01
-1.123652786376699453e+01
-5.729524426815828519e+00
-5.482043343438025573e-02
3.706077519173775148e+00
4.881080580110022105e+00
4.355853802119392881e+00
3.849913084538337138e+00
4.820183321852447023e+00
7.622122537575013901e+00
1.133176165392027812e+01
1.424019121313789782e+01
1.471336251579881704e+01
1.199795886513953924e+01
6.634547435456633835e+00
3.185400194883163394e-01
-4.751520623976134061e+00
-6.811711542616599502e+00
-5.380118673470517088e+00
-1.593603780732116615e+00
2.234256897124671237e+00
3.739916051827655075e+00
1.800877742590630604e+00
-2.747048514247949047e+00
-7.490081030487737657e+00
-9.822199089265540195e+00
-8.567557042927006705e+00
-4.803824018237330407e+00
-1.259463175352948383e+00
-5.599187716446158980e-01
-3.417918079710656531e+00
-8.003306024663583429e+00
-1.101023636379447979e+01
-9.793150016259890123e+00
-4.154439895490519064e+00
3.466383846286907655e+00
9.582114368683477323e+00
1.195107677063723273e+01
1.096280491512182742e+01
9.116633245170893574e+00
8.960412276514176710e+00
1.100420514562350682e+01
1.319146289584447373e+01
1.239934968725244246e+01
6.927353071056542078e+00
-1.867727923800678980e+00
-1.009054272756794823e+01
-1.374066952134712949e+01
-1.139088585500084783e+01
-5.186889594092118472e+00
5.991155583634888426e-01
2.472881475198080548e+00
1.771173805825676517e-02
-4.056420335564603796e+00
-6.126777246615876749e+00
-4.484299402254428912e+00
-6.615003682492492931e-01
1.746561770783921608e+00
-9.214504653523303279e-02
-5.887904658076224429e+00
-1.214316946979681511e+01
-1.448159163693217266e+01
-1.073525149524514077e+01
-2.536603325490476735e+00
5.771255021494226867e+00
1.013375688726235957e+01
9.515196373967636845e+00
6.376276192929374531e+00
4.577690952209115594e+00
6.295877959189827067e+00
1.027446899072975128e+01
1.274675631803991926e+01
1.037194643835757368e+01
3.002593014481335310e+00
-5.821203763993216818e+00
-1.111401376535432917e+01
-9.875965695979589398e+00
-3.256890509080784035e+00
4.132839449323765457e+00
7.325170114135899802e+00
4.347621338292354309e+00
-2.518524220104028988e+00
-8.436246309263314203e+00
-9.446178480721876269e+00
-5.216787048764945922e+00
7.896338951185346566e-01
3.800753416062577994e+00
1.095860519147914935e+00
-6.085987682479971461e+00
-1.335765855278643599e+01
-1.608799381293479769e+01
-1.238394454509826481e+01
-4.179575330692292034e+00
4.173910230429397572e+00
8.739748702711152006e+00
8.324184849350849902e+00
4.868135961617796603e+00
1.853996386158169862e+00
1.954976720440369409e+00
5.487237758663694898e+00
1.050651074945945673e+01
1.423082945040946257e+01
1.469773405944910927e+01
1.162911809288437048e+01
6.192991451172010997e+00
1.144763665331205438e-01
-5.135061527726735520e+00
-8.641983754684831709e+00
-9.944932857979781105e+00
-8.909362718667905412e+00
-5.832184489730345867e+00
-1.648268323802744684e+00
2.123468776706801009e+00
3.909584243171179807e+00
2.884019437835998012e+00
-4.886426176158016332e-01
-4.626521430961503256e+00
-7.710671460014359546e+00
-8.735807936580680888e+00
-8.021292714544655311e+00
-6.816020998308482959e+00
-6.267950789484918239e+00
-6.498728765452188583e+00
-6.468676269763340869e+00
-4.755947291416731559e+00
-7.009166414084084806e-01
4.925552415832505915e+00
1.025444692026987070e+01
1.346046342703758469e+01
1.391833184507976284e+01
1.253364331911921603e+01
1.097875063806761453e+01
1.036002962108230285e+01
1.029233883140655337e+01
9.113384628771862950e+00
5.173400450796032501e+00
-1.669462655257409001e+00
-9.448341630031652727e+00
-1.493515769690722550e+01
-1.550627469373072564e+01
-1.084481999754478387e+01
-3.321571505590740880e+00
3.279020865999941137e+00
5.927611178372953482e+00
4.034468978373013215e+00
-4.307434181114522254e-01
-4.426854355328729618e+00
-5.900943941444023011e+00
-5.009828259045140619e+00
-3.694404646957636817e+00
-3.967079557683136137e+00
-6.191425556303499000e+00
-8.643257086656744193e+00
-8.718347377856371594e+00
-4.939212495142534465e+00
1.715848439329773267e+00
8.206086419122097908e+00
1.137058435624705588e+01
1.009842021262797473e+01
6.166549105131188036e+00
3.067208599366307631e+00
3.559698194870714705e+00
7.629828622821994699e+00
1.232591377644745023e+01
1.367365684603115028e+01
9.418794810526842198e+00
7.279789826711526857e-01
-8.350259759345828314e+00
-1.334839286662036351e+01
-1.213914759864541004e+01
-6.166745535673551437e+00
6.228249376894805511e-01
4.364293173169893514e+00
3.596321779989689826e+00
-1.862114353524013666e-01
-3.975364430076900657e+00
-5.531306093595979689e+00
-4.839232814388965132e+00
-3.772782398244957314e+00
-4.344340769911172018e+00
-6.936091743154110034e+00
-9.863539813609998319e+00
-1.058987826795292087e+01
-7.665769250081428510e+00
-1.929284028967952480e+00
3.952118974187660783e+00
7.295360860194011643e+00
7.270066574694450168e+00
5.463844801020417030e+00
4.707379446047601945e+00
6.957517685669391660e+00
1.171354187571022010e+01
1.609463482967776571e+01
1.658795918558159599e+01
1.135839012630395217e+01
1.636894933070233371e+00
-8.705913334210141130e+00
-1.516038140404793921e+01
-1.497278533525491184e+01
-8.571769866451615982e+00
7.157360699116752656e-01
8.413157796084400175e+00
1.110355387155306062e+01
7.952544089123454896e+00
8.600859706560615159e-01
-6.700438150481407895e+00
-1.147699990504852785e+01
-1.195928972581157268e+01
-8.923137991818125059e+00
-4.800675975178007704e+00
-2.243430437414766665e+00
-2.631062964359045964e+00
-5.307781093790525873e+00
-7.963823075057529621e+00
-7.970802531994792162e+00
-3.934845413335459341e+00
3.426250089974633095e+00
1.160912957680293189e+01
1.766930867133622129e+01
1.976890695914047313e+01
1.798355687774970590e+01
1.391047281129662316e+01
9.417449636050204020e+00
5.440411048353439583e+00
1.668869239319208830e+00
-2.711345506945456840e+00
-7.845644582298843872e+00
-1.257389631467424529e+01
-1.490777411259769636e+01
-1.335664632796104456e+01
-8.155997152409753426e+00
-1.455283545166590642e+00
3.768193208813372497e+00
5.392075979845638578e+00
3.307673098461340722e+00
-7.091352877715031422e-01
-4.277671738429098092e+00
-5.919559815821051174e+00
-5.766749705893558620e+00
-5.078103947372162530e+00
-5.049339676556536816e+00
-5.862701014220585094e+00
-6.648443033039593608e+00
-6.272811051891751255e+00
-4.239473985932994182e+00
-9.767319933821569933e-01
2.642679379427463005e+00
6.038073172067969452e+00
9.209065092571318445e+00
1.230836260539598825e+01
1.492350458567664973e+01
1.583213232594281905e+01
1.365433507517676226e+01
8.043359231794152464e+00
4.734329091797055966e-01
-6.169635646850462507e+00
-9.145907973124726809e+00
-7.590850467404743895e+00
-3.170697833215937678e+00
9.162543307462720499e-01
2.004557988250678768e+00
-3.086512604315178043e-01
-3.993772327348080076e+00
-6.120362049158791784e+00
-5.012253827914690874e+00
-1.487703311871878098e+00
1.703981582670717199e+00
1.843285174157298867e+00
-1.803251074147804944e+00
-7.409873068371701343e+00
-1.177113245972991784e+01
-1.236311191424476341e+01
-8.845170416688915793e+00
-3.040894174267041450e+00
2.437310997674008384e+00
5.838878206823620687e+00
7.059832220512705092e+00
7.184972552306658322e+00
7.354678648559366927e+00
7.920029466503298643e+00
8.456018465706659271e+00
8.415345255563671856e+00
7.703617417174677406e+00
6.635056977082094853e+00
5.383873425169033666e+00
3.572475983593081494e+00
5.466934645932703951e-01
-3.763337356241367893e+00
-8.145330896444290758e+00
-1.035970256985314464e+01
-8.452486116297151852e+00
-2.323878487356195066e+00
5.636763863350165771e+00
1.151870771328804111e+01
1.201920407611711994e+01
6.403389408850591380e+00
-3.012856853486196584e+00
-1.219954964031752631e+01
-1.768535805913291625e+01
-1.828351561547085424e+01
-1.523830225370831037e+01
-1.090310620367474215e+01
-7.040729429796281025e+00
-3.953074081562998998e+00
-8.820945701639137937e-01
2.876347121147955654e+00
7.157241150703563370e+00
1.102630708992500175e+01
1.356175925941570526e+01
1.451860885729616513e+01
1.425790340624579855e+01
1.306334545151901239e+01
1.059227228926406461e+01
6.137150497478153000e+00
-3.714223651164756390e-01
-7.479038861600709076e+00
-1.240801072529343152e+01
-1.254761769435441465e+01
-7.343722526497272085e+00
8.333746961262724628e-01
7.711147777312334028e+00
9.572729213898400147e+00
5.567964665177590255e+00
-1.743819060996587123e+00
-8.076739645393315570e+00
-1.022035089143793130e+01
-8.037135310190333115e+00
-4.290021506614073665e+00
-2.482757890572858450e+00
-4.304798322189071769e+00
-8.507647876038992862e+00
-1.194159128807175563e+01
-1.188526512927178125e+01
-7.901114448725270023e+00
-1.897622413088183357e+00
3.505512456655721643e+00
6.934786199191883327e+00
8.999907894377447093e+00
1.130534347979033072e+01
1.463598366024670483e+01
1.787666911220446053e+01
1.862625242429660943e+01
1.508763333346846025e+01
7.748654533556198487e+00
-5.350915878573592188e-01
-6.243545569062174394e+00
-7.486671319887035381e+00
-5.202890462299634144e+00
-2.363599700095401879e+00
-1.764379642398096193e+00
-4.030434534663318580e+00
-7.289655086669743156e+00
-8.711861590538456213e+00
-6.730773224946758226e+00
-2.289442801849634002e+00
1.786971807487493624e+00
2.786525538713710226e+00
-1.110912164152155768e-02
-4.911122254672056542e+00
-9.057330806198850226e+00
-1.037080267817911050e+01
-8.763710125067037282e+00
-5.852843462477721914e+00
-3.541143655319326733e+00
-2.608550508035080817e+00
-2.318859649911867216e+00
-1.192901803058851407e+00
1.769346713820240780e+00
6.363244944251681190e+00
1.138706583358604973e+01
1.545431571076719557e+01
1.769151947722656359e+01
1.784882098558276908e+01
1.595050407556773209e+01
1.201080540347518877e+01
6.197412391123050313e+00
-7.026407061008135280e-01
-7.069788913275502296e+00
-1.093499663792709420e+01
-1.102421927030969329e+01
-7.665134026865692896e+00
-2.814244083506046934e+00
9.608359269576594031e-01
1.931126503277751816e+00
1.098091716182278965e-01
-3.006582104682352430e+00
-5.636612795403864062e+00
-6.948581274059090873e+00
-7.429794801163028595e+00
-8.173500563890392812e+00
-9.704337485393818241e+00
-1.130751705138164098e+01
-1.141743736743901039e+01
-8.783868785841216109e+00
-3.520965746839960886e+00
2.774444157302775160e+00
7.946910973839748316e+00
1.058506578521323505e+01
1.077841967295673520e+01
9.833898923544818871e+00
9.225938395296379824e+00
9.571544824227141035e+00
1.032593207882794140e+01
1.030989732438938411e+01
8.588143147294845292e+00
5.056631032925180236e+00
4.266175098290108103e-01
-4.215037133214309506e+00
-7.848932988352675721e+00
-9.710105462796601472e+00
-9.307228944977575580e+00
-6.534638942827202257e+00
-1.962608300568698283e+00
2.952547615229669908e+00
6.140124603657101332e+00
5.796076750526635735e+00
1.472830625500869850e+00
-5.364426809624203152e+00
-1.185627502144141054e+01
-1.519666450402791469e+01
-1.416693405525642291e+01
-9.755112151940116050e+00
-4.420561833265856500e+00
-4.818159310069773937e-01
1.281506689497456275e+00
1.877359460639303146e+00
3.091162165880223522e+00
6.002180617295586273e+00
1.011711263503564062e+01
1.371241309676238629e+01
1.506283849948812659e+01
1.359958597726421203e+01
1.015420763343922772e+01
6.190200584121368976e+00
2.706611827057109565e+00
-2.909899352110740800e-01
-3.364696823416954086e+00
-6.682675602858195951e+00
-9.396307019762796031e+00
-9.969353129277035208e+00
-7.299369690444683201e+00
-1.797666991614652598e+00
4.444237544488248481e+00
8.634055876161493615e+00
8.801209266484288918e+00
4.859673109661299506e+00
-1.462414638908999365e+00
-7.703035822248986975e+00
-1.197026291078597104e+01
-1.362932814802156756e+01
-1.307890830378984681e+01
-1.101159354586238237e+01
-7.851246018461107923e+00
-3.776473397939279053e+00
8.429298033141301438e-01
5.146217573102829235e+00
8.029369791371989251e+00
8.829093814642334337e+00
7.882918658391461442e+00
6.426831137566018093e+00
5.792660268660524636e+00
6.451974415288781906e+00
7.638658705313314812e+00
7.890228670021256718e+00
6.158523109344416824e+00
2.682560410217612379e+00
-1.043652700940289613e+00
-3.224364651231514944e+00
-2.971126947690912345e+00
-9.029770006972610563e-01
1.291050579383806518e+00
2.006252347715597129e+00
7.627688188158900928e-01
-1.597427419143172322e+00
-3.658991882853436017e+00
-4.542571969440182045e+00
-4.545343136720036981e+00
-4.845385938288977457e+00
-6.495357807171643572e+00
-9.448919087627999147e+00
-1.234335874019164692e+01
-1.323299457760203524e+01
-1.081150407389097445e+01
-5.327597224025733880e+00
1.403869945526138974e+00
6.918292681987313841e+00
9.401437103854480171e+00
8.618848594864168433e+00
5.963284510786202475e+00
3.625601466912956816e+00
3.370615974551702365e+00
5.583556612396938235e+00
9.079363209668349199e+00
1.175630022222318516e+01
1.174363407259379066e+01
8.444840948762326605e+00
2.925370688762163773e+00
-2.580516573810457182e+00
-5.811953596030715374e+00
-5.677017055025459946e+00
-2.842270142912919795e+00
6.375451350651806237e-01
2.467770972119087691e+00
1.392927474002975119e+00
-2.139922750693588505e+00
-6.321927599233594819e+00
-9.101204879270923698e+00
-9.371577316405694802e+00
-7.497360996453689808e+00
-4.896106012394092488e+00
-3.030436876681759095e+00
-2.526046102254500436e+00
-2.982581680749597286e+00
-3.499621619262081484e+00
-3.415226158335078033e+00
-2.647892418220903377e+00
-1.419270121430908915e+00
3.006584007001560366e-01
3.010891488291857598e+00
7.213006076069383710e+00
1.254092390862214401e+01
1.724697593185585021e+01
1.870107229906518143e+01
1.486413207767031608e+01
5.882677057621922501e+00
-5.348930562763436924e+00
-1.428612614092144995e+01
-1.704858649667396975e+01
-1.261376782486629544e+01
-3.493451421660245693e+00
5.614594724754332411e+00
1.042829627764342426e+01
9.351927653150827524e+00
4.048622691979863575e+00
-1.941217010747466443e+00
-5.538107151582014609e+00
-5.870077554944174381e+00
-4.380120847564769271e+00
-3.414574135505502817e+00
-4.415457938832104468e+00
-6.996401654193610042e+00
-9.437015096265561453e+00
-1.007100827797705023e+01
-8.450089736103876703e+00
-5.440557193483172682e+00
-2.296605217705748103e+00
4.464885814864247848e-01
3.312925943295158326e+00
7.168035667848942083e+00
1.203747493340634023e+01
1.648496097090505685e+01
1.818612501165841167e+01
1.542145406506963212e+01
8.456036631917116964e+00
-2.370292802433970891e-01
-7.182954655790983800e+00
-9.811399818086581348e+00
-7.825077226397350039e+00
-3.155067579028097313e+00
1.401066418094870869e+00
3.880292218130197313e+00
4.050415821060604493e+00
3.004380575624403971e+00
1.918107968697568833e+00
1.003868860154581100e+00
-5.388686510063438462e-01
-3.597666081602434840e+00
-8.046700793677397101e+00
-1.241086508790993470e+01
-1.463555872500439570e+01
-1.343305970863077015e+01
-9.204078310207561842e+00
-3.824693094296884865e+00
5.721978946152019851e-01
2.940292774637239148e+00
3.814937176883208103e+00
4.626438723549561871e+00
6.388508997600094830e+00
8.785192936513515960e+00
1.036716616895741794e+01
9.711732349139040821e+00
6.650030771979200672e+00
2.593555515117095034e+00
-3.383059873644007620e-01
-7.780031077065497902e-01
9.179929610510862981e-01
2.920245585988908488e+00
3.241516601532627107e+00
1.171171064014039587e+00
-2.208223351608253004e+00
-4.790976001565397269e+00
-4.942945398826345205e+00
-2.650400090723206592e+00
4.720231099801210917e-01
2.274792905466752835e+00
1.462303425310716998e+00
-1.676826938419324176e+00
-5.612666791156517121e+00
-8.621205474754473741e+00
-9.732676444466918042e+00
-8.979132756544323968e+00
-6.956268489956586976e+00
-4.223983787304388393e+00
-1.079687765001417610e+00
2.206261494566288839e+00
5.078262566513060960e+00
6.765852807905156752e+00
6.803844072436226575e+00
5.567401440813259050e+00
4.251083800773811205e+00
4.124902139559237568e+00
5.541731251727257224e+00
7.497210699781803100e+00
8.217223365581393324e+00
6.460292257643729386e+00
2.583870393902120810e+00
-1.510300292287594326e+00
-3.638399121729893437e+00
-2.935325028767237221e+00
-5.717315809476366528e-01
1.045314863907425451e+00
7.778542964842327656e-02
-3.272576863305550088e+00
-6.803792977462179259e+00
-7.935370754889035538e+00
-5.746752913849508815e+00
-1.860318385609314840e+00
6.062563802503869725e-01
-6.590475380854765586e-01
-5.300559355452899801e+00
-1.032797240079700707e+01
-1.212926800495317892e+01
-9.043058806235681146e+00
-2.582934929116326828e+00
3.644679367313603535e+00
6.573027184968021075e+00
5.905234464104593073e+00
4.242939972343702237e+00
4.969099853791125732e+00
9.449315901635429782e+00
1.568070498881256469e+01
1.947993974790544058e+01
1.741367442783694841e+01
9.347784860655586670e+00
-1.263214317850519297e+00
-9.575693866426028933e+00
-1.245151539532846741e+01
-1.022571499032479814e+01
-5.957527007538529595e+00
-2.873563752642645852e+00
-2.028315493039110073e+00
-1.947412410998933696e+00
-4.063357651701466899e-01
3.202347462609548945e+00
6.917635592510788634e+00
7.535142534639275524e+00
3.218775376184164649e+00
-4.688162799119446333e+00
-1.219706929083361935e+01
-1.530323199610497120e+01
-1.279345137980620883e+01
-7.089334321415684315e+00
-2.417534943355091670e+00
-1.626600042161118420e+00
-4.041650252321063341e+00
-6.014752271865203781e+00
-3.810847651749497800e+00
3.320499088686490019e+00
1.223340856993159065e+01
1.790611555770804841e+01
1.698066045543951930e+01
1.024340924746510773e+01
2.200702156945394616e+00
-1.996897717252235971e+00
-1.064922073444114492e-01
5.694295189012283487e+00
1.037681891784005828e+01
9.567339202544861365e+00
2.524668190228227971e+00
-7.413925650057391792e+00
-1.508597729088525696e+01
-1.678229136606197613e+01
-1.232379091522290615e+01
-4.733114136068971689e+00
1.962374445855244121e+00
5.098111039060084337e+00
4.382675655698919925e+00
1.232005124761204495e+00
-2.665417632332281350e+00
-6.312258149978550392e+00
-9.332767530394351141e+00
-1.131155667195790215e+01
-1.144247547765810324e+01
-8.970793434138485622e+00
-4.050983163100959850e+00
1.861765491667737749e+00
6.646940919163772499e+00
8.853763322106177114e+00
8.719396688936591033e+00
7.987208503652119873e+00
8.545366197240300110e+00
1.087186493565423717e+01
1.350413035340640810e+01
1.401827009404416735e+01
1.084631296413501467e+01
4.580166409993497112e+00
-2.242580054585103344e+00
-6.749533580998769544e+00
-7.572745554226298914e+00
-5.585896118316515668e+00
-3.053548174866688392e+00
-1.901619133791458083e+00
-2.442940644779167947e+00
-3.478672653198419340e+00
-3.589533369745421254e+00
-2.507158344291882557e+00
-1.432763545867488997e+00
-2.046500116132220715e+00
-5.018034794607920901e+00
-9.237896655105179988e+00
-1.242108184188688469e+01
-1.264676347371067244e+01
-9.656238977432535009e+00
-4.921681659012072885e+00
-4.657950624729965128e-01
2.612737687706410128e+00
4.743694796087358334e+00
7.174417345251092648e+00
1.057055154449422218e+01
1.412246271434084832e+01
1.595282810293532449e+01
1.456327952517999513e+01
1.017939774019239252e+01
4.866038998537717930e+00
1.208862399128748155e+00
4.912668842925227430e-01
1.751230083185763453e+00
2.496383429890451922e+00
6.184867023586826384e-01
-3.889869725980538373e+00
-8.726959192323878511e+00
