-3.101767229705389539e+00
-5.229491338433571279e+00
-5.797424504709939974e+00
-4.160809428262917997e+00
-8.878647553697116557e-01
2.202322630920394708e+00
3.148390788710751398e+00
1.360707346482947111e+00
-1.704272692085895491e+00
-3.429699936239110070e+00
-1.988889146864170954e+00
2.085050509908080940e+00
6.021150948932058711e+00
6.718310944753137726e+00
3.122699583734717343e+00
-2.732320824923504698e+00
-6.942611700858384083e+00
-6.457405369407625884e+00
-1.363422920379668835e+00
4.998624729056186489e+00
8.272859636057100730e+00
6.127139544637066670e+00
-9.824961847331725728e-02
-6.342147749754377450e+00
-8.691816172435453680e+00
-6.085325163418851879e+00
-8.998630651180430373e-01
2.945374172116319578e+00
2.909961434036758110e+00
-4.050414724747253281e-01
-3.916184467059942165e+00
-4.558390931077880737e+00
-1.678209948946063790e+00
2.500668557435573813e+00
4.656864869712818766e+00
2.997265550601408535e+00
-1.294227255860088466e+00
-4.888815622678032824e+00
-4.787608512703172892e+00
-5.690012914340993877e-01
5.264196523436393882e+00
9.064002092661914034e+00
8.589648188566446407e+00
4.454134682551829094e+00
-5.274000847741873166e-01
-3.493903968950619277e+00
-3.531830693325820114e+00
-2.055630189088109461e+00
-1.410530766388674362e+00
-2.871504969913302396e+00
-5.598111618504133524e+00
-7.298671473700978574e+00
-6.029284928321760439e+00
-1.729773620171505488e+00
3.632985835157739540e+00
7.353808944390758384e+00
7.708197836409061310e+00
4.879176370880226266e+00
5.638463910541844371e-01
-3.264942970541630629e+00
-5.441009529662206745e+00
-5.829845775728157875e+00
-4.789986158040691500e+00
-2.564519275446158542e+00
7.721599884914779333e-01
4.810619302920043694e+00
8.346649377863421648e+00
9.609361558005730330e+00
7.251194565225323352e+00
1.463460962319545366e+00
-5.666746869927237640e+00
-1.098919526354412746e+01
-1.191145459697960440e+01
-7.823056905687295171e+00
-4.408734271915886183e-01
7.100321788658343181e+00
1.180400407961325016e+01
1.209236723890898091e+01
8.205094726118955961e+00
1.746686208861019995e+00
-5.128537897243722554e+00
-1.040446226014962861e+01
-1.260889017868670336e+01
-1.107802789371931063e+01
-6.210160355400781818e+00
4.145762793420999515e-01
6.349215414598265994e+00
9.170734964486154439e+00
7.647843536437307854e+00
2.524429932254080633e+00
-3.669192572274240227e+00
-7.818135259226359324e+00
-7.812814658164557891e+00
-3.606568726702218619e+00
2.863509941119819935e+00
8.779700245353160071e+00
1.184653203174311464e+01
1.118220220085854955e+01
7.339374200036003160e+00
1.705622937887071977e+00
-4.160552486265570948e+00
-8.875939606448165264e+00
-1.130503099604458761e+01
-1.066977085979547724e+01
-6.881774824621826880e+00
-9.052800608025948215e-01
5.282070101013294661e+00
9.386913817205229549e+00
9.907532179720824672e+00
6.978341705344280221e+00
2.330159545252587172e+00
-1.698130884548554986e+00
-3.489529371139555192e+00
-2.948056117426099743e+00
-1.265287468631835388e+00
1.032340448048356674e-01
4.561126814928647688e-01
1.258973934482179313e-01
-9.098947585195099608e-02
2.135898642137158410e-01
6.847106586857976129e-01
6.209039819499855284e-01
-2.137811993269164712e-01
-1.154177849093519059e+00
-1.056956319437176273e+00
6.752950510897220981e-01
3.308759869241786333e+00
4.986938396417126995e+00
3.949633685321150445e+00
-5.828401777805680695e-02
-5.270722646746915707e+00
-8.789192831658933613e+00
-8.374869059118253745e+00
-3.939136926785539394e+00
2.316228438064339645e+00
7.232124283719029378e+00
8.595934838577704795e+00
6.338578682491561977e+00
2.285597191927342120e+00
-1.241686911115270187e+00
-2.916972600127782922e+00
-2.981219708356245945e+00
-2.650991051354330885e+00
-2.979425234630888486e+00
-4.094192053344030136e+00
-5.310774120397002029e+00
-5.861566773701943234e+00
-5.523991635276429335e+00
-4.618765310016395453e+00
-3.475080053860296836e+00
-1.957978155394114239e+00
4.130129338450214682e-01
3.796510168128989005e+00
7.426742094632940550e+00
9.736628397553051428e+00
9.302313987618768820e+00
5.971178360132297414e+00
1.257416863325905076e+00
-2.445537631804358014e+00
-3.391721671382525116e+00
-1.673527238009409501e+00
8.357522881790218072e-01
1.816463986501970052e+00
1.850375342317280847e-01
-3.100698889972049788e+00
-5.720722723999546844e+00
-5.676823558831434191e+00
-2.757471691721554485e+00
1.279597969487979547e+00
3.924862266256922805e+00
3.634432124308816903e+00
8.153352667831694767e-01
-2.571752886376674319e+00
-4.413402178645066343e+00
-3.779396090593584834e+00
-1.272821163491565599e+00
1.705929369946960206e+00
4.060870185258027121e+00
5.564300822748325714e+00
6.534007795180286848e+00
7.070897649125322815e+00
6.666780085265917144e+00
4.624184653726566729e+00
9.534803236710405194e-01
-3.099730124878603998e+00
-5.526691707521734109e+00
-4.848835061886410003e+00
-1.304533260441196330e+00
3.048811316386664583e+00
5.544034559595433898e+00
4.646681231846693905e+00
9.816340782433550238e-01
-3.136510829119352195e+00
-5.358239794431064240e+00
-4.932412707728728307e+00
-3.108773024440379285e+00
-2.018381650638916280e+00
-2.896793989154243132e+00
-5.027012866228509402e+00
-6.242353976443134833e+00
-4.636409392486283032e+00
-1.817848290418333512e-01
5.009360445219566138e+00
8.047066557207175563e+00
7.283481947271498669e+00
3.501710923387870711e+00
-6.288926357395856481e-01
-2.459951486531436693e+00
-1.247556462003746258e+00
1.371705469585990711e+00
2.669648664789606052e+00
9.405558544335130833e-01
-3.114082703636686489e+00
-6.765807948679793959e+00
-7.165777607739348021e+00
-3.432873677273496682e+00
2.566693054714506594e+00
7.327832772787154170e+00
7.971749097137883489e+00
4.145638291888169569e+00
-1.705312238536165204e+00
-5.856635743491183987e+00
-5.610266820473190030e+00
-9.227495843817867804e-01
5.608914369209245798e+00
1.030194989018299623e+01
1.046930936207539631e+01
5.803849914764484197e+00
-1.626230294718403302e+00
-8.606069964229959623e+00
-1.242978047116478457e+01
-1.209234163048703437e+01
-8.513663063142475451e+00
-3.846183541694799146e+00
-3.243540831467899288e-01
7.726504516284540269e-01
-3.857108478023350551e-01
-2.392949683116486259e+00
-3.394632157471728640e+00
-2.093535098507955716e+00
1.502669121635227700e+00
5.986174493319245116e+00
9.213266137033150116e+00
9.435706865096676665e+00
6.306136717965963534e+00
1.170634705470876558e+00
-3.574184501994654539e+00
-5.742548916104109225e+00
-4.534948198293260901e+00
-9.488150144966560617e-01
2.810086001157271696e+00
4.558589068516193166e+00
3.287357350766644704e+00
-4.035933846504402567e-01
-4.758271735365307009e+00
-7.854480809420604892e+00
-8.520556293773630330e+00
-6.709279720652173928e+00
-3.253601625904519956e+00
7.083350501506495700e-01
4.240799264021103632e+00
6.811122986092916776e+00
8.207277160201261523e+00
8.365516947564952233e+00
7.287306829854320434e+00
5.087675227604950834e+00
2.088850408615992915e+00
-1.156206311603979575e+00
-3.962735193291802904e+00
-5.703434779141264954e+00
-6.010273863525879001e+00
-4.911677980805680299e+00
-2.848037693327571951e+00
-5.341625669593230707e-01
1.316198344918181551e+00
2.310058664417740104e+00
2.570858131859362850e+00
2.649218658478032840e+00
3.128117837696382075e+00
4.122945749508976299e+00
5.024378638974265954e+00
4.752567177671941145e+00
2.473580965953860122e+00
-1.640372924296004342e+00
-6.166213908360530738e+00
-9.007107543663982696e+00
-8.561761524305047999e+00
-4.789291223633447281e+00
5.647852668910523510e-01
4.834322971636487942e+00
5.927359596543237075e+00
3.527588776743649124e+00
-7.742601486781740538e-01
-4.508236950316211633e+00
-5.830632347068642751e+00
-4.513087254228885570e+00
-1.797676114806756154e+00
6.951181081161654784e-01
2.160674670459026281e+00
3.025127213577872176e+00
4.307853596310786237e+00
6.463679047646659015e+00
8.643810968835808239e+00
9.019798416775557826e+00
6.029941330849124981e+00
-2.970315872533437762e-01
-7.899224861525405927e+00
-1.351633982981045712e+01
-1.435792622815884023e+01
-9.620377272121068302e+00
-9.747407174292108678e-01
8.208493724261680669e+00
1.440603460610630648e+01
1.541808873098299237e+01
1.110703440823632171e+01
3.220257427263359951e+00
-5.437205768131831540e+00
-1.204613677383737702e+01
-1.467973006073825815e+01
-1.286891337857897000e+01
-7.705216479892575521e+00
-1.408167793740164875e+00
3.583366344588557961e+00
5.688436093079906719e+00
4.909960767513764424e+00
2.745271775954966742e+00
1.229132380221620968e+00
1.622312760375783203e+00
3.577155721984770942e+00
5.383520806458073515e+00
5.198689951544555043e+00
2.450544588887650033e+00
-1.590866731553431057e+00
-4.550869308048638651e+00
-4.552038313890188981e+00
-1.573969326487764775e+00
2.425789369361455616e+00
4.778846230036870146e+00
3.912546238837837809e+00
4.285971918054451990e-01
-3.323955152478327069e+00
-4.893088085052347047e+00
-3.422216851827023287e+00
-1.975830233514955236e-01
2.331202188194558822e+00
2.334631124671358027e+00
-9.986237682910314994e-02
-3.077142052099558711e+00
-4.301178942582063236e+00
-2.743520017833855906e+00
6.213211411786440097e-01
3.507359857524852131e+00
3.904074116649728587e+00
1.425975762611854769e+00
-2.479456735209408791e+00
-5.526071721616035326e+00
-6.029584337292828167e+00
-3.821665767040587802e+00
-1.384713103701225023e-01
3.267686146071653752e+00
5.089492154207647445e+00
4.911254821244298796e+00
3.056427354499116511e+00
1.880234316874005440e-01
-2.945610427025243006e+00
-5.536770979384170843e+00
-6.749328194255772573e+00
-5.993933562218072275e+00
-3.377782263108583649e+00
5.752404717315218186e-02
2.679985283087289893e+00
3.156430085280998554e+00
1.358666142395130061e+00
-1.390024647041543604e+00
-3.022383761484199738e+00
-2.009299249660559283e+00
1.623656622744997780e+00
6.255558117269899299e+00
9.655279883711266109e+00
1.032546167475958043e+01
8.297575793650477038e+00
4.886821915191955412e+00
1.673739401717674546e+00
-4.920840331522202682e-01
-1.759801325423205665e+00
-2.724920684351525679e+00
-3.612884422863110956e+00
-3.930963398588522395e+00
-2.901373816393860494e+00
-3.194685105515123746e-01
2.900719472573141999e+00
5.020722670280181710e+00
4.498358197195569730e+00
1.047087472916511164e+00
-4.022068460753458474e+00
-8.445347738963997486e+00
-1.023301231724256866e+01
-8.702808677119524106e+00
-4.719999670673034942e+00
-9.614422136027622745e-02
3.391229312901530069e+00
4.764780306073090443e+00
4.070461147416661873e+00
2.120606298994011318e+00
3.798655399174993841e-02
-1.167346299242114860e+00
-9.232753293286288798e-01
6.699362225269469562e-01
2.768914235272116109e+00
4.039660955154730004e+00
3.295979066110852340e+00
2.917602603754301249e-01
-3.833128601121410739e+00
-6.903667545838832353e+00
-6.856131576637396918e+00
-3.085251827800202129e+00
2.890195253995469393e+00
8.014116448409930982e+00
9.324824214431805203e+00
5.692056821434588798e+00
-1.430548577284248779e+00
-8.742942498166696552e+00
-1.288608442107861940e+01
-1.218032599382051373e+01
-7.295838765120379321e+00
-5.799045883074600560e-01
5.370281441414456403e+00
8.919837372492420258e+00
9.744070614617793780e+00
8.375207403141407880e+00
5.545462996902360331e+00
1.899865484999873733e+00
-1.836393248043886928e+00
-4.641485807518064277e+00
-5.393618876927929406e+00
-3.522305082779637164e+00
3.640411841188662123e-01
4.490875935102431882e+00
6.773134193429624084e+00
6.047478653684597028e+00
2.832766296326558741e+00
-9.787695090343544457e-01
-3.355988366464647044e+00
-3.457173339098063458e+00
-2.116182149209469010e+00
-1.133581744562292215e+00
-1.875580233126713514e+00
-4.185394978625103235e+00
-6.392010405185194699e+00
-6.423203703132029929e+00
-3.258137534243638278e+00
2.266986123446151247e+00
7.828168140460427082e+00
1.089908740791851116e+01
1.013121763837291311e+01
6.015840642462259247e+00
5.222215412484798591e-01
-3.977705863720055746e+00
-5.854373246752148319e+00
-4.873597843439391397e+00
-2.139870975792636187e+00
5.402111871186768832e-01
1.551380271976434688e+00
2.558298041853599436e-01
-2.648197957046510176e+00
-5.400131330820483910e+00
-6.058532278279106897e+00
-3.637843248085376402e+00
1.114815059955304388e+00
5.872195057308304378e+00
7.914248953245158091e+00
5.775105584843434059e+00
3.331051297595633010e-01
-5.476398261872319928e+00
-8.319239490615540689e+00
-6.529925780174230532e+00
-1.232605663988334932e+00
4.306291740671323254e+00
6.743311766418353947e+00
4.783160974525010545e+00
-8.390367872004111938e-02
-4.730363855196168643e+00
-6.585057012229183826e+00
-5.283264254843413887e+00
-2.601658210748480471e+00
-8.026660110176804253e-01
-7.211674352296197910e-01
-1.118809363736334106e+00
1.628866620934030784e-01
4.154177230140201793e+00
9.479615381077005409e+00
1.298383178194900722e+01
1.193220151392071848e+01
6.179162739955243566e+00
-1.390588020674160541e+00
-6.618596595153872997e+00
-6.852891213029372430e+00
-2.758190995521058841e+00
2.183256641874953718e+00
4.149199533301461962e+00
1.653438025447544035e+00
-3.500852873947987831e+00
-7.637118590196495305e+00
-7.901170401778962571e+00
-4.244881713709791171e+00
7.063061991526250472e-01
3.700150728450595672e+00
3.217767650554338221e+00
3.930761553196748248e-01
-2.099874804570008191e+00
-2.229945414722785735e+00
-1.453070300144779226e-01
2.073351585780935480e+00
2.163733058588145131e+00
-4.760670700658176102e-01
-4.267871777753410534e+00
-6.593561199339571743e+00
-5.661889345058803258e+00
-1.687690144229696543e+00
3.405237408878353023e+00
7.375840632907844530e+00
9.005246509412046407e+00
8.440495322365855202e+00
6.519753880259177237e+00
3.878546734091107950e+00
6.823921219990234377e-01
-2.879732356255479520e+00
-5.998395861130886964e+00
-7.339535630649507425e+00
-5.969871541698267947e+00
-2.372466099349249902e+00
1.462925766288832197e+00
3.232163799053899833e+00
2.039980796877522984e+00
-7.180958941726663936e-01
-2.203698740960872371e+00
-2.853324694629364444e-01
4.576229443955816656e+00
9.262932218807176099e+00
1.003588193545586904e+01
5.319320834909687434e+00
-2.842126215954405843e+00
-9.886090752378880353e+00
-1.176637275606321786e+01
-7.784334130277715147e+00
-1.117279654568064551e+00
3.430039268211348080e+00
2.872550474206944315e+00
-1.824099653769847507e+00
-6.519203988060969124e+00
-7.031809472703637098e+00
-2.318494035057320435e+00
4.682533389942474145e+00
9.196393320951957051e+00
8.166794234173529787e+00
2.567408113875284670e+00
-3.282498788877548535e+00
-4.927294584711336967e+00
-1.145336351859834068e+00
5.033514391552865064e+00
8.464132632714880700e+00
5.661039262622911572e+00
-2.519028565156522959e+00
-1.124697609697689771e+01
-1.491809411978583100e+01
-1.094176457493194832e+01
-1.494478846250391513e+00
7.931588909028141288e+00
1.211868160365435010e+01
9.373599061012715339e+00
2.311421997356743585e+00
-4.175848889680204401e+00
-6.221278925085183431e+00
-3.301737584416223559e+00
1.823975686193547663e+00
5.256667499080012185e+00
4.563686702909054205e+00
1.402614145170462123e-01
-5.356888512057150997e+00
-8.867669674822824533e+00
-8.742761026645599287e+00
-5.445353784268866626e+00
-9.507279651503455220e-01
2.544798896595293680e+00
3.755002631360408571e+00
2.743000395480829301e+00
6.455651474434981330e-01
-1.010978278720871648e+00
-1.052324763879342040e+00
7.951290803072276203e-01
3.718327761154621491e+00
6.114061811353378673e+00
6.354710952913896094e+00
3.745448146841336090e+00
-8.529049269583399706e-01
-5.232906756862439224e+00
-6.953290111155332909e+00
-4.806930360069418207e+00
2.768947136309433121e-01
5.587094219730491140e+00
8.158791114222054830e+00
6.569421519033181944e+00
1.833506730529434137e+00
-3.229316892180909004e+00
-5.761644219393669886e+00
-4.601273817829667934e+00
-8.406300944993188029e-01
3.094671413632635648e+00
5.121643788634010264e+00
4.721053050982837007e+00
2.905079725049477979e+00
1.107222654496097469e+00
-3.924799121328015339e-02
-1.055300573792435692e+00
-2.874507337773819504e+00
-5.686080231537474994e+00
-8.387132477846112266e+00
-9.176679550162205601e+00
-6.886647863007762105e+00
-2.010625947922528134e+00
3.424458685501161614e+00
7.121305795679405470e+00
7.995565102398276558e+00
6.763574240231727153e+00
5.184962215875461133e+00
4.546346453209365812e+00
4.578270740965758812e+00
3.689451705089306088e+00
3.927852297453691133e-01
-5.154338669964273478e+00
-1.073276484022796851e+01
-1.322359416282558087e+01
-1.064226812957587143e+01
-3.647488090591276766e+00
4.570784956830337364e+00
1.003063631816191581e+01
1.022744750136045866e+01
5.492806598326696488e+00
-1.360852841379646350e+00
-6.775378357678459196e+00
-8.390288196026665091e+00
-6.029056808232576614e+00
-1.324676665807194897e+00
3.507547757038315339e+00
6.824659889010562530e+00
8.001299522776172068e+00
7.191457735899642323e+00
4.903891791213220941e+00
1.831244038581622657e+00
-1.072667379751477634e+00
-2.643772905888766012e+00
-1.987297882810610039e+00
7.886842722934281902e-01
4.197030485206314054e+00
5.905702169934700763e+00
4.116323198455497767e+00
-1.026885309515705114e+00
-7.066353413171369446e+00
-1.041505277886897574e+01
-8.548413261700389398e+00
-1.828523873845427250e+00
6.348638417955816848e+00
1.137125150440830446e+01
1.015508247267358044e+01
3.066791454608689627e+00
-6.255915422032757967e+00
-1.310301327702781826e+01
-1.447805400490268468e+01
-1.065745801842484930e+01
-4.576015082077922180e+00
3.969862049335177723e-01
2.644384508164369763e+00
2.924301939899700109e+00
3.128265226049473213e+00
4.290358118251285546e+00
5.511593839489630220e+00
4.719259155060647082e+00
6.939249941557685819e-01
-5.297746828194204838e+00
-9.751076672962376790e+00
-9.155396691434113166e+00
-2.719735838467922662e+00
6.477704943457307962e+00
1.302229004193699424e+01
1.258437939788973203e+01
4.956960996947756826e+00
-5.488106089467809312e+00
-1.244070175345104090e+01
-1.174206937157579844e+01
-4.169482596162985111e+00
5.041686629545022669e+00
9.689217447582581855e+00
6.764086792177539387e+00
-1.561772900339106984e+00
-9.477790514153664247e+00
-1.152320007786428846e+01
-6.252228882045340441e+00
2.933830138115254726e+00
1.028401034019334404e+01
1.169037692055487732e+01
7.347011855951977921e+00
1.270701545126441401e+00
-1.844140581166456627e+00
-8.386410087519458045e-02
4.413093943359359450e+00
7.223422995765439225e+00
5.078119781867371785e+00
-1.571784623079873766e+00
-8.727005345227173194e+00
-1.160942441908830958e+01
-8.033839853590205138e+00
2.161168858592965591e-03
7.591261806199063322e+00
1.012308422422097109e+01
6.215863815708957851e+00
-1.536897249758590434e+00
-8.347285942955300797e+00
-1.021505072297398087e+01
-6.152473690660051453e+00
1.590027842001326963e+00
9.123946657785758418e+00
1.310311555669940020e+01
1.216225677093306956e+01
7.061192781733147683e+00
-1.129062686146697914e-01
-6.947428047198068946e+00
-1.142042627360311435e+01
-1.231245965985073454e+01
-9.499161940081172872e+00
-4.121176267536163174e+00
1.639010735820321196e+00
5.385559236549892326e+00
5.704141082597143253e+00
3.016933416315461969e+00
-5.954958070412530446e-01
-2.667394937127326671e+00
-1.945993514887433662e+00
8.093280331661223403e-01
3.453991259939917846e+00
4.091495291047581695e+00
2.492158039193440811e+00
1.929283315324572534e-01
-8.178245365001242106e-01
2.127411948231115180e-01
2.133380034438066897e+00
2.847802835458672632e+00
1.174225904860804359e+00
-1.941496498832507189e+00
-3.987152359650306899e+00
-2.939176098612883870e+00
7.795243444364212682e-01
4.143506974926292941e+00
3.582504153416057768e+00
-2.113660743496111216e+00
-1.027850341724181149e+01
-1.564927119642519848e+01
-1.382703054948961352e+01
-4.556168251284095305e+00
7.624533896969115432e+00
1.605097503179710827e+01
1.622629997875000285e+01
8.776606001252245548e+00
-1.038467340631855640e+00
-6.955151876906627173e+00
-5.928804378649394025e+00
1.850025615777872723e-02
5.573289217477065627e+00
6.159773873221631391e+00
1.257011298936222765e+00
-5.378803961206461537e+00
-8.660193622057294149e+00
-6.037822518423453744e+00
5.767926185652604287e-01
6.214533001841703097e+00
6.491555240104322166e+00
7.972643177795983860e-01
-7.265960487788110100e+00
-1.243207646655367427e+01
-1.140152619792073629e+01
-4.961757779628497289e+00
2.785965389004260384e+00
7.358048055828931844e+00
6.793685356638895279e+00
2.563185495212525478e+00
-1.902021703685533360e+00
-3.743022201701679652e+00
-2.387604266203861236e+00
5.893645468362077589e-01
3.016013869064788189e+00
3.706005974196176833e+00
2.932198569556611734e+00
1.714178885548782727e+00
7.847116936155716926e-01
1.797179954110225131e-01
-3.397423337550273814e-01
-6.483437296831594532e-01
-1.798577885191301462e-01
1.420842970497260271e+00
3.552904026018707473e+00
4.680628116940754424e+00
3.364401928694065180e+00
-4.100305399822069541e-01
-4.761032688316296557e+00
-6.921195907170371697e+00
-5.181302206863890092e+00
-3.489226454240161868e-01
4.504976725177666452e+00
6.028033131884078522e+00
2.969525144526925509e+00
-2.784361653807181813e+00
-7.376367220450617879e+00
-7.602420323690357584e+00
-3.143370235588308859e+00
3.209369877395242376e+00
7.508305378492993398e+00
7.374383632339189809e+00
3.532542461721734028e+00
-9.061250793653558011e-01
-2.815620134275463649e+00
-1.290428586568540759e+00
1.883643346522680284e+00
3.789508279484152808e+00
2.715327399523455476e+00
-5.271097118267674686e-01
-3.278576770316122158e+00
-3.150535534851236719e+00
4.572595697132775250e-02
4.024439448893238236e+00
5.617493631723140979e+00
3.062525052861472474e+00
-2.675477457177465990e+00
-8.482534337911442179e+00
-1.113309015838677318e+01
-9.341469820155388959e+00
-4.443500469353065085e+00
6.573023143896521425e-01
3.448079919238383084e+00
3.306753159611389492e+00
1.617792283377110563e+00
5.850340938539855262e-01
1.656351950798248707e+00
4.602510094959089137e+00
7.735185145142843055e+00
8.982406567648256512e+00
7.089800724036197543e+00
2.290674979175005177e+00
-3.794750716392727874e+00
-8.857803219322597954e+00
-1.083766462363929328e+01
-8.756125110923198562e+00
-3.193346016773176643e+00
3.788244992521256460e+00
9.357386928594831232e+00
1.111070558842248701e+01
8.276774033740100123e+00
2.272103419288977744e+00
-3.848403006897366030e+00
-6.922993282275914595e+00
-5.424269889792384447e+00
-3.805168056541720079e-01
5.156352447530947458e+00
7.860125615847160852e+00
6.068073415095948775e+00
7.163520746838001330e-01
-5.299076572030604559e+00
-8.900014812052633673e+00
-8.587169996811361727e+00
-5.090267217634077745e+00
-6.008427542770671259e-01
2.762212787185445162e+00
4.148387345758380640e+00
4.069945196903837825e+00
3.495685788919612680e+00
2.781979789188569363e+00
1.351678930246158927e+00
-1.600788486175295899e+00
-5.954779413095090845e+00
-1.006362200582356792e+01
-1.137245492027050453e+01
-8.025176331030991150e+00
-4.232506758318255180e-01
8.425681287304561451e+00
1.423045750974138812e+01
1.377620539285846135e+01
6.923683062040360880e+00
-3.045425464334324595e+00
-1.107819507874668474e+01
-1.311173916630857228e+01
-8.339278301482634603e+00
3.741951938101251152e-01
8.188256472077325654e+00
1.108698996036071271e+01
8.112802209259744046e+00
1.723711998021672187e+00
-3.879117470698829617e+00
-5.372922325758853646e+00
-2.259177460055833198e+00
3.017682517142867393e+00
6.757275581537572684e+00
6.358923924951783491e+00
1.854424082098685034e+00
-4.270317374906172248e+00
-8.722152536012929502e+00
-9.373041929764781344e+00
-6.316860340613340341e+00
-1.481560597787633604e+00
2.749161171010384486e+00
4.883208340227352728e+00
4.809748771942504497e+00
3.339150697591160455e+00
1.380676577749279321e+00
-5.315830974967009626e-01
-2.116764510027752788e+00
-2.986538711115102274e+00
-2.610886397394079239e+00
-8.040437891844243179e-01
1.690739547944822618e+00
3.216787794706085002e+00
2.132879163660865274e+00
-1.837799132229858801e+00
-6.891759367782121615e+00
-9.870264542873369962e+00
-8.231065080138936452e+00
-2.016013942109214696e+00
5.685383776136823997e+00
1.038463020063266029e+01
9.064711188034383582e+00
2.358408900143890818e+00
-5.589249673794911999e+00
-9.676084084139615626e+00
-7.189399020257894790e+00
3.497587311163541379e-01
8.184025859259667968e+00
1.153100348881632087e+01
8.793211151736528564e+00
2.516417693254923815e+00
-2.566931853618132919e+00
-2.986282063058177449e+00
1.019037772019742993e+00
5.805586206685253714e+00
7.121651124694635904e+00
3.313095458184723618e+00
-3.421215376016373710e+00
-8.628892593362143870e+00
-8.855667901907024131e+00
-4.148492968388204361e+00
2.006654769161755780e+00
5.221364731127254188e+00
3.324918606164277257e+00
-2.192065209685739369e+00
-7.377168731272311319e+00
-8.676433439219971788e+00
-5.327589054466701946e+00
3.749489044271019367e-01
4.951615793943373589e+00
6.205965866944954001e+00
4.453461015975774373e+00
1.770577796709232654e+00
8.734233570183014272e-02
-2.531599981720904502e-01
-3.772640934291450754e-01
-1.476031655538144527e+00
-3.440376859516970587e+00
-4.770777731508646369e+00
-3.868734781257399558e+00
-6.067792523969013363e-01
3.212664743898316022e+00
5.017425229058835257e+00
3.413882600972484305e+00
-6.122976003216955565e-01
-4.259251445701610628e+00
-4.895804327916907006e+00
-2.001568662256295816e+00
2.417944083476323058e+00
5.281543503094811243e+00
4.676780385266720685e+00
1.227187032400928191e+00
-2.422516401321926693e+00
-3.593284148230057262e+00
-1.537319070428147860e+00
2.057811984406999528e+00
4.350478460967616812e+00
3.423681384330922839e+00
-3.585705707016526578e-01
-4.640516302912818247e+00
-6.713387492303895421e+00
-5.291697327079077695e+00
-1.232370216725569456e+00
3.155651572446067199e+00
5.589216978228115806e+00
5.047914139063864880e+00
2.092425744908808394e+00
-1.696184149271946273e+00
-4.613917880932899784e+00
-5.530123891875977193e+00
-4.187854181021475775e+00
-1.202860216271286919e+00
2.132485745184677928e+00
4.274208833775954730e+00
4.112758948173217632e+00
1.695750316204793773e+00
-1.514640980748237498e+00
-3.273396062332257994e+00
-1.940261329587381844e+00
2.197801006068666574e+00
6.706381212956957327e+00
8.325104815548463932e+00
5.159425829907100081e+00
-1.738653631747643091e+00
-8.670036603526444452e+00
-1.150165106809458138e+01
-8.398013305213247293e+00
-1.148697582610255452e+00
5.950981651259848348e+00
8.971960099624929796e+00
6.956183130802237713e+00
2.363141786293940338e+00
-9.674495463058402356e-01
-7.959740790616469663e-01
1.874365788304179103e+00
3.769385725631257955e+00
2.179062783970776351e+00
-2.595605225427569884e+00
-7.205168913962945787e+00
-7.793278986057170954e+00
-3.208722716111215956e+00
3.686497532896353846e+00
7.838590771768904730e+00
5.770228587689398836e+00
-1.517763174249725511e+00
-8.855559352358525871e+00
-1.044622500584190128e+01
-4.180837188923468339e+00
6.476699077398800242e+00
1.459476363382389152e+01
1.453501780363327711e+01
6.014784730342837449e+00
-5.496583756791915576e+00
-1.244046961025417630e+01
-1.036797425206880519e+01
-1.018614766854124110e+00
8.892428271075486279e+00
1.231523579724513517e+01
6.675203581808342612e+00
-4.462708729021101384e+00
-1.391866961156880222e+01
-1.573295768935251360e+01
-8.944350221720803518e+00
2.134436879356067074e+00
1.104569788853518908e+01
1.334159794511710651e+01
8.943476906691680384e+00
1.423471506889722349e+00
-4.831878568768900095e+00
-7.334270365533044789e+00
-6.317254301060743593e+00
-3.568541635337940221e+00
-6.319506803339440815e-01
2.073417626831417504e+00
4.733127222231189535e+00
7.040685335481255969e+00
7.792137156588503366e+00
5.708532662260308754e+00
8.072268638559054743e-01
-4.979211810026326290e+00
-8.708944621399867358e+00
-8.372899306990420953e+00
-4.434241143771246563e+00
3.003833958813509897e-01
2.533316015460436610e+00
7.843460459142652663e-01
-3.514878072963304234e+00
-6.962025606460518823e+00
-6.514046549676889342e+00
-1.569908307952722293e+00
5.618464098153909347e+00
1.141172053975243017e+01
1.303111379724087371e+01
1.005649861149832525e+01
4.310820468200461164e+00
-1.538820778546631241e+00
-5.530909881769279224e+00
-7.098409742836326863e+00
-6.710826971274511443e+00
-5.084598960261742739e+00
-2.733431279306354877e+00
-1.137989483745563135e-01
2.035560148406741376e+00
2.751824907039329471e+00
1.463072885628724507e+00
-1.323606495210480460e+00
-3.983976564753907823e+00
-4.673741939051955008e+00
-2.651513386402570838e+00
9.664342907654344117e-01
3.728001784317778622e+00
3.443980868937163375e+00
-1.936775556016260280e-01
-5.156244193868097625e+00
-8.211244205918127648e+00
-6.956425750126093988e+00
-1.407805709886627454e+00
5.920825531546795695e+00
1.148507717454270782e+01
1.273636639806668924e+01
9.413177100917481610e+00
3.388437363651396694e+00
-2.630914949761681942e+00
-6.569672214135986898e+00
-7.708553848659894570e+00
-6.444883188001862884e+00
-3.578799166777955065e+00
1.823448520539348583e-01
4.192319473254314310e+00
7.574051664297867248e+00
9.188935064483077397e+00
8.117311682054891619e+00
4.360588324470338506e+00
-8.419513760525800805e-01
-5.480718567025714805e+00
-7.834936975237074108e+00
-7.429571308599805413e+00
-5.208733495110012157e+00
-2.791056057545454383e+00
-1.345520780694825280e+00
-9.043855963520299746e-01
-5.903268424749900101e-01
4.669458457348789615e-01
2.274128613337071059e+00
3.869166984797463904e+00
4.061259991785668433e+00
2.434415171091131480e+00
-1.949847890623597202e-01
-2.272462398771118774e+00
-2.623102479440872159e+00
-1.358889227864270133e+00
1.398099347787007396e-01
2.145131357071112799e-01
-1.795398244103736829e+00
-4.926051262585638746e+00
-7.115368945186348881e+00
-6.571994136021479527e+00
-3.060020588395584884e+00
1.802704367875997526e+00
5.478078373448636462e+00
6.082359289714533546e+00
3.571678055255060436e+00
-2.375065046208456598e-01
-2.820714461923100824e+00
-2.518189996001222841e+00
4.746290509288996207e-01
4.296528930265365531e+00
6.617775614334568957e+00
6.052946332181770472e+00
2.914084994586823019e+00
-1.100003712830956104e+00
-3.996903185252195456e+00
-4.634547041723684480e+00
-3.231154987625746600e+00
-1.021402764204703661e+00
6.146056992859746382e-01
9.488420458246197287e-01
1.664158492770933528e-01
-9.646506615423033892e-01
-1.691035257852032903e+00
-1.708023127518960349e+00
-1.193155972420087529e+00
-5.217717671955810488e-01
5.014105786720635116e-02
4.898942514644532009e-01
8.517738123753308965e-01
1.081807287579346744e+00
9.791375072826152826e-01
3.735502427406007797e-01
-6.306527974570286244e-01
-1.579914893361081596e+00
-1.886276298576607946e+00
-1.220804062428304526e+00
1.920203313799171418e-01
1.620103788521991106e+00
2.225115157850257930e+00
1.579388584606557844e+00
-3.891461769170473373e-02
-1.773263498290405416e+00
-2.663744000916191013e+00
-2.172831862862407704e+00
-4.484941669761555172e-01
1.801164587248824667e+00
3.699440651225222698e+00
4.601688633880460344e+00
4.300563438632475588e+00
3.000764475176392665e+00
1.169369253275816867e+00
-6.168190872590344487e-01
-1.792503878845912224e+00
-1.938096634661924167e+00
-9.522532939273344876e-01
8.112384526135330010e-01
2.584563108984020197e+00
3.483640079878391305e+00
2.959387050794699991e+00
1.136693840018675683e+00
-1.213315493600201744e+00
-3.102991764343658865e+00
-3.907067291802329478e+00
-3.701471844020819635e+00
-3.116524475875788180e+00
-2.802356352558911468e+00
-2.899338456096255623e+00
-2.919933550199887318e+00
-2.150218288216692919e+00
-2.809386859125433400e-01
2.217194452965330242e+00
4.289001968862982572e+00
4.954547934851736279e+00
3.968107866033740105e+00
1.994320151034869815e+00
1.669638594463636050e-01
-6.497160212061656726e-01
-3.615117444834570204e-01
4.393041273809912273e-01
1.037692195089720437e+00
1.174242338013693931e+00
1.180261087391275776e+00
1.580274360871874784e+00
2.509730355347116415e+00
3.452189090193540366e+00
3.547614937827877846e+00
2.258205236040947028e+00
-1.296618718062821918e-01
-2.588039950126075794e+00
-3.994813569720149893e+00
-3.885213330144941413e+00
-2.750886295947992721e+00
-1.659223163130738143e+00
-1.470486459694902548e+00
-2.225449368333923594e+00
-3.140327817258135035e+00
-3.190357340754820914e+00
-1.840331311334765463e+00
5.958363289601565915e-01
3.177962512010351404e+00
4.924634683222466336e+00
5.318662290149411831e+00
4.425334638375361784e+00
2.659028570171808159e+00
4.856513124815700078e-01
-1.686713011231637971e+00
-3.431698998042310933e+00
-4.262625130189237943e+00
-3.809492844429905212e+00
-2.141598150062872463e+00
7.037799602122185583e-02
1.816483143283590396e+00
2.366508479792985842e+00
1.821308829956459707e+00
1.118745757519357564e+00
1.375534256136996536e+00
2.976382277004259169e+00
5.098011385740586654e+00
6.110174295278998358e+00
4.662323016126965314e+00
7.103136821670412715e-01
-4.287646204727034061e+00
-8.207175544899349973e+00
-9.565774594517138851e+00
-8.370518402047785855e+00
-5.900001603037807740e+00
-3.616154827507178204e+00
-2.068362199941435442e+00
-6.566034454083726768e-01
1.563569119791967443e+00
4.704125584036630059e+00
7.511495567394558925e+00
8.030071272421782425e+00
5.070728255012518559e+00
-6.069763371262857365e-01
-6.377236397887625863e+00
-9.189523529561020254e+00
-7.452176928426153424e+00
-2.067392702851204689e+00
4.108300421193224139e+00
8.005900979969895914e+00
8.094937511292188859e+00
5.006306292234005362e+00
7.549803708802471647e-01
-2.710514088582342218e+00
-4.527117111025290797e+00
-4.889823306948279935e+00
-4.277678442879121690e+00
-2.807947288930247698e+00
-3.649785287811448953e-01
2.663686359165377660e+00
4.888996276817730191e+00
4.417723390833817376e+00
2.576273434673768126e-01
-6.386190520436937135e+00
-1.213236535205455624e+01
-1.314252432878335952e+01
-7.614135953429927994e+00
2.658673164754507212e+00
1.292625487457140565e+01
1.814226812341494011e+01
1.599171634808103093e+01
8.263097116593552727e+00
-3.985538017675844813e-01
-5.525993460340305141e+00
-5.572955650532232852e+00
-2.509019377425501407e+00
4.062019311590736592e-02
-3.415761368453712477e-01
-3.131900971855677618e+00
-5.499315674444552826e+00
-4.744585543302353159e+00
-6.232418348590449408e-01
4.268641856788746303e+00
6.382039610266042828e+00
3.960869939628116398e+00
-1.460922367588475490e+00
-6.015171880148605155e+00
-6.277193438541996962e+00
-1.839373473559574368e+00
4.245210822608595613e+00
7.535327496291250426e+00
5.328816372762120501e+00
-1.404636323274824683e+00
-8.675506647211282285e+00
-1.222734858071663133e+01
-1.039625543867238555e+01
-5.039899550552262575e+00
5.993914837482550162e-02
2.068087376397024890e+00
1.090561140526213890e+00
-1.571765530230353480e-01
1.295838557103941913e+00
6.106490728989108163e+00
1.178872563082875402e+01
1.428854242182170431e+01
1.085668929996768384e+01
2.163125554470895828e+00
-7.860658100558686634e+00
-1.435436089233914458e+01
-1.443844363703045630e+01
-8.769235379787920337e+00
-8.238153996756936159e-01
5.423189204349766257e+00
7.767806230993437921e+00
6.557098022236611534e+00
3.739962630765887308e+00
1.162389285397883443e+00
-5.515160780515654393e-01
-1.848528380792223258e+00
-3.224682480835820098e+00
-4.375856983180757886e+00
-4.305930571395612638e+00
-2.289975975489111804e+00
1.178120127240037229e+00
4.350324077609909246e+00
5.270382056276987193e+00
3.177429462375169766e+00
-7.996040144091249857e-01
-4.238881671716233868e+00
-4.949601342159800410e+00
-2.371014669414607035e+00
2.117840368876442891e+00
6.154537931248286853e+00
7.901825472089219815e+00
7.054753565118469183e+00
4.725037968299131919e+00
2.425561838412261917e+00
9.896346348164386519e-01
2.064262028242727087e-01
-6.716565148024423726e-01
-2.075067390141547730e+00
-3.655172989065313072e+00
-4.568305843982792602e+00
-4.220351906280700227e+00
-2.815055318595725886e+00
-1.231945312334634002e+00
-3.297835356520286698e-01
-2.567816679487968656e-01
-3.552398386338995184e-01
2.298090977486105801e-01
1.709300823713700845e+00
3.267807563042584018e+00
3.509583670140854039e+00
1.476463261616049127e+00
-2.476557628531322663e+00
-6.607109169480843036e+00
-8.641361438738769607e+00
-7.063476207295684262e+00
-2.054622631370095931e+00
4.476523928709585931e+00
9.774584991770712605e+00
1.152741206898947723e+01
8.902478246728223965e+00
2.879201194861666036e+00
-4.189061401430009823e+00
-9.533147047740948565e+00
-1.105907479949133787e+01
-8.190923017825438635e+00
-2.159924859573267852e+00
4.430382220926279757e+00
8.693746104439199485e+00
8.810505813041899614e+00
4.988892858218743953e+00
-5.576224039043939928e-01
-4.753953934222199251e+00
-5.388329695446782530e+00
-2.415383322128768384e+00
2.027243960221302821e+00
4.992799448357258640e+00
4.658052483587932002e+00
1.527276553742101584e+00
-1.962376519698333377e+00
-3.221878804591301382e+00
-1.447593521825297769e+00
1.710809296253119616e+00
3.333285868020047005e+00
1.501254822940790934e+00
-2.986043934833191749e+00
-6.820991548700180651e+00
-6.373684768243945697e+00
-4.365853469599132453e-01
8.437194312575522659e+00
1.512415285234575180e+01
1.505624963026359886e+01
7.281060568539556854e+00
-4.627392059145414294e+00
-1.452888954089438833e+01
-1.736321811573283469e+01
-1.215113308803936931e+01
-2.431603414613244141e+00
6.087800550378345221e+00
9.072393260213075905e+00
5.988472356124817431e+00
-4.345624980526963110e-02
-4.663135360701833321e+00
-5.188021734151301523e+00
-2.087991923411245399e+00
1.793835767819119020e+00
3.500014597629250712e+00
2.003961311379971910e+00
-1.329650367067802152e+00
-4.005556478550078126e+00
-4.306391293777712903e+00
-2.433119398136396327e+00
-1.464715313960239240e-01
6.862665164355515879e-01
-5.070328153700029983e-01
-2.658655520727492672e+00
-3.937037748285944438e+00
-3.124774026773158742e+00
-4.837201273524265321e-01
2.465653761180009784e+00
4.023601923043829132e+00
3.453374821034007613e+00
1.416685723654424578e+00
-5.317516203642731476e-01
-9.954367783005491077e-01
3.667005795981737593e-01
2.632978857121462291e+00
4.179217120108086547e+00
3.647925994276463246e+00
7.855831288001554613e-01
-3.283669694038075182e+00
-6.491428475225061057e+00
-6.789503509288440597e+00
-3.227632565300065259e+00
3.365869914077262770e+00
1.049971797668844609e+01
1.500482157263095928e+01
1.451662981676658504e+01
8.735989573816029363e+00
-2.510293680022201990e-01
-8.877330659093990661e+00
-1.382066032853596305e+01
-1.362230154012554451e+01
-9.275201256385608772e+00
-3.452305668855828458e+00
1.119906874948907394e+00
3.112251533448632479e+00
2.990102615126262631e+00
2.218097092899856460e+00
1.947160792408642260e+00
2.172289130540320023e+00
1.943518557602644359e+00
3.930254707728724206e-01
-2.279933418371628662e+00
-4.683718009730230669e+00
-5.117005070875221051e+00
-2.819241780306661838e+00
1.358434003816088254e+00
5.396941252508147713e+00
7.379205782929916246e+00
6.683529256788488304e+00
4.255431934270069938e+00
1.797412617350208297e+00
5.094797169791109859e-01
3.207581147830693702e-01
1.517572072378573500e-01
-1.047910124812545085e+00
-3.324212881760490124e+00
-5.577502728784789809e+00
-6.372039188962888012e+00
-5.072592751734165795e+00
-2.421330350530075837e+00
-8.021897597142058078e-02
5.577471136483861391e-01
-5.789691429168457582e-01
-2.122493761818769364e+00
-2.222867657948100373e+00
5.480484100589688712e-02
3.872633502350376844e+00
6.948683032472998455e+00
6.935175471024004779e+00
2.998565857832646842e+00
-3.416738887934301694e+00
-9.182442235678003328e+00
-1.115759497038980896e+01
-7.993331143016753515e+00
-1.016651511214981873e+00
6.359004245805486732e+00
1.042161772022229016e+01
9.183461249350617805e+00
3.510391203487122525e+00
-3.307869260698804936e+00
-7.354946725882408387e+00
-6.273559648950318035e+00
-5.978363607086583098e-01
6.559236764626628080e+00
1.130805390736034965e+01
1.121753736361185005e+01
6.635717150384709662e+00
2.960437349851603450e-01
-4.506822370065609817e+00
-5.957708966290662822e+00
-4.626692048407474722e+00
-2.678753862886450676e+00
-2.028993587779503560e+00
-2.851094054103290976e+00
-3.589655448168705743e+00
-2.483797701626697219e+00
6.014966046441411196e-01
3.584519374620456666e+00
3.501483398730736774e+00
-1.051454892337775782e+00
-8.209521790010073872e+00
-1.339169674588214498e+01
-1.209105457793902616e+01
-3.155021476765642596e+00
9.792652405002716165e+00
2.004875588512960860e+01
2.179094226432405179e+01
1.377774662084574508e+01
2.864038750405857314e-01
-1.142791610589425844e+01
-1.552507308683227727e+01
-1.094728431042061878e+01
-1.619000480890434801e+00
6.463981584406644387e+00
9.113884083801025326e+00
6.157484395545727907e+00
7.080361676957724892e-01
-3.587420307450226442e+00
-5.079564197283174209e+00
-4.618516795095627181e+00
-3.983907835980921242e+00
-3.853131340102652125e+00
-3.155778638879033426e+00
-3.515839507066893521e-01
4.571856045936284474e+00
9.293099455266577991e+00
1.050834550441386028e+01
6.550844630905728216e+00
-8.444428387245741519e-01
-7.278722504637301860e+00
-8.666615284296140587e+00
-4.316287236820238959e+00
2.321644129638343657e+00
6.032034802106174709e+00
3.734071952570623409e+00
-3.014881316009621504e+00
-8.943294658230097838e+00
-8.931552101231376994e+00
-2.041663801820061241e+00
7.357052415371937215e+00
1.240293833558452796e+01
8.625385736579577411e+00
-2.602337424322104464e+00
-1.462525211966023519e+01
-1.982521542066230325e+01
-1.472527825692608339e+01
-2.315797537511646631e+00
9.997761513361080432e+00
1.533749128016534158e+01
1.172388291237767532e+01
2.939480268840468646e+00
-4.481035561862470651e+00
-5.807868682510451741e+00
