-2.073163406166692813e+00
3.261036765630592082e+00
8.334927141619102642e+00
1.050358101560223822e+01
8.490708199803563616e+00
3.225844872073158953e+00
-2.599137988746005323e+00
-6.010358720102972896e+00
-5.390029883448747228e+00
-1.316387804391146776e+00
3.842558396001988896e+00
7.283775555097486532e+00
7.259911490721002281e+00
3.890643207795680070e+00
-1.069341111515722753e+00
-5.277296306947722115e+00
-7.042624659039502966e+00
-6.114549684977120592e+00
-3.664647270407883628e+00
-1.533060821658047912e+00
-1.155710979627470048e+00
-2.730984347684807911e+00
-5.070476759403624634e+00
-6.247396576846256266e+00
-4.735895244337024579e+00
-4.258090079605736378e-01
5.103744129847081368e+00
9.298981074217099518e+00
1.000399570235238578e+01
6.716285963539948334e+00
9.543913292942955984e-01
-4.526292929248319830e+00
-7.217726375402220285e+00
-6.142707120357339790e+00
-2.180057031540036050e+00
2.673114577994122776e+00
6.503531125631113241e+00
8.307111131387287628e+00
7.985902737745973923e+00
5.770116336329552453e+00
1.766964218539205156e+00
-3.847302346934590833e+00
-1.015347804054241898e+01
-1.508977247340246208e+01
-1.603691812213005363e+01
-1.134958823029221087e+01
-1.886148669339296369e+00
8.717102472497423094e+00
1.560705599419248557e+01
1.540903869321118691e+01
8.382829878498712972e+00
-1.500550564076540638e+00
-8.822190920178666573e+00
-9.979146052267514833e+00
-5.328106306225465438e+00
1.247684466172124473e+00
5.085505587596676591e+00
3.943966983496392853e+00
-5.386733616449308482e-01
-4.128087714312988155e+00
-3.108996383462118374e+00
2.958256638179762810e+00
1.077207800631524393e+01
1.543524306307449478e+01
1.370980279303781835e+01
6.131454017839955029e+00
-3.431947008477716388e+00
-1.039437908462867455e+01
-1.237534992481421092e+01
-1.043373911137529397e+01
-7.866703567530714203e+00
-7.546865064799941791e+00
-9.739193103065343138e+00
-1.191907618559485194e+01
-1.066078217252765725e+01
-4.231298354972113707e+00
5.912240376065289738e+00
1.572302641855274530e+01
2.084017680485411006e+01
1.905519957823907617e+01
1.145336437173949307e+01
1.644154455263837633e+00
-6.298289304033705349e+00
-9.868959618672182188e+00
-9.011316662153411983e+00
-5.551079023709577953e+00
-1.777787411434776033e+00
8.448838262093576468e-01
2.124181822237974249e+00
2.675381692955236090e+00
3.069644219592012391e+00
3.276008150225675042e+00
2.779760817262492356e+00
1.229650898709148787e+00
-9.369832720494042366e-01
-2.457464939173911844e+00
-1.967571311348162988e+00
9.093963038985262148e-01
4.872959766489627143e+00
7.300407126784540068e+00
5.675822427822099669e+00
-6.515618582406044190e-01
-9.535990478363165934e+00
-1.676195366611208470e+01
-1.827629996993739070e+01
-1.270246656579015898e+01
-2.506971986765973881e+00
7.144544771913269976e+00
1.136127864219607631e+01
8.542111535761701901e+00
1.420223522262757498e+00
-4.711141513675050518e+00
-5.560723365822018316e+00
-8.288098629148010765e-01
5.506769618149022882e+00
7.971875731514156627e+00
3.641912945755768405e+00
-5.385500523372451553e+00
-1.299850936239909593e+01
-1.309928326076013860e+01
-3.994885958452016439e+00
9.942650567031593667e+00
2.069846064679636299e+01
2.167914965951449346e+01
1.207406065519832161e+01
-2.467311595142989145e+00
-1.337395672476144703e+01
-1.457792486514321695e+01
-6.215356040451234243e+00
5.800164666962572824e+00
1.389460806390559533e+01
1.372703349491848357e+01
6.556803360810278036e+00
-2.304935543211565907e+00
-7.559402687703397739e+00
-7.446952991430194402e+00
-4.300226698788400803e+00
-2.026543509505180030e+00
-2.698952153106582319e+00
-4.969959798925754235e+00
-5.479003883684236520e+00
-2.030796123120304664e+00
4.082044585316936036e+00
8.587611480478154036e+00
7.347704833035639815e+00
-2.261137172781397808e-01
-1.011492661409601013e+01
-1.599783277436382178e+01
-1.345649907699786674e+01
-3.153563417354773080e+00
9.308264738795621440e+00
1.685165913491196577e+01
1.540937850221893690e+01
6.425055165879259178e+00
-4.251400200574358301e+00
-1.023935657926475962e+01
-8.632124146243047136e+00
-1.535053529192660360e+00
5.686483426963340193e+00
8.074093445967360338e+00
4.159238401507393768e+00
-3.428005710361210046e+00
-9.938440381891471276e+00
-1.153661101353035967e+01
-7.397283970130644093e+00
2.446616734735793663e-01
7.756570386016548468e+00
1.217315990284878957e+01
1.240315721623239220e+01
9.153037691667895714e+00
4.040059282479331770e+00
-1.300359771240233053e+00
-5.627472220868783737e+00
-8.103496035352684146e+00
-8.268364971675337571e+00
-6.196893394606412642e+00
-2.683474114572151681e+00
8.864204663590029565e-01
3.119050640035176958e+00
3.372856311161569476e+00
2.163573043478111746e+00
8.464045924570422486e-01
7.075583198481862901e-01
2.057903129464168313e+00
3.975437597620048447e+00
4.920933551726131228e+00
3.840607905500523778e+00
1.005827667378788703e+00
-2.012927809183719052e+00
-3.275569947988632880e+00
-1.739520039109903049e+00
1.944106737263091134e+00
5.641420162166078001e+00
6.880622177452782928e+00
4.290629657874933223e+00
-1.495091220113685004e+00
-8.008517326064289676e+00
-1.213816610484193426e+01
-1.172701703651485516e+01
-6.733365325373267041e+00
6.690061839281786771e-01
7.121962874597343784e+00
9.719594527444353815e+00
7.401045418611341908e+00
1.381243848354597681e+00
-5.574038232669353832e+00
-1.058955479668079391e+01
-1.202192467077810534e+01
-9.990196368137210570e+00
-5.910968122930861490e+00
-1.466642677524182758e+00
2.263475577451904641e+00
4.986331447426834984e+00
6.728582130186915755e+00
7.255462082069468188e+00
5.972166766497944757e+00
2.473712871124362778e+00
-2.688972789477374281e+00
-7.744910723733483771e+00
-1.036614787753937250e+01
-8.986065966281074680e+00
-3.914978842515580482e+00
2.599168332476513132e+00
7.555215448418754143e+00
8.938796967232926605e+00
6.875421998237402299e+00
3.399905002344833171e+00
9.869760570424768176e-01
8.644317257276146194e-01
2.295488400378472349e+00
3.324987871562008479e+00
2.419088692296185616e+00
-2.341794429969743518e-01
-2.757854757038702420e+00
-2.966383140111066297e+00
-9.617065644418087977e-02
4.405575264656378387e+00
7.674194476016148236e+00
7.308827721028577251e+00
3.049190726897529125e+00
-2.928263324360927289e+00
-7.324236032379662475e+00
-7.769925919371137191e+00
-4.267426953613271401e+00
8.866168886601482058e-01
4.569490368945084313e+00
4.691454035371251052e+00
1.291724566041819067e+00
-3.682496087112856475e+00
-7.602150797769897217e+00
-8.545487029710244542e+00
-6.093510971443560464e+00
-1.287510512399515861e+00
3.995427858496299667e+00
7.823039370088061162e+00
8.860464559371216353e+00
6.805358997344273853e+00
2.552965403438716585e+00
-2.041912128945996940e+00
-4.910911023773667949e+00
-4.850703106863857528e+00
-2.375269884319426872e+00
3.336591222990730188e-01
6.376509833862202825e-01
-2.727464217836093940e+00
-8.376971633854175536e+00
-1.262891095603406555e+01
-1.159654003905851383e+01
-3.884072710193252398e+00
7.904417068274477209e+00
1.809271067670593780e+01
2.102857780539381594e+01
1.455480356488702043e+01
1.618247399348332394e+00
-1.116508895738170537e+01
-1.723786712869302207e+01
-1.384340204607443248e+01
-3.447882413754656206e+00
7.994843187701918374e+00
1.472430888148532269e+01
1.438155359912586917e+01
8.771703920410397259e+00
1.959632603149772834e+00
-2.721747923371221844e+00
-4.579621354074674855e+00
-5.195213015946665180e+00
-6.366130505153128283e+00
-8.174343265360169752e+00
-8.794089959507816801e+00
-6.202983763203998357e+00
-3.853258679521764929e-01
5.866086570422203827e+00
8.439629231996024217e+00
4.811990670730528663e+00
-3.707742512508568566e+00
-1.218863978278975324e+01
-1.489185942041049415e+01
-8.977365179539944506e+00
3.356932892754462827e+00
1.583668405083391661e+01
2.170117028097509859e+01
1.771637883648647716e+01
6.107353457139959474e+00
-6.770635797247581245e+00
-1.415231194874109732e+01
-1.266889096105079560e+01
-3.998556957506072429e+00
6.448768725371876620e+00
1.280906994854414194e+01
1.195472858553646489e+01
4.827476982477765688e+00
-4.574465726542393362e+00
-1.165622272845151741e+01
-1.357890066135937346e+01
-1.029167187219511348e+01
-3.986643118613307557e+00
2.384316723931817261e+00
6.557182300849490275e+00
7.675805680372755901e+00
6.167900244464615156e+00
3.122413099146076121e+00
-3.586749786215918112e-01
-3.523218604380754737e+00
-5.992983950688403283e+00
-7.578108152242391427e+00
-8.066154718280877489e+00
-7.135148595215985878e+00
-4.463935698677479635e+00
-1.352808233820068651e-02
5.659548551969048269e+00
1.127654586623172506e+01
1.508645857557501913e+01
1.550706409115866080e+01
1.191340995193890961e+01
5.150052683861805924e+00
-2.603106868265421703e+00
-8.670043742864338654e+00
-1.106887936939152972e+01
-9.441788008238603425e+00
-5.198746500383473190e+00
-7.592804856127262081e-01
1.719149678117595892e+00
1.440119514199235118e+00
-6.993305596676158142e-01
-2.707294587459541990e+00
-2.676063647995670536e+00
1.154000746287024981e-01
4.767884226763677624e+00
9.207084888653819021e+00
1.124121196573185699e+01
9.654252915000691715e+00
4.767725712335332489e+00
-1.788443253792516785e+00
-7.924520805827528491e+00
-1.206662501995856296e+01
-1.372662368419214296e+01
-1.339403378431378400e+01
-1.189247729532020337e+01
-9.669502753860649946e+00
-6.521336781084949408e+00
-1.956134736338440483e+00
4.055208339890559621e+00
1.050570672286347929e+01
1.546193384241288804e+01
1.693059754496070468e+01
1.401724999482448375e+01
7.638023526267970098e+00
2.578559664834010334e-01
-5.275682600452697102e+00
-7.141785077341546106e+00
-5.361857076977335268e+00
-1.563289156875197872e+00
2.083707189095258538e+00
4.023297524885983911e+00
3.855033233573838647e+00
2.066885268739608428e+00
-6.255125146358377908e-01
-3.697606398030803376e+00
-6.683170211655511395e+00
-8.769202424634809034e+00
-8.731182773877712577e+00
-5.572725318079829293e+00
4.398801665208338374e-01
7.201223705520900964e+00
1.139250464019939280e+01
1.025235135401037567e+01
3.484421794333931288e+00
-6.052980022455012765e+00
-1.359118381030370060e+01
-1.506758723039726355e+01
-9.521883851888427230e+00
3.099623573492609196e-01
9.651125813099653783e+00
1.452471781353823843e+01
1.390266957939685533e+01
9.782356594702758201e+00
5.287741533564915386e+00
2.285786483548542414e+00
2.957357361107644245e-01
-2.566200192084447274e+00
-7.446887920249984916e+00
-1.319432130696883654e+01
-1.671229130488632464e+01
-1.508404675874781731e+01
-7.906287144443215453e+00
1.972562720526662705e+00
9.983960343236592649e+00
1.263939583475295159e+01
9.640321102597535941e+00
3.828087484911036675e+00
-9.247979842471995005e-01
-2.309638385530420557e+00
-8.159676126597733559e-01
1.143584432663037109e+00
1.367379502677287917e+00
-4.627813546992369798e-01
-2.796803788567217008e+00
-3.729619541201652400e+00
-2.640736410167293879e+00
-5.756249336314372966e-01
8.833883009371207296e-01
1.191433615699668103e+00
1.400311221364158643e+00
3.116209592769157766e+00
6.697806775958966341e+00
1.031214307145286924e+01
1.088023956359648814e+01
6.402665973049515458e+00
-2.106891601591581509e+00
-1.074840742940382476e+01
-1.509295048673239492e+01
-1.316608893788277435e+01
-6.821830150862180808e+00
-3.744274281897046475e-01
2.576241865021507316e+00
1.742139025679923847e+00
1.376400433432980464e-01
1.403383520941461349e+00
6.514658208426934216e+00
1.251789670127679877e+01
1.446859915431846311e+01
9.264010261606159702e+00
-1.530126646983955840e+00
-1.217452446900881213e+01
-1.646892591228013103e+01
-1.210450599505048785e+01
-2.448100168805120269e+00
5.679117630748153012e+00
6.748117726550299622e+00
4.097560852767769823e-01
-8.298989978453610306e+00
-1.259966638669056138e+01
-8.835430361814514910e+00
9.575274035713730036e-01
1.058508214247053658e+01
1.414667838558112933e+01
1.012549749680826139e+01
2.191944678495254095e+00
-3.722071911650024933e+00
-3.790951723955769292e+00
1.135606279872470648e+00
6.533551978606249477e+00
7.830615820376475966e+00
3.820551999738264648e+00
-2.660086763195860460e+00
-7.129900006206497665e+00
-6.937920153276014190e+00
-3.112268659249693314e+00
7.330429975790266894e-01
1.415908827019375593e+00
-1.331982755377017380e+00
-4.850924682081112493e+00
-5.916919706450936900e+00
-3.503926291363142376e+00
3.143216388543188522e-01
2.064047014188602702e+00
-1.801008987774648795e-01
-4.968956610341599855e+00
-8.297512274949109923e+00
-6.543015699620765346e+00
6.617519948664616347e-01
9.803221462284609444e+00
1.564395598132863796e+01
1.465708095767968011e+01
7.326590653137712295e+00
-2.238989678737442368e+00
-9.000174792683550251e+00
-1.004968076771417529e+01
-6.014025646335447561e+00
-8.761372657696275823e-02
4.331767591845490095e+00
5.637733742429502648e+00
4.414305083889822789e+00
2.333422092650916824e+00
6.770382823213068058e-01
-3.622505905438406781e-01
-1.287841180638798155e+00
-2.424972940810683930e+00
-3.448970822691069138e+00
-3.693959582579698697e+00
-2.862538721501811434e+00
-1.418372762688775435e+00
-2.737074506342521696e-01
-4.074810253870325694e-02
-5.050629538411437469e-01
-7.780734259604410452e-01
2.154169564433372486e-05
1.983225464443894692e+00
4.484722758543746579e+00
6.423621245599596463e+00
6.943452006434346124e+00
5.749676936577217568e+00
3.060216108753768260e+00
-5.757006157428432580e-01
-4.320424329225791560e+00
-7.007633512712880375e+00
-7.361823009653496896e+00
-4.690797506675532524e+00
2.616361709696453097e-01
5.064891804063179848e+00
6.555941801016146542e+00
2.767062619452387295e+00
-5.344670809319140403e+00
-1.376199892481863785e+01
-1.738786331125957929e+01
-1.316715230868690334e+01
-2.341437702611199434e+00
9.853593003892111568e+00
1.712148873498783530e+01
1.589665890247984059e+01
7.500513667933324413e+00
-2.812986841727407317e+00
-9.288151339286649488e+00
-9.234599070575374213e+00
-4.335188376656694764e+00
1.052680820381632909e+00
3.207651113459469183e+00
1.510717017937603934e+00
-1.614463626485038494e+00
-2.993201337041652366e+00
-1.281706377380888551e+00
2.179733836276334102e+00
4.768710826330529784e+00
4.925677236495571876e+00
3.417418053482136120e+00
2.460150014832053422e+00
3.483419901232184035e+00
5.515034367037533691e+00
5.716842699151147400e+00
1.824750446432891415e+00
-5.434120041256310429e+00
-1.206055939054942172e+01
-1.320123600533355557e+01
-6.689076515905472142e+00
4.921556872246672043e+00
1.552200663869718511e+01
1.922167444019643412e+01
1.416740574696908972e+01
3.719156327053118716e+00
-5.867407727434361675e+00
-9.620053291998578615e+00
-6.959693383073796369e+00
-1.632649084062234746e+00
1.328113398519964239e+00
-6.850944702663688268e-01
-6.129979202686199891e+00
-1.067800220833198921e+01
-1.050313138969669779e+01
-5.034425695609135332e+00
2.741142959577763882e+00
8.463396614074207847e+00
9.353120731444519720e+00
5.835173919704694789e+00
8.727868766140529644e-01
-2.249126332349617563e+00
-1.985758928933377243e+00
8.967149190461696229e-01
4.315517642513428953e+00
6.405139375660716006e+00
6.419026010241593916e+00
4.588717095381944056e+00
1.448487269025188873e+00
-2.564411526726460000e+00
-6.902168132222813668e+00
-1.049576415721688605e+01
-1.183022381678355472e+01
-9.758996666235056239e+00
-4.546418256876207487e+00
1.765619198738327178e+00
6.194356791290533515e+00
6.491321348790343393e+00
2.584949818661633092e+00
-3.221944653776978029e+00
-7.504413370650951265e+00
-7.655700075283494499e+00
-3.326166316727158456e+00
3.450072818423036924e+00
9.395808787954859298e+00
1.164524409828422336e+01
9.023469316122984196e+00
2.449228226120713892e+00
-5.522313120434718670e+00
-1.170250580066610979e+01
-1.347082938212403391e+01
-9.860396797315846840e+00
-2.159614330399573401e+00
6.371458501317933454e+00
1.183390930863892976e+01
1.165476999799708224e+01
6.162847529124267254e+00
-1.326919724303508463e+00
-6.285095220141338146e+00
-5.730599729391110841e+00
-2.478826609597362118e-01
6.226776274034545366e+00
8.937618984057294824e+00
5.587899722888803211e+00
-1.906617721871310067e+00
-8.554757492753765291e+00
-9.689344011904079679e+00
-4.315202583421703153e+00
4.003914439719093110e+00
9.462255653412693590e+00
7.988217505524200845e+00
9.267825210596170038e-02
-9.442357110183966284e+00
-1.482123902202052790e+01
-1.311766839681660457e+01
-6.043418604054204835e+00
1.563405874960588360e+00
5.307505048973689910e+00
4.209158252875949913e+00
9.874327989710320885e-01
-3.652841230127946703e-01
2.251673853098950850e+00
7.531614089655041866e+00
1.189429270086737489e+01
1.221711050436553059e+01
7.997528069513167637e+00
1.403318762117725438e+00
-4.568446897600445311e+00
-8.161375624426725039e+00
-9.510313781370086872e+00
-9.592575083223739085e+00
-8.708308551391194641e+00
-6.068681856705738120e+00
-9.706147303839420815e-01
5.549033097146871540e+00
1.034190823493788614e+01
9.880264353323198634e+00
3.070389186595011921e+00
-7.083856065206718178e+00
-1.464572621827679022e+01
-1.436425388412562754e+01
-5.355948901605680490e+00
7.883028554023524315e+00
1.811347058286296274e+01
1.998185747409893054e+01
1.344171156031477565e+01
3.544758573447949423e+00
-3.230689362532642495e+00
-3.446483520644542331e+00
1.238435295832041039e+00
5.791970504177371915e+00
5.863724492729902593e+00
1.042852062034908656e+00
-5.093575515310718949e+00
-8.028051565111992360e+00
-5.955603162563140707e+00
-1.148035674747700963e+00
2.011592723545884365e+00
7.187092592957187165e-01
-3.815562318341457981e+00
-7.183206909949273467e+00
-5.295925661210546309e+00
2.116929621002641149e+00
1.081486521864782091e+01
1.484589755920106491e+01
1.085570133142299731e+01
7.142940423340933265e-01
-9.545835067787063366e+00
-1.378777119115060046e+01
-9.936431254737541963e+00
-1.295716846656679966e+00
5.860447204532439613e+00
6.633230611857257486e+00
6.896974657937242625e-01
-7.834347336758201052e+00
-1.342743411555665567e+01
-1.292529623909029723e+01
-7.245691576938241951e+00
-1.504208876856376609e-01
4.745373887095817089e+00
6.363495599022129134e+00
6.283831499353953909e+00
6.785747003735052907e+00
8.564069842115948461e+00
9.995748333213242631e+00
8.511970693140577637e+00
2.944605935075789382e+00
-5.043994358908163278e+00
-1.163829663804604841e+01
-1.325722184941335513e+01
-8.980230738722898565e+00
-1.294192261013914269e+00
5.381290774891541950e+00
7.407653045529683844e+00
4.091068835135525106e+00
-2.070667526712464124e+00
-7.124852930925457350e+00
-8.181597039632318769e+00
-5.088797060700846586e+00
-2.737721132158472681e-01
3.027962433920846408e+00
2.941190042206730304e+00
1.174772132796997881e-01
-2.810672674569874019e+00
-3.097289770169321166e+00
1.537381813016950316e-01
5.225107449829561546e+00
8.777284800138060561e+00
8.031782565249148576e+00
2.767038865437953632e+00
-4.231280021349213882e+00
-8.708069105620197092e+00
-7.612461265362604479e+00
-1.206935927430402788e+00
6.864783701841436603e+00
1.176469999307561309e+01
1.057749270182807599e+01
4.273249709186064393e+00
-2.922818857993847885e+00
-6.459104482553972737e+00
-4.715521974809073313e+00
-2.353083408795819675e-01
2.113802040871245236e+00
-1.104432932999010575e+00
-8.908571190324160227e+00
-1.603386737786208727e+01
-1.641227124509277502e+01
-7.733799224614518408e+00
6.204921412365670186e+00
1.734050089612857448e+01
1.846224541272191999e+01
8.250698258573631705e+00
-7.325953285999956321e+00
-1.848117070204859402e+01
-1.783321509562489382e+01
-5.271155970440193350e+00
1.184436990657956912e+01
2.333925437014767112e+01
2.265327027182188147e+01
1.078241486617374889e+01
-4.765032346458968782e+00
-1.508675580690961482e+01
-1.549452391560045328e+01
-7.915377923550279249e+00
1.202634271715109948e+00
5.646902754030495686e+00
3.405117234949184724e+00
-2.713179854133488611e+00
-7.764072266002543188e+00
-8.341774154965886368e+00
-4.528846469469516300e+00
9.706471687030793216e-01
5.387621698961240213e+00
7.895083454099705023e+00
9.561513447293304324e+00
1.158955456086556168e+01
1.358808545934538081e+01
1.350057331481471223e+01
9.333000457541629657e+00
1.245855196474054516e+00
-7.811118645550520156e+00
-1.363178278942364230e+01
-1.345230644953863930e+01
-7.857315527122755938e+00
-4.769461189938930534e-01
4.333013037473088858e+00
4.196232577952796916e+00
-3.117576421203693826e-02
-5.177497736578621002e+00
-8.013186206439016246e+00
-7.198646890589471603e+00
-3.697094338900852595e+00
3.423807552027800516e-01
3.180347980358809501e+00
4.381446163507448865e+00
4.570352724820366142e+00
4.530102235183663062e+00
4.493968392421740177e+00
4.122470409632743582e+00
2.993064440433307105e+00
1.060289879174869832e+00
-1.283943637712622987e+00
-3.471084892071337080e+00
-5.002848177908909122e+00
-5.501280562331645640e+00
-4.711927705816204792e+00
-2.709063552068012193e+00
-2.559530424445790597e-01
1.124374975261774656e+00
-1.801946509958159970e-01
-4.577360816749240335e+00
-1.022807738005337086e+01
-1.334920641118010920e+01
-1.022107759048567743e+01
6.778208541516983487e-02
1.403268174872865259e+01
2.488850273467581431e+01
2.619270197144388845e+01
1.599122785648166456e+01
-1.301864801291020335e+00
-1.687579900084080720e+01
-2.246457925338066985e+01
-1.528203850963047294e+01
2.252081645127717024e-01
1.502298407949314907e+01
2.089892148341195721e+01
1.520469437373665933e+01
1.995020303561963360e+00
-1.094323312926204750e+01
-1.701333655351628238e+01
-1.443794324113637373e+01
-6.488897903394423849e+00
1.360100918637204170e+00
5.083356225727880151e+00
4.096063166769480013e+00
6.407410504548398666e-01
-2.448334281401123302e+00
-3.695729093499299012e+00
-3.358569205436897853e+00
-2.398628302535236401e+00
-1.294787137525486020e+00
1.877198019740835555e-01
2.220570482207631535e+00
4.078370730399062616e+00
4.256521206695657256e+00
1.643894984458286856e+00
-3.199123556753252995e+00
-7.859988098045096905e+00
-9.383315062102285609e+00
-6.234854270414445843e+00
5.383741225446807555e-01
7.879312055685639749e+00
1.265434204638966520e+01
1.354008283215656050e+01
1.150364932935251439e+01
8.621237046234522694e+00
6.264694523742578625e+00
4.134245748103658080e+00
8.831747554719111548e-01
-4.235255154384364396e+00
-1.011193219280814937e+01
-1.403381096959942909e+01
-1.336810348367222900e+01
-7.464226796873039582e+00
1.636522272783292653e+00
1.021370973272289184e+01
1.488552893330682458e+01
1.426126829825245323e+01
9.251585558112207508e+00
2.112555271062620754e+00
-4.858010131588102354e+00
-1.004775440922552754e+01
-1.247895456406651427e+01
-1.152372542570487113e+01
-7.027425675973170804e+00
1.197521865779020978e-01
7.623494363088438419e+00
1.237923733963842565e+01
1.204031706607879926e+01
6.623698243452111001e+00
-1.118500598175845795e+00
-7.125483601416666701e+00
-8.501192979310216558e+00
-5.371235701937637330e+00
-7.415241738444631192e-01
1.647062967321724747e+00
-1.342950009689547475e-02
-4.342749074586153668e+00
-7.875909340111998169e+00
-7.727725159795820531e+00
-3.823982478758978232e+00
1.011632033595988744e+00
3.230346634146780360e+00
1.375381884819839584e+00
-2.625086081655156445e+00
-4.777078754689937590e+00
-2.093692093227494500e+00
4.813122744061258729e+00
1.162129016711811857e+01
1.295039812498224308e+01
6.076856697673870045e+00
-6.816423822321265646e+00
-1.946379151022209442e+01
-2.499170868903488696e+01
-1.988371529590860121e+01
-5.989109522289158605e+00
1.057129174546780170e+01
2.279614667403573591e+01
2.637629629156221256e+01
2.143728297796467430e+01
1.173843434607775471e+01
2.160239842647575514e+00
-3.869810974871520592e+00
-5.639316263239400051e+00
-4.728800792005348086e+00
-3.522768321513145118e+00
-3.684883167386149516e+00
-5.383666654488487247e+00
-7.475369278644089732e+00
-8.344048522832201442e+00
-6.883778839610267930e+00
-3.161553069684819306e+00
1.508439669255227766e+00
5.111476542051549998e+00
5.883871731401133509e+00
3.242374301505406287e+00
-1.798026572300918557e+00
-7.013544234027985880e+00
-1.004282106402848029e+01
-9.586339700151086163e+00
-6.042232451297739004e+00
-1.187284676020389451e+00
2.901142105841588048e+00
4.998471072610049859e+00
5.238932715237980098e+00
4.706749038058219092e+00
4.478171103850272949e+00
4.836427474921635827e+00
5.206251848410328620e+00
4.788046205579746584e+00
3.345317245815043972e+00
1.506654344880093532e+00
3.423200476861887331e-01
5.477729040532907101e-01
1.870059691930401335e+00
3.222965155645737045e+00
3.411596818409299292e+00
1.935680024480559425e+00
-6.987899980514573617e-01
-3.346263535239739184e+00
-4.956134881832806371e+00
-5.132367422373202537e+00
-4.164011088343309908e+00
-2.606689447142750193e+00
-8.241191687297799717e-01
1.124588394448386985e+00
3.199616705782005077e+00
5.005825847950042373e+00
5.733435130415676539e+00
4.573715292483993444e+00
1.374143891243137183e+00
-2.944727552600564291e+00
-6.589643400041822474e+00
-7.709832318242002103e+00
-5.413751736912929324e+00
-4.013589866513238569e-01
5.198888463385533676e+00
8.777456057938094247e+00
8.532084567725684465e+00
4.440594808591461273e+00
-1.618664072974387746e+00
-6.730433471136063162e+00
-8.414240252430101208e+00
-5.965108741792925606e+00
-9.153409992607997037e-01
3.724803803598894625e+00
5.129221650719242298e+00
2.333399229059114788e+00
-3.073755642046652525e+00
-7.754166732415428420e+00
-8.555766589611899064e+00
-4.466304207790906311e+00
2.636507817395211006e+00
8.985871142542645629e+00
1.113536156875394667e+01
8.024575334725849274e+00
1.585268076194687570e+00
-4.516838228371964803e+00
-7.198682288543817087e+00
-5.829424166415385855e+00
-2.447377221686990900e+00
-2.271047657497682337e-01
-1.261959160829722038e+00
-5.150027554982908207e+00
-9.280998656309778383e+00
-1.055402946773087969e+01
-7.335350745716171517e+00
-4.032295703828738809e-01
7.596000263286931009e+00
1.365272074434275140e+01
1.581583942092115080e+01
1.375517399526158080e+01
8.428411958843017970e+00
1.406039980586477611e+00
-5.579399544683113277e+00
-1.076168523089052087e+01
-1.250204676592364805e+01
-9.826538949500852382e+00
-3.202184632992284286e+00
5.082156194119314740e+00
1.155293970203348053e+01
1.318860989644399595e+01
9.201023572318332455e+00
1.757488048632772415e+00
-5.041251527448249448e+00
-7.490017437190397587e+00
-4.523776574319480659e+00
1.581906735105055084e+00
6.578097392026096557e+00
6.863381003964820870e+00
1.716193472772075346e+00
-6.252666620558939847e+00
-1.266483041116827479e+01
-1.392614343216189354e+01
-9.188899359526061517e+00
-6.297772991101213691e-01
7.938268406547305922e+00
1.313097193649887195e+01
1.350784882414037114e+01
9.841955039464187038e+00
4.283082768138853247e+00
-8.840338688477831219e-01
-4.171702271353992408e+00
-5.189544344054286995e+00
-4.422474856053018044e+00
-2.788243519251588420e+00
-1.214714088658144231e+00
-3.338581332340886387e-01
-3.194902487285707915e-01
-9.027436341161600986e-01
-1.581241511796414922e+00
-1.937427641414859458e+00
-1.872899193444300669e+00
-1.584996209237407472e+00
-1.299894352250405394e+00
-9.985668241167122705e-01
-4.163527656760815931e-01
6.238358578430152068e-01
1.815736944855775414e+00
2.326772094819113956e+00
1.298207110605324122e+00
-1.388153447681339969e+00
-4.683876532655196989e+00
-6.760570794114073578e+00
-6.104907806405901916e+00
-2.613526491955244335e+00
2.147346460002375501e+00
5.825007585468460647e+00
6.774096997671967380e+00
5.116371233596791690e+00
2.575232552988178547e+00
1.176224040348518241e+00
1.764522384958424173e+00
3.450624291440649305e+00
4.397395798216361840e+00
3.323485158592403899e+00
5.325367166943104635e-01
-2.349697549279243347e+00
-3.711098887949216607e+00
-3.263182965615607500e+00
-2.228906970808775867e+00
-2.224052573322466753e+00
-3.749560543776256694e+00
-5.592354502663142490e+00
-5.733708413418133532e+00
-3.109278154980506859e+00
1.227612724465113825e+00
4.617571183297464188e+00
4.746036630263766654e+00
1.560509406553462597e+00
-2.445180954579081245e+00
-3.993827826363498978e+00
-1.611667430411448665e+00
2.978730591956237905e+00
5.913301953917581955e+00
4.102847815548109622e+00
-2.113326191177479885e+00
-8.697448132599772563e+00
-1.048929235090433210e+01
-4.945600166925926189e+00
5.654694752817022163e+00
1.528361957796967374e+01
1.795537467632406958e+01
1.168164499129980705e+01
-1.607466178092034070e-01
-1.101635436757883824e+01
-1.536582267578983263e+01
-1.205011506483869077e+01
-4.493020052029620182e+00
2.126734468572372805e+00
4.559381890892577616e+00
3.357025475460988950e+00
1.749613251772959011e+00
2.609611441515601538e+00
5.946371649548581217e+00
8.844863432354522104e+00
7.825002487536724338e+00
1.750860282201847973e+00
-6.959426923425377609e+00
-1.375478457710091007e+01
-1.496587929577122544e+01
-1.023654227649009130e+01
-2.682951263527701524e+00
3.234570205527837139e+00
4.562312679536725035e+00
1.495941602165107298e+00
-3.115921167015782700e+00
-5.819014969649743740e+00
-4.648103626202723326e+00
-2.045230379982942992e-03
5.939803696862331783e+00
1.055357170648852971e+01
1.193719543154593765e+01
9.455545506783204601e+00
3.791937710971719611e+00
-3.209086609267568946e+00
-8.899307741379518077e+00
-1.062664387692255552e+01
-7.009966214061671863e+00
8.748993759757148769e-01
9.366388998261324872e+00
1.375317331546700217e+01
1.098032547684547389e+01
1.935456778445743264e+00
-8.414345594358264790e+00
-1.358772918413679243e+01
-9.567801319025365459e+00
2.306527336193429090e+00
1.561743210744033128e+01
2.244612321429827873e+01
1.815769720667345410e+01
4.352488442778906119e+00
-1.197874927065248762e+01
-2.261521331512756916e+01
-2.293477547944586803e+01
-1.435528063498347606e+01
-2.953661467436729637e+00
4.649190114204906799e+00
5.347639691550133634e+00
9.881539743799315767e-01
-3.487455902139223518e+00
-3.672138302136061405e+00
1.425830057899503567e+00
9.022492250500958377e+00
1.465328481265677674e+01
1.508033845748662927e+01
1.007025026382822652e+01
2.115938047611782835e+00
-5.359003332386542695e+00
-9.912905490600920189e+00
-1.093744795790055591e+01
-9.231255566594912310e+00
-5.975189490069679366e+00
-2.002916026153604978e+00
2.220983080990878378e+00
6.179719780951614894e+00
9.020721602989571153e+00
9.765678721741620549e+00
7.874709195344404833e+00
3.700842785188997119e+00
-1.542170273865001828e+00
-6.297777421904266149e+00
-9.330960156118845106e+00
-1.014920271623483217e+01
-9.012554224467789865e+00
-6.641589005260115641e+00
-3.854081521736157256e+00
-1.295389318711095861e+00
7.004735567401191298e-01
2.139640253545356252e+00
3.283331863843903076e+00
4.434120910829760120e+00
5.653998684516194473e+00
6.586207672359792653e+00
6.563835090849843290e+00
5.021708586945208275e+00
1.976703144411748880e+00
-1.781975784111307304e+00
-4.998197765953300120e+00
-6.600996441052113362e+00
-6.268562707571834203e+00
-4.505191655385576865e+00
-2.194796846760351361e+00
-5.405588309175091144e-03
1.870123847373015513e+00
3.458318051300650620e+00
4.537123199502597792e+00
4.492299030472539201e+00
2.774580012442711574e+00
-3.454210891317259779e-01
-3.433750276212250263e+00
-4.489829082239126024e+00
-2.290967828174448773e+00
2.434510515556927768e+00
7.022717096150434379e+00
8.358671850624187272e+00
4.998613618159512662e+00
-1.548579348965742675e+00
-7.457954612327154287e+00
-8.939232306344855772e+00
-4.813814717522107323e+00
2.486251556979066635e+00
8.324450757410630786e+00
8.847071101067530918e+00
3.565914624630633689e+00
-4.252589983312429212e+00
-9.711000789009725409e+00
-9.505489614356982031e+00
-4.072348736335173136e+00
2.777734854472388992e+00
6.443089559806916000e+00
4.547764137415093444e+00
-1.614538199943971186e+00
-8.064782015853049657e+00
-1.074770273931936870e+01
-7.967209607687339101e+00
-1.146440247791193912e+00
6.328261359743780901e+00
1.116809170742929780e+01
1.175170077310252026e+01
8.425366973305864704e+00
2.763006646403259658e+00
-3.389259464918364717e+00
-8.436850557817383134e+00
-1.111861124926263855e+01
-1.058416184281495553e+01
-6.765322035247637089e+00
-8.045491577620169643e-01
5.047935157178283561e+00
8.393965821053400944e+00
8.093743254457042013e+00
5.129610159270398206e+00
2.108396939840573303e+00
1.510715929697411752e+00
3.821280412137763260e+00
6.955139918296169732e+00
7.590781271731772861e+00
3.632572815933094112e+00
-3.926128612022597331e+00
-1.120237976267994284e+01
-1.375950936498537303e+01
-9.596443859001446697e+00
-7.264372578311735218e-01
7.844682456729302089e+00
1.117070089221634888e+01
7.462938473599836975e+00
-8.131731316020154310e-01
-8.548613734742868786e+00
-1.120949300009356442e+01
-7.546849087150099500e+00
-1.150429738021101489e-01
6.562568001618148905e+00
8.827989899199662815e+00
5.876708982391287250e+00
-1.888213602465553809e-01
-5.966124836647347607e+00
-8.765929680680148550e+00
-7.777283875678642211e+00
-3.941746617051208545e+00
9.925683747597605633e-01
5.407993046306124540e+00
8.238474571966618143e+00
8.953893836722317090e+00
7.492787433796654462e+00
4.352248807359613281e+00
6.523782910799309498e-01
-2.162051521775232743e+00
-3.036627268178901495e+00
-2.016089622164851214e+00
-3.308045941325092887e-01
3.940481253560416119e-01
-6.372842764843615893e-01
-2.645965406989689850e+00
-3.706595463795903100e+00
-2.204595094410727096e+00
1.678395630860405330e+00
5.634383029861639969e+00
6.510515390675280401e+00
2.484370668263161441e+00
-5.350613742721699317e+00
-1.321228315107850548e+01
-1.671256964504834031e+01
-1.353824163643442802e+01
-4.979362075880444216e+00
4.744173354380897933e+00
1.096862922367957083e+01
1.130141741635091179e+01
6.849310846964272947e+00
1.250186123534598792e+00
-1.762860007634141191e+00
-6.422000414915971511e-01
3.257035732415700657e+00
6.823266890164879861e+00
7.296233269424195811e+00
3.932873215476504924e+00
-1.721192631395523254e+00
-6.915087222264829414e+00
-9.278464097902876517e+00
-7.922083765760874030e+00
-3.573549293228055923e+00
2.046157425710630751e+00
7.035952994567660213e+00
9.873139184867778084e+00
9.655319291034810902e+00
6.223800712986340855e+00
3.037400304480399882e-01
-6.462330956678180804e+00
-1.185457742796875458e+01
-1.388294269904666578e+01
-1.176159089546986714e+01
-6.467195333071179775e+00
-4.111537139148842002e-01
3.737392022864301389e+00
4.464567141513592574e+00
2.218635035679637824e+00
-9.135829505502657266e-01
-2.497824363400875658e+00
-1.234969378076232971e+00
2.273065455025389703e+00
5.940144495756651821e+00
7.526332784609302884e+00
6.050257715751157228e+00
2.408890018191298221e+00
-1.176915617545334136e+00
-2.553859111896956691e+00
-1.015992839387932056e+00
2.181465650440884030e+00
4.528712514305566650e+00
3.821903718747716727e+00
-3.239949765648750812e-01
-5.950355268963297917e+00
-9.649329972313761772e+00
-8.499454380635292239e+00
-1.991267405680444469e+00
7.235926362978779558e+00
1.446096518222110738e+01
1.535296429838827770e+01
8.540552511800479252e+00
-3.259221164008302196e+00
-1.439757356006501077e+01
-1.927556003199440937e+01
-1.551762715901912948e+01
-5.430959924687752682e+00
5.251489431352633908e+00
1.072494952504762367e+01
8.588269234602014635e+00
1.279513082083858944e+00
-5.495222264907561716e+00
-6.423013857659569226e+00
-4.442628257514757983e-02
1.021105898202339901e+01
1.811525702558351014e+01
1.853985684798637834e+01
1.066198673904932193e+01
-1.571157763598628687e+00
-1.196235830374799036e+01
-1.586369789720281176e+01
-1.276671163311032586e+01
-6.091401654139539268e+00
-5.162722722431777322e-01
1.185181290748364313e+00
-3.684552082449109589e-01
-2.219947513578745646e+00
-1.689073793993174366e+00
1.478668399818267476e+00
4.996089142002130501e+00
5.931355191830410156e+00
3.090666892929043730e+00
-1.957947244360473071e+00
-5.985261488237002325e+00
-6.457317347881962100e+00
-3.335211521997586193e+00
1.039119673139039524e+00
3.835152456863004211e+00
3.890905265446614969e+00
2.427781321968750294e+00
1.765326914951529158e+00
3.089580726446088832e+00
5.141915543058314775e+00
5.037469182821317837e+00
7.466010647625989094e-01
-6.652497838872609037e+00
-1.287882507969265333e+01
-1.295935949008457655e+01
-4.820293105111079335e+00
8.574257719542153211e+00
2.028919382536021132e+01
2.332767042822667136e+01
1.500901870734596244e+01
-1.037223015827359873e+00
-1.667188612913685120e+01
-2.382754971395233312e+01
-1.907067311987176339e+01
-5.379327427266351158e+00
9.829788239930326910e+00
1.905451063438961512e+01
1.872136226777602630e+01
1.057415078203111136e+01
-5.409771982425315429e-02
-7.678531560872546180e+00
-9.596280075854354052e+00
-6.746561886476166059e+00
-2.403246305870625044e+00
1.334992436058100029e-01
-6.354493024314721294e-01
-3.927040183017870500e+00
-7.458972294310997064e+00
-8.795868043046681350e+00
-6.524088077068480374e+00
-8.586005345198741701e-01
6.384980219254924094e+00
1.238756655925811678e+01
1.438643599053957089e+01
1.094503542627384718e+01
2.921524509206157916e+00
-6.494753353197438628e+00
-1.300881243874885840e+01
-1.332922619620328319e+01
-7.081893547664793509e+00
2.683693091963419874e+00
1.091949011902087108e+01
1.328380458960473476e+01
8.576968270389249582e+00
-5.926252852633497881e-01
-9.361340443943996448e+00
-1.343361476000161936e+01
-1.142363859612097876e+01
-5.312253641345019872e+00
1.118738317309745600e+00
4.707473652841674294e+00
4.568682563150548326e+00
2.039132162095723011e+00
-7.707186691633985953e-01
-2.576203209010628381e+00
-3.481473537355224579e+00
-4.246696706927705733e+00
-5.052951184588904354e+00
-4.926114199223638579e+00
-2.402324133886737823e+00
3.037325156831444772e+00
9.935687852778443130e+00
1.519514185637017256e+01
1.576031473364296254e+01
1.059695781282671412e+01
1.604430228998527497e+00
-7.245469788465499050e+00
-1.207882375452348356e+01
-1.126079990974948686e+01
-6.188349822975676595e+00
-2.936390155338553520e-01
3.055307745963102839e+00
2.438171711005930664e+00
-1.035976393245439775e+00
-4.657369809597017962e+00
-5.850388158857512622e+00
-3.626756147120286933e+00
1.021732428800488091e+00
5.854283033210380793e+00
8.665159145522043360e+00
8.351352256232898341e+00
5.260234017839098719e+00
7.956055829037591565e-01
-3.357580770977002249e+00
-5.931511738235408338e+00
-6.403676618916564145e+00
-4.932005019436364712e+00
-2.078118936318688270e+00
1.453640113715427118e+00
4.932499510220520023e+00
7.602472078544564305e+00
8.709345036843922472e+00
7.682104042733723936e+00
4.459159733871389086e+00
-2.291955184326353034e-01
-4.892613654483557895e+00
-7.779689066995224778e+00
-7.704711605166747468e+00
-4.769922150482413414e+00
-4.871661708575110161e-01
2.915863982313450009e+00
3.714097579951969319e+00
1.729393930989459705e+00
-1.492339878396849784e+00
-3.576906670337767657e+00
-2.803661453553016436e+00
7.463444444087914409e-01
5.138123633492355680e+00
7.702691663871426897e+00
6.636886777535126569e+00
2.070335155115885506e+00
-4.052931487615295758e+00
-9.137630640448541897e+00
-1.133800720529777806e+01
-1.031249633643795249e+01
-6.986361389507647068e+00
-2.699695010173439158e+00
1.523107012637382907e+00
5.097151395637984805e+00
7.522410104850364654e+00
8.120340184890352475e+00
6.316820230168143091e+00
2.346406190760433663e+00
-2.286466104314966774e+00
-5.240166957872927966e+00
-4.668192802949329590e+00
-6.443984574401301346e-01
4.431830554414710299e+00
7.016404323538412591e+00
4.652506758976782564e+00
-2.157815983806539606e+00
-9.809968130886382198e+00
-1.350982066515644142e+01
-1.019352480847751430e+01
-6.352167162447919235e-01
1.066378981322398367e+01
1.784627681345063266e+01
1.694629030955473326e+01
8.078832637938395678e+00
-4.686288783521121992e+00
-1.559509920500756763e+01
-2.020839586935572996e+01
-1.741499959920524532e+01
-9.491823089311587580e+00
-4.630797353922337933e-01
6.093365705451936343e+00
8.555636945252672376e+00
7.470989489171290465e+00
4.686062435392630121e+00
2.112268494728703150e+00
8.258162892946073752e-01
8.271115882808126596e-01
1.376203090931232609e+00
1.600885029716768493e+00
1.058719017858033462e+00
2.076604930364778223e-02
-6.436986006491751677e-01
3.798046660889137227e-02
2.470749337146511238e+00
6.008404005789934388e+00
9.018521404973203204e+00
9.601590123663120480e+00
6.657629014673629442e+00
6.887431689335756779e-01
-6.214511482230561157e+00
-1.130271864164558515e+01
-1.253491781864617494e+01
-9.598358105837327514e+00
-3.992842773905900700e+00
1.825967516754458675e+00
5.682466613386859322e+00
6.567995913302747013e+00
4.770519784771921401e+00
1.375164351965685317e+00
-2.387889043862773342e+00
-5.531124808400951665e+00
-7.362551855114852550e+00
-7.432706455145428492e+00
-5.606458165599932819e+00
-2.237369102318718106e+00
1.802925120693601890e+00
5.433953531472069720e+00
7.897345940505716477e+00
9.116329784011799831e+00
9.547108545083883513e+00
9.588607614599759188e+00
9.043224987060481723e+00
7.167000041889306061e+00
3.396529093511027497e+00
-1.784633904273372540e+00
-6.637691866707067234e+00
-9.009783875486149896e+00
-7.780473737444128624e+00
-3.855181894391909836e+00
1.833393574676707161e-01
1.718894770920481818e+00
-4.611562428972054706e-02
-3.427393236000025212e+00
-5.416445777642769244e+00
-3.938937952236303275e+00
4.356166177279339191e-01
4.709699447510248937e+00
5.601572373652302872e+00
2.119492737250888048e+00
-3.397935479508162437e+00
-6.726071379567337694e+00
-4.806328215495568656e+00
1.771209437398634678e+00
8.777192597812428332e+00
1.104879259243213241e+01
6.117058803065493322e+00
-3.800360458926672180e+00
-1.295082862352980868e+01
-1.567622917619081768e+01
-1.009482803920957394e+01
6.601329312465860077e-01
1.046092838898318433e+01
1.405093092527317822e+01
