-9.370901482045230768e-01
-5.574000345739078099e+00
-5.852534106645437717e+00
-2.139320239518617495e+00
2.490244208222464728e+00
4.623527303767062335e+00
2.982648733625786086e+00
-8.478505918537520003e-01
-3.880185310178946523e+00
-4.122032869488786666e+00
-2.006698284824998790e+00
2.029648731938084594e-01
4.459016941143456036e-01
-1.384923897557990058e+00
-3.403097264787513510e+00
-3.404575585508545998e+00
-8.473965822390598923e-01
2.531893926616928692e+00
4.026725772843623652e+00
2.179563427934248399e+00
-1.879659437594403570e+00
-5.110739980188238718e+00
-4.809368337509074109e+00
-7.159206461338658567e-01
4.656911632035679816e+00
7.773765770052554203e+00
6.611181233954623870e+00
2.086108466964022856e+00
-2.665947737624916769e+00
-4.581358198382907254e+00
-2.795566111850194435e+00
9.355871804824058557e-01
3.721799709073914553e+00
3.704161148624092625e+00
1.249718504149928133e+00
-1.621653379095152392e+00
-2.967716255839779826e+00
-2.363763638485495200e+00
-9.573341446629137774e-01
-2.400339664839218345e-01
-6.768769945018127121e-01
-1.379877836136711444e+00
-1.067777968876118422e+00
5.715212342187311334e-01
2.361294918479841964e+00
2.500042980916542756e+00
1.601219232827708616e-01
-3.515157149890744570e+00
-5.946935803868097281e+00
-4.917524111287892019e+00
-3.095313187616641759e-01
5.574269839030475460e+00
9.442413191940914885e+00
9.206589204845915475e+00
5.346988889039470116e+00
4.618905606149934506e-01
-2.646112816769705667e+00
-2.924778179976713854e+00
-1.646319027332979523e+00
-1.231011855634571495e+00
-3.245521327835045433e+00
-7.075952929892611820e+00
-1.023541551867506705e+01
-1.005493844750735022e+01
-5.537104004105937172e+00
1.896118228549684925e+00
9.191658075319129040e+00
1.336548665833056937e+01
1.297826025236010850e+01
8.566469627098895145e+00
2.011751698228748886e+00
-4.520069409573842734e+00
-9.366595631032039293e+00
-1.160577206284477647e+01
-1.094908438192836009e+01
-7.643659082658325943e+00
-2.505082329427001042e+00
3.105022831659792537e+00
7.596528090737139749e+00
9.745230630055932153e+00
9.229566324535994681e+00
6.720546976257649519e+00
3.429697302438417417e+00
4.275254455583243907e-01
-1.785285627209572734e+00
-3.197130892020630721e+00
-3.873949608133512967e+00
-3.666873062719957943e+00
-2.354355792298088002e+00
-1.018188674300934404e-01
2.231142239181237663e+00
3.351436954299790383e+00
2.323395899738716519e+00
-6.416987215121174870e-01
-4.041636719349313012e+00
-5.824725059515758474e+00
-4.614757739001523085e+00
-6.251214415526349377e-01
4.362675352056212041e+00
7.959678662631250567e+00
8.452599642320633322e+00
5.617808689828678759e+00
6.463295010024099341e-01
-4.626899875338334134e+00
-8.599556570217119500e+00
-1.036843565115301580e+01
-9.689491620421312845e+00
-6.726380870556197600e+00
-1.941585226546997500e+00
3.787642760459741353e+00
9.070274190789794133e+00
1.223374993528588739e+01
1.195115524904231386e+01
7.963405100132701975e+00
1.426843455706132247e+00
-5.410198459595502385e+00
-1.010327578834916018e+01
-1.104443409703092982e+01
-8.131174390801778173e+00
-2.782137589537572175e+00
2.673806695929959787e+00
5.967296279536015824e+00
5.849350693073855467e+00
2.680697272367249973e+00
-1.634947462169919596e+00
-4.471677431131777958e+00
-3.824876257169341098e+00
4.301632274896609598e-01
6.137208119013257246e+00
9.788933191686655988e+00
8.511025922981108494e+00
2.027356174041801573e+00
-6.714930324620485003e+00
-1.293539329770152335e+01
-1.282401041676101627e+01
-6.066733794809252345e+00
3.659548396950254023e+00
1.078782562507031884e+01
1.137356328099758684e+01
5.728293077138415512e+00
-1.701183246483275457e+00
-5.292742809440209584e+00
-2.141326447425287327e+00
5.791228891213730634e+00
1.285124921544387533e+01
1.350000507044131481e+01
6.178595899873760899e+00
-5.461062030622864327e+00
-1.486366658351288095e+01
-1.685887644850576805e+01
-1.098493912108187942e+01
-1.589227210833597859e+00
5.277460099142659899e+00
5.927055566548776078e+00
1.224838898797980136e+00
-4.494202805064002604e+00
-6.804456406186531581e+00
-4.313115721414708226e+00
6.807445141297483460e-01
4.271988593218677188e+00
4.032001830077543758e+00
7.153727481540294031e-01
-2.601590973760025793e+00
-3.125129303401485092e+00
-5.729804324163156881e-01
2.702925616812908771e+00
3.722894457928819456e+00
1.367663693301943706e+00
-2.642111974589746115e+00
-5.049590665103528053e+00
-3.624326590884696664e+00
1.018856505747886665e+00
5.763987537505317782e+00
7.251512135118977298e+00
4.343742420986345110e+00
-1.044705575607483228e+00
-5.339800360390725587e+00
-5.851290623153277082e+00
-2.585732201494642002e+00
1.934601644766838158e+00
4.594627835004986061e+00
3.856580879999746081e+00
6.192177168525558884e-01
-2.709425650832582022e+00
-4.062311228409790864e+00
-3.046542609375074484e+00
-8.695033277205133082e-01
8.744629641150023502e-01
1.464271310969259332e+00
1.375727257351693655e+00
1.550977602469110206e+00
2.362913305404347852e+00
3.198780674837156557e+00
2.988722259105168089e+00
1.182418882779328273e+00
-1.677181421034152242e+00
-4.258605408087612787e+00
-5.352618305896701401e+00
-4.639774285322411096e+00
-2.739317454158662457e+00
-6.001556981203728380e-01
1.175403198943266503e+00
2.508007903603785671e+00
3.473095405213427966e+00
3.871221114898827587e+00
3.263809247163309113e+00
1.515506991320268337e+00
-6.850196090028132234e-01
-1.957902574935033169e+00
-1.133082353487966376e+00
1.697071213271499124e+00
4.884579334706003806e+00
6.126981201778757935e+00
4.059221693919514706e+00
-6.213484599532197450e-01
-5.436502955519918245e+00
-7.746932038312613678e+00
-6.587080319916317706e+00
-3.335999256519275313e+00
-6.562486707479203707e-01
-4.433283156954187509e-01
-2.336001384030236050e+00
-3.978342506891517694e+00
-2.914117313191511460e+00
1.294019112190656795e+00
6.390262323412581047e+00
8.847251010324011844e+00
6.455868200487117292e+00
1.975865562154612842e-01
-6.069985871498427166e+00
-8.049459429939982869e+00
-3.943914923025418240e+00
4.150057170363701253e+00
1.142313803029385788e+01
1.336827442269799882e+01
8.630648575933259181e+00
-1.822503191756812413e-01
-8.209387726310341193e+00
-1.137016774743701575e+01
-8.726892174006492198e+00
-2.737307723565252537e+00
2.584280556569197085e+00
4.256568031081801706e+00
1.995718093735740606e+00
-1.955778219503024662e+00
-4.503308761883579869e+00
-3.676920281103280175e+00
2.949069277711906523e-01
5.302522312268619586e+00
8.678563515555980601e+00
8.660628982704979606e+00
5.218862169446594201e+00
-5.773014149978150655e-02
-4.825877240064267326e+00
-7.125661984755018885e+00
-6.274649346410569706e+00
-3.140910341895394087e+00
3.325747647002206264e-01
2.160706559859459919e+00
1.414246290873672374e+00
-1.225347403014708458e+00
-3.843333305791701182e+00
-4.465884378706252100e+00
-2.350317881733649195e+00
1.460519683697227622e+00
4.761856396646420464e+00
5.641934194089524901e+00
3.789472083059639118e+00
7.000520668607546071e-01
-1.429357547828019825e+00
-1.358626612259177691e+00
2.178031189781067800e-01
1.173430484053712419e+00
-3.536958076935412532e-01
-4.309002596256558348e+00
-8.423318345372630134e+00
-9.641740827331737762e+00
-6.353905001560140597e+00
1.910355359638382655e-01
6.416227164953506090e+00
8.659352930355908029e+00
5.618181689198833872e+00
-7.264354786773025152e-01
-6.397908820155906007e+00
-8.042746537429220410e+00
-5.049751524191381513e+00
2.897774926841778509e-01
4.609182340607934414e+00
5.874845968245642425e+00
4.595258473187918469e+00
3.007020285023649819e+00
2.972957876220668094e+00
4.304615450240689256e+00
4.872928228985306198e+00
2.460066245419884279e+00
-3.091331919175359655e+00
-9.180860910525050045e+00
-1.190968898069451676e+01
-8.770979573133530494e+00
-6.511067244584705094e-01
8.374463613572492804e+00
1.343339159172450614e+01
1.186456073622300877e+01
4.820858832743946998e+00
-3.578250904589471926e+00
-8.901529210386522450e+00
-9.036499183013322778e+00
-5.092638405054297657e+00
-1.675231268110184413e-01
2.951792487264347287e+00
3.467491769425801618e+00
2.572510899873926782e+00
2.035870423401099583e+00
2.629038251195883635e+00
3.620163689259780604e+00
3.612567942186655667e+00
1.921716217744655619e+00
-6.918235881995271619e-01
-2.538195869949318784e+00
-2.334090284944954519e+00
-2.694776490105129652e-01
2.064079537456082747e+00
2.847544272329749049e+00
1.406868817554479012e+00
-1.274629123368274719e+00
-3.294523859517700437e+00
-3.249890060011804582e+00
-1.256502889405511691e+00
1.187406611869463502e+00
2.357343584927948932e+00
1.577591329947666932e+00
-3.455429911169495272e-01
-1.821336966612067343e+00
-1.724157251230316934e+00
-2.210994016615862034e-01
1.430846934373442680e+00
1.908222485517170774e+00
8.312093624359770949e-01
-1.024231422235093003e+00
-2.433165835523080744e+00
-2.730071212653562007e+00
-2.277649166824868843e+00
-2.018623380159964675e+00
-2.505933002238348362e+00
-3.259774031779878012e+00
-3.054451940908295082e+00
-9.734198538789140542e-01
2.605598831135425009e+00
5.960559872851165508e+00
7.088956965568703694e+00
5.171271378660901696e+00
1.322024369161657109e+00
-2.032603202213339344e+00
-2.804539139212669951e+00
-7.572158170813912959e-01
2.264294972498198888e+00
3.640049059869041148e+00
1.929374388278349617e+00
-1.957861341608127637e+00
-5.298490393350101968e+00
-5.499369050554146376e+00
-2.074902088407942546e+00
2.816500431417462647e+00
5.763522531745350008e+00
4.506211701442600415e+00
-3.570658808088086333e-01
-5.646236938189748145e+00
-7.757960290496780154e+00
-5.227403049744209440e+00
1.443998398116190796e-01
4.474243363637864235e+00
4.533104919365089636e+00
1.260723784701197614e-01
-5.612207032123281536e+00
-8.307142592623819155e+00
-5.428521006888348488e+00
1.776646256624986986e+00
8.907767556038574952e+00
1.124650589886587682e+01
6.914026996179620355e+00
-1.798492455056847072e+00
-9.848945301038813938e+00
-1.266943425557666281e+01
-9.036187326099211603e+00
-1.689076575175618711e+00
4.643790165765214084e+00
6.410333469878647605e+00
3.433810876696079983e+00
-1.267910860546954233e+00
-3.787287580487517680e+00
-2.076334219607082865e+00
2.750828036870536231e+00
7.360966013487281856e+00
8.608001167035487455e+00
5.664880593092824768e+00
4.396671099985038911e-01
-3.892923440900667220e+00
-5.103341819612672303e+00
-3.285644202395276992e+00
-5.135512328947811067e-01
8.538155807360325866e-01
-7.369304333068549262e-02
-2.149699336406598604e+00
-3.145667508188661809e+00
-1.474229656121480048e+00
2.568490164977714318e+00
6.894417006193074293e+00
8.946722908647558370e+00
7.331039685847887455e+00
2.684899038062758869e+00
-2.718760735683889429e+00
-6.302308836493813793e+00
-6.579685416561375177e+00
-3.813629002805224211e+00
3.324036483949876497e-01
3.807440436307495624e+00
5.210662425932191866e+00
4.327971551182340448e+00
2.008060775659967767e+00
-4.294605831186613654e-01
-1.896826894278003550e+00
-2.027275498158947808e+00
-1.267022328500784667e+00
-5.541757512023840482e-01
-7.308947970949160045e-01
-1.969472655986760357e+00
-3.539114546496696878e+00
-4.120675818846498473e+00
-2.586435957162311450e+00
1.164341969020211920e+00
5.859072209404788012e+00
9.326813441670090299e+00
9.632432097345187572e+00
6.233242057583799678e+00
4.154240159816113831e-01
-5.335754141234954062e+00
-8.698080901505010232e+00
-8.765968763570995748e+00
-6.396521434669809381e+00
-3.447317961812652154e+00
-1.460410854829533367e+00
-7.225177219536866868e-01
-3.436294938962782819e-01
7.600976627601283564e-01
2.769128442778736154e+00
4.627709526911892191e+00
4.774365472536756805e+00
2.407422621594495382e+00
-1.694182942441285533e+00
-5.489119364420583125e+00
-6.987923510547339845e+00
-5.643660280085250669e+00
-2.777070257063788183e+00
-6.531687275249082880e-01
-8.117040846819827404e-01
-2.846825647864600128e+00
-4.572619097985082703e+00
-3.550444193086869316e+00
1.039599230000313179e+00
7.510356814527300529e+00
1.246801774750969471e+01
1.286384852047357974e+01
7.982326333667929319e+00
5.038026689884445020e-02
-6.962561961364047924e+00
-9.612492903058162952e+00
-6.903271810364836725e+00
-7.089514204762932259e-01
5.473614289257236365e+00
8.577131123450786987e+00
7.542870024968762799e+00
3.570071123603472785e+00
-9.135676910475796220e-01
-3.752413069673045776e+00
-4.085360142095035840e+00
-2.417922314468274880e+00
4.427421332216951999e-02
2.187909514771700259e+00
3.398465740843116922e+00
3.499529887646446014e+00
2.518916334670999735e+00
6.130177696686063271e-01
-1.794021139702099976e+00
-3.903375141152333860e+00
-4.755717416780817608e+00
-3.781152649001853217e+00
-1.337240838037602852e+00
1.238013743850819193e+00
2.265851523087370811e+00
7.668333400927740406e-01
-2.759195356753290973e+00
-6.405022479593699636e+00
-7.861100380575012814e+00
-5.804605195875469192e+00
-8.087269833870958102e-01
4.847792228965854378e+00
8.418895286183042614e+00
8.253611298303754396e+00
4.730975031152615529e+00
-8.855195060810006069e-03
-3.368640253785894156e+00
-3.825069481728262222e+00
-1.750089565998668828e+00
9.565814578411826474e-01
2.157470050794890959e+00
8.626102086681146641e-01
-2.150714526140318661e+00
-4.847128583255508438e+00
-5.231046409608412162e+00
-2.620893924156903587e+00
1.876783960037138765e+00
5.969052750921608919e+00
7.483405495735524049e+00
5.604757397573997046e+00
1.330059071380176761e+00
-3.102155701706020174e+00
-5.461056862246945975e+00
-4.735541937461778872e+00
-1.637394753148846416e+00
1.861729754224400679e+00
3.676062271069226561e+00
2.782403826925711865e+00
-2.268922235237953444e-01
-3.514481308065072085e+00
-5.076730930421621046e+00
-3.919169041608593584e+00
-6.569257720553711710e-01
2.817116049637526487e+00
4.428205136859882707e+00
3.162095698757144913e+00
-2.765904779732767382e-01
-3.812341534801819698e+00
-5.199285286069635248e+00
-3.398903363097844910e+00
6.916059107935087491e-01
4.648831880055624310e+00
5.900383588365555987e+00
3.298507198735636248e+00
-2.052972912101674652e+00
-7.269115407333196721e+00
-9.250657994657949246e+00
-6.474470548731130037e+00
4.141176649603472981e-02
7.198205301964280878e+00
1.147695814412362125e+01
1.086119618794923269e+01
5.916291323585887163e+00
-5.928396400840434399e-01
-5.310366014928987077e+00
-6.178621386660892334e+00
-3.515558590675834871e+00
3.155409181549291842e-01
2.408484606340343337e+00
1.082481796340700742e+00
-3.114001691172784803e+00
-7.721036453075021733e+00
-9.790870175409219556e+00
-7.583078960774193966e+00
-1.573946674139459656e+00
5.762183359770244095e+00
1.124754882602795369e+01
1.264074190419230526e+01
9.733634744133338401e+00
4.343261112388478118e+00
-7.523282065763045035e-01
-3.324248027395541705e+00
-2.821705621565917532e+00
-5.228459632932382917e-01
1.342511468544242748e+00
9.808913637099951899e-01
-1.864022660464033976e+00
-5.732157480895199164e+00
-8.298516883369027042e+00
-7.765951277248076323e+00
-3.981332936305276071e+00
1.398342572997119726e+00
5.812813358417706411e+00
7.258961306725458584e+00
5.437787775337525886e+00
1.891972914423625252e+00
-9.599690985220794559e-01
-1.313653611354601347e+00
9.146446749535533938e-01
4.044799870878456716e+00
5.683396148570199813e+00
4.227562604120028489e+00
-9.517241218562533245e-02
-5.282892998384777883e+00
-8.678221889975072045e+00
-8.484851818515297239e+00
-4.795079560606852809e+00
4.538808469039896654e-01
4.550408234215750802e+00
5.489846253259639930e+00
3.049816252303820807e+00
-1.107332542773359130e+00
-4.340665937614328840e+00
-4.463802917215889288e+00
-9.703558064953650142e-01
4.575753376455059751e+00
9.215404680284265737e+00
1.005814680300065334e+01
5.855303144078528810e+00
-2.114690857613380714e+00
-1.039047762507431294e+01
-1.487743361478712245e+01
-1.293321086961265998e+01
-4.927922898402374408e+00
5.646210548899848192e+00
1.375194627284983007e+01
1.537388671984564681e+01
9.725109517011867766e+00
-1.874435594236397717e-01
-9.075418427805523436e+00
-1.221011214505907105e+01
-8.018557421294350007e+00
1.061370600286737353e+00
9.976651155992096065e+00
1.389441946432881281e+01
1.082284630485542642e+01
2.528533605079344326e+00
-6.675313721086611807e+00
-1.241890511504772299e+01
-1.251115814023213346e+01
-7.695747906351263268e+00
-7.333944028703816009e-01
5.357954042961388552e+00
8.718229314320590007e+00
8.999206351166861850e+00
6.805457513865578179e+00
2.960917001927843906e+00
-1.745353655904477552e+00
-6.292575895614179515e+00
-9.182400034205965511e+00
-8.798540318850559316e+00
-4.403967279135848401e+00
2.889234169837779920e+00
1.007505946266335251e+01
1.352325577969561721e+01
1.100687613998670500e+01
3.237928210205568647e+00
-6.207646852382172398e+00
-1.273449703287396950e+01
-1.332170821939525140e+01
-8.265909315391144929e+00
-9.392335639524118651e-01
4.324056832058359667e+00
4.884278603776630590e+00
1.306875053730686798e+00
-3.215616777090351430e+00
-5.107000462526433360e+00
-2.816197566695004095e+00
2.186213630095604099e+00
6.441999832370692403e+00
6.843871425435334999e+00
2.716968915975143783e+00
-3.710247743272020227e+00
-8.714338159999400091e+00
-9.409257496873570048e+00
-5.487136358843573980e+00
7.075318887835133630e-01
5.732714329690622002e+00
7.162295533030882844e+00
4.898924887371607362e+00
9.293811855603626437e-01
-2.181461777812328418e+00
-2.970434537184252655e+00
-1.815823082532119326e+00
-3.369865359808409955e-01
7.399215695918615054e-03
-9.371314463634872194e-01
-1.959880460109040268e+00
-1.524443006100046016e+00
8.797771066376106619e-01
4.103434349126573011e+00
5.953400866339394248e+00
4.697048991015341457e+00
4.215912224529727581e-01
-4.749648247517749944e+00
-7.837486126841040956e+00
-6.873760177384858672e+00
-2.225691315830596206e+00
3.545122526512667793e+00
7.255745869479017784e+00
7.101177207887995557e+00
3.755775721546287471e+00
-1.683770999021076964e-01
-1.946010698199980959e+00
-6.034732918372688326e-01
2.459394732836761577e+00
4.522125087597501647e+00
3.533557989764057883e+00
-3.711443677659365115e-01
-4.922991095093065539e+00
-7.334051207274053574e+00
-6.337763128578453475e+00
-3.170052289544339708e+00
-7.188567496040292326e-01
-1.371222127040541583e+00
-5.067758282253327806e+00
-9.016618673682645024e+00
-9.416405785481913426e+00
-4.123877858383636408e+00
5.539051116582808021e+00
1.516493591278426756e+01
1.973453000936355650e+01
1.667448030819648253e+01
7.536046580754023338e+00
-2.827673611503893625e+00
-9.113430894015722927e+00
-8.673480610119920442e+00
-2.944562572678751877e+00
3.646759490751004584e+00
6.546054994726972609e+00
3.863460568921354810e+00
-2.623305999494657925e+00
-8.780837813576303219e+00
-1.080551997825308064e+01
-7.542275007688986399e+00
-1.030640070606309688e+00
4.938694936876300012e+00
7.229432890107332810e+00
5.179950340532591291e+00
7.664547597345929830e-01
-2.860972809162527941e+00
-3.439988361720628163e+00
-9.366002379920019827e-01
2.610405029099188035e+00
4.537640811737111868e+00
3.311385084171832194e+00
-5.226778873379545054e-01
-4.740874874112239290e+00
-6.877020532917379469e+00
-5.754266365030545671e+00
-2.161308783297906100e+00
1.709241765991187822e+00
3.662155937992272126e+00
2.837161958698771524e+00
1.511151666999073218e-01
-2.398322330065723040e+00
-3.083489406195217608e+00
-1.562476855658842645e+00
9.595054416968160638e-01
2.609341034225501232e+00
2.166878194612674058e+00
-6.135599882866848986e-02
-2.406971407963750309e+00
-2.943308514868967052e+00
-8.002834309967150617e-01
3.182765358129341138e+00
6.904800138358836215e+00
8.266065799147080284e+00
6.432758278225429116e+00
2.305680295952941883e+00
-2.068711366701949217e+00
-4.723619505400915131e+00
-4.841148037008191629e+00
-3.039466613556971453e+00
-8.048994831490322577e-01
4.663574556692410278e-01
1.857024750945364677e-01
-1.313801280432373986e+00
-3.172719744304670186e+00
-4.520121747839759507e+00
-4.766335248167607119e+00
-3.620917823434472993e+00
-1.034852306145101153e+00
2.732572466521114407e+00
6.945625213572049539e+00
1.036567133801186280e+01
1.159495512795999517e+01
9.745727970100652726e+00
5.068421347675416300e+00
-9.177148830044878913e-01
-5.992782936558381124e+00
-8.259531335515683637e+00
-7.059506609906420316e+00
-3.262681699495736165e+00
1.210852150518573422e+00
4.330842819044903536e+00
4.834308574096517930e+00
2.640316474755781240e+00
-1.271695738487449212e+00
-5.322105271184891961e+00
-7.876009060647374938e+00
-7.733291196070318563e+00
-4.531093979842479413e+00
9.985229116541722849e-01
7.075274599106482931e+00
1.138429859026169488e+01
1.200796709458555078e+01
8.395776266543666821e+00
1.807222583194624477e+00
-5.152739810408360377e+00
-9.769513565357300422e+00
-1.056573638338623411e+01
-7.959905046263627604e+00
-3.835703518362464148e+00
-3.182718929038125255e-01
1.432578856099202991e+00
1.646487960556159313e+00
1.395615345067069413e+00
1.577547402283515865e+00
2.223089937256000681e+00
2.615262877487999127e+00
2.046164629372135835e+00
5.447522007022400636e-01
-1.039864308525170200e+00
-1.672530423250959242e+00
-9.646289193125076045e-01
4.791935550879012906e-01
1.493386143539424449e+00
1.227311860478089267e+00
-2.279756951827833777e-01
-1.950863240028333667e+00
-2.929779956171612021e+00
-2.821149275129070766e+00
-2.113568911371419112e+00
-1.590680019101847975e+00
-1.575001473525828866e+00
-1.619943781053888143e+00
-9.369900968268978225e-01
7.911234131106996692e-01
2.921099601374874233e+00
4.162341140393764682e+00
3.516973166317256982e+00
1.122280297032302032e+00
-1.707811455571714987e+00
-3.342937129417990150e+00
-2.980394311474788616e+00
-1.200041150978047977e+00
5.112476926579579972e-01
9.115473507044582480e-01
-5.559175409687230895e-02
-1.262590370553316355e+00
-1.337455645605033272e+00
1.983755203018564561e-01
2.490045756640026475e+00
3.955341549502528586e+00
3.467375017874843035e+00
1.202935316631545293e+00
-1.478463413049725839e+00
-2.999149717755250855e+00
-2.613103567853867659e+00
-7.715601887534428993e-01
1.375794035311965757e+00
2.840902227755283338e+00
3.300817343092100842e+00
2.929964021022830156e+00
1.885815210506422090e+00
6.869411707956141200e-02
-2.540450691311219256e+00
-5.304173444325247289e+00
-6.818521696370251739e+00
-5.662688676609507255e+00
-1.614021775851476992e+00
3.661960882569020637e+00
7.246413688174238921e+00
6.770677198580584921e+00
2.209439256255662176e+00
-3.742784678333026971e+00
-7.234905631725485620e+00
-5.853050942342396645e+00
-4.312515024202665526e-01
5.337297890600130046e+00
7.383387583642545771e+00
4.161913850085453781e+00
-2.133289195998831378e+00
-7.017706838203451980e+00
-6.887641813389857148e+00
-1.663719668772427163e+00
5.042150818078111385e+00
8.432726958121664396e+00
5.953543016576320568e+00
-8.158037085560797541e-01
-7.191483078024275777e+00
-8.629316180949645698e+00
-3.888721036077486204e+00
4.107137627336093999e+00
1.027766211660489581e+01
1.079336711171058028e+01
5.496242748727770078e+00
-2.257427588177689515e+00
-8.040836801747250462e+00
-9.238263970754550414e+00
-6.376229250050049480e+00
-2.194656791445746435e+00
5.891808029752556575e-01
1.066189621931902476e+00
2.754719556417555837e-01
-1.169887930488224259e-01
6.590861417220377216e-01
1.994720724473187712e+00
2.703499147653371626e+00
2.262507918585194400e+00
1.344499539680564792e+00
1.177036865914902641e+00
2.314497964453598122e+00
3.932660897686933055e+00
4.324474526502040561e+00
2.260775805815203210e+00
-1.871365201553581104e+00
-6.105521195341609975e+00
-8.147446579584615378e+00
-6.925377330089663275e+00
-3.288020224836685657e+00
6.408967210746530085e-01
2.925717981109640320e+00
3.002017700076362594e+00
1.775178373337065851e+00
7.070021077377364183e-01
7.007190798144569133e-01
1.628523696384488240e+00
2.716534969702511404e+00
3.286691819478504417e+00
3.156969739812676146e+00
2.440276501816997623e+00
1.113446204993528088e+00
-1.050477167596024053e+00
-3.997100849183531146e+00
-6.819450646522681403e+00
-7.834509514811113462e+00
-5.586170551186920186e+00
-1.891581528205081852e-01
6.099939468405290555e+00
9.834996387476616420e+00
8.500555866030669705e+00
2.411445590531902994e+00
-5.084857982991418446e+00
-9.513515960629792545e+00
-8.169916756666633972e+00
-2.040173275918163220e+00
4.693199469217732123e+00
7.369485029914743635e+00
4.009599673811290899e+00
-3.252586120227829447e+00
-9.495967791064781949e+00
-1.023329777087934644e+01
-4.362335600033721228e+00
5.115487942101871965e+00
1.302343209484719289e+01
1.521811268816275842e+01
1.094000784644567581e+01
2.886009517728846951e+00
-4.796757443893525874e+00
-9.060104529323925959e+00
-9.352716628831373669e+00
-7.182890219399669540e+00
-4.507176860094570081e+00
-2.299529490842033841e+00
-2.854261742344839092e-01
2.204102955296999067e+00
5.153133493674356913e+00
7.511041907331501122e+00
7.846381394718813240e+00
5.454518808384927198e+00
1.040013892282122487e+00
-3.543906670245632551e+00
-6.306614604387947409e+00
-6.189079376696509982e+00
-3.534750430092050255e+00
2.282662011025349824e-01
3.386787360962970617e+00
4.723906692699642029e+00
3.934459659303513490e+00
1.610873437387429163e+00
-1.081100512568859084e+00
-2.890418257796303791e+00
-3.005535392909436609e+00
-1.451087757808023682e+00
8.606701183804685851e-01
2.562166128745159366e+00
2.613417569054066636e+00
9.906847527231343875e-01
-1.230794142365161825e+00
-2.573354264214204878e+00
-2.231420751281901538e+00
-7.441648429668975551e-01
3.292654551691532872e-01
-3.794750213286625096e-01
-2.800582241570441777e+00
-5.157655731186551407e+00
-5.062727252486759255e+00
-1.326685638168163983e+00
4.823745184574773859e+00
1.014971211899982961e+01
1.134133857023606495e+01
7.249487640092707963e+00
-1.679584789725143690e-01
-6.942518674667713441e+00
-9.565841507457925275e+00
-7.165594292145963884e+00
-1.898284696291593798e+00
2.670917094264617653e+00
4.007414695993498199e+00
2.128639300479150176e+00
-7.984319244588479192e-01
-2.346624372351335808e+00
-1.700906822906362859e+00
-1.073363347705119097e-01
3.544627978155829862e-01
-1.372361893609239658e+00
-4.333727546223945737e+00
-6.219485474597523655e+00
-5.133297465996815134e+00
-1.090084252389583064e+00
3.908912321737544104e+00
7.254872909781936663e+00
7.489716842735898439e+00
5.132351677675319301e+00
2.040913645397050669e+00
-7.595794719231541148e-02
-7.876841069106287341e-01
-8.895301833712059292e-01
-1.364331306178041325e+00
-2.343012389188379174e+00
-2.979311702006028462e+00
-2.316297600599956485e+00
-3.406692376514138809e-01
1.756331975526118638e+00
2.415454712084336375e+00
9.874055214650030443e-01
-1.630262298618196715e+00
-3.593295072821607317e+00
-3.526565393105981716e+00
-1.625503303098353447e+00
4.807196262084497129e-01
1.044128144527869395e+00
-3.437249485501521207e-01
-2.345155219312297312e+00
-2.902210013843341319e+00
-9.197524189821870699e-01
2.736178261559413460e+00
5.765753435867898347e+00
6.134420474747518170e+00
3.642940423274082296e+00
1.332953935287807257e-01
-1.859015698680305473e+00
-9.852292969734227635e-01
1.943957025168620678e+00
4.625045587699126770e+00
5.021758057614618131e+00
2.835626042835469818e+00
-4.322353660351800908e-01
-2.803676783482053736e+00
-3.404426851471099802e+00
-3.003821037197277999e+00
-3.102732989252011908e+00
-4.382856280909161129e+00
-5.883685276578173529e+00
-5.688043126365991853e+00
-2.631201280790896657e+00
2.368881104934237314e+00
6.558078185655249470e+00
7.157002921005517493e+00
3.445532269606560671e+00
-2.488924900167884147e+00
-7.011798840792808463e+00
-7.377498745587459439e+00
-3.589844552562786895e+00
1.673456254912363272e+00
5.010197507380468096e+00
4.675733907941197920e+00
1.664272938188225304e+00
-1.239602158581755820e+00
-1.646285460992400029e+00
6.900162931200573002e-01
3.827144523147876676e+00
5.225132748745936695e+00
3.680499045974297445e+00
1.357585884053319480e-01
-3.157275549096259848e+00
-4.355111409017365709e+00
-3.243929233802692380e+00
-1.089240935036010827e+00
6.057792496012852634e-01
1.302628428630581148e+00
1.588884940374219124e+00
2.257902884008684552e+00
3.228719715022632553e+00
3.373168858106718293e+00
1.513926064233163338e+00
-2.223332620090141987e+00
-5.952193869663783943e+00
-7.078160829290263578e+00
-4.239924611710577551e+00
1.333510921230781188e+00
6.249009742043174498e+00
7.086262285254677273e+00
2.835397450054177426e+00
-4.139310051121883660e+00
-9.434956119478698611e+00
-9.452642193256307834e+00
-3.839747286708419693e+00
4.160524004857483860e+00
9.730596754659925907e+00
9.533948016413633653e+00
3.784902385148532389e+00
-3.983013097606906694e+00
-9.205538381856484875e+00
-9.070617089703130631e+00
-4.028075119817648542e+00
2.783792931372623514e+00
7.622125428805639480e+00
8.302818339399456349e+00
5.166222904828176254e+00
4.878889488486732873e-01
-3.049148278933428546e+00
-3.797419442129291056e+00
-1.768207025244635133e+00
1.670020371853199626e+00
4.630579185984096569e+00
5.586227011298494638e+00
3.960051440968287650e+00
3.135140156778113418e-01
-3.880690029792201567e+00
-6.839727120146914530e+00
-7.281133184229275912e+00
-5.094000354033765277e+00
-1.454858995570023517e+00
1.801674048466168854e+00
3.275899973031943802e+00
2.876857195641475240e+00
1.825990193808255890e+00
1.689605571365216941e+00
3.069932720838268736e+00
4.939762399709097807e+00
5.237851650926021563e+00
2.435328303046953913e+00
-3.020526925899752690e+00
-8.535320806639814961e+00
-1.079502094256724476e+01
-7.948792287408352308e+00
-1.046995623287353183e+00
6.369071624538506171e+00
1.038879206375242781e+01
9.201093325880933094e+00
4.231144916217932206e+00
-8.650539356871710384e-01
-2.686207973476187671e+00
-3.537393230842467151e-01
3.987964346717008723e+00
6.753568995571933797e+00
5.447846611008600348e+00
3.791428029235142105e-01
-5.595438001686731333e+00
-9.042019465594112404e+00
-8.213083727122118205e+00
-4.048506403622092797e+00
6.742466448152211189e-01
3.310814124058892638e+00
2.994639587578019846e+00
8.669071702641408805e-01
-1.093553476731818686e+00
-1.627888022248771716e+00
-9.584065450768963768e-01
-2.894040322609151561e-01
-5.917030254556423507e-01
-1.726155194305642349e+00
-2.611541487184519283e+00
-2.247597593153161100e+00
-6.923978765967319093e-01
8.700187096503730899e-01
1.085332467854578375e+00
-3.432515438695144527e-01
-2.189918722186765976e+00
-2.492534797289871484e+00
-1.001667159249726158e-01
4.171085670463945405e+00
7.739914594469404108e+00
7.841828363189891071e+00
3.481900490643076829e+00
-3.610814144264059777e+00
-9.787575192031788163e+00
-1.162233529523092557e+01
-8.034322570999572477e+00
-1.000249320231913153e+00
5.624884872617440301e+00
8.421613393146140325e+00
6.369658893613064699e+00
1.241321927339431141e+00
-3.735961440913543985e+00
-5.983715560445726389e+00
-5.040741490609458531e+00
-2.504411724883652823e+00
-6.271961444587361711e-01
-6.365458991461239169e-01
-1.955911230654749255e+00
-2.804656361589281222e+00
-1.665580005017337273e+00
1.474968851744405285e+00
5.003699934155750206e+00
6.745350858603604394e+00
5.451079364215404510e+00
1.671441041186864762e+00
-2.568779831766279109e+00
-5.037053355671210042e+00
-4.619529405327939209e+00
-1.838893653206425505e+00
1.696906012061033087e+00
4.430249696686093586e+00
5.737821568253267834e+00
5.994228844838621839e+00
5.900557138754350284e+00
5.702808340393880293e+00
4.955715098790973272e+00
3.008703267710558293e+00
-2.129882145400869842e-01
-3.815644350141196295e+00
-6.324947180445386508e+00
-6.629403168049060824e+00
-4.789290177270315141e+00
-2.076665696618720247e+00
-1.630931836846894745e-01
-1.102570132367053368e-02
-1.266006113287560408e+00
-2.594566726096441567e+00
-2.718167220702002673e+00
-1.373774585367844470e+00
5.172761082120586051e-01
1.597060949014181830e+00
1.164494225135878303e+00
-2.290258368723554483e-01
-1.159528347677963644e+00
-4.254785599111295946e-01
1.960056999839264957e+00
4.647680607309944811e+00
5.834627602247731915e+00
4.536058380647476795e+00
1.322297833354836527e+00
-2.025679116525692436e+00
-3.705927275681033528e+00
-3.079285994183365460e+00
-1.006913403903955562e+00
8.721794213597864331e-01
1.362575391923370960e+00
5.233748784419546274e-01
-5.112066791987535108e-01
-5.295562107374165439e-01
7.206059547466767690e-01
2.249546894175331602e+00
2.512730596471492994e+00
5.587495095886991781e-01
-3.202058556706616876e+00
-7.153121136876992914e+00
-9.417281839086093953e+00
-8.914418826174127730e+00
-5.835589049807619944e+00
-1.322513528359151813e+00
3.276845447667421585e+00
6.977995236749466201e+00
9.225941539066315755e+00
9.630137533712158415e+00
7.829890036769976192e+00
3.776940888370569738e+00
-1.761823238716788698e+00
-7.033374791351889144e+00
-9.880469909194143696e+00
-8.920726654350211504e+00
-4.580864149890273573e+00
8.450667622313834393e-01
4.374486750026360227e+00
4.135447910669434179e+00
6.238961266202363021e-01
-3.500998862206885054e+00
-5.068973761654680388e+00
-2.476945048645955882e+00
3.186668241534857060e+00
8.765698904235748046e+00
1.103775475704147979e+01
8.775217152219431327e+00
3.485638698145230308e+00
-1.660587365763642520e+00
-3.971891930047596553e+00
-2.974690432706816878e+00
-5.658395275478240727e-01
4.988901478440119774e-01
-1.300169167270417203e+00
-5.052633406807518490e+00
-7.980066167734572780e+00
-7.383342067597106428e+00
-2.632856247414236073e+00
4.188209228394889294e+00
9.468331500742392492e+00
1.031942878273155095e+01
6.408683768787226676e+00
1.597066508315554412e-01
-4.802397892504053800e+00
-5.929998974176749371e+00
-3.266812896849692116e+00
7.589399287357814217e-01
3.068805597317801226e+00
2.012048480283462837e+00
-1.580964827867617384e+00
-5.021035476199572578e+00
-5.592103681048009811e+00
-2.357326122688349290e+00
3.228307859078407560e+00
8.241426915425639876e+00
1.008591231763767482e+01
7.977173313002070998e+00
3.212596502850499469e+00
-1.825454806401800800e+00
-5.168941489287789182e+00
-6.254717631793557331e+00
-5.845578748699561622e+00
-5.108291435764089172e+00
-4.629866893747784928e+00
-4.102794440712940194e+00
-2.832353119674883679e+00
-5.695558294180478320e-01
2.059043666015085261e+00
3.905521789644987862e+00
4.170551365675269295e+00
3.079640007038360494e+00
1.775691746483055056e+00
1.443251320190500842e+00
2.313246137713143469e+00
3.357148855347525274e+00
3.005745013888800887e+00
4.425396261370828643e-01
-3.488380304844494351e+00
-6.536828623269112626e+00
-6.441525434776933068e+00
-2.579414531811740741e+00
3.306972150013862688e+00
7.935340298629349753e+00
8.447721751187939887e+00
4.268800895592662847e+00
-2.395963528763558337e+00
-7.821118077496141296e+00
-9.018752161288880131e+00
-5.554915828140763345e+00
2.351437377741211754e-01
4.746072356958221938e+00
5.323438058860920030e+00
1.790667329555089893e+00
-3.617178523567155413e+00
-7.742412460701195265e+00
-8.367537376307453201e+00
-5.284076585542139881e+00
-5.161383793729279468e-02
5.163476629500454607e+00
8.765484413971021738e+00
1.019924125677267668e+01
9.640343106573308063e+00
7.415431194286158600e+00
3.745388254186685195e+00
-1.012791726350678712e+00
-5.973489821726082560e+00
-9.705255483825997231e+00
-1.080113824294449465e+01
-8.712551216022346168e+00
-4.220834796590321680e+00
8.768489711883311610e-01
4.723209014900273672e+00
6.363269680917678528e+00
6.058453140435061002e+00
4.777293894272385266e+00
3.303686115072669516e+00
1.677481190412259515e+00
-6.024789854260661492e-01
-3.807760947619961200e+00
-7.313586387768656216e+00
-9.655005792592088909e+00
-9.370562152036622905e+00
-6.061558615398570105e+00
-8.714886128061163362e-01
4.031920920025608979e+00
6.678132454467168522e+00
6.406569202240087968e+00
4.123193405177818960e+00
1.558256197605963012e+00
8.383678603282779251e-02
-6.614358488211158349e-02
3.356660031056522553e-01
3.696212113839111857e-01
-1.587879448200016363e-01
-5.291254670360452383e-01
2.537907561372099718e-01
2.497691059342590947e+00
5.315975001123613985e+00
7.032238622273984774e+00
6.275184959743199009e+00
3.007283466604969924e+00
-1.268390576468130471e+00
-4.332854137206223477e+00
-4.607165160071320820e+00
-2.159859079661146986e+00
1.301789595874308425e+00
3.467537597376525671e+00
2.838636168219763611e+00
-3.590100618146165878e-01
-4.312990507279679697e+00
-6.704783753760057863e+00
-6.061723916434123893e+00
-2.582532721450896851e+00
2.009269501568519800e+00
5.444600946096228355e+00
6.124049614341345205e+00
3.892283822871588583e+00
-2.360859210202459479e-03
-3.661450354249597972e+00
-5.533387329516272324e+00
-5.110325252952698349e+00
-3.007107742459687039e+00
-4.718792027884887719e-01
1.327367192031272403e+00
1.826812559054800111e+00
1.157823934533315446e+00
-1.511982506663560599e-01
-1.593781628624437730e+00
-2.926996916785711722e+00
-4.107062007857201991e+00
-5.034542588784967521e+00
-5.370770151294360417e+00
-4.629673452801645439e+00
-2.527037034937547499e+00
6.563515241346138396e-01
3.997449191688054349e+00
6.269853866537497211e+00
6.543258130887636526e+00
4.689258272801433591e+00
1.477826224224053853e+00
-1.794861354864178971e+00
-3.912539717316027232e+00
-4.221588583631553426e+00
-2.760626102797485881e+00
-7.278345092193116983e-02
3.073476576469182042e+00
5.856085061144501225e+00
7.460542001231170062e+00
7.193964417283334356e+00
4.776544810231002636e+00
7.017333142554333936e-01
-3.660459359286519998e+00
-6.501180378784333413e+00
-6.484822684727556741e+00
-3.636547187435179129e+00
4.456950369137390733e-01
3.370372806283784772e+00
3.372779388719317151e+00
4.902328809200872106e-01
-3.358807852920390857e+00
-5.567762813018847012e+00
-4.586956317487025814e+00
-1.028190479987552974e+00
2.708666583145309392e+00
4.118380980270860192e+00
2.440662303851468984e+00
-6.769230154984500203e-01
-2.287249590048734849e+00
-3.408723964769247994e-01
4.573870131959265173e+00
9.287089947738056850e+00
1.003410524158888251e+01
5.113988391661504096e+00
-3.620546767844800229e+00
-1.158437245963929740e+01
-1.418733107606263033e+01
-9.725158445814647834e+00
-5.140760093818776966e-01
8.509852009852522770e+00
1.281421282337983669e+01
1.092804126660030661e+01
5.026943237171697554e+00
-8.282289142222243328e-01
-3.494800761541222656e+00
-2.657128168207863350e+00
-6.233850499782165322e-01
-3.136601439869475261e-01
-2.973933282144291645e+00
-7.247214658264699239e+00
-1.018517644172020198e+01
-9.387622701694155580e+00
-4.713839102487194843e+00
1.597935830410454949e+00
6.389554996798680442e+00
7.528988297783317130e+00
5.022439459242623805e+00
6.776964672267065115e-01
-3.244148865039580443e+00
-5.337180813768448218e+00
-5.479992016078332639e+00
-4.326909581573839425e+00
-2.497486663205171098e+00
-1.929608725098463928e-01
2.538388290881655962e+00
5.291742949804676854e+00
7.166295286601648939e+00
7.245970475125659505e+00
5.347925683546992381e+00
2.377425498017598393e+00
-1.071108152945880743e-01
-8.807407425663880129e-01
1.286294328740555104e-01
1.824460973632697325e+00
2.763911777532309877e+00
2.202866858304794562e+00
5.719150854403651785e-01
-9.617680452907120259e-01
-1.471791451974142628e+00
-9.952360990827898712e-01
-4.260649172020325448e-01
-6.879192995456034909e-01
-1.889719647334704433e+00
-3.185948568492700250e+00
-3.480762755430057975e+00
-2.399664268792016664e+00
-6.959064708542027633e-01
3.055670218158200724e-01
-1.741998787259867454e-01
-1.604207026118311230e+00
-2.431908347657418368e+00
-1.302299341209874450e+00
1.707281205768144350e+00
4.865536233523471310e+00
5.893661544598454149e+00
3.678466802715181672e+00
-6.890015886086215957e-01
-4.434529463177637076e+00
-4.949900532307053069e+00
-1.708857781455982661e+00
3.164077626720612546e+00
6.193078633178711101e+00
4.910173374792274004e+00
-3.418919590939517583e-01
-6.455792460215232786e+00
-9.493883735631106546e+00
-7.242855595186097339e+00
-6.844326648847960382e-01
6.584716473150124649e+00
1.056763120543284629e+01
9.241122754748172241e+00
3.590095214512535549e+00
-3.226728577472257609e+00
-7.870239553541836131e+00
-8.616593088099731901e+00
-5.917294651005842177e+00
-1.638816630915472583e+00
2.254371409335662158e+00
4.634607835740336412e+00
5.329714646971945413e+00
4.681579707364413423e+00
3.118747014119564120e+00
1.085542775243661051e+00
-8.108585443156868244e-01
-1.826469166689803636e+00
-1.465688056043650711e+00
3.783209688071553778e-02
1.647931148549235614e+00
2.113546546159598361e+00
8.963074517822837706e-01
-1.284849126420135157e+00
-2.838396515986352675e+00
-2.464396357098960877e+00
-2.603610120074222878e-01
2.154799845086399657e+00
2.747124990605888328e+00
6.766381431272066038e-01
-2.829505192895807930e+00
-5.150200207368446748e+00
-4.167146317122911725e+00
-4.916528131876640728e-02
4.490547184744611009e+00
5.863648929863917836e+00
2.171370049260870960e+00
-5.152799534181387031e+00
-1.192929495461947376e+01
-1.382761139614453683e+01
-9.272847201616945867e+00
-6.331238828759020443e-01
7.222851217902386267e+00
1.008331249098366023e+01
7.115677873321344826e+00
1.268446722496511914e+00
-2.919689954164654822e+00
-2.549951723113475843e+00
1.652053174444022332e+00
5.985435882603887592e+00
6.557911682659463892e+00
2.184732074880942676e+00
-4.679650671615769753e+00
-9.627465899404164418e+00
-9.368811772738418142e+00
-3.984470404995342108e+00
3.215752288145421023e+00
8.057946945994272525e+00
8.338276053704969826e+00
5.097123926701383922e+00
1.505972135287675151e+00
3.069500384094282497e-01
1.769432834259536236e+00
3.673234146275664358e+00
3.262053641428563466e+00
-3.817656881019018122e-01
-5.396505111405533128e+00
-8.392592364872621502e+00
-6.984700774689924785e+00
-1.703058073179519738e+00
