-9.284207819610955426e+00
-7.306518216974916768e+00
-3.085138844317700801e+00
1.086216864898619683e+00
3.488808380851438073e+00
3.892611433090573669e+00
3.420189969717063239e+00
3.452083732494555246e+00
4.358532255139477840e+00
5.031138020711536818e+00
3.671232230284523723e+00
-6.301595255916070393e-01
-6.670301826228812736e+00
-1.132258818850445259e+01
-1.127947108784047359e+01
-5.351627429254967261e+00
4.243216222624269562e+00
1.267668984637156449e+01
1.514924740840539386e+01
9.837581049863237226e+00
-7.453853597202320103e-01
-1.097557089969416388e+01
-1.529853951983442073e+01
-1.144418911462062027e+01
-1.680303826122539146e+00
8.658872805204365974e+00
1.439634482649861802e+01
1.342680155248014628e+01
7.538652498360500331e+00
7.959551076701165684e-01
-3.267615120618264868e+00
-3.709107834314172791e+00
-2.216856497802312642e+00
-1.341234603883630472e+00
-2.364058665932409209e+00
-4.392752429349773280e+00
-5.260533872392262111e+00
-3.441858187949612180e+00
5.367226731267176199e-01
4.287545038019473509e+00
5.224562980906041432e+00
2.461351141748082227e+00
-2.464557365181888393e+00
-6.580700376296874765e+00
-7.469752025946039709e+00
-4.837273399253266604e+00
-5.691291238039166700e-01
2.699516551417711518e+00
3.425032073472204619e+00
2.086054934082961498e+00
6.007701266378666638e-01
7.437440826380398162e-01
2.767371152904024800e+00
5.221965579142371361e+00
6.053162290805852663e+00
4.132981927720772219e+00
1.140649706505159067e-01
-3.965569292945345214e+00
-5.995773485391609370e+00
-5.090849794762986491e+00
-2.028842177577447448e+00
1.351992474431579883e+00
3.287809154202357753e+00
2.989375205152786208e+00
8.370024634501542771e-01
-2.058951636001100649e+00
-4.499201300406364012e+00
-5.636175551254825500e+00
-5.107936856361060762e+00
-3.012685380659564149e+00
1.198634797412196917e-01
3.378038462374922002e+00
5.679644069760920289e+00
6.193597657803325163e+00
4.782340001952932518e+00
2.136900511882213749e+00
-5.790963501409138736e-01
-2.401587318170735230e+00
-3.096776757179445116e+00
-3.153752043836528962e+00
-3.243001165242206607e+00
-3.579708215434233232e+00
-3.730059217809913896e+00
-3.046226385970571382e+00
-1.374710337581115382e+00
5.953077340059007572e-01
1.724925917246040052e+00
1.323759707812595332e+00
-1.687281783079993547e-01
-1.359953726158161569e+00
-9.336095023848656194e-01
1.203935005710107253e+00
3.604912025861303437e+00
4.185362590950254535e+00
1.808216486479860219e+00
-2.616422105120451480e+00
-6.435487078159720653e+00
-6.899744006121443896e+00
-3.068695495678405827e+00
3.385955465429155264e+00
9.110174016455179213e+00
1.113543759583366644e+01
8.668012230591720879e+00
3.391195218976264414e+00
-1.838440373105111547e+00
-4.869860973709600138e+00
-5.339339428633683049e+00
-4.293004221093512207e+00
-2.870610867941972622e+00
-1.278185865000168508e+00
1.055885548078091540e+00
4.340906717571098028e+00
7.440229928243995872e+00
8.152547019094132708e+00
4.822343796751122014e+00
-1.898552001190500604e+00
-8.704989919964184253e+00
-1.137260495116177594e+01
-7.631105653546722323e+00
8.491518233276065253e-01
9.014329649711132930e+00
1.148416018244656733e+01
6.201102924403862460e+00
-3.868478253317125581e+00
-1.234834942265086966e+01
-1.350196791190124301e+01
-6.080054154624407126e+00
5.657406466245670451e+00
1.452587342615687405e+01
1.496222082395463460e+01
6.553816309875550417e+00
-5.743518674791864065e+00
-1.477571687102418529e+01
-1.561086458827737644e+01
-8.353529857158106253e+00
2.307528195258102155e+00
1.027372201097918314e+01
1.170918954422173996e+01
6.904705037841942783e+00
-5.566935895009289537e-01
-6.405082169075917875e+00
-8.169299145590235511e+00
-6.066350061233803714e+00
-2.123955678337910324e+00
1.468153552049630939e+00
3.531427474387922594e+00
4.012864985262147854e+00
3.372339763875942698e+00
2.006959549240109997e+00
1.896188106423662145e-01
-1.632055991444450571e+00
-2.700559133810351842e+00
-2.303107642383130038e+00
-3.971735116895176443e-01
2.077813348766964108e+00
3.616445973184321705e+00
3.116879801932522120e+00
7.191174061628381464e-01
-2.157057603041564242e+00
-3.678831551162034863e+00
-2.793367181180111736e+00
9.354191169150127827e-02
3.423246616165299905e+00
5.525287302102031894e+00
5.628946217095972315e+00
4.152359835941678234e+00
2.155963363009022693e+00
4.688114704574535274e-01
-8.152335119630558236e-01
-2.134548821494327342e+00
-3.804978065364904349e+00
-5.513214420451085118e+00
-6.400433858772142770e+00
-5.673264647602235478e+00
-3.248775515442910766e+00
7.710166208681834554e-02
3.061513265659950189e+00
4.709711980596154923e+00
4.729031450988529173e+00
3.474656233016834683e+00
1.538953717613036565e+00
-6.166459126027998838e-01
-2.701189692349879046e+00
-4.368596112079930371e+00
-5.057802091578832204e+00
-4.176787165106318866e+00
-1.578217439661039112e+00
2.048031524863342945e+00
5.266591977948579917e+00
6.554248064096675819e+00
5.173767771104150981e+00
1.703689644409408288e+00
-2.155197144643723917e+00
-4.425007002512020726e+00
-3.870038740262250254e+00
-6.213252885664083403e-01
3.904121697668219149e+00
7.691335924519040468e+00
9.031276432564828482e+00
7.213357392913906985e+00
2.754081411811112545e+00
-2.858592897844353775e+00
-7.758001654413480885e+00
-1.040303255773810953e+01
-1.014640213535979996e+01
-7.444920802242867452e+00
-3.597409566237426581e+00
-1.010995905763352187e-01
2.058942922965666611e+00
2.788726361899142248e+00
2.704029392719148994e+00
2.523409636444805315e+00
2.483679300972664983e+00
2.230995132242228340e+00
1.283557296334874476e+00
-3.161658111310099439e-01
-1.756704925337396750e+00
-1.946065052199535961e+00
-4.565331089463933179e-01
1.823037950718619182e+00
2.991596678940655174e+00
1.393050530634263762e+00
-2.973699397516440524e+00
-7.984258328792138926e+00
-1.042159526725380836e+01
-8.020388214413772587e+00
-1.195654726514426169e+00
6.820817194256852289e+00
1.171687210186659911e+01
1.069747458450692079e+01
4.263560135155263886e+00
-4.031015492937614297e+00
-9.716959666958164377e+00
-1.004892438922169084e+01
-5.446757170836817430e+00
1.101291940708288397e+00
6.114593424051607329e+00
7.682376086746577570e+00
6.185635327182237297e+00
3.429829280001764236e+00
1.081525793183288897e+00
-3.361706508882130739e-01
-1.257367187912637796e+00
-2.107569172041718453e+00
-2.573629064514730835e+00
-1.824544881899218041e+00
5.161634726107426907e-01
3.580696676019561320e+00
5.499716874360519370e+00
4.668961459586391527e+00
1.102031180013694822e+00
-3.274150184041516365e+00
-5.779543343593157800e+00
-4.849146118813672857e+00
-1.225651785291860030e+00
2.484891386004536074e+00
3.650598559574201651e+00
1.522339158036455808e+00
-2.212274254167503784e+00
-4.669686430944339328e+00
-3.901261357595301682e+00
-3.297298898598053363e-01
3.578468012389962372e+00
5.148036298796716537e+00
3.449817688838181517e+00
-8.445137726159052116e-02
-2.814588480630182854e+00
-2.896088900957823675e+00
-5.969110703230822157e-01
2.050321358369669333e+00
2.939773338457398300e+00
1.580089684990521937e+00
-5.398781840739911297e-01
-1.180834183761022560e+00
7.882642809485431723e-01
4.349570659340581180e+00
6.928037963456337600e+00
6.189108275143494708e+00
1.722375074715202015e+00
-4.594693723367468507e+00
-9.763330021859157881e+00
-1.147826599694814043e+01
-9.332808723372410853e+00
-4.717402681736002634e+00
2.905294568013501166e-01
4.108737438577509060e+00
6.123265056391921313e+00
6.392497454737419815e+00
5.148338692530731286e+00
2.676380505476692040e+00
-3.844810673772744436e-01
-2.831487873980528480e+00
-3.294982782958140177e+00
-1.182849598164851468e+00
2.543922075720277398e+00
5.576684046255209637e+00
5.597202258348044523e+00
1.949925443856646901e+00
-3.601041387118347537e+00
-7.768978028810527015e+00
-7.851569910845167755e+00
-3.625070022267378178e+00
2.373899784964111248e+00
6.483156605298237452e+00
6.371291811520496395e+00
2.570875079827996235e+00
-2.024521365547662377e+00
-4.329018729892733397e+00
-3.290842110789810704e+00
-5.209995650828402880e-01
1.128506293346438039e+00
-6.985151832920899473e-02
-3.249221203540892500e+00
-5.545128718110388100e+00
-4.348554205089551594e+00
4.953005016092835167e-01
6.271008362607016551e+00
9.181517185406358195e+00
7.095922587519497782e+00
1.236419870004699550e+00
-4.496731742522357855e+00
-6.160903636478828105e+00
-2.526941801875403737e+00
4.001618999133478738e+00
8.967620007909747670e+00
8.835489214152351778e+00
3.301064289871851187e+00
-4.610535574179936091e+00
-1.062302642844352718e+01
-1.193699619370620724e+01
-8.734684816716539402e+00
-3.571640170374166701e+00
6.947749097294216858e-01
2.825188738781089448e+00
3.615307197757640534e+00
4.679992189573416006e+00
6.702510793266653444e+00
8.583962131107661264e+00
8.174909954467747042e+00
4.036563299051549869e+00
-3.109698478967224844e+00
-1.037028268706299095e+01
-1.420447892481183771e+01
-1.251041928107693302e+01
-5.922467203247971490e+00
2.483910478151966306e+00
8.847976468598609756e+00
1.050265578356032492e+01
7.155364180650887640e+00
7.478363965075109920e-01
-5.721537671393323699e+00
-9.640699412596820395e+00
-9.770064999218096347e+00
-6.469442153346392388e+00
-1.296189554974710667e+00
3.701920918208708944e+00
6.722872638821543845e+00
6.814155988076445070e+00
4.220813536311956327e+00
3.326548167574740478e-01
-2.862814672463872334e+00
-3.704858115555040854e+00
-1.763642151057715157e+00
1.801823438352824436e+00
4.756487740432453037e+00
5.012154823650375235e+00
1.914474388088602819e+00
-3.193360084755153316e+00
-7.561347513910664730e+00
-8.529622755071068596e+00
-5.095895577716633262e+00
1.387596522200495119e+00
7.851296345037301450e+00
1.115542774875049403e+01
9.806253919508030492e+00
4.743786836356487235e+00
-1.249571779692846940e+00
-5.150139044314421710e+00
-5.344331810725569731e+00
-2.370017335536483749e+00
1.631213377547906962e+00
4.335131425077635825e+00
4.603176207115931007e+00
2.959225016379396944e+00
9.520149418956163068e-01
-8.284130578763215791e-02
2.647471462918804530e-02
2.794133448757432081e-01
-5.874645049971580768e-01
-2.957133167408777297e+00
-5.820866262722063311e+00
-7.330045792179907593e+00
-6.079580389298822496e+00
-2.233160413366453767e+00
2.345357012138225006e+00
5.133410551389955501e+00
4.523679412133015276e+00
8.838740560781322975e-01
-3.632151689302237418e+00
-6.421138353700452051e+00
-6.030204288164188853e+00
-2.956299472619291713e+00
8.571769374486039039e-01
3.421632793567873421e+00
3.989110318183334059e+00
3.333666938244379541e+00
2.898961540299795470e+00
3.516866561650122680e+00
4.696699781192323897e+00
5.027473021273614506e+00
3.374335050630730137e+00
-6.530711504770758680e-02
-3.686226991177783407e+00
-5.486551710822790362e+00
-4.450177978845989202e+00
-1.293203065327563461e+00
1.977285116185588887e+00
3.384551002258064933e+00
2.253552142036647332e+00
-4.330507042786456706e-01
-2.779537857680039359e+00
-3.237484632864309209e+00
-1.501436571452816837e+00
1.484563213591132858e+00
4.251349856547443906e+00
5.636542370820761150e+00
5.177110171732332233e+00
2.995090185530430382e+00
-4.651558744660730937e-01
-4.487427435046116742e+00
-7.946359882999342261e+00
-9.373555172064083507e+00
-7.558389300753773909e+00
-2.504097424343047162e+00
3.974032672399408828e+00
8.738439151502539914e+00
8.967008966487792776e+00
4.060291172214229860e+00
-3.523696609630669663e+00
-9.349168080608501796e+00
-9.588936579669386617e+00
-3.553754904262476977e+00
5.571512083313348462e+00
1.246161338481612546e+01
1.288794470951079063e+01
6.400233619952910402e+00
-3.332265543357470161e+00
-1.079098612790122758e+01
-1.202285028411568746e+01
-6.975740394239332787e+00
7.165841383465707537e-01
6.240711129769142218e+00
6.645257838033313824e+00
2.421478331297439279e+00
-3.252450199049749191e+00
-6.849897233298655408e+00
-6.692534694325871669e+00
-3.591855760283586996e+00
2.226126178040612746e-01
2.838082030856148297e+00
3.715669701630263777e+00
3.467706061765313041e+00
2.842393773660398359e+00
1.955497963663249461e+00
4.339250086277711693e-01
-1.777791400034720137e+00
-3.836024748782410843e+00
-4.339782310749451533e+00
-2.439841457031135974e+00
1.215293284773862670e+00
4.622863739936177829e+00
5.742347427062671983e+00
4.048843968788417236e+00
1.053784059444095034e+00
-7.702918609650701853e-01
3.568523786158861455e-02
2.566073832141930300e+00
4.017433706537423710e+00
1.835538252757270783e+00
-3.967327738839962592e+00
-1.016438843267678216e+01
-1.210464429333374525e+01
-6.932287882739078810e+00
3.972571252011845466e+00
1.521327944973463531e+01
2.040756840688495899e+01
1.620516479105299368e+01
4.642841015284953521e+00
-7.842895846031439966e+00
-1.425940477338445866e+01
-1.135743128585529860e+01
-1.628638697469265262e+00
8.296402857039891998e+00
1.183180839213493307e+01
6.540527060648133606e+00
-4.411411064646925340e+00
-1.429503259912806357e+01
-1.699204563908676135e+01
-1.067417279592946677e+01
1.216788066232622922e+00
1.213926759006466938e+01
1.630713271142791498e+01
1.186879577892497828e+01
1.634202749300462720e+00
-8.844570572408393616e+00
-1.449349297875267517e+01
-1.329827419237102859e+01
-6.901658111279290964e+00
8.373528241119922999e-01
6.221989950176243234e+00
7.567017399292793378e+00
5.579476763861687338e+00
2.326844968845188877e+00
-3.314234902529096249e-01
-1.789320113415745928e+00
-2.643390260802254144e+00
-3.761047710362470653e+00
-5.257767603418335156e+00
-6.182589241461306173e+00
-5.175326783654511154e+00
-1.641442840150784122e+00
3.427141269834721893e+00
7.679851735834165360e+00
8.694050088482930150e+00
5.572220957150332943e+00
-2.156834846429576125e-01
-5.427493216078668858e+00
-6.874541377651839369e+00
-3.426929317957632115e+00
3.079405870900722597e+00
8.716736144089349381e+00
9.715211542476991369e+00
4.779422980046224900e+00
-3.956593406709519645e+00
-1.198438455900165067e+01
-1.491896441816798458e+01
-1.098025111075605409e+01
-1.996165657370450042e+00
7.643495036588763725e+00
1.342896155819901338e+01
1.311679692535112807e+01
7.710075462204581953e+00
5.790997054904440944e-01
-4.623166735216399204e+00
-5.956348929110903079e+00
-3.975713815851883659e+00
-9.924448964884743374e-01
5.845448602644894853e-01
-2.506094555967292026e-01
-2.631473393208427325e+00
-4.565158177521930760e+00
-4.341958632672350049e+00
-1.701469067027449267e+00
1.958168761763250387e+00
4.442819778039930334e+00
4.163982644853000181e+00
1.215344996281673584e+00
-2.567157297042355957e+00
-4.661680001087233904e+00
-3.445785292902481700e+00
6.574350440252555439e-01
5.253028778106941132e+00
7.345903025995148106e+00
5.255798397421833634e+00
-1.203107155926369520e-01
-5.602333471658600850e+00
-7.555976663897373768e+00
-4.215977550417790098e+00
2.972982928813767245e+00
9.967176399939692288e+00
1.245191170619470711e+01
8.503537788606534420e+00
-1.064114913088149983e-01
-8.855920098855413869e+00
-1.312516042532179306e+01
-1.089593903520737683e+01
-3.799414726744363868e+00
4.092686650970097872e+00
8.850527190585752990e+00
8.900214554616045604e+00
5.481648900974220417e+00
1.254083419704913993e+00
-1.759742915334653546e+00
-3.341372359203940157e+00
-4.603747290021390270e+00
-6.444484323227417377e+00
-8.318318481205608350e+00
-8.425868496897102489e+00
-5.235656496532130610e+00
8.817306921489611593e-01
7.317684987557242060e+00
1.065554645233281583e+01
8.957772141692974088e+00
3.250718809836181666e+00
-2.966552324592739875e+00
-5.959482441589912582e+00
-4.219136814432227212e+00
5.838346221981013384e-01
4.830776835255695012e+00
5.495601489860883149e+00
2.196943415487254914e+00
-2.655086766214052485e+00
-5.647626247733796845e+00
-4.753285117623572198e+00
-6.240081797104335415e-01
4.034095918409493997e+00
6.420928637214895041e+00
5.457455377573388944e+00
2.212833167741281581e+00
-1.180942772411927688e+00
-3.144391886950103299e+00
-3.542868671266349523e+00
-3.304911161596758795e+00
-3.272712861255435257e+00
-3.350725115086941042e+00
-2.671842364168912187e+00
-5.813323119727422661e-01
2.474537725995651805e+00
4.992022755056030547e+00
5.433358317282999117e+00
3.435500916787296966e+00
2.116118576385023209e-01
-2.230893108582334694e+00
-2.493977811712853931e+00
-7.476436264072224835e-01
1.486529909169910457e+00
2.543613058490213241e+00
1.865321775738678411e+00
3.265043712486149774e-01
-5.851820985107090145e-01
-5.300454539068283344e-02
1.360253465190720767e+00
2.148081855076011237e+00
1.095777380725955652e+00
-1.663368915292823491e+00
-4.611738042197970344e+00
-5.879241058140114440e+00
-4.571922744894569846e+00
-1.410489752055642532e+00
1.772096882271147589e+00
3.272629196988174005e+00
2.586760905965972857e+00
5.847865103542237986e-01
-1.226230099494928005e+00
-1.732255907249425020e+00
-8.005393613925100293e-01
8.696298812650194998e-01
2.350789566306182632e+00
3.011778626969661588e+00
2.648847906081211789e+00
1.332803798565507902e+00
-7.024142634079886260e-01
-2.973165118557897557e+00
-4.651854173279383886e+00
-4.792793860658719041e+00
-2.941068368206083417e+00
2.715749906401965230e-01
3.142901281893395904e+00
3.789457753340371049e+00
1.470084222099072413e+00
-2.600968461824700650e+00
-5.715488149780969529e+00
-5.320071906569592279e+00
-8.278199540998825157e-01
5.712034904249566836e+00
1.070670892771044436e+01
1.126574192200429181e+01
7.104643270879819283e+00
7.621642877779124525e-01
-4.071843804711875237e+00
-4.988259144381181898e+00
-2.370492762409613707e+00
1.041645031882741046e+00
2.176433220064726726e+00
-2.255504315534478943e-01
-4.842227340694419624e+00
-8.821434078284658753e+00
-9.779536183703225305e+00
-7.267221476048739248e+00
-2.740908503398474139e+00
1.732543406564832411e+00
4.895045316553993331e+00
6.744999931617265077e+00
7.830325856849061239e+00
8.198316536719463699e+00
7.067316448738520052e+00
3.599662286517473220e+00
-1.883399936810367103e+00
-7.406113764005556988e+00
-1.022647719691025259e+01
-8.638026036363026350e+00
-3.356495690417021116e+00
2.678857616147743315e+00
6.131543853415841738e+00
5.501330237650412514e+00
2.138771127898332569e+00
-7.651868749290852145e-01
-5.440511509784049515e-01
2.927901078900938536e+00
7.061267765661874307e+00
8.384894229902695173e+00
5.078233488458460343e+00
-1.631204771268210507e+00
-8.219068990981313050e+00
-1.121746077599565794e+01
-9.476608877026002631e+00
-4.745650063190179679e+00
-2.410401457664151925e-01
1.666980052571005455e+00
9.340649085684553654e-01
-5.305552941561443303e-01
-6.809650910707882865e-01
8.830506847122339131e-01
2.573372308547984044e+00
2.177157924400598965e+00
-1.137573444500219466e+00
-5.760849961555797982e+00
-8.437825791134429210e+00
-6.468949263015897344e+00
2.052300486496798637e-01
8.542845640425142051e+00
1.399581916289375805e+01
1.320842738249307224e+01
6.119460062012186619e+00
-3.857518451371063861e+00
-1.168920688013774978e+01
-1.348891874092452348e+01
-8.578930413263186949e+00
2.703337365756861566e-01
8.443315870143857538e+00
1.193724007456591352e+01
9.326945987827858886e+00
2.282457751834972459e+00
-5.483201205101807751e+00
-1.017560981053945568e+01
-9.765114096278136202e+00
-4.848080019439605870e+00
1.815338232440665056e+00
6.790114464533563599e+00
7.719292721615357067e+00
4.471786687413137784e+00
-8.824096877009468542e-01
-5.249714068846727422e+00
-6.221759331658376801e+00
-3.392870056568206394e+00
1.446633928768083166e+00
5.362004693582955284e+00
5.983104395586152258e+00
2.892096487309720576e+00
-2.116677037844488574e+00
-6.061356997046666528e+00
-6.492141329690615414e+00
-2.916505747344694477e+00
2.881232850548142821e+00
7.799932281803854117e+00
9.119414106521995578e+00
6.003024550392811243e+00
-2.012042872614472344e-03
-5.730992783526287049e+00
-8.043957537438258143e+00
-5.510409453139414104e+00
7.298582772327436574e-01
7.415111884348143612e+00
1.077470987747109454e+01
8.555386638520602105e+00
1.414866274402843516e+00
-7.150697943508254717e+00
-1.248076045354460817e+01
-1.127259379559137997e+01
-3.600878449109071511e+00
6.804276189337369551e+00
1.437695422817725976e+01
1.476056332606762211e+01
7.364635508134856678e+00
-4.139165414752736361e+00
-1.380240750482275836e+01
-1.677116107216437513e+01
-1.202945361112325351e+01
-2.829031963211709133e+00
5.450077579708043629e+00
8.630492598157571749e+00
6.128408182155477668e+00
9.221072879488110274e-01
-2.755860385723116757e+00
-2.353058248032987798e+00
1.443364890052108329e+00
5.496464830019009540e+00
6.666090652518483317e+00
4.094795478698832980e+00
-2.875244648320068874e-01
-3.318236324896172817e+00
-2.999107087482798306e+00
4.681659839610119445e-02
3.096399650194427977e+00
3.387403440616458816e+00
1.710576960862062457e-01
-4.737073295742381340e+00
-8.259676412637384502e+00
-8.210053265726156013e+00
-4.721318388812377975e+00
1.880859063226014705e-02
3.419872526477005792e+00
4.236902627497507901e+00
3.149591751579809085e+00
1.867960395722973121e+00
1.588406323360501249e+00
2.060438955430182961e+00
1.970495829198282367e+00
2.717598461435848378e-01
-2.663194021872621775e+00
-5.044813654887306598e+00
-4.890727603644715593e+00
-1.574538792593454861e+00
3.477295246345528223e+00
7.509051763695058668e+00
8.119673568059420532e+00
4.762940931271161915e+00
-9.340752619595480422e-01
-6.194930224457629642e+00
-8.721186852094694686e+00
-7.854962114624075120e+00
-4.628179567970875041e+00
-8.529443312252134035e-01
2.004928533104265220e+00
3.431297478170081572e+00
3.713700214736998184e+00
3.367678764374598011e+00
2.681778679228921547e+00
1.687831150099400990e+00
4.404709174699010799e-01
-7.556958154953654638e-01
-1.429599523657920424e+00
-1.276420335527938654e+00
-4.365927602630151894e-01
5.436777080087197289e-01
1.065652403034296203e+00
8.769157519054451289e-01
2.088933296786008587e-01
-4.449101718909437841e-01
-7.282931135189623095e-01
-6.898919639894880440e-01
-7.226266671809760123e-01
-1.231198540620086490e+00
-2.278303746612007963e+00
-3.462908781344244513e+00
-4.114281435075334947e+00
-3.679168362964498229e+00
-2.072419500226649891e+00
2.024471667193027402e-01
2.227997981749049838e+00
3.070103185462985440e+00
2.229733912151056430e+00
-5.410984735736018569e-02
-2.820511987142764188e+00
-4.775601965799251225e+00
-4.921530913748870084e+00
-3.115328349219919524e+00
-2.091119951687998579e-01
2.389499266495586749e+00
3.544348171138175463e+00
3.109302344347468328e+00
2.032938139465683136e+00
1.702745056023205139e+00
2.911508836089246266e+00
5.156589450171981781e+00
6.828307275939151211e+00
6.254012017828556758e+00
2.928820180630161918e+00
-1.943879742883730444e+00
-6.058234209248190005e+00
-7.420556444368262561e+00
-5.629136765350126304e+00
-2.119203648836840426e+00
8.272920413734971001e-01
1.634471898075845697e+00
4.627337944283502758e-01
-1.006310908567735751e+00
-8.657295713377570756e-01
1.574314790252983709e+00
5.224386370823833836e+00
7.915064239580402727e+00
7.837926643628792434e+00
4.711889403105553598e+00
-9.176786308417961280e-02
-4.458077660887716398e+00
-6.761042138611308872e+00
-6.584912043258002612e+00
-4.584026852362414139e+00
-1.795902426340195479e+00
9.625830254064005054e-01
3.220605397016016447e+00
4.621847418064055191e+00
4.773960830357411922e+00
3.460154472362410250e+00
1.034105737905069322e+00
-1.485243048374701447e+00
-2.920233227195672576e+00
-2.786886833794727014e+00
-1.796943941820069224e+00
-1.443055272647157050e+00
-2.796177992452006933e+00
-5.382378528644863991e+00
-7.136777785238945349e+00
-5.728231422727726674e+00
-4.606550736630570242e-01
6.672343903337236704e+00
1.178777471885101669e+01
1.149750353850473061e+01
5.352756791964619509e+00
-3.428312421862348636e+00
-9.679012682230133890e+00
-9.488147571555582971e+00
-2.795577172054213300e+00
6.425434351863638760e+00
1.261980515018908378e+01
1.215647679233292955e+01
5.565031616357389410e+00
-2.962869565472376454e+00
-8.406739287592998267e+00
-8.121601019627753715e+00
-3.277554528937371980e+00
2.299213113710180334e+00
4.904892180667982160e+00
3.346415095786593241e+00
-6.351702060328390242e-01
-3.977636143054418483e+00
-4.587392446953684200e+00
-2.610416682451004000e+00
9.233398804607387267e-02
1.638309839276833602e+00
1.551366903637434902e+00
8.429487802033424071e-01
8.281867007444800866e-01
1.779584133828469472e+00
2.602064273143541495e+00
1.822962315294910596e+00
-9.348521233881189607e-01
-4.277557762478389591e+00
-5.845568494684356686e+00
-4.095033534034996592e+00
2.951901412988768847e-01
4.564752343012123958e+00
5.627365023807829658e+00
2.278338288808782863e+00
-3.734298291095620392e+00
-8.638547002388616391e+00
-9.045458208565982261e+00
-4.246595712984762905e+00
3.169824537784404761e+00
8.853210353969334534e+00
9.407946579071138515e+00
4.534153886353425200e+00
-2.788840249489694223e+00
-8.176791042171625890e+00
-8.553034737954268607e+00
-3.978926780534074226e+00
2.506726511334977037e+00
6.861226740596224616e+00
6.529537701298952612e+00
1.903908664808078743e+00
-4.080431910893526748e+00
-7.856905793395622339e+00
-7.392540097387881204e+00
-3.279226401639984800e+00
1.832356328652173350e+00
4.988326492434806525e+00
4.714939640951917532e+00
1.737210479074875247e+00
-1.716538963714409061e+00
-3.461147024645420789e+00
-2.694140145933048736e+00
-2.885186067381397823e-01
2.046354059996690733e+00
3.053491703737477359e+00
2.723689207867114881e+00
2.065644532277796319e+00
2.097778621522096376e+00
2.890353556712292438e+00
3.441868756453364764e+00
2.525026529807212317e+00
-1.411381196204299915e-01
-3.351386871978957682e+00
-5.043679761345205570e+00
-3.752089157983989232e+00
1.566045751209517167e-01
4.453363155205071422e+00
6.396020571246709530e+00
4.601087236917480894e+00
1.108933795494364549e-01
-4.186206367321008592e+00
-5.477853134708226435e+00
-2.990279233416512028e+00
1.408603750070853255e+00
4.447217420336603055e+00
3.707187774472479269e+00
-6.708782777317404689e-01
-6.034215774925766773e+00
-8.983923641989731479e+00
-7.616704534872333454e+00
-2.692402666837135694e+00
3.013962741373403365e+00
6.607616520114900638e+00
6.813550503731164554e+00
4.392074754624161415e+00
1.139705719395887940e+00
-1.558385169644077806e+00
-3.437449130459566682e+00
-4.882406146516093948e+00
-5.898945419142743063e+00
-5.630836070296051155e+00
-3.017139653097802743e+00
1.900047787744125749e+00
7.235298321264853172e+00
1.000343243997900622e+01
8.089581695103829517e+00
2.056749749358108836e+00
-4.721889715965919443e+00
-8.011043105224720406e+00
-5.568075037632876700e+00
1.109998583139871764e+00
7.537065620799321408e+00
9.145394522774003221e+00
4.409990999139748347e+00
-4.009510673149584647e+00
-1.097152250174195842e+01
-1.225728315378285771e+01
-7.316840137362142116e+00
5.353433762402550755e-01
6.541674873328027218e+00
7.755937661219457269e+00
4.816504518255336542e+00
1.074133141803310210e+00
-1.376234920162404674e-01
2.002175210002141270e+00
5.353165902124838560e+00
6.626938315045865835e+00
3.994665152877506564e+00
-1.495368541163626386e+00
-6.692564331125828048e+00
-8.633592655102898306e+00
-6.581685493465729841e+00
-2.340515974699597823e+00
1.256774974317359739e+00
2.420509110055144131e+00
1.458939470957070439e+00
1.386921795835687199e-01
3.105628319144004834e-02
1.251573906065921227e+00
2.568803080452950027e+00
2.674622248229764132e+00
1.457921279624530220e+00
1.649007833720109728e-01
2.974963043823992681e-01
2.183224691770851322e+00
4.454325395361230733e+00
4.952151501529747257e+00
2.408788782362709213e+00
-2.407727874476988994e+00
-7.025021359478163419e+00
-8.890877620960347727e+00
-7.112192341451241795e+00
-3.038132579015957013e+00
7.117633346832827890e-01
2.026185213653235895e+00
5.940497974553009541e-01
-2.141679154802356155e+00
-4.182038466022793166e+00
-4.328595069048631672e+00
-2.724977070521787503e+00
-3.662794630087167214e-01
1.814078920612456791e+00
3.446702085464896204e+00
4.493873826064447741e+00
4.705118487538340943e+00
3.484886273619637542e+00
4.759045222464213243e-01
-3.610265538209462832e+00
-6.797623225500053046e+00
-6.785015711288848728e+00
-2.579337478728370936e+00
4.359100543090033142e+00
1.050652410452044272e+01
1.222490945782918992e+01
8.098129840063707618e+00
4.071446925539756734e-02
-7.708036650783607335e+00
-1.115239276999716367e+01
-8.992560324517388182e+00
-3.310361786358690495e+00
1.963580679301218046e+00
3.722958809216658338e+00
1.651086858173934857e+00
-1.834582145104658668e+00
-3.527880566734969303e+00
-1.826145268507766151e+00
2.131841021831947458e+00
5.340139740572626970e+00
5.134321489733711275e+00
1.153489622303292217e+00
-4.294175410922570713e+00
-7.669189081767140870e+00
-6.433246296645911855e+00
-6.078884167115710113e-01
7.269001425748792045e+00
1.363079547245036238e+01
1.579330770028245468e+01
1.315737472616900838e+01
7.168358884671736320e+00
3.062787823424901745e-01
-5.147982440953740912e+00
-7.907692860796368350e+00
-7.818109609983791231e+00
-5.541668257163524736e+00
-2.133764731353606781e+00
1.280679809818822790e+00
3.720622060536624254e+00
4.525854772158593775e+00
3.511926767430078034e+00
1.030599920197906361e+00
-2.136223386247919187e+00
-5.028875785390127362e+00
-6.797923976334723228e+00
-6.915306284207775711e+00
-5.274933395013226445e+00
-2.219764188515288783e+00
1.477950827524020960e+00
4.725498070425627972e+00
6.379021663062500735e+00
5.662483312594967622e+00
2.573297411341016083e+00
-1.974625061672208082e+00
-6.428916607986016274e+00
-9.215568594755659149e+00
-9.386833840053473210e+00
-6.959437338339031776e+00
-2.798524282270850705e+00
1.816419144810507369e+00
5.655189347959595381e+00
7.820915351839429874e+00
7.859719134273121632e+00
5.838380644575500433e+00
2.458345474091116145e+00
-9.334448377928135088e-01
-2.683235654348376187e+00
-1.590843083391014101e+00
2.222976116209081976e+00
6.947524355969766141e+00
9.694450594687497258e+00
8.001201379548398052e+00
1.451950385938070909e+00
-7.639123113788214958e+00
-1.511461740080010507e+01
-1.711819366204359838e+01
-1.231386672598560139e+01
-2.820473129417542246e+00
6.795079245991387573e+00
1.194867653225959536e+01
1.048829336898797848e+01
3.739485532443532989e+00
-4.407327301093441285e+00
-9.740906596068661827e+00
-9.941313819566698129e+00
-5.537236489219894864e+00
7.597521010875312175e-01
5.746877576751559857e+00
7.378141056607747217e+00
5.526171951541855698e+00
1.672796592671568883e+00
-2.058364406078651676e+00
-3.913720510531554453e+00
-3.143144419730977468e+00
-1.520800362621052004e-01
3.734988687554500419e+00
6.783980867924856994e+00
7.532507582894405473e+00
5.465585485889376649e+00
1.380372336568199909e+00
-2.862536866653958789e+00
-5.237156351070213489e+00
-4.702008545024938257e+00
-1.913211952092641166e+00
1.046714782122341036e+00
1.893607728725991146e+00
-3.766459290614146971e-01
-4.715951847661078666e+00
-8.546565129968389130e+00
-9.331797309186310230e+00
-6.219086764893621222e+00
-6.757874825953456011e-01
4.334097403720653219e+00
6.132222450446126238e+00
3.937341460574108609e+00
-7.036638264808008358e-01
-4.895653207239567983e+00
-6.118697598045682362e+00
-3.610698958978424855e+00
1.370948716252861965e+00
6.425128059887743603e+00
9.359554762067562095e+00
9.195093022021060492e+00
6.369372325877616703e+00
2.253014656778950187e+00
-1.564699117699315245e+00
-3.817594928417212152e+00
-3.824051012687082807e+00
-1.589743786556777616e+00
2.144993084265166772e+00
5.989886575043962047e+00
8.290660640543906723e+00
7.826796433236710371e+00
4.516133107939340086e+00
-3.612014938294862976e-01
-4.721177259013609628e+00
-6.815095719944578967e+00
-6.272913885754744179e+00
-4.319436780492313943e+00
-2.920040619122760361e+00
-3.355002826915890690e+00
-5.193930294042559126e+00
-6.459070071912394795e+00
-4.989024391720935370e+00
-1.467406717176316100e-01
6.325937788026808839e+00
1.102934513971410802e+01
1.089833812048489925e+01
5.255644643839140429e+00
-3.437517163206651460e+00
-1.074483381342083455e+01
-1.273734499928121977e+01
-8.316643495732405356e+00
6.724515181722745538e-02
7.791352053628314067e+00
1.072541954675250331e+01
7.579246540347358341e+00
5.209720983679675399e-01
-6.265527079808526523e+00
-9.140749512035517554e+00
-7.080677199337232608e+00
-2.013505888565860769e+00
2.685136167769347271e+00
4.473610640086258528e+00
3.187088366016177066e+00
8.744982189412602303e-01
1.293078983112126989e-01
2.117520859230992869e+00
5.680600552886849286e+00
8.129175551060495053e+00
7.168788848301405281e+00
2.613080432634020234e+00
-3.320608614032677597e+00
-7.368057569183255495e+00
-7.326349064685944157e+00
-3.491482347771374783e+00
1.543577792876311694e+00
4.585763866342228212e+00
3.883701614989321094e+00
1.572211982485756110e-01
-4.022012438233113940e+00
-6.003566109326487599e+00
-4.739862710664226597e+00
-1.269238948789447763e+00
2.213841071882407974e+00
3.930077809343567985e+00
3.580310487371327177e+00
2.223106129126434016e+00
1.205751450964916760e+00
1.062834648604235932e+00
1.235186985385059444e+00
7.530446582942009748e-01
-7.529040892124361228e-01
-2.589722096231764858e+00
-3.494574950179302864e+00
-2.690399829161948198e+00
-6.346781964140677523e-01
1.186962136920288735e+00
1.319453014240019595e+00
-5.411602090515028607e-01
-3.233762565923060439e+00
-4.892857010022885866e+00
-4.236821709485166565e+00
-1.439058197107656589e+00
2.037986240963901796e+00
4.478654000363703425e+00
5.018071962635977101e+00
4.014991937177066816e+00
2.507378923242240099e+00
1.283281998939207247e+00
3.507730652872733668e-01
-8.052028239647340824e-01
-2.483875019326495348e+00
-4.256430869671280703e+00
-5.170514847044605844e+00
-4.513795439559848965e+00
-2.463009157750990052e+00
-1.572702134301717791e-02
1.782501660828670342e+00
2.662667060423754783e+00
3.258979735467778305e+00
4.362553531208158475e+00
5.918605601651663051e+00
6.708559103848539706e+00
5.174343777744063289e+00
8.747494003012270536e-01
-4.607377324834452281e+00
-8.244471174886605525e+00
-7.487586925909318403e+00
-2.258402984574665151e+00
4.533993413280359874e+00
8.578319696315453768e+00
6.959483593848270644e+00
2.783206790588546031e-01
-7.479908352360787660e+00
-1.139768077295171267e+01
-8.820113815319864159e+00
-1.125455969420695368e+00
7.157859946324343525e+00
1.129005718693745131e+01
9.303223466020883237e+00
3.029185807451262313e+00
-3.412399006233089782e+00
-6.471711666713726885e+00
-5.321239818255346421e+00
-1.897482780885146658e+00
9.615816101667857829e-01
1.723254400009117893e+00
1.039173863280662191e+00
7.690218396760062358e-01
2.091635869396245795e+00
4.305809262404432403e+00
5.300429497317088234e+00
3.301508373792646722e+00
-1.522958158400592232e+00
-6.905682445551798665e+00
-9.934943399248190588e+00
-9.029232660530499999e+00
-4.948006484688766804e+00
-1.167624689218791367e-01
3.155884308992560339e+00
4.174710022969125411e+00
3.961143435073026353e+00
3.995154643325338206e+00
4.705045726334398104e+00
4.984599658657403509e+00
3.160806958742736761e+00
-1.358668986797375577e+00
-7.114994367255299323e+00
-1.117709207647346048e+01
-1.096278809080608774e+01
-6.029206742470662128e+00
1.457072208845651362e+00
7.923995603398722665e+00
1.045098163843585226e+01
8.309694438325777810e+00
3.062586368977270990e+00
-2.658015121163371131e+00
-6.714598386968495092e+00
-8.330838033872097981e+00
-7.891556490117582534e+00
-6.130608830145354737e+00
-3.496085524231173025e+00
-1.451424633390181462e-01
3.622343250768183864e+00
7.060001346738447481e+00
9.189828945393710313e+00
9.393034086415219974e+00
7.849010763876189678e+00
5.402547068927801455e+00
2.941017001945800402e+00
8.083418366949852718e-01
-1.233279173300614096e+00
-3.462036588073189591e+00
-5.577484487197786223e+00
-6.620227058855381763e+00
-5.613605780590991579e+00
-2.472110006021406736e+00
1.583345231910979756e+00
4.547640264099424456e+00
4.820267889841437281e+00
2.239111561721474075e+00
-1.794248190573810575e+00
-5.196139994014653318e+00
-6.451081342077825909e+00
-5.351260517479475176e+00
-2.782827490487410849e+00
1.297833126265921511e-01
2.753127131359907054e+00
4.980827478061047309e+00
6.681726415517717399e+00
7.222734050525141392e+00
5.677553965586958462e+00
1.692700606818122289e+00
-3.707721970736165051e+00
-8.216501016381517530e+00
-9.448141343299685246e+00
-6.543433350844853003e+00
-9.945273441082971289e-01
4.060050519253723955e+00
5.744090741219205931e+00
3.296889195070189071e+00
-1.439094713546352100e+00
-5.279046194071467468e+00
-5.838311723348036608e+00
-3.047605728789814172e+00
1.006963907833426708e+00
3.733982375390846986e+00
3.908927057684092876e+00
2.381564490859736427e+00
1.157880638708514098e+00
1.649567982746952710e+00
3.499544278339037806e+00
4.901675920925251617e+00
4.130295677185867653e+00
1.028869885393275840e+00
-2.759741662303791365e+00
-5.029440639975442551e+00
-4.732442156902736841e+00
-2.786887012938109365e+00
-1.276720550022671041e+00
-1.643693206919516037e+00
-3.332123155489237654e+00
-4.064481890219829197e+00
-1.671767445257619666e+00
3.873710155478924388e+00
9.864035540187378714e+00
1.235716209366900920e+01
8.865611043321392160e+00
3.451207241623639455e-01
-9.024229149635326408e+00
-1.425814811083662548e+01
-1.261498645771418659e+01
-5.218770179399089493e+00
3.812863903152854839e+00
1.007117973907467245e+01
1.148430846612377998e+01
9.107264590978905616e+00
5.705075969941843184e+00
3.365065946705000144e+00
2.009722876857915619e+00
-9.854948184283163215e-02
-4.354858314132501462e+00
-9.991804234435145204e+00
-1.401111029014241893e+01
-1.310254038264293364e+01
-6.223738497434416317e+00
4.099891348820253967e+00
1.287532770369777779e+01
1.557171916257719957e+01
1.096246651968115948e+01
1.940612844868057518e+00
-6.288041197273013694e+00
-9.454221842454069602e+00
-6.768881767978976782e+00
-1.119482820804177159e+00
3.110897455815671009e+00
3.042567563829968513e+00
-9.213774403600683005e-01
-5.650968700015472024e+00
-7.657426290893299736e+00
-5.546471563714147734e+00
-8.676210403366695356e-01
3.134219532599358260e+00
3.883394503032086220e+00
1.249631002264684820e+00
-2.476422481346060689e+00
-4.310430453817299501e+00
-2.725009319733091573e+00
1.296239803231465704e+00
4.997546616233116801e+00
5.808902657180131435e+00
3.130318350060188326e+00
-1.275296750480759522e+00
-4.496736953208927190e+00
-4.411643128972622563e+00
-1.018198481499653862e+00
3.685622331890406667e+00
7.097995925253171023e+00
7.669079565148001265e+00
5.706989394430991069e+00
2.886807959372480248e+00
9.293331364364414426e-01
4.372389781588263968e-01
6.751016746059184115e-01
3.491901564194905827e-01
-1.269389530664640997e+00
-3.730135252378570243e+00
-5.723794682961671043e+00
-6.058664827842289213e+00
-4.545648181876232208e+00
-2.139636674349680856e+00
-2.486368201244224529e-01
2.680878768717109284e-01
-3.241115544152827210e-01
-8.996859629086175758e-01
-3.748148042959228987e-01
1.419696550562594695e+00
3.541598574853838333e+00
4.578286914966559706e+00
3.682709226662386204e+00
1.264067876384984190e+00
-1.184505835278528707e+00
-2.047030312915205208e+00
-7.031434826910952784e-01
1.965579900074329700e+00
4.066849481080312856e+00
3.912122436663020952e+00
1.179274183602473158e+00
-2.756305540638217533e+00
-5.592296820999755447e+00
-5.533691909939113529e+00
-2.498170383982906806e+00
1.699106393904529000e+00
4.360513789514917526e+00
3.545864391549945704e+00
-6.612103925851476882e-01
-6.070726485849808007e+00
-9.592383924520690996e+00
-9.035789122280750263e+00
-4.417952780915317845e+00
2.031917112235580802e+00
7.186000003696072724e+00
8.842427511400014595e+00
6.927547205267531538e+00
3.337625146569306533e+00
5.589362900227961006e-01
-1.425542373878485591e-05
1.152747035408302256e+00
2.134483996776587844e+00
1.213518127528860679e+00
-1.768688528380108593e+00
-5.114901827673894452e+00
-6.382540670259094995e+00
-4.152046649163977143e+00
7.877270246440174484e-01
5.724723227559429972e+00
7.670880676282725297e+00
5.302799669971324015e+00
-1.186038923942505097e-01
-5.501159012518174407e+00
-7.868947343623661439e+00
-6.209929363521841772e+00
-2.000268121638347107e+00
1.905919573949784063e+00
3.218030453070678920e+00
1.641312940938058906e+00
-1.134678737262039494e+00
-2.786709022171375061e+00
-2.022392234345920858e+00
6.196053891841245553e-01
3.321287285885912155e+00
4.378841632735107403e+00
3.362588513313648164e+00
1.226492379743092442e+00
-6.036873975256228375e-01
-1.367144542127761042e+00
-1.423019389383905597e+00
-1.717339160158843026e+00
-2.768948685348488148e+00
-4.059089444617878684e+00
-4.360978789499267982e+00
-2.761750049310032207e+00
4.562628440687399589e-01
3.821920464808506335e+00
5.623020556312134488e+00
5.097920376334531767e+00
2.963195651844641176e+00
8.713767442668051144e-01
2.139946522122193606e-01
1.179486044962600122e+00
2.756785644057391238e+00
3.624175495753235499e+00
3.180817593584518654e+00
1.905596848684887767e+00
8.098064033088783198e-01
5.024110895719968717e-01
6.893478363671097231e-01
5.335628451441314368e-01
-4.583589606867661814e-01
-1.839957767008914002e+00
-2.515523106623481553e+00
-1.748073890187092916e+00
-3.599464200665325464e-02
9.856777211983099862e-01
-2.824180648475969613e-01
-3.981062279159093720e+00
-8.279332162414480223e+00
-1.034588914159010642e+01
-8.259961371500372351e+00
-2.516896746900318949e+00
4.037641215165027830e+00
7.921383805378207299e+00
7.239583555321585706e+00
2.864783262149869003e+00
-2.257197398228251384e+00
-5.154165875854628709e+00
-4.737364156338886190e+00
-2.227180772351724514e+00
1.080783886879426170e-01
8.342966792123035491e-01
3.659542164396009101e-01
3.628310079527649057e-01
