6.236411415663416946e+00
6.820102344995139454e+00
8.257136830302348685e+00
9.378418081550101704e+00
8.198881369249791717e+00
3.819192197648362708e+00
-2.421560609274036935e+00
-7.571674961878103183e+00
-9.066060553455489668e+00
-6.557739910328641564e+00
-2.128219575596928870e+00
1.312684376592190283e+00
2.185025642065048235e+00
1.244659703576311616e+00
6.450279590620358050e-01
1.844339268770360585e+00
4.122104074114203875e+00
5.020128105837422972e+00
2.463213923036402520e+00
-3.128175829729359592e+00
-8.559830474135267764e+00
-9.892357584655243841e+00
-5.404873936605687490e+00
2.761901701517715413e+00
9.700945375553857275e+00
1.098549048571922704e+01
5.801387291287019465e+00
-2.345212240064552756e+00
-7.963183710844923269e+00
-7.359998187453003382e+00
-1.187812019436284672e+00
6.069086122546278439e+00
9.283852154600285900e+00
6.249100665854283143e+00
-9.242908018695937811e-01
-7.493384432869047984e+00
-9.528911765452260596e+00
-6.574039701376848122e+00
-1.643317540653506770e+00
1.293955103741090573e+00
3.684955160700726928e-01
-2.879796116288759755e+00
-4.833865490616445548e+00
-2.678142257891636291e+00
3.368479151469654820e+00
1.009222784344162527e+01
1.349003280566759422e+01
1.146756071336651850e+01
5.097572070980326053e+00
-2.332941978443978215e+00
-7.622667643022129624e+00
-9.561148285791871260e+00
-9.163230746651695569e+00
-8.310342809072736259e+00
-8.036174478947414102e+00
-7.812070173003943907e+00
-6.269157173081443268e+00
-2.630085865786254473e+00
2.375264333198276123e+00
6.841424687915723446e+00
8.971781867517075071e+00
8.296430567181644733e+00
5.913384733512183189e+00
3.634979065325664838e+00
2.734876447742943029e+00
3.210927618991165744e+00
4.004075944473188819e+00
3.881069351581041715e+00
2.277135803247850809e+00
-4.416937576210244742e-01
-3.322580441478333313e+00
-5.393560183688204113e+00
-6.055807191184094052e+00
-5.185581682061800812e+00
-3.088360638768909983e+00
-4.464053071978230092e-01
1.787596311653580905e+00
2.700156392653566328e+00
1.918252372562706087e+00
-6.539215747233151355e-03
-1.741707272079366708e+00
-1.953556932486990805e+00
-2.906370221362323258e-01
2.181528490133026743e+00
3.579824715994213591e+00
2.564040346428761552e+00
-5.027693710940884797e-01
-3.564511953734262217e+00
-4.225994301215946436e+00
-1.559913442431511310e+00
3.009671608782486629e+00
6.554458772411265954e+00
6.735997179565689663e+00
3.616703615322065524e+00
-2.709550838122078975e-01
-1.808290153084846974e+00
2.001158373334705476e-01
3.844121258944370290e+00
5.334523398885159473e+00
1.909190865168719942e+00
-5.710284331456621842e+00
-1.329289618856164523e+01
-1.577877455590380151e+01
-1.088195239904237255e+01
-9.840964196291306365e-01
8.214082475700783093e+00
1.148956068999344815e+01
7.686616333748757413e+00
4.782613673524968023e-01
-4.331948892255040207e+00
-3.067266503004561606e+00
3.106217772560031065e+00
9.036377899299894878e+00
9.442505039221721574e+00
2.963293258205061065e+00
-6.615005461094574990e+00
-1.293379926717114969e+01
-1.163178254234329856e+01
-3.593015829070386857e+00
5.536172100550059483e+00
9.289343760340070588e+00
4.996632002738504497e+00
-4.223888160068478115e+00
-1.154362294852701609e+01
-1.112932170241172258e+01
-2.196850478426054298e+00
1.037250160021698164e+01
1.920933593501968062e+01
1.918255469299878158e+01
1.048007466521689146e+01
-1.868391763648741488e+00
-1.143695350341514505e+01
-1.431415192403299130e+01
-1.092294845828587846e+01
-4.878138725064469661e+00
-9.609424009060912875e-02
1.633086263167135010e+00
1.072405671492426382e+00
8.817951986902600181e-02
-2.167052632136059753e-01
-2.577053395584867346e-01
-1.181956711469748456e+00
-3.413237001687583039e+00
-5.881423898751134693e+00
-6.639803685566327829e+00
-4.386621382607991393e+00
3.474881021396507563e-01
5.330683442927719007e+00
8.037633923066490382e+00
7.312836481881676676e+00
4.083759559742404122e+00
6.373705250259973365e-01
-9.759992500335520349e-01
-2.540265084518313898e-01
1.619186425655472661e+00
2.812194857800696113e+00
2.242519685940579599e+00
3.223445897720307318e-01
-1.425652743512126897e+00
-1.545436397156346064e+00
2.391035551732955122e-01
2.735583933752264052e+00
3.995534362067184375e+00
2.557999387257006596e+00
-1.547895534960128661e+00
-6.638063174637517605e+00
-1.015150734506399743e+01
-9.969955926675019953e+00
-5.604174012754269185e+00
1.371088780549659880e+00
7.910130212005019423e+00
1.090790512350773156e+01
8.786087327316405293e+00
2.437242661465147897e+00
-5.055388085513185636e+00
-9.903255576229600621e+00
-9.589420716747330431e+00
-4.248665825948851449e+00
3.392547000107235089e+00
9.552735898684158400e+00
1.153188641390010361e+01
9.150740412625873788e+00
4.601052594505746995e+00
8.340983880966437169e-01
-4.159719995732906739e-01
3.651556723257000092e-01
1.099117253497725599e+00
-1.249219254196947126e-01
-3.462450967023600334e+00
-7.076977360318048582e+00
-8.446364146777796122e+00
-6.264237076743166988e+00
-1.531033812349930523e+00
2.999022478666454106e+00
4.655111005300614835e+00
2.667286691116837360e+00
-1.338196969556617377e+00
-4.517753806992786281e+00
-4.810352059580869977e+00
-2.325030153380163611e+00
8.557952325508165758e-01
2.274263229213452142e+00
9.135762172275956328e-01
-2.075447950773487094e+00
-4.230718679235850210e+00
-3.568812180252650457e+00
-1.899724748493991644e-02
4.491448989531236613e+00
7.314544133682414184e+00
6.800251173484626932e+00
3.293502076773383358e+00
-1.186027476322144558e+00
-4.260382802113909406e+00
-4.578709996468662169e+00
-2.422066780358353100e+00
7.040309546818495079e-01
3.059766480124844978e+00
3.558346037043986776e+00
2.102801183235063487e+00
-6.188924940353128790e-01
-3.567590914808696834e+00
-5.721574577278549789e+00
-6.304838305672325838e+00
-4.962926618485187014e+00
-1.936632357032204155e+00
1.872012700306552757e+00
5.114479590840489642e+00
6.523421475184154161e+00
5.527884995302786209e+00
2.584513195750046677e+00
-1.022017663086666861e+00
-3.822553197341241216e+00
-4.867940371063220084e+00
-4.082148817220561554e+00
-2.111157202997855808e+00
1.433647403895323968e-01
1.954721959152353250e+00
2.936132669638981341e+00
2.978018088525689500e+00
2.164412592619240350e+00
8.055704622555810435e-01
-4.941732696664893343e-01
-9.463363532928161792e-01
3.460516218888443074e-02
2.353033353726914356e+00
5.045963907371654678e+00
6.658665976811438014e+00
6.059119970187277993e+00
3.186740844232827996e+00
-8.102925761369370594e-01
-4.209177626952131490e+00
-5.724632900709240246e+00
-5.207518067919735927e+00
-3.549965625900632915e+00
-1.902405221930662638e+00
-8.245684061304905388e-01
-3.064032618609097147e-02
1.097001746333265748e+00
2.686574990703084698e+00
3.984043011789922595e+00
3.797870654254692724e+00
1.499836644999999358e+00
-2.208613691608253049e+00
-5.453310691738936455e+00
-6.284005652647853601e+00
-3.984397201812941880e+00
3.594126712320064865e-01
4.492668561156158091e+00
6.418763551599644401e+00
5.617676006080093210e+00
3.199756691211217863e+00
9.255918167877519309e-01
-1.382310473514793969e-01
-3.042746472825252901e-01
-7.942412144298882648e-01
-2.521741059838593646e+00
-5.120849014684213607e+00
-7.026134278661372079e+00
-6.590678266770899185e+00
-3.407039394724526549e+00
1.192340846242267993e+00
4.882028654102633425e+00
5.832190140760478592e+00
3.873079601859741317e+00
5.060984451800092376e-01
-2.215908097458733295e+00
-3.094098676540234738e+00
-2.452179969929335179e+00
-1.631979250130719539e+00
-1.772226497181176086e+00
-2.845720579905147041e+00
-3.694595669145657624e+00
-3.011797452232119809e+00
-4.834509977583993923e-01
2.812617813315269721e+00
5.083522932998359778e+00
5.083862028269731326e+00
3.028677361877795349e+00
4.764754100027938089e-01
-7.439655922710574076e-01
1.994710797420612969e-01
2.570083793523490368e+00
4.566884100989170747e+00
4.535327923887452428e+00
2.054712228028311660e+00
-1.796148187196013657e+00
-5.108583637077828143e+00
-6.259777269201528327e+00
-4.764799677444752746e+00
-1.410481706783889955e+00
2.289443787225416749e+00
4.900729429859751463e+00
5.668631649728016697e+00
4.672353062694130088e+00
2.587262831964557641e+00
2.722677333210672401e-01
-1.606929654549984487e+00
-2.798117110764982041e+00
-3.481319296517507489e+00
-4.083666377163844174e+00
-4.945111038117225633e+00
-5.983725956409868374e+00
-6.578655320697525788e+00
-5.830341977441053203e+00
-3.140272707664215623e+00
1.209610448914019809e+00
5.899914495324626529e+00
9.068932096856316960e+00
9.275886058492996966e+00
6.381427742293341865e+00
1.758436052368720581e+00
-2.381306744061902236e+00
-4.194212244713650506e+00
-3.219026583529984276e+00
-5.608504598767815041e-01
1.872208342885881560e+00
2.586263292009984394e+00
1.390118934363725023e+00
-5.991713560203888456e-01
-1.799676753567752030e+00
-1.274265432978725743e+00
6.242451220097420261e-01
2.472031996972205548e+00
2.687765254891725242e+00
5.448122828784063287e-01
-3.339048411380553638e+00
-7.300509657831244503e+00
-9.504234813339582644e+00
-8.871776054083534646e+00
-5.569504786402264429e+00
-8.488816084067773993e-01
3.610193715051871255e+00
6.473890542947510873e+00
7.259298138439556958e+00
6.361107151915230240e+00
4.649902266937166573e+00
2.905800004405012515e+00
1.424306331871811215e+00
2.308006598011480559e-02
-1.570972600401472130e+00
-3.238187287836177930e+00
-4.278557967736170475e+00
-3.755661399682731716e+00
-1.236688893490677899e+00
2.565171115913386313e+00
5.805932796994925482e+00
6.390758353343921172e+00
3.321189188798127745e+00
-2.341616762363878834e+00
-7.673886928411642216e+00
-9.363362338578848920e+00
-5.706780387155724554e+00
2.109306361987187017e+00
1.037819122936844884e+01
1.483796267695721838e+01
1.311841872382529850e+01
6.157297213644716827e+00
-2.339942937153840496e+00
-8.090554578287800780e+00
-8.703112625499874966e+00
-4.882348982058187126e+00
3.188628193848001002e-01
3.596507280956843911e+00
3.394979019387902142e+00
5.370419047640559995e-01
-2.757675505317785269e+00
-4.585172184521150385e+00
-4.508530020464028176e+00
-3.410301926016825913e+00
-2.360788822945470766e+00
-1.549308572212957813e+00
-1.916286315993053213e-01
2.534509542355742440e+00
6.359654943374502878e+00
9.630300697555790990e+00
1.023100925886466683e+01
7.104995206902136928e+00
1.215759791047647198e+00
-4.850938714518235884e+00
-8.444179236506949238e+00
-8.481613017004940858e+00
-5.999063365465675091e+00
-3.250383964462605579e+00
-2.057569821379440445e+00
-2.635660939434560035e+00
-3.709076042273189433e+00
-3.726115295770501046e+00
-2.157058321669914402e+00
1.413764737961085427e-01
1.718846998904238088e+00
1.765429592791961433e+00
7.408582850421311372e-01
-1.113942519477061632e-01
7.674046546082294307e-02
9.853519359041948977e-01
1.375366516728323329e+00
2.479560747172384616e-01
-2.096106057608675410e+00
-4.071408731953872540e+00
-4.004848220537956749e+00
-1.589818940360145039e+00
1.653598385451525710e+00
3.443000316694042162e+00
2.598539547283793993e+00
2.039593059337847514e-01
-1.038482257214714100e+00
1.019604757760674829e+00
5.879339868439753758e+00
1.016169372164294415e+01
9.757883317805628565e+00
3.034099389245087153e+00
-7.278990540234206996e+00
-1.519759258356097931e+01
-1.521107757390290161e+01
-6.218151745048235313e+00
7.164272876217152586e+00
1.713079535224067129e+01
1.761258085532415407e+01
8.339338427797178710e+00
-4.819163942030927572e+00
-1.362967430097248211e+01
-1.292834756610932700e+01
-4.014180309769516342e+00
6.362349572977293199e+00
1.075124103683731747e+01
6.207869801844578816e+00
-3.686088971467976094e+00
-1.141092979587004663e+01
-1.089064216676646524e+01
-1.868705687932381121e+00
9.828238880262020416e+00
1.634553993949482731e+01
1.331908140552984499e+01
2.950404161739635711e+00
-7.552528542672965806e+00
-1.108225891318086376e+01
-5.678975140847348335e+00
4.064992967929674350e+00
1.026599018062962898e+01
7.404399302602817201e+00
-3.602351628636122349e+00
-1.580281407563792584e+01
-2.086986189073097364e+01
-1.482581885286485068e+01
-8.900940100961567403e-01
1.252425262830248798e+01
1.731956721604520055e+01
1.100786369049676239e+01
-1.749871443668773674e+00
-1.232886574134822055e+01
-1.384837870444801666e+01
-5.580667744034671252e+00
6.786682012172886580e+00
1.505467535498787335e+01
1.387481414750282482e+01
4.037822880742390375e+00
-8.310184910451893003e+00
-1.577540972769835825e+01
-1.431376393319358087e+01
-5.382964900264534336e+00
5.480936157365776218e+00
1.241265131656689746e+01
1.269017249906864997e+01
7.792915336477312493e+00
1.706791940013431486e+00
-2.047278576063764177e+00
-2.550551711044010794e+00
-1.511432207982216003e+00
-1.476787455956225958e+00
-3.706916675516323423e+00
-7.229527875878815735e+00
-9.599013687531968486e+00
-8.665834402073702591e+00
-4.060795840323798700e+00
2.556488312206481872e+00
8.507578444067593892e+00
1.158059688518105546e+01
1.104161126854537045e+01
7.694463727757990590e+00
3.185452966859793733e+00
-8.663367823105738719e-01
-3.424807330398878413e+00
-4.164782177968129773e+00
-3.358194459845187385e+00
-1.722376950584791233e+00
-2.513160791941965178e-01
8.188557103250826419e-02
-1.222182367935712444e+00
-3.783764609283584601e+00
-6.316870245125025818e+00
-7.156821226947742254e+00
-5.144956315115546630e+00
-3.629807248768948114e-01
5.764951934972552650e+00
1.109997610715085159e+01
1.376857185517489413e+01
1.290897323316437451e+01
8.813440121265953664e+00
2.556033850714139355e+00
-4.476879474489493305e+00
-1.080444176329257822e+01
-1.485239753530701812e+01
-1.510243130821103996e+01
-1.068373893932517760e+01
-2.225555361866034865e+00
7.698427753399048612e+00
1.521050173430609220e+01
1.689377928034370413e+01
1.181434811306857569e+01
2.457249347456203381e+00
-6.315773302221845853e+00
-9.950351400310063710e+00
-6.974490930722080151e+00
-2.526047681449039572e-02
5.726547864389357478e+00
5.903189853739830184e+00
-1.274094903804163792e-01
-8.692429625039773455e+00
-1.414257051237971652e+01
-1.259922662322387055e+01
-4.610980272490077247e+00
5.126605791363389564e+00
1.085976626444188931e+01
9.602739242689185772e+00
3.085808607813640414e+00
-3.520996077429207283e+00
-5.231734251976453365e+00
-7.123971512867461886e-01
6.796014928308964365e+00
1.171160414020086016e+01
9.931233715899924874e+00
1.605987429136025213e+00
-8.970461752930653176e+00
-1.616969148304067261e+01
-1.652509882075402814e+01
-1.057249536230352227e+01
-1.993209858307740223e+00
5.055419869816393685e+00
8.398895053586308279e+00
8.478308356396240697e+00
7.073487128552937264e+00
5.457910347191534228e+00
3.570734005420739710e+00
7.508144195330892501e-01
-2.837557124332187097e+00
-5.569926624552345551e+00
-5.307498153940786167e+00
-1.286278581503380147e+00
4.657093434487997285e+00
8.787830064855089773e+00
7.904198187765134165e+00
1.829953300903559565e+00
-5.976658082369093350e+00
-1.040778631216868888e+01
-8.098865375101395259e+00
1.022447905365670984e-01
9.406184572560395196e+00
1.403856716306152030e+01
1.093089933448089290e+01
1.653686284113555338e+00
-8.681212714834529720e+00
-1.472064749888875390e+01
-1.407530990796054837e+01
-8.327135938707087348e+00
-1.393238309534019059e+00
3.336665776048492571e+00
4.959398737252580958e+00
4.868514835105743899e+00
4.893647354238295222e+00
5.463587351887208676e+00
5.304140738368414709e+00
2.821137816394191589e+00
-2.093810671126187017e+00
-7.437466648079782416e+00
-1.027329250855941467e+01
-8.846649121852399489e+00
-3.968364217925701709e+00
1.467263800395467666e+00
4.512690788085700788e+00
4.207691415345006902e+00
2.070544856602422268e+00
6.822894369975367468e-01
1.494658510763170023e+00
3.600786548586746516e+00
4.456368755221571831e+00
2.008926707059655037e+00
-3.426329391687162662e+00
-9.042080750301655812e+00
-1.133963675228888235e+01
-8.560671392970974125e+00
-1.967069960570829945e+00
4.959624516040748610e+00
8.794094939285040269e+00
8.267124700193509312e+00
4.746997508494044560e+00
9.181455814322130315e-01
-1.211679507126270483e+00
-1.463360520693902211e+00
-1.069681080030096654e+00
-1.236675272451200680e+00
-1.975367365998410563e+00
-2.160588955720414539e+00
-6.860856785599172003e-01
2.339535989463829679e+00
5.424835034698279657e+00
6.741100628450571008e+00
5.534018232563944650e+00
2.729096063361434510e+00
2.095060778754949116e-01
-6.640805989391165287e-01
-8.929948802306486577e-02
4.379567467475193876e-01
-5.258807379980557917e-01
-3.040564055800977439e+00
-5.587570830040670344e+00
-6.221068267273649255e+00
-4.170331795580847434e+00
-5.971872161224716091e-01
2.150351856966453923e+00
2.262617194693930855e+00
-1.468408794703659481e-01
-3.077305751203351036e+00
-4.090846527994141724e+00
-2.082511881130556297e+00
1.955611814251239311e+00
5.707386614601008823e+00
7.188643597813211272e+00
5.995476487570042146e+00
3.251808329785206730e+00
4.468965178968473673e-01
-1.770212985776190351e+00
-3.812312912265083398e+00
-6.269141620095067147e+00
-8.792969114999264590e+00
-9.873065418548810257e+00
-7.872119499218106498e+00
-2.566907238984957651e+00
4.126934948908900225e+00
9.037584720235514624e+00
9.762094400946653039e+00
6.375554949161812424e+00
1.472761121888481517e+00
-1.611683352371782618e+00
-1.159945250588048982e+00
1.744025488940021740e+00
4.118631040092740392e+00
3.424844371926198061e+00
-4.254468296479796408e-01
-4.941603698443188364e+00
-6.936799421579852520e+00
-5.001739022899601039e+00
-6.644135627856018189e-01
2.696410726558359450e+00
2.407379251155245647e+00
-1.394872379877855950e+00
-5.727872928710999290e+00
-6.874691035013081652e+00
-3.105843174361512027e+00
3.994525839440294490e+00
1.057265164592738316e+01
1.314051902628824031e+01
1.086824673790605900e+01
5.897647365756498061e+00
1.545069599446839970e+00
-1.789546449479970658e-01
1.408321222423579711e-01
1.287705536685599395e-01
-2.199629772671478634e+00
-6.622210234544216867e+00
-1.068229552869054544e+01
-1.147348332779958291e+01
-7.874145587860606810e+00
-1.534636655613234701e+00
4.134132332482946204e+00
6.235122571070069952e+00
4.277168857989652295e+00
3.580576708023204269e-01
-2.420165312810088398e+00
-2.109406805113467342e+00
8.814893776386063529e-01
4.297596897171100494e+00
5.769850423802487249e+00
4.467381580286787113e+00
1.539288577338843389e+00
-8.458406676550367376e-01
-1.077841653264987487e+00
8.184211087884862845e-01
3.267664899231644604e+00
4.216495481501002729e+00
2.423393726242612622e+00
-1.816977289534000395e+00
-6.839848060368177940e+00
-1.045555192824611623e+01
-1.098413280258167823e+01
-8.027020813412040212e+00
-2.713534663599490138e+00
2.663023135543281406e+00
5.558406805031760989e+00
4.384185503071389434e+00
-4.863792110035798366e-01
-6.517853846829406272e+00
-9.980264689152550162e+00
-7.833147852961040769e+00
3.969875339221644595e-01
1.190030434987372487e+01
2.167284350970030360e+01
2.500265933330700818e+01
1.999957990990717960e+01
8.658725128275408522e+00
-4.224776195837248949e+00
-1.365114450735832641e+01
-1.694295865389720035e+01
-1.471543302409946286e+01
-9.863086933776569865e+00
-5.428869183524723141e+00
-2.852301387138202138e+00
-1.659922969292999984e+00
-5.369373103685872728e-01
1.244766067418291877e+00
3.184371955138890264e+00
4.091927262876938087e+00
3.230649096896015315e+00
1.046633402956665737e+00
-1.118687702646345317e+00
-2.058563876966387873e+00
-1.585892162379430870e+00
-5.336556920237891521e-01
1.006497179203725278e-01
1.010322958398058579e-01
2.204719448884707167e-01
1.411056775613488856e+00
3.746438285037675175e+00
6.014450009906067152e+00
6.456580305004949949e+00
4.173093456562732229e+00
7.426299572199446253e-02
-3.499887481725491689e+00
-4.372446257436792827e+00
-2.214553484106571268e+00
9.983140234767842180e-01
2.253885967873166862e+00
-2.940514662976734250e-01
-5.758813283935858784e+00
-1.081377639201034846e+01
-1.178687705700609811e+01
-7.187023932033600460e+00
1.087265685450996111e+00
8.750074549708930505e+00
1.172717768182836906e+01
8.641553679001956922e+00
1.559489791991311769e+00
-5.433738289889767259e+00
-8.805395301277206599e+00
-7.567466942071034097e+00
-3.461909227305562275e+00
5.923127435556295728e-01
2.567212451720675581e+00
2.459551039579062515e+00
1.832727535902603844e+00
2.288973211045569833e+00
4.103333273069329934e+00
6.023673884537847911e+00
6.308206740720952332e+00
4.151378644066520351e+00
4.020246670415319468e-01
-2.957297538985473651e+00
-4.174298364615099288e+00
-2.933713823448837577e+00
-5.408394587234801598e-01
1.036323846553585337e+00
5.748760880927742400e-01
-1.539265320334247011e+00
-3.589688707486009989e+00
-3.749619108434292691e+00
-1.400650466380581438e+00
2.351961404884505225e+00
5.323025629433295158e+00
5.633769666533622100e+00
2.939320239294497927e+00
-1.295707614516253603e+00
-4.650744753754286087e+00
-5.193013545091647920e+00
-2.612809823186748925e+00
1.635043566748283439e+00
5.233973327560166311e+00
6.359360511311472841e+00
4.643871852789912325e+00
1.208282081809434860e+00
-2.165497836061794246e+00
-4.108793205946330573e+00
-4.282034093184677204e+00
-3.213423307277418761e+00
-1.621433606590841459e+00
1.685442785953202849e-01
2.237756253319056921e+00
4.554358604539701538e+00
6.446876901635032908e+00
6.663600036572206342e+00
4.162794471897087512e+00
-8.662644508969902235e-01
-6.581866453299184627e+00
-1.019535046464237382e+01
-9.543119240402226922e+00
-4.546702900795574820e+00
2.494760112077808678e+00
8.127233102168272438e+00
9.777215580940236350e+00
7.257864120825463061e+00
2.691949642095661233e+00
-1.121159725157653053e+00
-2.736809233713595191e+00
-2.997262155825171526e+00
-4.127559569718563637e+00
-7.621329019109007064e+00
-1.252285555087593316e+01
-1.554008387019294801e+01
-1.314413003430859384e+01
-4.302969619618029817e+00
8.129305212653152424e+00
1.856117349372051351e+01
2.182526264575999164e+01
1.636448466131812296e+01
5.311234037239064065e+00
-5.333627557791090545e+00
-1.028710990507583567e+01
-8.016458744212535237e+00
-1.288887225746119469e+00
4.994338157234436970e+00
7.097356099153652842e+00
4.624389078143599008e+00
2.122262673339838646e-01
-2.819884443288148912e+00
-3.024849428437757837e+00
-1.720935318009342296e+00
-1.665089659682976730e+00
-4.602581759993798372e+00
-9.588159319957558324e+00
-1.336945639108729722e+01
-1.259398651046834061e+01
-6.272327843976961859e+00
3.254681873198745024e+00
1.154240778704122938e+01
1.464975809026919684e+01
1.141433641904844976e+01
3.976653287548766791e+00
-3.651962019312150254e+00
-7.933996090957375458e+00
-7.566303763880531719e+00
-3.715892451945693509e+00
1.134505141581654275e+00
4.778078922774838588e+00
6.292256388409111167e+00
6.037380550373948829e+00
4.952676512898194439e+00
3.807552678136350899e+00
2.884154515206881264e+00
2.111633513734566758e+00
1.345875982350563493e+00
5.040989153477060114e-01
-4.827109199976766796e-01
-1.724438970076979549e+00
-3.278707250662425743e+00
-4.957144210747774338e+00
-6.242680514367732414e+00
-6.481655435758851169e+00
-5.283992231826316832e+00
-2.855486475595705009e+00
7.459794508240857880e-03
2.297154669619952294e+00
3.308137882968119392e+00
2.948706329677375226e+00
1.672948519921602539e+00
1.365405254899461629e-01
-1.143747594608266915e+00
-1.904483030369126695e+00
-2.025297574665397615e+00
-1.385137366194856945e+00
1.255000629288607339e-01
2.424878091088479515e+00
5.068183619020790509e+00
7.284864841563766014e+00
8.267093214384139799e+00
7.544531773575863021e+00
5.203852240409834629e+00
1.827025353253612483e+00
-1.773487604004210016e+00
-4.826537911852945228e+00
-6.742995302252740686e+00
-7.148864025156726143e+00
-5.934760853960892035e+00
-3.383126479514331209e+00
-2.701181516385769976e-01
2.252548693823459125e+00
3.083180790948671479e+00
1.737288317973991081e+00
-1.299619184092258850e+00
-4.724454852262643278e+00
-7.047823773083903731e+00
-7.332584270033264850e+00
-5.572651625437179845e+00
-2.498194716489613221e+00
9.859118680276668378e-01
4.265707286420974853e+00
7.048970314193762299e+00
9.032295076760718189e+00
9.627002994024874027e+00
8.141133081891732459e+00
4.398544923909271986e+00
-6.980982596730371803e-01
-5.258733702535964838e+00
-7.324543290923255512e+00
-6.109323696098186929e+00
-2.668373191500104991e+00
6.255129835295409890e-01
1.596706737043671609e+00
-2.195797339272921311e-01
-3.182346908326487700e+00
-4.668661416500187400e+00
-3.015593628643778779e+00
1.099337490540123863e+00
4.919457789067573472e+00
5.457334492826403149e+00
1.693080001458971751e+00
-4.463798165466172030e+00
-9.236715123950197892e+00
-9.432853286864766318e+00
-4.613938251394673173e+00
2.549354142338512208e+00
8.029317239392579353e+00
9.100219304345674942e+00
6.048718905055102013e+00
1.749856202966476149e+00
-5.472472583112810707e-01
4.067862087076647426e-01
3.061152462154031362e+00
4.404265421244263123e+00
2.421557594810105130e+00
-2.191796756512254252e+00
-6.391300878357469628e+00
-7.008638431370258104e+00
-3.219049338899947710e+00
2.614893082184115425e+00
6.450092633348551097e+00
5.430633490634369842e+00
7.527703102990268569e-02
-5.855762298108404096e+00
-7.850377415581661467e+00
-3.836849589194056165e+00
4.145551405134682454e+00
1.104343213365420340e+01
1.202412321496298020e+01
5.732959364279432535e+00
-4.613299818901251292e+00
-1.307991286187992230e+01
-1.466270289200982724e+01
-8.405623054432975749e+00
1.987401790239621047e+00
1.040367576790602833e+01
1.199023416186940239e+01
5.965058966597927892e+00
-4.078527675362447091e+00
-1.241826577814061494e+01
-1.452002961850685558e+01
-9.433642586861488155e+00
2.658485631295448570e-03
9.025049466872292925e+00
1.359519102571385574e+01
1.229881975782609871e+01
6.607458297802423886e+00
-3.377245728570437144e-01
-5.503607660508899713e+00
-7.294506939480839947e+00
-5.899062870450645590e+00
-2.755022748756093431e+00
3.735962146008399709e-01
2.199981714220704987e+00
2.326241391855144780e+00
1.237732377066283806e+00
-2.347667857684487824e-02
-3.841421322262981164e-01
6.880656862565320830e-01
2.789912923064956196e+00
4.618301818379486612e+00
4.556629434722992755e+00
1.627507999011828410e+00
-3.684876656253976535e+00
-9.310825358852394373e+00
-1.242852760584666783e+01
-1.094269648768043623e+01
-4.809297062680779611e+00
3.638256562973857022e+00
1.070227278863487896e+01
1.321900036656660227e+01
1.029144907019047750e+01
3.819640261390218505e+00
-2.542780036129879129e+00
-5.439595219538842841e+00
-3.678071078676233618e+00
1.190775145940124347e+00
5.906636333723937149e+00
7.499806255832047519e+00
5.033321594295868451e+00
5.102719803215105543e-02
-4.484021127266687223e+00
-6.047213761978901481e+00
-4.037680408260190035e+00
-9.740069718421340283e-03
3.411875021749855019e+00
4.181407660225838541e+00
1.995746459908600112e+00
-1.702124798832088892e+00
-4.780790173606551896e+00
-5.782919535432787583e+00
-4.706156857864720600e+00
-2.761918346964286286e+00
-1.370253241293070134e+00
-1.132086188528556914e+00
-1.485038767656851721e+00
-1.245367514357376137e+00
3.801893754382001944e-01
3.047803818471535919e+00
5.344793618348565367e+00
5.664072646134711064e+00
3.319470717816316085e+00
-8.491077309387007332e-01
-4.820688110812302085e+00
-6.518577806977484457e+00
-5.031505853796905292e+00
-1.163289905893434062e+00
3.044716387100148136e+00
5.525526012150415056e+00
5.370612215387136956e+00
3.243090550030807595e+00
7.809688039150424199e-01
-5.829123569901293322e-01
-5.710151686629406642e-01
-1.281802698477368940e-01
-5.658168503058873533e-01
-2.401738635032138802e+00
-4.759125805271110288e+00
-5.826107796702649111e+00
-4.131117060452353051e+00
2.329878805549481235e-01
5.346994380869978691e+00
8.468740578958543708e+00
7.730881575426086449e+00
3.423589996201155117e+00
-2.045522938535851321e+00
-5.573740908515757653e+00
-5.288669458195576212e+00
-1.719046979478922044e+00
2.576766939230529463e+00
4.689031000043579311e+00
3.223742276140723728e+00
-8.844933208309524453e-01
-5.127125250470321305e+00
-7.174925461504446211e+00
-6.384826980044691069e+00
-4.022471519164596998e+00
-2.103364548474262019e+00
-1.754078846692301852e+00
-2.331696875730369101e+00
-1.970971532026149386e+00
8.338507971980528843e-01
5.790095905718301239e+00
1.062078922766545119e+01
1.236314498624787461e+01
9.318034582656084197e+00
2.325622356230915955e+00
-5.527850578169084095e+00
-1.062146167227479587e+01
-1.084623016721654132e+01
-6.714099429624799775e+00
-9.032948202748758426e-01
3.379796660109329665e+00
4.160577348303633904e+00
1.565827924123207371e+00
-2.549354612162664679e+00
-5.803849898617664316e+00
-6.531796039856395453e+00
-4.435357651292111569e+00
-4.910371929308476879e-01
3.645546897780087114e+00
6.370814727109782361e+00
6.739212408659136955e+00
4.813582436160968925e+00
1.669115688192424063e+00
-1.025631975031511489e+00
-1.798066838393665767e+00
-2.197209950174554560e-01
2.696025225687903593e+00
4.939565056234949125e+00
4.700915674166554759e+00
1.642969074275056673e+00
-2.639522276632280118e+00
-5.450595101736424475e+00
-4.724315271688544371e+00
-5.435850246891673621e-01
4.668206802134616140e+00
7.570319189376840008e+00
6.094242768197643656e+00
9.236722340507359519e-01
-4.816643293891282873e+00
-7.539429445245282579e+00
-5.535077255251181327e+00
-7.562526330141994269e-02
5.470821327764268993e+00
7.874639120781075974e+00
6.054272648123616207e+00
1.498894654964867179e+00
-3.063908757357428403e+00
-5.647204211984053757e+00
-6.122354689054422039e+00
-5.728372220032758477e+00
-5.537447131240193166e+00
-5.265338582889726560e+00
-3.497936165977130862e+00
8.051612243494739030e-01
6.803465186744029225e+00
1.166228165226966240e+01
1.219253641242615416e+01
7.180015996928164945e+00
-1.344968676905966554e+00
-9.002196493015516054e+00
-1.167686418923974934e+01
-8.107760049664628710e+00
-6.434884453876650312e-01
6.366225165976802991e+00
9.400289082405270946e+00
7.832252141530610778e+00
3.861360603779685263e+00
5.314808268257444901e-01
-5.694013310706984576e-01
-2.065466100974742147e-01
-4.383221919352817686e-01
-2.581113084580054284e+00
-5.898991252549910413e+00
-8.085036810400072937e+00
-7.143318326134113327e+00
-3.152615830595614455e+00
1.526607677879211256e+00
3.828152180586872788e+00
2.177449413896141550e+00
-2.335702147235001025e+00
-6.676286098297222082e+00
-7.922996359185670912e+00
-5.154510023382909090e+00
1.399883502572873972e-01
5.266817156793393906e+00
8.116038825912529120e+00
8.207665638566044919e+00
6.417402821825863413e+00
3.905228417716292810e+00
1.305837664927531394e+00
-1.187549635482152421e+00
-3.165305288947858120e+00
-3.680171847407610830e+00
-1.849457643324180278e+00
2.005399737798501558e+00
5.804905002088153410e+00
6.618346975644820773e+00
2.742196803243717618e+00
-4.512458115059923891e+00
-1.092209776529715626e+01
-1.173912277287450578e+01
-5.007555680837642242e+00
6.517459109754668134e+00
1.647291673953599656e+01
1.862454940508153101e+01
1.090718861912960946e+01
-2.973286731863029608e+00
-1.559624516192293697e+01
-2.030310343850324983e+01
-1.518734623389411631e+01
-4.008384814317531131e+00
6.465827350305720422e+00
1.079085308351761974e+01
7.940204696267684881e+00
1.268712843747664465e+00
-4.300766458968655392e+00
-5.677318758065335480e+00
-3.234320812290489844e+00
1.869093658936866742e-01
1.816374551568337159e+00
9.917597982086570063e-01
-7.238096633696580184e-01
-1.157814491441304661e+00
5.890471859219140738e-01
3.489695249489935591e+00
5.539213200163956685e+00
5.381135081215663973e+00
3.250350220657362232e+00
5.633277669460883263e-01
-1.345529000693508115e+00
-2.189628013918390792e+00
-2.613580003838146926e+00
-3.225944184223845213e+00
-3.775087381227917316e+00
-3.309925526831343223e+00
-1.239412918151675536e+00
1.684374703926542871e+00
3.485417694722303672e+00
2.325186161444999566e+00
-1.866262469583580330e+00
-6.853878018382315140e+00
-9.293782843877952615e+00
-6.966836419525486157e+00
-4.584707557964553537e-01
7.015439050038006386e+00
1.162033403771588702e+01
1.137142817425594465e+01
7.312592193317860811e+00
2.591955861860763655e+00
1.569154950033875284e-01
7.729947756726492925e-01
2.766964754630607981e+00
3.560451036522522372e+00
1.730924179062542478e+00
-1.981102540145738056e+00
-5.402614162196561765e+00
-6.704481578731272151e+00
-5.760143905105617357e+00
-4.033435403111788276e+00
-3.169989566474528786e+00
-3.513633513259656560e+00
-3.804864378253699275e+00
-2.331706755470800196e+00
1.403063837766860278e+00
5.890459789876642205e+00
8.430091331165794344e+00
7.020995886666808516e+00
1.927108391525192310e+00
-4.284451599526732934e+00
-8.316077036763784847e+00
-8.225463032358351967e+00
-4.568784845105409609e+00
1.445131886094239704e-01
3.215319449420281472e+00
3.455684844062218541e+00
1.698830224933038036e+00
-7.868841017754812928e-02
-2.501966949525882278e-01
1.436053980904415717e+00
3.896326959300134618e+00
5.588064519748012771e+00
5.482545484437634897e+00
3.504493104115451452e+00
3.384105234120609040e-01
-3.045494233500382286e+00
-5.750767159904239811e+00
-7.097709781180937760e+00
-6.718373829463657465e+00
-4.743001386541631170e+00
-1.953587536176877304e+00
3.911401487123855603e-01
1.179624712016492882e+00
2.129613988773149946e-01
-1.482090505695847771e+00
-2.192186051000747149e+00
-6.895161284920123812e-01
2.756900484251796346e+00
6.341359193604434452e+00
7.815674873838256431e+00
6.015620747285147729e+00
1.720313748373690110e+00
-2.819896588240017543e+00
-5.370837066869139420e+00
-5.125933397390990187e+00
-3.008767096141929276e+00
-7.066555354839209047e-01
7.215669937045724458e-01
1.502517823724313084e+00
2.554709706577371620e+00
4.222983501826349517e+00
5.545368488773000593e+00
4.849057160482393769e+00
1.314636277913302731e+00
-3.810368985444539280e+00
-7.568527743692071041e+00
-7.251991406804644491e+00
-2.610757488736350940e+00
3.478040946947166479e+00
6.676091629891801382e+00
4.216283076831122578e+00
-2.862303993247750977e+00
-1.005838757241759573e+01
-1.231520365881308443e+01
-7.546169190228670942e+00
1.749042262421176108e+00
1.002731351931302761e+01
1.239148253870338046e+01
7.834908138269079281e+00
-2.481648528381776853e-01
-6.589283826752399875e+00
-7.712337065454161866e+00
-4.071756486962942567e+00
7.845495345653559216e-01
3.210136299056965292e+00
2.221926263578306138e+00
-6.137551383045858344e-02
-4.970771199927274120e-01
2.279241056414886391e+00
6.633428908779550603e+00
9.264564477037051660e+00
7.960834424294915834e+00
3.483475521968059319e+00
-1.009129551264102309e+00
-2.563254111770266963e+00
-9.216737463932439534e-01
1.209522093413168520e+00
4.578176933804602999e-01
-4.151543245161387397e+00
-9.916735994006725008e+00
-1.221167499279379065e+01
-8.104023573703148742e+00
9.480041664136238388e-01
9.588927954816044874e+00
1.215420317606650258e+01
6.819428785059329812e+00
-2.825403025797985634e+00
-1.012018624191110661e+01
-1.003398956318000756e+01
-2.820182222812558592e+00
6.102106957595893277e+00
1.003264108122250420e+01
5.845417149851564353e+00
-3.729079721444163553e+00
-1.206545717689589381e+01
-1.340514433633890690e+01
-6.932194918999050159e+00
2.782320843307798608e+00
9.210910997453909843e+00
8.581817447091577122e+00
2.407836243196310733e+00
-3.933213410895603168e+00
-5.376404274224634960e+00
-9.253420043261031402e-01
5.773569092333930897e+00
9.347326500017718587e+00
6.813891652336520721e+00
-2.020400076808006595e-01
-6.744475972338519476e+00
-8.244130112345677830e+00
-3.861635962563258140e+00
2.987625858248196042e+00
7.216885308095365659e+00
5.774285097351311791e+00
-2.399900450765320992e-01
-6.486921281852540133e+00
-8.537714613037612921e+00
-4.933756278292817932e+00
1.947354645429153042e+00
7.647818007329125756e+00
8.614337368615116119e+00
4.341141861472243235e+00
-2.593250561137962151e+00
-8.322135828888839626e+00
-9.939407952876091912e+00
-6.822961746125090876e+00
-5.390278847862033373e-01
6.210529163239128181e+00
1.078739424377768685e+01
1.145962130118336297e+01
7.861779290399429243e+00
1.197037416857057224e+00
-5.910236070108053852e+00
-1.018720117505752221e+01
-9.146655309052171390e+00
-2.615156580896185190e+00
6.649032610255646958e+00
1.398110013932432594e+01
1.521963606496817434e+01
9.177317424220905906e+00
-1.439534287874885798e+00
-1.142052186466078467e+01
-1.600608257456528705e+01
-1.356550622942528150e+01
-6.292824689716143283e+00
1.457233982074332079e+00
5.983121429919180834e+00
6.279974382940681110e+00
4.053515962849203902e+00
1.954545445400785342e+00
1.507185765061223037e+00
2.260477482631858770e+00
2.615546743737991786e+00
1.457936611072811806e+00
-8.142777651394625948e-01
-2.664187470073110298e+00
-2.780939344221708964e+00
-1.222295424980052392e+00
6.415040778796018417e-01
1.313017687969823211e+00
4.458240996434362780e-01
-8.999286356325882918e-01
-1.266847964845321250e+00
-2.186643079604795314e-01
1.086827506331469184e+00
7.650698167298866093e-01
-2.098982082671343896e+00
-6.307809328998749798e+00
-9.017919810157435379e+00
-7.654360848928334349e+00
-1.932063485008801873e+00
5.561160334775399505e+00
1.078973916369696973e+01
1.082020114366470054e+01
5.761139450549311647e+00
-1.252579094379012936e+00
-6.030149842205844379e+00
-5.921717031778316986e+00
-1.343766222456238335e+00
4.665926146702549460e+00
8.421985976372036831e+00
7.729571598966448853e+00
2.896890378397571020e+00
-3.775754810299376096e+00
-9.438707282983070712e+00
-1.206446687177394139e+01
-1.106303013625950449e+01
-7.109712579544739341e+00
-1.599205362563194566e+00
3.871985661062429251e+00
7.880371388659349385e+00
9.493861004864911024e+00
8.552252779180605557e+00
5.740491684566836561e+00
2.268071007001334571e+00
-7.695898353342218723e-01
-2.944433075414620404e+00
-4.518672904863223039e+00
-5.871215073428107445e+00
-6.796279537964299955e+00
-6.354573416414480924e+00
-3.575666708242714265e+00
1.432990922791814947e+00
6.912375496908481409e+00
1.011171510292038356e+01
8.970428239397993053e+00
3.702130354472909168e+00
-2.977876113818973103e+00
-7.375890878310976007e+00
-7.186925221815556597e+00
-3.051208657010967329e+00
1.895581035275667237e+00
4.254834715279301349e+00
2.803852773279278843e+00
-6.677996891458202189e-01
-2.794453957716605430e+00
-1.305646935866500602e+00
3.091207328974747703e+00
7.109991301438648215e+00
7.354500916195942040e+00
3.029887966161906476e+00
-3.203672255066941421e+00
-7.003916046330523670e+00
-5.535629281298961146e+00
2.734847122041592637e-01
6.163018990082679949e+00
7.470902543351497727e+00
2.516247209823951003e+00
-6.014604493347039949e+00
-1.274059167537776815e+01
-1.320042167892067120e+01
-6.901993362049172909e+00
2.303300564221891555e+00
8.752146124625060253e+00
8.639567701966004876e+00
2.352043564527730446e+00
-5.993425119013358504e+00
-1.131561840887823145e+01
-1.068063548659695172e+01
-4.767741082994725765e+00
3.009885573994472541e+00
8.838224988572338958e+00
1.062155171792379527e+01
8.662865543265123591e+00
4.842296480554638904e+00
1.187115700872372726e+00
-1.135728757233993136e+00
-1.965443062460437984e+00
-1.709634543061171019e+00
-8.814429927439767498e-01
7.559695723069537188e-02
7.717560704093733293e-01
9.158471585147976990e-01
4.802095324832057477e-01
-2.178117723558609109e-01
-7.258032638885971721e-01
-8.701090350401486928e-01
-9.924840110348519540e-01
-1.684761702502639791e+00
-3.132618033942925706e+00
-4.627288833164461934e+00
-4.806572868779394270e+00
-2.635603252396727214e+00
1.559960145053478575e+00
5.917196753466861026e+00
8.072241432508576509e+00
6.791389337422791606e+00
2.965710490735488314e+00
-9.249072029465161826e-01
-2.632133851489984799e+00
-1.907643814738666954e+00
-7.641695602786005015e-01
-1.845599405869897236e+00
-6.039936073511817050e+00
-1.123388416767098263e+01
-1.340976943034715774e+01
-9.531766677709049063e+00
-1.613323184804986710e-01
1.028947544047037610e+01
1.614803078389780921e+01
1.426168177446600360e+01
6.273935578592380935e+00
-2.365910020714625528e+00
-6.101020013474114378e+00
-3.092517159041721975e+00
3.587692065279036058e+00
8.285807580590535792e+00
6.927304267988665387e+00
-4.374131270762449120e-02
-8.100603400060769843e+00
-1.207619159644969997e+01
-9.985907686161873187e+00
-4.329883334217774937e+00
9.060497879852968950e-02
1.180724944239252006e-01
-3.165139512627979546e+00
-5.292029107056393400e+00
-2.149486706244752465e+00
6.273665359213563164e+00
1.515178823446855993e+01
1.793139521685466775e+01
1.118312391209013867e+01
-2.368449790323372994e+00
-1.504332899534317747e+01
-1.904066600171116264e+01
-1.164864682644675931e+01
2.807183891381902718e+00
1.569095980557694858e+01
1.962902354605926192e+01
1.314503221630523910e+01
1.279144237839703990e+00
-8.070669561785937418e+00
-9.443724652921886786e+00
-3.136658918867967216e+00
5.516728587665580719e+00
1.011252456614943540e+01
7.478822290034530695e+00
-5.711194380807254056e-01
-8.932232767908487858e+00
-1.283704435449893566e+01
-1.078202868592839891e+01
-4.914260619657508933e+00
9.905214616784785431e-01
4.202211007181563929e+00
4.427661954607866157e+00
3.199846488714026993e+00
2.107772396186524677e+00
1.436468878360113610e+00
2.404910574859897565e-01
-2.390095340823405135e+00
-6.061188756491923790e+00
-8.929112298140644555e+00
-8.855490132575376094e+00
-4.995372264165390597e+00
1.389177420648359806e+00
7.518181306485078430e+00
1.069425364577081083e+01
9.830522815600964748e+00
5.926315286524667769e+00
1.275114450253576948e+00
-1.973453283169526840e+00
-2.939969843838316166e+00
-2.200752546609082039e+00
-1.088186107525070945e+00
-7.004143964858033922e-01
-1.282140967316625080e+00
-2.274776549920046076e+00
