9.174622852529267902e+00
6.942878246847625334e+00
1.639388709072136407e+00
-2.995560976962617694e+00
-4.302892580079807239e+00
-2.180053550766544390e+00
1.395712352833584413e+00
4.135295257839677774e+00
5.004791020745996022e+00
4.487344117798668819e+00
3.617935822180586847e+00
2.839493661780172040e+00
1.727042532686829279e+00
-2.656911725085138176e-01
-2.852016393857713883e+00
-4.765162849862129235e+00
-4.694667136208294345e+00
-2.550189206074207515e+00
1.157955478869034938e-01
1.080384136171020693e+00
-8.052818347578910574e-01
-4.483202627328584100e+00
-7.206130706534935371e+00
-6.489156298025038794e+00
-2.082585015938433148e+00
3.596167101517863340e+00
7.038661925603125979e+00
6.152658987165356308e+00
1.832877110925180020e+00
-2.644406350318484478e+00
-4.020698256006809856e+00
-1.475249593498028311e+00
2.776333658754463585e+00
5.195421928775259879e+00
3.669607627694869478e+00
-8.038515861076618307e-01
-4.824539565715048717e+00
-5.191439210527835080e+00
-1.429235241048163907e+00
3.724751788194288427e+00
6.313901526179428458e+00
4.179143062076256854e+00
-1.283661185529652915e+00
-6.010875402699531023e+00
-6.217166407330169342e+00
-1.246915568584113343e+00
5.799076782805492769e+00
1.017552570955207081e+01
8.841900851520826166e+00
2.628450920625748921e+00
-4.344991112010331946e+00
-7.566797007622827920e+00
-5.254964005759506840e+00
5.143147704797474962e-01
5.412607708078580160e+00
5.974308604198696138e+00
1.968294548788329656e+00
-3.608679016678201901e+00
-6.797972367632753254e+00
-5.499718391326782196e+00
-8.459931928159920567e-01
3.745641783056993468e+00
5.039926428308335815e+00
2.177125022224813300e+00
-2.879216457202744106e+00
-6.798454778332046367e+00
-7.102684741892096199e+00
-3.621584491249214999e+00
1.657487337861627719e+00
6.021733665434612526e+00
7.647889277710400613e+00
6.380397668584509852e+00
3.393452468159178004e+00
2.294978644604444007e-01
-2.029391804981807823e+00
-3.018218506582007077e+00
-2.867141320297195151e+00
-1.891398806046725278e+00
-4.750525746209280920e-01
8.891859724444008961e-01
1.635950722558541681e+00
1.369889898139505124e+00
1.762745851664764274e-01
-1.295419936204367239e+00
-2.142504414211273023e+00
-1.765523993909485334e+00
-2.878087453016637820e-01
1.483492589244623350e+00
2.555293691625720065e+00
2.372788484030621703e+00
1.149353830794916043e+00
-3.028983496226234085e-01
-1.102208877739927928e+00
-8.278137560927856242e-01
2.635393948261324226e-01
1.418676938352684935e+00
1.817018049040675320e+00
1.005972899809119303e+00
-8.472024990756515939e-01
-2.974575431090331179e+00
-4.303020378718133365e+00
-3.957329382056088196e+00
-1.794782984324059472e+00
1.315846727437911756e+00
3.747666364613329471e+00
3.939161713079132099e+00
1.422165310907403502e+00
-2.608513801684005706e+00
-5.732852692220842705e+00
-5.712187559552512006e+00
-2.087466919113263319e+00
3.148507116723748833e+00
6.492150185221255754e+00
5.124233641859991195e+00
-9.883775250852129268e-01
-8.600404761391265751e+00
-1.290298707670791067e+01
-1.055230577216676480e+01
-2.071968225441897182e+00
8.094850179468053852e+00
1.414497611945347977e+01
1.256554405922595663e+01
4.492379837166586398e+00
-4.871566065461323092e+00
-9.513196832387109225e+00
-6.462726978590885629e+00
2.288645606641257046e+00
1.108093696627580194e+01
1.422842480169727430e+01
9.602837789744171459e+00
-1.661496762081333678e-01
-9.551250853208319569e+00
-1.368249789699575558e+01
-1.119191303212658894e+01
-4.575325227532725414e+00
1.915540475812716581e+00
5.191118946507008225e+00
5.011492988079302435e+00
3.461076764518137061e+00
2.876846706152276667e+00
3.924313136635441790e+00
5.236778033182990733e+00
4.747889776751168966e+00
1.563067268780288455e+00
-3.125841941690978398e+00
-6.781854341934390185e+00
-7.336645731771892720e+00
-4.697607187242135218e+00
-8.253130250661047107e-01
1.665837851144714499e+00
1.354845601867357807e+00
-1.017619899471918998e+00
-3.126417921377830034e+00
-2.745860631211854308e+00
6.500729263406511693e-01
5.457865614223778472e+00
8.936350795331277297e+00
8.920332267345333577e+00
5.131203105784215346e+00
-7.051557185699115493e-01
-5.918187930260145890e+00
-8.402098029309655658e+00
-7.658384643945930215e+00
-4.836438020333655885e+00
-1.877702946229434122e+00
-3.540178477023709913e-01
-6.716379022645490027e-01
-2.017514943152813878e+00
-2.980342821813183996e+00
-2.439463005579879606e+00
-2.252719336039460396e-01
2.784502746103166615e+00
5.161472164384286465e+00
5.738504401936016741e+00
4.290954477300923386e+00
1.697559721403821165e+00
-5.362810114659344318e-01
-1.146269077118008184e+00
1.319436856685801129e-01
2.384069118879874605e+00
4.060592729797047440e+00
3.933710409314954859e+00
1.874356713272848030e+00
-1.056218122634562384e+00
-3.275562463516610734e+00
-3.683931485461938493e+00
-2.345225952966930372e+00
-3.952574220101927605e-01
7.545986325072342460e-01
3.742509807950737399e-01
-1.116573204214607262e+00
-2.476810018497414223e+00
-2.530463766715429497e+00
-9.966336887613647111e-01
1.299224045460817045e+00
2.963161991090099256e+00
2.945027631626131459e+00
1.216512746531205558e+00
-1.214190266727700251e+00
-2.932140079947838984e+00
-2.967100931777671313e+00
-1.340962218198136213e+00
9.829724169499778341e-01
2.661991159585705091e+00
2.684575105785612870e+00
8.437390199289227510e-01
-2.218966523916082068e+00
-5.340257504279250611e+00
-7.321067819491057449e+00
-7.355870117441965839e+00
-5.279992742173439169e+00
-1.605171505846627156e+00
2.634894988789834080e+00
6.188192277183878431e+00
7.973395233515326197e+00
7.450694145316272277e+00
4.841893607302111491e+00
1.089848247495210032e+00
-2.464357272675016919e+00
-4.585280748488463232e+00
-4.630042451344735355e+00
-2.803824517168027608e+00
-5.246253547553425545e-02
2.382712984569974601e+00
3.555252578954642750e+00
3.259094261616842125e+00
2.078423711514298944e+00
9.802642004527193365e-01
6.544769386454036830e-01
1.001419764514650312e+00
1.142145977104350063e+00
3.656805264401208344e-02
-2.623536252810812819e+00
-5.857464762884812437e+00
-7.682052328292592769e+00
-6.247630900463915893e+00
-1.206824601234243843e+00
5.611194258753986475e+00
1.085194654103434253e+01
1.143467614664625742e+01
6.491078810672531674e+00
-1.823805616161128906e+00
-9.331068889308561154e+00
-1.218603299233373960e+01
-9.187226979037728114e+00
-2.537667281323425339e+00
3.519157925912696605e+00
5.386465758035874352e+00
2.403892113260847729e+00
-2.777155260110797386e+00
-6.007865744255894924e+00
-4.455220911747082901e+00
1.465126993108650133e+00
8.333189780048558148e+00
1.197156818124885547e+01
1.016707762999102371e+01
4.038849609462594970e+00
-2.820436810499491465e+00
-6.769237286981773849e+00
-6.408184672507426072e+00
-3.206255285788586651e+00
-1.537414684490273631e-01
4.821677345334275389e-01
-1.338993721907093537e+00
-3.679341871933557329e+00
-4.313563155714491337e+00
-2.517520996684504020e+00
3.994756023367779241e-01
2.183458472813815110e+00
1.478330774641879009e+00
-1.005893792292053668e+00
-2.915312375329463634e+00
-1.989204385065940883e+00
2.152091319926089152e+00
7.496200975008752820e+00
1.083081015708247463e+01
9.853365723143028276e+00
4.756638758344029938e+00
-1.797689028438225201e+00
-6.305945338298958092e+00
-6.568524239094760908e+00
-2.960106574469882457e+00
1.947795209904421565e+00
5.085176493739682613e+00
4.754743237175938830e+00
1.503067807412590717e+00
-2.454320216890442108e+00
-4.754351633681890732e+00
-4.317646134819957737e+00
-1.825252118464518736e+00
9.290953301522075769e-01
2.265825697412464201e+00
1.597700837651468753e+00
-3.971069279363196314e-01
-2.385063862637585075e+00
-3.270542495540411210e+00
-2.780636244783918354e+00
-1.443350432907051450e+00
-9.379992067215181528e-02
6.835216182225338777e-01
8.065133110981042019e-01
5.487191039246386293e-01
1.970241562343397201e-01
-1.758873842000480692e-01
-6.503263868005135784e-01
-1.195487560221700774e+00
-1.469642333887521302e+00
-9.157286227876744178e-01
8.480441135263444563e-01
3.600410258372629180e+00
6.394935203610827124e+00
7.915739619529609250e+00
7.158324313115812743e+00
4.029503108763146102e+00
-5.279686095578841609e-01
-4.989975490520105694e+00
-8.009736217490944554e+00
-9.006579684361637916e+00
-8.242239348230256724e+00
-6.414155458129332743e+00
-4.132072175281554571e+00
-1.687474013399719475e+00
7.604536475819210217e-01
2.843958238641655978e+00
3.911894405976346523e+00
3.417465563736542755e+00
1.516356475691482242e+00
-6.738371772689251138e-01
-1.549804601038899499e+00
-7.780636041288913063e-02
3.279462608890981290e+00
6.547515139617523516e+00
7.362731561555834858e+00
4.609123681691003505e+00
-5.671678275504131728e-01
-5.217928189687048857e+00
-6.402651583741813646e+00
-3.209487171931690419e+00
2.437450629077431596e+00
6.873635993758091089e+00
7.072441910581924951e+00
2.721251123712998155e+00
-3.475133197451614198e+00
-7.553553929589518212e+00
-6.956569322021366020e+00
-2.267251387697397202e+00
3.207539544469688142e+00
5.730479450066028768e+00
3.705470234424578457e+00
-1.266499344871074406e+00
-5.563029091576268570e+00
-6.086099510849503957e+00
-2.375456509410978967e+00
3.155513973067834765e+00
6.939980988383192440e+00
6.649638163961787640e+00
2.590707045078772808e+00
-2.745372468679664557e+00
-6.471653098416800809e+00
-7.060944072303965591e+00
-4.900215783271032244e+00
-1.508552256130366587e+00
1.723498000414406484e+00
4.220433296290660330e+00
5.954944808579076820e+00
6.751733224549270496e+00
6.028129117193906872e+00
3.341385740130790261e+00
-7.582370151652588763e-01
-4.508809107445251207e+00
-5.849694691461919227e+00
-3.955777454665333703e+00
-1.675529507343939684e-01
2.641220835335817085e+00
2.058359831692651909e+00
-1.889764403108701529e+00
-6.371484687744818132e+00
-7.529817081993076755e+00
-3.324577965964758519e+00
4.606532099990362283e+00
1.159014543575056599e+01
1.285428630539664674e+01
6.834283154185634146e+00
-3.489276511289794769e+00
-1.228072696514750817e+01
-1.452554598181936107e+01
-9.226758260005139434e+00
4.473873285906238007e-02
7.585132561463892920e+00
9.267349897405848580e+00
5.000998039823432606e+00
-1.613102147465982794e+00
-5.986337968968746814e+00
-5.583554238226639654e+00
-1.230344619451908983e+00
3.980191230206548081e+00
7.101778931997197120e+00
7.193712788898568355e+00
5.396971062756835913e+00
3.482316006333297409e+00
2.247016030751348481e+00
1.075197010881393300e+00
-1.116194202796683577e+00
-4.500541083108620555e+00
-7.797815250068781623e+00
-9.069522643480993906e+00
-7.205053968277048249e+00
-2.869963861572142783e+00
1.862420404212565828e+00
4.891841867389725707e+00
5.376588692393271529e+00
3.949204687700512473e+00
1.822328329975941852e+00
-3.260215203841969611e-01
-2.667347508948894053e+00
-5.494128307166270986e+00
-8.213132982666850879e+00
-9.169039312791692709e+00
-6.730959021882244819e+00
-9.034185258544105146e-01
5.941226745993168024e+00
1.011774705290756771e+01
9.007607919620259196e+00
3.107593334429225251e+00
-3.906069478064734479e+00
-7.419172826092448325e+00
-5.012173896136665974e+00
1.740602512341637764e+00
8.210680827060368614e+00
9.864318606343585927e+00
5.441824970632932690e+00
-2.118420121752897067e+00
-7.720242965631732623e+00
-7.684001119018938120e+00
-2.296984006050781346e+00
4.483114385519256118e+00
7.921926795201864380e+00
5.864986124897835218e+00
1.190296394403365099e-01
-5.086116582076074089e+00
-6.330207924586415125e+00
-3.480223084289163271e+00
4.158344795845574371e-01
1.669420533938267504e+00
-1.059055841819539268e+00
-5.622759980976754335e+00
-7.979020692945819171e+00
-5.308280954642231819e+00
1.697115616358927381e+00
9.112460442735709876e+00
1.244890185181698783e+01
9.762262855710853060e+00
2.949497741267976814e+00
-3.660191370513679487e+00
-6.328871721922761040e+00
-4.330474896872761548e+00
-8.647359882521904462e-02
2.920020650201085477e+00
2.770954240591019246e+00
3.069118212124051226e-01
-1.891803477065777006e+00
-1.793676341044544875e+00
3.943192811841564893e-01
2.456348786576229237e+00
2.082687563564814770e+00
-1.099826129714376099e+00
-5.037572502185703627e+00
-6.739567638647966596e+00
-4.619492758503727536e+00
1.377215783877964173e-01
4.301443028324850815e+00
4.941080868579844854e+00
1.660481453118925366e+00
-2.979307303303179832e+00
-5.234641557427539560e+00
-2.908946696420260380e+00
2.940013033450112445e+00
8.586950555617857361e+00
1.015479738041822522e+01
6.311440735388444523e+00
-7.380777903580179045e-01
-6.656662120094592794e+00
-7.809582429392986747e+00
-3.602706022039825040e+00
3.213312826363360131e+00
8.395694903903848427e+00
8.911843747705582075e+00
4.707047093402625393e+00
-1.512844700087459415e+00
-6.170520820961191255e+00
-7.029823605992393531e+00
-4.327729194693944237e+00
-2.746254422295606457e-01
2.534162847618775860e+00
2.662605507615348976e+00
4.228446095424920337e-01
-2.646295781722036278e+00
-4.863010550757734585e+00
-5.295309777114779237e+00
-4.024853637193743339e+00
-1.842464959107926514e+00
2.645989986081291878e-01
1.514395582649747274e+00
1.531613195650216142e+00
4.221043321767035117e-01
-1.229929210072143730e+00
-2.506452272046709950e+00
-2.519946556121912540e+00
-9.139184148550327791e-01
1.791485927227573383e+00
4.326680100169074450e+00
5.331597298222225945e+00
4.205687444228832561e+00
1.578865024085211122e+00
-9.954415754663662463e-01
-2.013698020499780750e+00
-1.047031433095800601e+00
9.072034768264645166e-01
2.058771287211234480e+00
1.075220424799672170e+00
-1.886784537294813990e+00
-5.110071295223408860e+00
-6.322001943514264255e+00
-4.159302997160039261e+00
8.566582766016195283e-01
6.479701528135835886e+00
9.945987911822214755e+00
9.478841192031204343e+00
5.189333180335303553e+00
-1.099285986766503465e+00
-6.888092689175858041e+00
-1.021202055152483901e+01
-1.035550429494974978e+01
-7.832937983350125144e+00
-3.869732342242835799e+00
1.826110853772943132e-01
3.214804617827246247e+00
4.520496018531843241e+00
3.910094086066345564e+00
1.839459070945076657e+00
-5.923571949455834762e-01
-1.985048987785760444e+00
-1.321163924702512649e+00
1.344043784178515555e+00
4.692907096007995271e+00
6.747580825172200925e+00
6.038213070033147112e+00
2.643062888882560912e+00
-1.635002258522642915e+00
-4.204438320607953194e+00
-3.251715109118213043e+00
1.021610766052580166e+00
6.320368305540313258e+00
9.470192484302902614e+00
8.241024726053824523e+00
2.691693470588839787e+00
-4.773950715661130495e+00
-1.067012378047403587e+01
-1.226597157874224919e+01
-8.956880409450910463e+00
-2.464966464777987198e+00
4.131483728415704881e+00
7.920254484083095292e+00
7.419146001468845952e+00
3.041784447316034701e+00
-3.289378990685009718e+00
-9.051000367263185353e+00
-1.209761498580546935e+01
-1.137080740462024409e+01
-7.181043602493425659e+00
-1.041417912505839372e+00
4.884346179265630639e+00
8.572130286758689266e+00
8.912228363275289666e+00
6.154261950460724329e+00
1.788725805104164568e+00
-2.126147796814294555e+00
-3.892641759273555380e+00
-2.902100833803748614e+00
1.908804235842883612e-01
3.894822660612679233e+00
6.630817545186900475e+00
7.392333350346653731e+00
6.023431361997033662e+00
3.089604038284659460e+00
-4.691061559693101568e-01
-3.677798631212930047e+00
-5.753643419392804326e+00
-6.249229024669897825e+00
-5.168726806706312793e+00
-3.031019909994903117e+00
-7.733465197808802039e-01
5.756628955791059932e-01
3.688400403191713361e-01
-1.281861467030920743e+00
-3.475259897089598482e+00
-4.914408848329086865e+00
-4.543224578199220431e+00
-2.088632822494578267e+00
1.776660257624595340e+00
5.715785563908362121e+00
8.288206565959288952e+00
8.524208461900048661e+00
6.302396869937480162e+00
2.435530766032656391e+00
-1.550563844128405089e+00
-3.926706836189498340e+00
-3.477146040557874684e+00
-1.973875755703865531e-01
4.402796050921104154e+00
7.741616627956655172e+00
7.377903216615301574e+00
2.497221799435301648e+00
-5.203650234591054691e+00
-1.198073202957207073e+01
-1.389085110961332781e+01
-9.128127299989854393e+00
5.670228210612633379e-01
1.048472948549521888e+01
1.541871258096978003e+01
1.268582098844769135e+01
3.832516743582260688e+00
-6.148250692016941521e+00
-1.173738551925076656e+01
-1.019016806976312139e+01
-3.140254315406328267e+00
4.530001509518845282e+00
7.836082122534486771e+00
4.827254074823955854e+00
-2.297062372543281938e+00
-8.756732008196454586e+00
-1.034888596426654317e+01
-6.096795064000287923e+00
1.295073804248950244e+00
7.358300578035233741e+00
8.776159397253636030e+00
5.360023218815590518e+00
-1.085139315615237243e-01
-3.894177744475794345e+00
-3.735586616803938220e+00
-1.097928021451898273e-01
4.337390263655958478e+00
6.633328965699365476e+00
5.307650382615951123e+00
1.109107585542143948e+00
-3.648321755350204310e+00
-6.515141108495454247e+00
-6.187371107115525959e+00
-2.998564204336622296e+00
1.445850757822954247e+00
5.124674329191350353e+00
6.483448939354400586e+00
5.028202211021702617e+00
1.494360033633947094e+00
-2.446218537109567492e+00
-4.896521838920467218e+00
-4.657412178228033994e+00
-1.947045571257313146e+00
1.556356942520454201e+00
3.549188542520272716e+00
2.475111132346800247e+00
-1.368524420885383286e+00
-5.784965167664595675e+00
-7.888272057589470698e+00
-5.911275469948825467e+00
-4.465072177593765179e-01
5.774748514693654577e+00
9.518701923492084660e+00
9.065042212973523306e+00
5.249473768750687164e+00
8.095037790978549808e-01
-1.519793271739263263e+00
-8.303330401241644232e-01
1.489494413242395954e+00
2.942521151500848475e+00
1.872664524061474767e+00
-1.265735823140387462e+00
-4.253163628834473187e+00
-4.802381867437357066e+00
-2.340898205701351209e+00
1.459429937706414826e+00
3.824834648061027131e+00
2.879916200744735644e+00
-9.498989030542972500e-01
-5.168116419746671575e+00
-6.927688169398283691e+00
-5.025982086306442831e+00
-7.587633490662696323e-01
2.971182398307989025e+00
3.664071590654495836e+00
9.501794697509335919e-01
-3.154134629979453486e+00
-5.622371154164077289e+00
-4.477711860194089510e+00
-1.538712588063367859e-01
4.725313639350270378e+00
6.974524803444990262e+00
4.822440958457084648e+00
-9.910123217787223382e-01
-7.615121087218349238e+00
-1.167566045314013046e+01
-1.107863766816594975e+01
-6.028884617728414774e+00
1.205138265694717603e+00
7.530952076264080475e+00
1.054220132952397115e+01
9.529617556749965246e+00
5.574957582349100882e+00
8.077457919692201394e-01
-2.712389599343858038e+00
-3.912513174301877505e+00
-3.015406380043782253e+00
-1.173704739370939221e+00
2.982003229923650967e-01
6.453940656186465397e-01
-3.167332591242144613e-02
-1.011513246911761144e+00
-1.505127692421210028e+00
-1.150954104441435755e+00
-1.561612155801053170e-01
9.439122505824175668e-01
1.678275483988330929e+00
1.888317820314771689e+00
1.694009547136020810e+00
1.283423275125603391e+00
7.528161659233305603e-01
1.310407363565122552e-01
-4.899215407725787119e-01
-9.195549416365299544e-01
-1.032829273819363847e+00
-9.979567065253718283e-01
-1.284269295590550142e+00
-2.296876634636223713e+00
-3.837612353617481098e+00
-4.873061907370960455e+00
-3.996510331573960961e+00
-4.721954013727859278e-01
4.816314873282796505e+00
9.342560219736089522e+00
1.016223354091802733e+01
5.809790225746374048e+00
-2.365751882410631612e+00
-1.050153809410200090e+01
-1.424090345304401950e+01
-1.134561300614481638e+01
-3.216207042527293503e+00
5.783420169660623777e+00
1.089186486457936454e+01
9.805889295392736571e+00
3.971581710133198939e+00
-2.527330194797912988e+00
-5.710562110614998410e+00
-4.211426655036706990e+00
1.004059569242087280e-01
3.695715933057738933e+00
3.953786474690250241e+00
8.944417309034280450e-01
-3.062421173869998015e+00
-4.991740673026450636e+00
-3.553512188173464370e+00
2.055416097748168358e-01
3.782457523407900979e+00
5.048703960018269932e+00
3.590492453801263473e+00
6.812583325162611114e-01
-1.883172744611827820e+00
-3.047383759340163589e+00
-2.903043715016682125e+00
-2.112648878916866924e+00
-1.057484312483026656e+00
4.366222470666074051e-01
2.567552535714876072e+00
4.810012419289790842e+00
5.816298368527318630e+00
4.283618560679964382e+00
1.922941793447066061e-01
-4.666336171325195181e+00
-7.528513046153811672e+00
-6.453609033853012988e+00
-1.802790069741524448e+00
3.789209986378335948e+00
7.083674478982012523e+00
6.425044181843605706e+00
2.848831933326736898e+00
-7.490412195580823385e-01
-1.801673902298911445e+00
1.445255370982700960e-02
2.607309803815810234e+00
3.200718982097121135e+00
6.565826009458071155e-01
-3.430757570896574293e+00
-5.798606964762097249e+00
-4.023311166369778036e+00
1.406549592180512454e+00
7.097448055790518850e+00
8.985113100032272371e+00
5.264996661460995320e+00
-2.110872689123347357e+00
-8.542524520734062321e+00
-9.819682953391836833e+00
-5.006630763712289323e+00
2.845086097865092256e+00
8.678515135856251561e+00
8.762269391929669027e+00
3.106418648911427383e+00
-4.641197528575760067e+00
-9.677411442241451667e+00
-9.169121305682523371e+00
-3.928851405876150338e+00
2.382591424568583527e+00
5.850233489730567449e+00
4.871955891962032936e+00
1.012782608792563543e+00
-2.294965144618538400e+00
-2.201886289105854821e+00
1.641329820741642687e+00
6.915881411276670221e+00
1.021756877581296408e+01
9.273950151077489323e+00
4.357716149654875970e+00
-1.940181182922521286e+00
-6.346165371254874898e+00
-6.875196570179806344e+00
-3.931378943998258269e+00
7.619961986797130216e-02
2.303173502738720124e+00
1.238817613615876390e+00
-2.394735468006117696e+00
-6.139321445560101509e+00
-7.377705106177049998e+00
-5.020193415309557317e+00
-2.496411037177247438e-01
4.166827815560631976e+00
5.603150458210816254e+00
3.260595440484983509e+00
-1.283787803719076415e+00
-5.068264667802266032e+00
-5.672336251838822285e+00
-2.815037809786526957e+00
1.468595214467030230e+00
4.231774118243752270e+00
3.664033432201863949e+00
3.585994059576371740e-01
-3.119199945574839372e+00
-4.090975580228190189e+00
-1.737389647017633099e+00
2.255663502283407063e+00
4.887664015787779093e+00
4.041814536374829459e+00
8.962141331745576700e-02
-4.306156831448387123e+00
-6.089809966948021902e+00
-4.038889259175361346e+00
3.339449991368509396e-01
3.899545139654554848e+00
4.242132340032272353e+00
1.460513803677917277e+00
-1.933843671670380848e+00
-2.977672430964870998e+00
-6.098202490561737132e-01
3.390710521264479027e+00
5.664917883352734052e+00
3.858894671258947362e+00
-1.387796407560085932e+00
-6.604877310584662986e+00
-7.813280692893704860e+00
-3.411194526804627536e+00
4.447161827750619523e+00
1.103325004092727646e+01
1.204929541834080808e+01
6.438836221911516944e+00
-2.881628557350862874e+00
-1.082486409038208208e+01
-1.322877712836150188e+01
-9.220477978877630321e+00
-1.430618144006461590e+00
5.869113416540455930e+00
9.333906621501430578e+00
8.185170909743350265e+00
4.107499641684830394e+00
-2.020236179956453881e-01
-2.699036144894129130e+00
-2.869093669514422462e+00
-1.545316998958365939e+00
-9.824586102049281955e-02
3.591543758168423417e-01
-6.186694402696126804e-01
-2.765226062965784770e+00
-5.242402578345799036e+00
-6.890249188405586089e+00
-6.637827964357527755e+00
-4.050751907055010648e+00
2.462752815750230972e-01
4.651926155516678207e+00
7.324600137671994915e+00
7.231250462176910254e+00
4.810602360849276060e+00
1.700360461254036171e+00
-3.809561894693813677e-01
-8.279246693450177386e-01
-4.994317832982265171e-01
-8.914331926729122113e-01
-2.720819817374645400e+00
-5.054349421183644608e+00
-5.789405108118561571e+00
-3.268772836457096709e+00
2.148231877071478113e+00
7.848128901408792046e+00
1.044162391603386553e+01
8.040879528557145051e+00
1.714118220933028791e+00
-5.021476872451044571e+00
-8.429925209157747901e+00
-6.995928687981947114e+00
-2.353757886008896794e+00
1.959554307677322971e+00
3.030036384746736200e+00
5.568957053830532189e-01
-3.098666143888859636e+00
-4.779501161633587181e+00
-2.898446205500211814e+00
1.431200743643789686e+00
5.274504975096903969e+00
6.039511500811511446e+00
3.297062203429653060e+00
-1.041494836320109085e+00
-4.213587342672486358e+00
-4.567711009657918098e+00
-2.546244134502033241e+00
-7.467793813312556539e-02
1.023914178676930131e+00
3.052441564417759934e-01
-1.242471681020830498e+00
-2.238928255004837720e+00
-2.071509590339145390e+00
-1.209147976714859851e+00
-5.062934226237212343e-01
-2.207349712705861666e-01
3.062205332051921025e-01
1.972758166071127750e+00
4.827612274490745037e+00
7.585156845006526538e+00
8.312767631466133622e+00
5.876545537264392216e+00
1.023023053648787428e+00
-3.846894011349420772e+00
-6.183171468161245521e+00
-5.023722447975696781e+00
-1.667174324448999601e+00
1.262159116660508618e+00
1.700542750834806327e+00
-4.020766651269370717e-01
-3.132424925022665008e+00
-4.111405142232698928e+00
-2.300318987432998785e+00
1.236628965010624359e+00
4.156599656269252208e+00
4.588119404760858444e+00
2.468784551856376908e+00
-5.138607102802030813e-01
-2.273414839667925236e+00
-1.888622429251129553e+00
-1.838841613296647859e-01
1.066699723287874768e+00
6.274183348650080871e-01
-1.213500415298399249e+00
-2.919598290279168396e+00
-2.985087719754553337e+00
-1.170661922640367392e+00
1.295995393773912152e+00
2.707829652831398981e+00
2.254451650458797918e+00
6.746308735984508642e-01
-3.538277610308365739e-01
3.810362620761172936e-01
2.542945250819285796e+00
4.381488341648658746e+00
4.042252683240223021e+00
1.081517895578165245e+00
-2.992767257104109291e+00
-5.639079781518604229e+00
-5.058030706556050582e+00
-1.552911959583686663e+00
2.544728805216650791e+00
4.396794752611651980e+00
2.601176139794982856e+00
-1.793285301608841475e+00
-5.920247606211651359e+00
-6.965005008686415700e+00
-4.011883955743579477e+00
1.362813625407376827e+00
6.124301116421754010e+00
7.720866155916588980e+00
5.638840471674883226e+00
1.582377271407277242e+00
-1.763412459976601676e+00
-2.499522206510402356e+00
-6.307443979244490295e-01
2.143243316981996216e+00
3.720720788912090793e+00
3.030475244007037716e+00
6.330727162084226478e-01
-1.850912198389507157e+00
-3.000975087184718060e+00
-2.608257736016454054e+00
-1.719671801036009029e+00
-1.712103484807309339e+00
-3.099542798481578210e+00
-4.975721649308033179e+00
-5.548516776860713762e+00
-3.438971464898130215e+00
1.155560526174388647e+00
6.288856753351882212e+00
9.288429388000935205e+00
8.359820144657788887e+00
3.736532938015296068e+00
-2.386698318105098693e+00
-7.106004291606934586e+00
-8.439977435066488454e+00
-6.308732863401582236e+00
-2.298964467214227536e+00
1.517618096157085539e+00
3.842561924001291818e+00
4.651338010984407134e+00
4.720110146559409969e+00
4.686871526315504966e+00
4.447583908728751645e+00
3.349564731041640542e+00
9.619267734198921893e-01
-2.276990705693341610e+00
-5.132280262847864982e+00
-6.361621622176186541e+00
-5.605504222094500832e+00
-3.644248377899932390e+00
-1.776985950285353777e+00
-7.962515175707000070e-01
-3.955257404031581325e-01
4.656391519528771950e-01
2.487467878495405404e+00
5.122150932940616741e+00
6.660633874666809895e+00
5.404712001007279554e+00
1.126849769607239704e+00
-4.319488868042382634e+00
-7.852895585913284293e+00
-7.047968274010687040e+00
-1.812196502009547405e+00
5.327594734695548340e+00
1.060096840193832790e+01
1.117440540293372209e+01
6.740357073801611421e+00
-4.539932705190885542e-01
-7.042051224238496054e+00
-1.041389613940210346e+01
-9.855865290491660602e+00
-6.429474393921950970e+00
-1.971230113454726762e+00
1.929962399037762122e+00
4.357813059905619291e+00
4.921712732516236422e+00
3.525145350371619024e+00
4.435471615977710780e-01
-3.391265986561998957e+00
-6.387175288967429587e+00
-6.916953524355270666e+00
-4.337046657630573954e+00
3.466433132085103841e-01
4.834549466794593187e+00
6.871734622763430167e+00
5.715349919719130867e+00
2.644379820013748272e+00
4.614232429781151001e-02
-3.240133395958952889e-01
1.369506405178304353e+00
3.209497379162374209e+00
3.065615041236373184e+00
3.464525602859942488e-01
-3.411037078796097965e+00
-5.627656160501650184e+00
-4.652546835260631397e+00
-1.097455932940802459e+00
2.540005930619599894e+00
3.726736713580475424e+00
1.812156626568677709e+00
-1.486714699279654717e+00
-3.445329530779879690e+00
-2.503543669019649087e+00
4.529181623265581269e-01
2.745127867630886342e+00
2.029078853137476379e+00
-1.741894165780487169e+00
-6.083778784744335866e+00
-7.732764947743588912e+00
-5.094118439972650236e+00
4.720913953604660707e-01
5.533929404983656042e+00
7.003696414921348534e+00
4.287683967618669989e+00
-4.177648534628030097e-01
-3.849864765597867944e+00
-4.062362927999756401e+00
-1.655010352726879352e+00
1.009947857567022655e+00
1.872826524912194257e+00
8.204169748961760433e-01
-3.933857084732176324e-01
1.773870718607877817e-01
2.830057719339511113e+00
5.766567242987106212e+00
6.457554544329482837e+00
3.741924695144189350e+00
-1.048396213390475395e+00
-4.904350252202630323e+00
-5.322292512540217402e+00
-2.172215265362857473e+00
2.211385576588724700e+00
4.796477018622852029e+00
4.102929692146759955e+00
1.186443617775600146e+00
-1.381137674733578624e+00
-1.681260689145739118e+00
-6.579988581636220246e-03
1.451984739692952164e+00
5.344722312358897165e-01
-2.915617056029215171e+00
-6.672709484323243956e+00
-7.726568009280066818e+00
-4.650661359529134842e+00
1.121565745215336474e+00
6.167911800257185995e+00
7.495845264305329714e+00
4.694667087229191793e+00
1.881426113894508756e-01
-2.606079578489499227e+00
-1.817143590083565075e+00
1.545637461824251879e+00
4.435296949999684379e+00
4.103472894280983496e+00
1.559102081337908619e-01
-5.171981851046391299e+00
-8.636145595661192331e+00
-8.221391215026784494e+00
-4.356943060245849431e+00
6.447167079747939678e-01
4.313035756343666094e+00
5.523435427088995375e+00
4.755409054884149889e+00
3.182170857892895555e+00
1.565843381181741378e+00
-8.190372571364479271e-02
-1.939341136911728380e+00
-3.641080496596000859e+00
-4.229591003139173466e+00
-2.953669048276835962e+00
-1.954991257607426869e-01
2.436665734079830781e+00
3.150847647013997666e+00
1.417406980784078563e+00
-1.405246733648076507e+00
-2.942873875513284609e+00
-1.641711502025595903e+00
1.854862289309620493e+00
4.986033410981695724e+00
5.150108154295411467e+00
1.794663311331886835e+00
-2.960363974831835332e+00
-5.791589712247643185e+00
-4.710923406649172307e+00
-7.109211124077046140e-01
2.870480645359418048e+00
2.921527667215346735e+00
-8.552496577698750491e-01
-5.411556288769642897e+00
-6.472672058009155904e+00
-1.856766809931253093e+00
6.500661974318728831e+00
1.348874364522825431e+01
1.424757917494365600e+01
7.694358141230766890e+00
-2.437046327626159137e+00
-9.917985842248064898e+00
-1.017540670404422620e+01
-3.391188887870930202e+00
5.617865494068972509e+00
1.064705876882248958e+01
8.210473081829366748e+00
-2.964416304923860324e-01
-9.740880951699413259e+00
-1.473875750833504483e+01
-1.298969394030611468e+01
-6.271070389800536660e+00
1.298495630241710330e+00
6.205291687340885431e+00
7.522904779035535228e+00
6.718192192657133965e+00
5.795149017817854187e+00
5.446908772817245392e+00
4.669337861734381256e+00
1.989586542091001498e+00
-2.840684527837887163e+00
-8.147369087767854623e+00
-1.123942749960651000e+01
-1.024147352391783272e+01
-5.467843430447084430e+00
6.774913520460743577e-01
5.185116670540872441e+00
6.243968064145257735e+00
4.155790456167876457e+00
8.632980041271778315e-01
-1.434290984738264774e+00
-1.586634943396492137e+00
5.021672002077426367e-02
2.094392086650249674e+00
3.068729112871142473e+00
2.179279004370483719e+00
-3.726232907294211305e-01
-3.513563721721083333e+00
-5.695307902491984819e+00
-5.469855567655189432e+00
-2.179425511469458954e+00
3.445518066468370222e+00
9.181680681060695903e+00
1.205184804365426565e+01
9.809066499458712229e+00
2.447571666427124093e+00
-7.272951205822109522e+00
-1.489979985782608374e+01
-1.658908377095729136e+01
-1.134727304358089484e+01
-1.765628695531828107e+00
7.356700890612973609e+00
1.175243351339532616e+01
1.009740096150857269e+01
4.564677696836026755e+00
-7.997473396903553855e-01
-2.761628721016474053e+00
-8.517561696539337479e-01
2.646893742222224510e+00
4.533284717208328374e+00
2.979004451631623418e+00
-1.306732502983489530e+00
-5.733306293144279309e+00
-7.696261118464193807e+00
-6.267513797279130827e+00
-2.577904784304902996e+00
1.210038133403799510e+00
3.444469346479629657e+00
3.895219777686619089e+00
3.489810404239423125e+00
3.261094515481671507e+00
3.428887936235034850e+00
3.318286639681762296e+00
2.083557943741890739e+00
-4.308529488500778548e-01
-3.417432231235616236e+00
-5.625867499714231279e+00
-6.235011740610081787e+00
-5.377646341211032244e+00
-3.926701974668439732e+00
-2.748330942702631230e+00
-2.031294498580140662e+00
-1.212834496332601208e+00
4.624308529971712378e-01
3.199177676024096861e+00
6.294718565287171330e+00
8.437082654860216024e+00
8.453615294228537635e+00
6.015398640092074700e+00
1.871125164481693748e+00
-2.488536472831394786e+00
-5.506192321130530587e+00
-6.213031514445896519e+00
-4.590089706934691982e+00
-1.536827354377025223e+00
1.509397758398680178e+00
3.175085660893954831e+00
2.775267879675355154e+00
6.967399511400977907e-01
-1.710246318658748876e+00
-2.797270225564898460e+00
-1.577626125673080804e+00
1.557752897176683415e+00
4.884788771086430614e+00
6.262443425385487927e+00
4.450349999445855964e+00
1.578572120286336755e-03
-4.916599489659702726e+00
-7.755533775312612121e+00
-7.127520610208010865e+00
-3.650765235147344523e+00
4.806717889776235264e-01
2.924187667235297106e+00
2.650360744937425572e+00
4.597114961117834131e-01
-1.750276239008444534e+00
-2.391884645041240987e+00
-1.244816318276388722e+00
5.533637282141383729e-01
1.489779411515779861e+00
8.357264660676184675e-01
-8.848240332514407669e-01
-2.401398179444041325e+00
-2.698812449417433701e+00
-1.693908220094539008e+00
-9.515740474682621297e-02
1.340248431888852787e+00
2.443624232539328478e+00
3.585786733813144167e+00
5.000138205780049638e+00
6.142622495269115745e+00
5.793035586144623217e+00
2.998370406381662079e+00
-1.819759045890480653e+00
-6.568978551857501458e+00
-8.480830404079149787e+00
-5.901052649321679056e+00
3.392855672798718025e-01
7.052135391440137901e+00
1.043051022055225197e+01
8.362242078334984896e+00
1.803442945938119379e+00
-5.736393907626573530e+00
-1.029497634861289157e+01
-9.779553537019339160e+00
-5.023061049915807708e+00
1.021810930764377012e+00
5.282906283479436915e+00
6.353987156249755408e+00
4.929984284352553203e+00
2.796240779771306251e+00
1.294523629663347997e+00
4.571202006507339988e-01
-6.247599088399701239e-01
-2.630670934231540414e+00
-5.074454117213701210e+00
-6.409934653604882904e+00
-5.136932264496385514e+00
-1.062366605231332528e+00
4.273432358247774232e+00
8.383569051863160482e+00
9.317659142017646445e+00
6.816381000328936679e+00
2.357310492945251745e+00
-1.890954909811331852e+00
-4.435140701849348943e+00
-5.200624791172078432e+00
-5.211028648424099963e+00
-5.543920708710700751e+00
-6.387918708624372499e+00
-6.890883710362975201e+00
-5.870762894017298450e+00
-2.831379307259928702e+00
1.470470075745243133e+00
5.317195647091105926e+00
6.988288577824889103e+00
5.756910628011353559e+00
2.308163581195142644e+00
-1.638578442690263204e+00
-4.233426260395972918e+00
-4.393039767431027087e+00
-2.237608574827556041e+00
1.078394692611375438e+00
3.974166376937028566e+00
5.163780415376384880e+00
4.185800814299783568e+00
1.559559466605303424e+00
-1.468678679497926520e+00
-3.491487547279620518e+00
-3.600277435118013347e+00
-1.848599402964886451e+00
7.344453852558009421e-01
2.645943485170342058e+00
2.711477065722565527e+00
7.610068949488484336e-01
-2.229500840543808593e+00
-4.652474220509203562e+00
-5.161491139103304704e+00
-3.412628358588188249e+00
-2.069472364903381933e-01
3.031899064039278890e+00
5.082466048969973116e+00
5.512672010067504402e+00
4.688407672633849721e+00
3.291928220590499166e+00
1.779678340091952915e+00
2.087663879655112797e-01
-1.475734432069032653e+00
-3.007288998867581942e+00
-3.680498190405700587e+00
-2.765633894645777247e+00
-2.060114298576622982e-01
2.968185631308998040e+00
4.965138730717506554e+00
4.245123457675478384e+00
6.187444430323925104e-01
-4.352485991618612715e+00
-8.055810819705062187e+00
-8.307815975723114477e+00
-4.719347737111016627e+00
9.602620755622893745e-01
5.812599822456976817e+00
7.474694810298545100e+00
5.538965720068954823e+00
1.727534411335384990e+00
-1.276462490346164991e+00
-1.579408251280063791e+00
7.367367926098223885e-01
3.764401812843987116e+00
5.136111670306192423e+00
3.672425149288955470e+00
1.928989970646182162e-01
-3.058110861557604032e+00
-3.973911989679079770e+00
-2.060124251023331077e+00
1.202472313564579176e+00
3.374990417270832488e+00
2.773620778107056317e+00
-3.031602921962814889e-01
-3.708858748915779824e+00
-4.900084907442844084e+00
-2.741730372674991312e+00
1.582144912969959405e+00
5.235461501551233354e+00
5.599506321910885376e+00
2.118921287156450006e+00
-3.152934092145486922e+00
-6.769071097991922414e+00
-6.151302425928415474e+00
-1.432919422537270115e+00
4.393861336319183408e+00
7.246088813646501592e+00
4.595272100457314934e+00
-2.690361705561204353e+00
-1.056180925913030322e+01
-1.405975652159869860e+01
-1.032424646809305635e+01
-5.031306338879149020e-01
1.066325117405534861e+01
1.740745746884968881e+01
1.616459553966655704e+01
7.568672592552807998e+00
-3.940104277571659264e+00
-1.262388790379437076e+01
-1.456700683828095144e+01
-9.609934777535555028e+00
-1.086380258431815182e+00
6.310558626842819763e+00
9.157231221493708162e+00
6.895717722754941548e+00
1.635132701357376206e+00
-3.468702809453952263e+00
-6.102472200509181377e+00
-5.815069437868509716e+00
-3.735468571913522773e+00
-1.428276668227981494e+00
2.080103221205726605e-01
1.281649594074868448e+00
2.401879770627326494e+00
3.846100899265078255e+00
5.092570064891928538e+00
5.081161315255680933e+00
3.005125984679916762e+00
-9.499835927406570235e-01
-5.466945838606478425e+00
-8.694917725645687767e+00
-9.234586110490809574e+00
-6.912755483691205072e+00
-2.883217480062306493e+00
1.000243283984620035e+00
3.171942602072537198e+00
3.147560361884568003e+00
1.696724225800922525e+00
3.227231404890071320e-01
3.517525098628153102e-01
2.136295360872704663e+00
4.813185396642151836e+00
6.763708533366852294e+00
6.544845331398970067e+00
3.786491554645431634e+00
-4.684512755816337970e-01
-4.229120802251198796e+00
-5.626216857488799405e+00
-4.003308289074490212e+00
-3.733089566172927976e-01
3.092360385249005805e+00
4.303670962639822406e+00
2.502728692894907514e+00
-1.255851800366422744e+00
-4.733928306874542358e+00
-5.885773749347755768e+00
-4.110413652182965727e+00
-5.589192155282989294e-01
2.711198348281629755e+00
4.155477989852290222e+00
3.742149772595928070e+00
2.814166093745558150e+00
2.903785861486212649e+00
4.372279017073399388e+00
5.927100144384169766e+00
5.473093611178532214e+00
1.771303526701985209e+00
-4.288526109550559795e+00
-9.828026127184156024e+00
-1.161598636490452563e+01
-8.197980061091209691e+00
-1.070431254699330870e+00
5.995365689189434910e+00
9.153274877076229998e+00
6.823682728252867591e+00
6.474970656098220090e-01
-5.582699679153718009e+00
-8.314598584644715018e+00
-6.387214222628400329e+00
-1.571767173845819876e+00
2.763038389614697277e+00
3.889022083961723553e+00
1.360804288154567221e+00
-2.931944706988924843e+00
-6.169637978821205238e+00
-6.399258990318411833e+00
-3.538156345283286264e+00
9.044805754433684619e-01
4.951282359861854943e+00
7.217595646221624861e+00
7.264901341785492406e+00
5.291633625898396254e+00
1.716224346558039571e+00
-2.862869110886409718e+00
-7.375378798020344462e+00
-1.017216532031229903e+01
-9.566684928003539312e+00
-4.909004657304931740e+00
2.546944354183415360e+00
9.809296179728882237e+00
1.354498174707421576e+01
1.197445467204943981e+01
6.020825936043757487e+00
-1.156069778015903715e+00
-6.041594929630844213e+00
-6.852594659169103153e+00
-4.425100030183164002e+00
-1.319417990069390090e+00
1.763271738686543189e-01
-3.251832236768459339e-01
-1.234280780739855699e+00
-4.792521210237905005e-01
2.598353161625070129e+00
6.438837453559012936e+00
8.235142591882095076e+00
6.019334905270731895e+00
3.222567232949402616e-01
-5.882792768378893200e+00
-9.016638341165071679e+00
-7.268911317720523790e+00
-1.841723316571341140e+00
3.831962178320264201e+00
6.367725965593822757e+00
4.633671063683364011e+00
3.792080901359355938e-01
-3.089898473373845267e+00
-3.216526082546076193e+00
1.242376882248851233e-01
4.660953248506682911e+00
7.352082700320051956e+00
6.414374718873625092e+00
2.389792767408849272e+00
-2.355864176255450637e+00
-5.222073984846829831e+00
-4.922925179522002814e+00
-2.045903283461603550e+00
1.560488934622564550e+00
3.992993575645131799e+00
4.273165814935556028e+00
2.610079026677086578e+00
9.313166647908488471e-03
-2.361315402075641945e+00
-3.670136229455589483e+00
-3.656153544177791481e+00
-2.659239176014129846e+00
-1.496591443447883751e+00
-1.144371000058605814e+00
-2.214322623082043862e+00
-4.422570501459793135e+00
-6.443401688068254529e+00
-6.456907206039731228e+00
-3.267338546310146530e+00
2.645662697388831308e+00
8.942890455768786495e+00
1.247224603305621926e+01
1.108113063281639477e+01
5.081130387816858551e+00
-2.682382580150095563e+00
-8.363712194859679983e+00
-9.373929128325071858e+00
-5.916945526966101099e+00
-7.693410361611786596e-01
2.577865918760743114e+00
2.185646294408579049e+00
-1.169374320308126824e+00
-4.682025757510047903e+00
