-6.618410375808617019e+00
-2.438049217766877774e-01
4.753366394010503981e+00
6.010700555807626522e+00
3.916165089870064620e+00
1.165142328685828232e+00
7.129208599481788866e-01
3.570271307654459214e+00
7.996637745785287521e+00
1.065733106413104458e+01
8.934380162252928415e+00
2.791486618790458785e+00
-5.066898454583450118e+00
-1.080635419750362125e+01
-1.172200476538812808e+01
-7.671436365975786487e+00
-8.715570954170495099e-01
5.605288361056231849e+00
9.512515488344758907e+00
1.023931732328263067e+01
8.477160035594957677e+00
5.297612944213623720e+00
1.465733202380765432e+00
-2.589013125443903274e+00
-6.378668454419983647e+00
-9.115599433258179118e+00
-9.976440600656754754e+00
-8.680630122828931761e+00
-5.836922430535976147e+00
-2.665285637516110029e+00
-2.347635811191501887e-01
1.196650522698473162e+00
2.196392720254534137e+00
3.499588292749784557e+00
5.221493097229133795e+00
6.617996054965340491e+00
6.638591495000311760e+00
4.852464476665475424e+00
1.980304884001867105e+00
-4.620091851127980931e-01
-1.202516043119953970e+00
-1.582405980583259097e-01
1.464230751873929037e+00
2.036282305117468550e+00
7.184350715367791018e-01
-1.891040481117823635e+00
-4.162177161555609572e+00
-4.591461406878299734e+00
-2.848837607600504196e+00
4.580269398612291099e-02
2.498596722078254118e+00
3.437291770709482996e+00
2.895151043020157910e+00
1.704981816023705354e+00
6.479976278178192217e-01
-1.892964410781443618e-01
-1.319416534963041787e+00
-3.142182956066103205e+00
-5.278398862303776085e+00
-6.588381540766405919e+00
-5.947672403297485921e+00
-3.201912029050069997e+00
4.773749177812156574e-01
3.190520211954440022e+00
3.492665382231412430e+00
1.335756072221441437e+00
-1.894808674878194488e+00
-4.261653005472841649e+00
-4.448513481830921990e+00
-2.444336625259425411e+00
6.314468829672481576e-01
3.309510170926769135e+00
4.551636990723409326e+00
4.069242604734528257e+00
2.165886090947420684e+00
-5.639600257792540816e-01
-3.376835145609491384e+00
-5.375374514894694755e+00
-5.623996927286439629e+00
-3.570156144377502727e+00
4.083019293931302585e-01
4.805116071993484894e+00
7.507061257997265535e+00
6.901400133455209307e+00
2.911626130209248764e+00
-2.783305460044985136e+00
-7.597172399142759325e+00
-9.456377299113407631e+00
-7.865401458219260178e+00
-3.935090776702672599e+00
5.529855836759658416e-01
4.281744998159382476e+00
6.886082601118725499e+00
8.536441857075466544e+00
9.145160972249477993e+00
8.044361008369600441e+00
4.556810631366334796e+00
-9.625292032106416151e-01
-6.587685520099723746e+00
-9.503981643878596230e+00
-7.694889327544265356e+00
-1.512104020246238356e+00
6.111347936065558706e+00
1.118949800134015504e+01
1.108176771140877293e+01
6.169327470976832650e+00
-3.791691641951517866e-01
-4.649351206829349437e+00
-4.463283551789348991e+00
-6.252573857564991400e-01
3.862353818150807250e+00
5.971047441847733062e+00
4.623341583104789265e+00
1.120685756997298332e+00
-2.136118899603172139e+00
-3.541608857504124686e+00
-3.327599482315345636e+00
-3.030631623151692100e+00
-3.923566183932452933e+00
-5.743935411459064611e+00
-6.780350713131511498e+00
-5.274322609604164214e+00
-1.028524246571863365e+00
4.086248112160876467e+00
7.210431834972426124e+00
6.433228895148564774e+00
2.182030609019484757e+00
-2.971607889891604959e+00
-5.983741854377620406e+00
-5.319852490878186124e+00
-1.871516494351198823e+00
1.789038205756014133e+00
3.237923826757069357e+00
1.812257222675378365e+00
-1.073638077489358800e+00
-3.035916431165128770e+00
-2.406031388780457636e+00
6.751169088380724048e-01
4.425082370990989666e+00
6.623541963634442808e+00
5.976097876638617024e+00
2.767925480913785208e+00
-1.491695670308712085e+00
-5.054178869946195363e+00
-6.842125481041039237e+00
-6.764065090837250160e+00
-5.390074926233388020e+00
-3.354068027990829037e+00
-9.417237049719560105e-01
1.892698936496725493e+00
5.164714257678962639e+00
8.459048272563936877e+00
1.080837993133825847e+01
1.100076275383596780e+01
8.216248410713189898e+00
2.677059919324432435e+00
-4.088365133483028657e+00
-9.648041575677007486e+00
-1.169454158589574533e+01
-9.256644676178732212e+00
-3.409669177266387408e+00
3.061485358691159675e+00
7.045256571924381817e+00
6.846078767013239030e+00
3.233189057571052238e+00
-9.704406672854739568e-01
-2.654453601535445184e+00
-5.030550028697752252e-01
3.986629462939804025e+00
7.343910367324286703e+00
6.406028190689459834e+00
5.846620355673532998e-01
-7.452821286781851740e+00
-1.327709084423770314e+01
-1.348852287750537826e+01
-7.980220858797872907e+00
-1.147432235991336924e-01
5.381075562679013657e+00
5.450149761490540534e+00
6.534197124494820486e-01
-5.274276240359905721e+00
-7.957235887888304937e+00
-5.289187500997715397e+00
1.226779214213204128e+00
7.565578182619598913e+00
9.900062082705634481e+00
7.087132730724459151e+00
1.277491653209283484e+00
-3.669480899174469624e+00
-4.802178347778424339e+00
-1.931960240495052439e+00
2.459001290533950890e+00
5.076963658339511021e+00
4.097758174406035181e+00
3.261472899964759087e-01
-3.475118452858656504e+00
-4.548934854530629401e+00
-2.048889847617988202e+00
2.355271456418915221e+00
5.522781792055076799e+00
4.840089931453735339e+00
-7.723842171317318872e-02
-6.999225162768439645e+00
-1.222813318211895073e+01
-1.261807858749112121e+01
-7.346351621647398744e+00
1.527488247588789427e+00
1.002705588324274188e+01
1.426481929266796378e+01
1.245478701855014414e+01
5.866463840556694898e+00
-1.827542183914723672e+00
-6.519350344004639197e+00
-5.917943186279770451e+00
-8.324943336313372910e-01
5.286576160662602497e+00
8.349225497528761863e+00
6.043625006458574589e+00
-7.595902796800286794e-01
-8.484790751597405034e+00
-1.294882418382305467e+01
-1.181116604410042470e+01
-5.882404574332761982e+00
1.482453822389004472e+00
6.467462221829173075e+00
7.008142480322400836e+00
3.771381485800623157e+00
-5.928918317496130186e-01
-3.290226100362554362e+00
-3.041498724632258011e+00
-5.553346142981849809e-01
2.295189228971312723e+00
3.836753692462758991e+00
3.514615343117069468e+00
1.867295489223549598e+00
-1.786145614705438867e-01
-1.991961032228293238e+00
-3.375570512870974760e+00
-4.210720385870823534e+00
-4.111230205084813072e+00
-2.544110240114206611e+00
6.082862757223894690e-01
4.549554147628110279e+00
7.682009886917923858e+00
8.421320103965605597e+00
6.209661794114357924e+00
1.989451269818823587e+00
-2.259429191095556622e+00
-4.645795085570654237e+00
-4.400957014372781195e+00
-2.143748234274537090e+00
7.250568357028539523e-01
2.982471302121105339e+00
4.190842493804964874e+00
4.603762388169236885e+00
4.606451870556383277e+00
4.258020608921579964e+00
3.330179403884328870e+00
1.739810571809329076e+00
-1.029059141566617264e-01
-1.434413999002273510e+00
-1.712129858084987521e+00
-1.135976091820238620e+00
-6.152883368423263111e-01
-1.122886848226924528e+00
-2.915662847740821739e+00
-5.264572433303310817e+00
-6.955999428543615082e+00
-7.191885773503155832e+00
-6.156465484818910205e+00
-4.760591567097863575e+00
-3.754798403421248487e+00
-2.968854258485230879e+00
-1.393581480645061710e+00
1.847657855070464983e+00
6.375572890580071928e+00
1.026735300113417182e+01
1.104162978718135335e+01
7.369284486385903499e+00
2.986950655735229887e-01
-7.002973127493582695e+00
-1.098961906102490182e+01
-9.872102162058624231e+00
-4.711555925329490080e+00
1.296376952902135837e+00
4.873885923605191905e+00
4.659915042646380456e+00
1.831445812328385880e+00
-9.843443356836889535e-01
-1.647980323571289540e+00
9.558508881247940181e-02
2.674390256700893254e+00
4.019965633909583502e+00
3.103205046084921204e+00
5.563020633749600208e-01
-1.975291939018888554e+00
-3.146235761171136236e+00
-2.849099669150318093e+00
-2.107213996536092981e+00
-2.094656919136424822e+00
-3.102894613341364849e+00
-4.257225899859379936e+00
-4.168837087659055030e+00
-1.997383240491529932e+00
1.870093013101625790e+00
5.986177873511484115e+00
8.686854418785886267e+00
9.002072889230438690e+00
7.064286245313400769e+00
3.867114845094986819e+00
6.616999175928515164e-01
-1.584119339914968672e+00
-2.425613346836403839e+00
-1.922969887604597083e+00
-5.313195579307690153e-01
1.023429323278112202e+00
1.943993750540620180e+00
1.692267678473957870e+00
3.358882507227027858e-01
-1.360623204668598651e+00
-2.302673943177216742e+00
-1.777894455254101169e+00
-6.796979336760844426e-02
1.534109800659186229e+00
1.446381392431501434e+00
-1.130337749831686223e+00
-5.503027559844101191e+00
-9.680669467002537942e+00
-1.143091032948043662e+01
-9.565806340519353412e+00
-4.650600757684593134e+00
1.294641364218498847e+00
5.877906303912055819e+00
7.514300049037577978e+00
6.039008759205374055e+00
2.536838001889876182e+00
-1.331651639858076219e+00
-4.032195966694331446e+00
-4.587900935157439797e+00
-2.751156947467009228e+00
9.314122728375848759e-01
5.134080929805895366e+00
8.018974930994973604e+00
7.912345789808351348e+00
4.233153508789264663e+00
-1.861872553068057101e+00
-7.710972883609484185e+00
-1.040205015335737393e+01
-8.465440033751868043e+00
-2.948636111203194687e+00
2.961813341121261711e+00
5.728426180274299284e+00
3.638910701550516436e+00
-2.026912834668426644e+00
-7.673984991038263814e+00
-9.568541485747147135e+00
-6.162061136995020227e+00
9.224087753886096586e-01
7.870762552257066780e+00
1.098170628198825760e+01
8.819892207029992548e+00
2.899639780875450157e+00
-3.419303106669890902e+00
-7.002227491692775807e+00
-6.630704496870800213e+00
-3.351050088983462238e+00
5.349029827651272662e-01
3.016008850088530480e+00
3.436385745719594542e+00
2.533441236009528197e+00
1.635809404267233313e+00
1.681846014434132064e+00
2.684876337762374554e+00
3.861493904920394016e+00
4.202209800717504606e+00
3.076821685707446630e+00
5.646257874308915348e-01
-2.578947847794124115e+00
-5.239277440602281288e+00
-6.402469038768889398e+00
-5.607362052971079258e+00
-3.222033679314291632e+00
-3.814675391189501497e-01
1.475049056443233475e+00
1.315639185063383731e+00
-8.813742526822947454e-01
-4.014604004726393782e+00
-6.374873616588024205e+00
-6.539303573992868657e+00
-4.127699308330897487e+00
3.055882836413914561e-02
4.396375280756851467e+00
7.539935393634401350e+00
8.761584279705857625e+00
8.195125157368668312e+00
6.468272800451295268e+00
4.271151626230570209e+00
2.142136673601213293e+00
4.972359340337977329e-01
-3.174781331556897346e-01
-1.506448283181421877e-01
7.129418787968495597e-01
1.490401174251513527e+00
1.259124311931803408e+00
-3.788121550091072542e-01
-2.804279199071205930e+00
-4.553401841690545737e+00
-4.211114906937283742e+00
-1.486884398010378305e+00
2.335085488544880850e+00
5.033059322023241577e+00
4.860535107759466733e+00
1.786719046550283352e+00
-2.358687837834143153e+00
-5.025666966617758469e+00
-4.622593476699854875e+00
-1.555387840468488214e+00
2.120001254749778408e+00
4.176386634045798019e+00
3.740843111021439960e+00
1.761216403940288888e+00
1.200203269556827657e-01
1.278304547791155876e-01
1.575714344879127093e+00
3.050596375419254436e+00
3.198673615315824392e+00
1.871251330305188088e+00
2.049753838643995074e-01
-4.196213227099782617e-01
3.469836267385596473e-01
1.424001491956719656e+00
1.182259133437215226e+00
-1.062777712386292484e+00
-4.189360199427214937e+00
-5.853885864802205852e+00
-4.206776749692271444e+00
5.256962355971959155e-01
5.858379899260545365e+00
8.530740384641520180e+00
6.671942532399311787e+00
1.114487067014401589e+00
-5.088193630694275882e+00
-8.597702059617278181e+00
-7.821215516465827022e+00
-3.680009345888906935e+00
1.264083704880041292e+00
4.534422786395486682e+00
5.049284250426967269e+00
3.255294584288093596e+00
3.226760692044896572e-01
-2.715347210801136058e+00
-5.190552739725746711e+00
-6.476692646093939132e+00
-5.789975660713096772e+00
-2.634439365216012519e+00
2.354570176773365553e+00
7.062723571450098881e+00
8.769516212406287536e+00
5.980465895917078889e+00
-6.530518781969618658e-02
-5.604282940843280159e+00
-6.566032751427894887e+00
-1.498702865095634884e+00
6.925032554767511783e+00
1.320622749932079287e+01
1.256142501430297287e+01
4.379521201521842322e+00
-6.930987716336845850e+00
-1.454749026743691687e+01
-1.368843234950801957e+01
-4.883103543051490192e+00
6.273396622462750649e+00
1.278836211006735901e+01
1.085280355972110300e+01
2.177361040134829118e+00
-7.461679545699443139e+00
-1.230783832211232820e+01
-1.037101080985088331e+01
-4.252137890703235001e+00
1.291407538816445211e+00
2.992743783731707907e+00
1.147255612936504354e+00
-1.282743156491794601e+00
-1.541818708400397364e+00
5.426206417666250559e-01
2.617293574504867326e+00
2.141890460389839212e+00
-1.065909169675709034e+00
-4.349873962641435554e+00
-4.358824679960115134e+00
-1.284847320984603414e-01
5.524189830538924539e+00
7.716771155209209532e+00
3.274399821101968922e+00
-6.300017629878648329e+00
-1.515712824451213869e+01
-1.685164991872473550e+01
-8.979519272181292422e+00
4.703856776403541495e+00
1.642087072533738379e+01
1.944286438606745548e+01
1.257493724644858624e+01
8.627719894584000571e-01
-7.999624314452092655e+00
-9.000624946469661936e+00
-3.082894493397975388e+00
3.924364635523473588e+00
5.839360688756223716e+00
7.714900163178910475e-01
-7.496533807926651249e+00
-1.233541805232633770e+01
-9.191782470779227054e+00
9.767427444905081302e-01
1.219835647938678669e+01
1.750787751505101042e+01
1.361390027435871986e+01
2.987902500727781518e+00
-7.926900323083865274e+00
-1.297176718637017068e+01
-1.001520579092383301e+01
-1.797910521487230184e+00
6.344559360038402041e+00
1.002121024013803741e+01
8.149422219052691929e+00
2.854481026901433349e+00
-2.534226812176790133e+00
-5.675352502315567094e+00
-6.131260216637561378e+00
-4.782019056717734529e+00
-2.653814007730674440e+00
-2.701438275551613089e-01
2.109468087130419889e+00
3.915158169198671878e+00
4.183824358095272977e+00
2.239478467820395391e+00
-1.427455126363206261e+00
-4.983185785596765172e+00
-6.181700588618541659e+00
-3.876353385701606591e+00
9.992836341748416729e-01
5.805783192929776959e+00
7.779207068426479132e+00
5.760370622414473729e+00
8.773333435642145517e-01
-4.263138430280304370e+00
-7.257641253500994871e+00
-7.272508673534610502e+00
-5.225336292302471541e+00
-2.831699205198328073e+00
-1.355922921143037030e+00
-9.842089927545587535e-01
-1.120619843071378963e+00
-1.146389501387082621e+00
-9.014984705848148039e-01
-5.261209685078356291e-01
4.250763299990278909e-02
1.284114959769341091e+00
3.670090594533264472e+00
6.902606658128618733e+00
9.556497744051174692e+00
9.653092121955257454e+00
5.957925367806278238e+00
-8.860043204450915866e-01
-8.313900288977375652e+00
-1.310026380087859010e+01
-1.318807964475040784e+01
-8.875934678059282490e+00
-2.550501319657874078e+00
2.845744644704283566e+00
5.547188091860466130e+00
5.733213969320011039e+00
4.906767104111408706e+00
4.475221046479287423e+00
4.658290826477190727e+00
4.516741635590320492e+00
2.983461166741218307e+00
5.332075289938842388e-04
-3.185824664303126497e+00
-4.828450793964859322e+00
-3.957126850265091367e+00
-1.130103072277201193e+00
1.931585273931073932e+00
3.550740959727784585e+00
3.222010302514368707e+00
1.818985239413907440e+00
7.655642917808789250e-01
8.590224271138913181e-01
1.682640436202741618e+00
2.055029674767795633e+00
1.124271431761957318e+00
-8.070868602259535507e-01
-2.428940252464077076e+00
-2.461125416897808726e+00
-7.597576918227586518e-01
1.431242106573315187e+00
2.364790771855428186e+00
1.185509273190523238e+00
-1.255786560298155496e+00
-2.887212160373616943e+00
-1.950909280779801858e+00
1.513440470357134693e+00
5.406869950480154507e+00
6.877105892132766130e+00
4.379305793992013029e+00
-9.712004230224531298e-01
-5.837792008337655325e+00
-6.771189640263248322e+00
-2.648987819332043969e+00
4.249661157935677558e+00
9.416975636715761766e+00
8.933419373301443756e+00
2.155407260276866577e+00
-7.533511506091038257e+00
-1.453614592052809584e+01
-1.439442844529423837e+01
-6.609151228544769552e+00
4.878234667147589576e+00
1.390805412001504671e+01
1.569722539575972675e+01
9.606541040970050460e+00
-5.999886230937425680e-01
-9.113288321121723712e+00
-1.154954891150030072e+01
-7.389860021542157043e+00
3.596785169072846955e-02
5.868103839987879766e+00
6.772766332615345775e+00
2.809004710556910922e+00
-2.953965749070673219e+00
-6.649397592554592507e+00
-6.119565095975826097e+00
-2.116006878135237912e+00
2.448021883581183111e+00
4.541591439796710539e+00
2.937776933565107385e+00
-1.192880296772860227e+00
-5.250920758218718731e+00
-6.945044246291590895e+00
-5.603195423309867529e+00
-2.291746542005699716e+00
1.138931752599603442e+00
3.273354306907829692e+00
3.760938028065744732e+00
3.063874599902369766e+00
1.725432860603056451e+00
-1.331469190281779902e-01
-2.660904268558224484e+00
-5.656430461319399861e+00
-8.108297237531033375e+00
-8.446853118690613726e+00
-5.504626351754714264e+00
4.271067549768758909e-01
7.254093410582951762e+00
1.186138623031655648e+01
1.170007576124200455e+01
6.278079339748459553e+00
-2.364094429727682467e+00
-1.054220404307074332e+01
-1.473193136820519555e+01
-1.330707541879682765e+01
-7.283720442858873767e+00
2.827384463865270092e-01
5.866964735145445253e+00
7.159440632370327684e+00
4.039368373430235692e+00
-1.557736098292896720e+00
-6.700650139483602885e+00
-8.871699079300711333e+00
-7.066437720033414749e+00
-2.141975296369917459e+00
3.664541410366751073e+00
7.782576870282563064e+00
8.450177310043294199e+00
5.466813681190218155e+00
2.435261910119743689e-01
-4.864568876535427577e+00
-7.641107872779773658e+00
-7.006101377758577442e+00
-3.456589481341451275e+00
1.256460823687351791e+00
5.039516844059485301e+00
6.479950160404331250e+00
5.455693425307124755e+00
3.040025275443804631e+00
7.993813869895802782e-01
-9.605142510438424708e-02
5.460210917911515471e-01
1.958098232797560678e+00
2.971017653707323625e+00
2.758250352119480553e+00
1.334620648191074732e+00
-4.581440251292598909e-01
-1.448955686410600796e+00
-8.261075294535586977e-01
1.366367337988057207e+00
4.194813222730550351e+00
6.285888352503834042e+00
6.528393594715967474e+00
4.663338459923950907e+00
1.452553482775643445e+00
-1.670319943346213698e+00
-3.295402712089190000e+00
-2.724193974767665338e+00
-2.952545450060211074e-01
2.815885795023877591e+00
5.206660297945078675e+00
5.936779649330652830e+00
4.937889942386125774e+00
2.953948973120217758e+00
1.084828462247779068e+00
2.048914943175659253e-01
5.582175545132668226e-01
1.698928874628523822e+00
2.751221390412355916e+00
2.827735716162012025e+00
1.420500280804496418e+00
-1.365608794679212590e+00
-4.798489584402550356e+00
-7.738375995868706170e+00
-9.059210503170799456e+00
-8.157309551000338388e+00
-5.332527955206979087e+00
-1.795383059677118531e+00
8.202346720874400532e-01
1.284488482800632214e+00
-4.874565608223984103e-01
-3.264407975665947426e+00
-5.110952973102468988e+00
-4.511345875660982330e+00
-1.345373906520396012e+00
2.937212058653816626e+00
6.133581478586000557e+00
6.633731399332225109e+00
4.436254838336651574e+00
1.143044984391170527e+00
-1.095295981098741489e+00
-9.911637346699184725e-01
1.069955614812679867e+00
3.378170738009659502e+00
4.154814495844263433e+00
2.816993263436021078e+00
3.435101270270974894e-01
-1.515369230041909487e+00
-1.594359505479297168e+00
-2.212475421412736232e-01
1.017250253716004860e+00
5.028669241246513932e-01
-2.092296724201747615e+00
-5.386462134404762736e+00
-7.130722535252653316e+00
-5.756241529848135308e+00
-1.541640343703138072e+00
3.435206125340052097e+00
6.550664609428373808e+00
6.250325924903133767e+00
2.952225944281310355e+00
-1.316274101959317377e+00
-4.230173564040356382e+00
-4.510587719071349255e+00
-2.455549826031948157e+00
5.522106040012060291e-01
3.070434434359803788e+00
4.397350969203644766e+00
4.685635282991883699e+00
4.477730589993865529e+00
4.152476156155755049e+00
3.714307077791438871e+00
2.977269585186767653e+00
1.855602294854345136e+00
4.502922319088065173e-01
-1.108806684436668855e+00
-2.826925932107669848e+00
-4.763872289507223634e+00
-6.728965429043406665e+00
-8.064936079916822820e+00
-7.848973084262064859e+00
-5.510865264195035529e+00
-1.452431801861378879e+00
2.876424319310669997e+00
5.661717499794560737e+00
5.808996537128930271e+00
3.688118351321767463e+00
9.569879320816476742e-01
-4.933628932376810106e-01
2.164760805402555777e-01
2.381499380670786703e+00
4.217646672412711517e+00
4.089292254171040142e+00
1.597574037126448410e+00
-2.205737395300596759e+00
-5.561816180825334577e+00
-7.111858402333545826e+00
-6.578018519941026376e+00
-4.631462629618355642e+00
-2.210394202692814503e+00
8.001724916364683082e-02
2.038497454285729482e+00
3.504111012304476969e+00
4.061620421069440212e+00
3.228930065289115969e+00
1.028710124469013998e+00
-1.621570695365881498e+00
-3.234908007755914028e+00
-2.756146371772032921e+00
-5.353741219696606102e-01
1.595241376801798561e+00
1.438802035286070424e+00
-1.896230479709263506e+00
-6.991512322819628089e+00
-1.068489470836889410e+01
-1.003746733019981363e+01
-4.446133096212811608e+00
3.613811937024943521e+00
9.888632634156117263e+00
1.095394196246164320e+01
6.423145221798257865e+00
-7.558170392543352989e-01
-6.158154562297680990e+00
-6.670351745608181560e+00
-2.358308526410747064e+00
3.779105595163306575e+00
7.904094051869424931e+00
7.790863327129999405e+00
4.004040029268614909e+00
-8.349083280678915031e-01
-3.978339630917463232e+00
-4.230196484908903543e+00
-2.280948722712988985e+00
2.887191199687588750e-01
2.355495213151628242e+00
3.849153828844113612e+00
5.238316125741008911e+00
6.516468648034720701e+00
6.706972363316364927e+00
4.446406653047527691e+00
-7.329003693542022191e-01
-7.456965714926388600e+00
-1.278059611815355900e+01
-1.369080939167654520e+01
-8.938016040283097041e+00
4.509202400095446706e-03
9.509292105150139562e+00
1.556970706109579616e+01
1.573479405959500887e+01
1.014641473020734175e+01
1.251931554355468101e+00
-7.456236792572886074e+00
-1.290752156887416113e+01
-1.347334469754363440e+01
-9.301198681650552302e+00
-2.072247168812781482e+00
5.612063509649215298e+00
1.107020923290358994e+01
1.246741166967031411e+01
9.557555600286301356e+00
3.856569016560570162e+00
-1.999272314613829149e+00
-5.527623497078222314e+00
-5.660158753464223480e+00
-3.227671224351992052e+00
-3.285021950852642370e-01
1.036115260713938113e+00
1.593845581622441721e-01
-2.135246875162470914e+00
-4.320828853291395433e+00
-5.377562643653519103e+00
-5.441496489081001364e+00
-5.414059529237624346e+00
-5.906978891423659839e+00
-6.457134377386576141e+00
-5.747014204650544578e+00
-2.738548875621084733e+00
2.177097321586453749e+00
7.023854824259053942e+00
9.366842116786621375e+00
7.982007557649607676e+00
3.815958554061281482e+00
-5.673179607892055998e-01
-2.733962420064237619e+00
-2.058139681655049458e+00
-5.736658210730150032e-02
9.017062143751104486e-01
-4.431591055814155800e-01
-3.160917012860003261e+00
-4.808052930353641230e+00
-3.421454876380051857e+00
7.072646503763904136e-01
4.932793801541972556e+00
6.064311455365664294e+00
2.827040109579110894e+00
-2.886459217648402742e+00
-7.054528057578846933e+00
-6.276926362540519833e+00
-3.375927701374594747e-01
7.305316148562660317e+00
1.159031102319360329e+01
9.167899022698289713e+00
7.248766311440641985e-01
-9.280087773230940584e+00
-1.531486693529831200e+01
-1.411841495799750490e+01
-6.521939928559408628e+00
3.327202853329065846e+00
1.065443941473671963e+01
1.279216485238405099e+01
1.025097994390676170e+01
5.703563905538386436e+00
1.881040272262729740e+00
-4.952309247695430017e-02
-6.430643417146962859e-01
-1.075012758867132545e+00
-1.853901021793439297e+00
-2.381977786740480774e+00
-1.594055674808754208e+00
9.683214170035707724e-01
4.565079205974422294e+00
7.602439426522241916e+00
8.606577668682263038e+00
7.077744845053810963e+00
3.657433469643932789e+00
-3.777521405741774974e-01
-3.811424854343678170e+00
-5.884270466240947961e+00
-6.291720229635782147e+00
-5.056955651448125089e+00
-2.567914618877225941e+00
2.622973274102013974e-01
2.063726248887894243e+00
1.587019177473561360e+00
-1.397446127206892985e+00
-5.536427810673462346e+00
-8.315051432026047351e+00
-7.489427624775649051e+00
-2.722742301756309047e+00
3.762305894798969597e+00
8.213402105289585364e+00
7.631429645664129069e+00
1.882990391103943395e+00
-5.863258866598110686e+00
-1.087723015452379549e+01
-9.812566786691176546e+00
-2.964899917979264998e+00
5.713812825132370321e+00
1.096994415743036555e+01
9.512153325184042885e+00
2.078543610149486298e+00
-7.038824994345790564e+00
-1.268938195139465464e+01
-1.200875251180735503e+01
-5.990889917119922359e+00
1.439624899089620769e+00
6.112232266306460104e+00
6.203530618149116549e+00
3.067077113362524088e+00
-9.430111030249932469e-02
-6.478102124129221373e-01
1.673137805301451841e+00
4.762450855497683655e+00
5.796163207392224237e+00
3.305499628811264134e+00
-1.769133191201556876e+00
-6.693168150772091707e+00
-8.710839470969755638e+00
-6.740911481220996038e+00
-1.917819224414716750e+00
3.249335424109199622e+00
6.421416964596428301e+00
6.642158825270991329e+00
4.544289926153481041e+00
1.617346542474936477e+00
-8.159998947438493744e-01
-2.215805023883524960e+00
-2.756599100455737084e+00
-2.826090272738682962e+00
-2.586282064374100909e+00
-1.927304540672599042e+00
-7.591548600315025652e-01
6.929583962577643419e-01
1.894356008822819071e+00
2.330610391325211417e+00
1.897153894239955063e+00
1.023391674376971316e+00
4.096988428874837052e-01
5.558121721067746934e-01
1.420758664056791964e+00
2.458391665411496341e+00
2.998509518632476833e+00
2.699592057685411106e+00
1.760894205145893565e+00
7.650917540183970189e-01
2.832766486082263224e-01
5.226169625386869466e-01
1.239479608328451832e+00
1.938165129514850094e+00
2.185356742424144905e+00
1.824044156118910687e+00
9.800822203608734462e-01
-8.289893971041450982e-02
-1.116412557879022938e+00
-1.943418889464051613e+00
-2.426477505403624946e+00
-2.436490926376643884e+00
-1.892277545745725931e+00
-8.505432103020469370e-01
4.459958480471362119e-01
1.635335212621315204e+00
2.393100200467439986e+00
2.567718223311207915e+00
2.191395643518960767e+00
1.373062024834938555e+00
1.937605858625013333e-01
-1.268164695171083878e+00
-2.783119155789625765e+00
-3.852331902024523025e+00
-3.831146821710706529e+00
-2.335290932122919383e+00
3.030675959355986215e-01
2.924845502160039690e+00
4.035973338954132572e+00
2.743536493282310307e+00
-4.429966811354293377e-01
-3.601837918060098787e+00
-4.412661339196985999e+00
-1.709361651127166315e+00
3.434671021961090975e+00
7.977562410020938799e+00
8.622706829951011898e+00
4.038682816687911625e+00
-3.881495485117226529e+00
-1.075548904954847451e+01
-1.223838262571736202e+01
-6.865738961207922486e+00
2.671927366352914390e+00
1.085723272911932469e+01
1.265018716185972991e+01
6.744569719729241797e+00
-3.387696787528626352e+00
-1.150452564194277372e+01
-1.250360863071857942e+01
-5.746021029522175638e+00
4.423573499943441512e+00
1.139541089558325737e+01
1.054053480679721844e+01
2.210676552382190962e+00
-8.499992720530993751e+00
-1.508307959118893038e+01
-1.381943477660523811e+01
-6.062057951498722730e+00
2.883095357244674251e+00
7.444393087914772167e+00
5.481136252203791415e+00
-5.173957873253920425e-01
-5.459871214890110735e+00
-5.388045736471778646e+00
-2.534815382162172170e-01
6.186273843299274766e+00
9.194249974547485493e+00
6.519828280247303987e+00
1.070874600993576564e-02
-5.749297408729735714e+00
-6.749860304814512268e+00
-2.408719258652627815e+00
4.064116032485067365e+00
8.010507636555274757e+00
6.654281927844875710e+00
1.024686762979476029e+00
-4.863646483881209903e+00
-6.922555936219146666e+00
-3.868208227893261686e+00
1.975509323640423975e+00
6.445918172337133711e+00
6.529863105911005050e+00
2.399424939981982696e+00
-2.907826597193385876e+00
-5.818165075071568104e+00
-4.785035382668208825e+00
-1.224474799449869700e+00
1.769431603181021551e+00
1.871561311260417693e+00
-7.311097491134197490e-01
-3.571962810627093532e+00
-3.873165828951701695e+00
-7.272385257038509465e-01
4.146984305592025244e+00
7.613178257735856214e+00
7.365156958999676817e+00
3.548198784114241278e+00
-1.404077275395059221e+00
-4.538289043528974886e+00
-4.420796390634114559e+00
-1.978912449682010966e+00
3.851253228469331269e-01
6.597412718187614100e-01
-1.340084428425762253e+00
-3.971358773906776829e+00
-5.089338301372697160e+00
-3.637724784989445403e+00
-3.319394551482623967e-01
2.972958609458581591e+00
4.638295349440816118e+00
4.260768151448150576e+00
2.665791713068756508e+00
1.045282108736820259e+00
4.689173122447121145e-02
-4.494751150821701402e-01
-8.017884039362616067e-01
-9.332477451160701154e-01
-2.347232947859962948e-01
1.788404461074265761e+00
4.687213450763592526e+00
6.892962983680114064e+00
6.566567928409834387e+00
2.985799686574289957e+00
-2.580276589715880142e+00
-7.320298074033519065e+00
-8.535012878994402641e+00
-5.438207141362354946e+00
1.733695251627440648e-01
4.936359673414938420e+00
6.006459188933576776e+00
2.825578745162330208e+00
-2.610640033990945241e+00
-7.121346671087926516e+00
-8.357383270638074180e+00
-6.088564639820627455e+00
-1.986775008965863343e+00
1.752716004745401790e+00
3.825280341368835657e+00
4.254055522689934143e+00
3.711176760266674979e+00
2.496980067819423610e+00
1.752125294002966349e-01
-3.766724178603962692e+00
-8.819504768709437670e+00
-1.298754922681209756e+01
-1.361253302509842733e+01
-9.108646281269699330e+00
-3.956483056343520488e-01
9.135064997808004961e+00
1.531877108176303892e+01
1.557604721450278795e+01
1.038879072818054183e+01
2.903562314090001095e+00
-3.058832996314754915e+00
-5.235003096774557108e+00
-3.932276610335353695e+00
-1.281511931439009544e+00
5.621636488729278014e-01
8.939968497731989316e-01
6.020129685177357803e-01
1.045911975236600178e+00
2.683978167073821197e+00
4.569142506703498086e+00
5.077570899148087236e+00
3.238081709004635211e+00
-4.185722170685228782e-01
-4.151179986920136677e+00
-6.181279584274163241e+00
-5.818130170481534691e+00
-3.703901324471027046e+00
-1.100440023160659031e+00
1.093347218484564731e+00
2.753898410254733253e+00
4.106768014514312171e+00
4.980916950182763259e+00
4.574549635166042627e+00
2.106131941940281749e+00
-2.133187308316069952e+00
-6.321229991254057268e+00
-7.898901188639161575e+00
-5.279135601827728230e+00
7.421844512880522160e-01
7.075947068628154035e+00
1.012708082941633592e+01
8.172416900733974643e+00
2.631510695053825177e+00
-2.804475278755381495e+00
-4.704070583695674657e+00
-2.332335606246437543e+00
1.800358365452175757e+00
3.766291430943320862e+00
1.172136016607720599e+00
-4.910193581856578504e+00
-1.051238033791083737e+01
-1.152529588983319897e+01
-6.701694790908737431e+00
1.283224537927575071e+00
7.549735917980543221e+00
8.346325332832039479e+00
3.640246922731077639e+00
-2.891691630634059429e+00
-6.480364709353777286e+00
-4.630882914054357258e+00
1.153490204083673643e+00
6.498552870968230977e+00
7.307558419635846292e+00
2.678818159227871032e+00
-4.457419570381571106e+00
-9.383552567399398470e+00
-8.833691542571187938e+00
-3.157870904564684444e+00
4.024321222000700082e+00
8.323748927478865411e+00
7.431038063456817611e+00
2.398002010305365861e+00
-3.356866430596699757e+00
-6.437338950484085665e+00
-5.535928401857852066e+00
-1.884108956753752118e+00
1.956896520019615782e+00
3.899157033232434788e+00
3.447612194985096856e+00
1.562431789799064052e+00
-3.360841353599046677e-01
-1.325836087015345388e+00
-1.272370872924078133e+00
-4.929278326819988010e-01
6.849762585122888270e-01
2.028878858498979643e+00
3.197932650866051052e+00
3.627064570841008972e+00
2.806042864794620506e+00
8.055965247591445610e-01
-1.467102271642219513e+00
-2.689291300017371711e+00
-2.064731367984360411e+00
-8.827738678169616549e-02
1.579480365321419555e+00
1.219849236011016913e+00
-1.573371659314802162e+00
-5.318728607548145249e+00
-7.446197445067854304e+00
-6.042845102461523510e+00
-1.332923974855279248e+00
4.242304325502171736e+00
7.527263000451201336e+00
6.758377284993112966e+00
2.793033347419153323e+00
-1.451502122103180525e+00
-3.001447463176666552e+00
-8.805196535821062653e-01
3.233854262271630198e+00
6.215356485397911968e+00
5.699330059802448112e+00
1.743494127524719328e+00
-3.204112257725467927e+00
-5.965084862864338255e+00
-4.732263585545506857e+00
-1.810930901391669678e-01
5.081964363962635289e+00
8.236605803113350888e+00
7.902263903671489231e+00
4.680266997633749426e+00
4.153118725315780857e-01
-3.112640772534322142e+00
-5.098145686586497582e+00
-5.722666780595874414e+00
-5.519565273177565956e+00
-4.768975128745283953e+00
-3.422650537586996222e+00
-1.500724033196179974e+00
5.317997970702603716e-01
1.854904540566442162e+00
1.841658128740736089e+00
6.081767585847712709e-01
-9.390932081440261925e-01
-1.666901346923293392e+00
-9.903618346913752868e-01
7.311092777804266696e-01
2.481059774700363985e+00
3.327558567930711142e+00
3.043963458790028387e+00
2.150316661025066356e+00
1.392267279377087608e+00
1.116608077066560512e+00
1.055685339075956186e+00
6.672766731446060362e-01
-2.945225265353967892e-01
-1.486027970469419257e+00
-2.217907672435825983e+00
-2.030448058998921113e+00
-1.107222851425665233e+00
-1.675874535410772914e-01
8.083003331626442689e-02
-5.266200575654401694e-01
-1.542065392952667757e+00
-2.349524345115971080e+00
-2.729322119964978199e+00
-3.032488064107268677e+00
-3.782474155901911050e+00
-5.030361534095510123e+00
-6.049467384405212478e+00
-5.722844624472938513e+00
-3.411410127504186818e+00
3.579561226102319083e-01
3.990094619797578623e+00
5.752515157990351291e+00
4.934127145102991108e+00
2.390387154144650417e+00
2.798416072590281800e-02
-4.598856490696511257e-01
1.265917318630658261e+00
3.984654197741877013e+00
5.796892820827464377e+00
5.467331926843423062e+00
3.276049068667412634e+00
7.850840051032479394e-01
-2.921250151138268247e-01
7.002601211502949008e-01
2.924482571419884103e+00
4.667178117271329363e+00
4.546052512373376153e+00
2.451310363044986396e+00
-4.102594094103282352e-01
-2.358480767558764679e+00
-2.366102490840849448e+00
-7.155120351866406381e-01
1.210757241112601523e+00
1.824850385841342071e+00
3.271414784378681162e-01
-2.793976227643726773e+00
-6.011031681128529591e+00
-7.579017877579151907e+00
-6.475920337381245062e+00
-2.987986390706559803e+00
1.345123701768891955e+00
4.422491465871260630e+00
4.625171526081160778e+00
1.730214938006316316e+00
-2.800836990889652878e+00
-6.424120030830025030e+00
-6.825386751906631133e+00
-3.297035635911444551e+00
2.643894454702989005e+00
7.904748887602448093e+00
9.515411472209530430e+00
6.435537494720905194e+00
3.233215299636071904e-01
-5.335197533670175574e+00
-7.306369559509274580e+00
-4.618894325365843656e+00
8.217621328159818717e-01
5.469856161524436544e+00
6.440165948191005185e+00
3.333055372522765847e+00
-1.653567702623409907e+00
-5.372731027769243717e+00
-5.936375404936629963e+00
-3.886207057226060080e+00
-1.503464888851357095e+00
-8.293041351449681464e-01
-1.951900574105253972e+00
-2.928910283037342133e+00
-1.458924375211073210e+00
2.978833198643151992e+00
8.253276019576039957e+00
1.082718368661302932e+01
8.348835226837353574e+00
1.681131877775324135e+00
-5.281285280388143377e+00
-8.103889281065349337e+00
-4.961623259131904717e+00
1.837101943959412953e+00
7.202326252108777638e+00
6.715006359105130329e+00
-1.707263068557987040e-01
-9.472456060146217993e+00
-1.515454069416038507e+01
-1.312246067642595015e+01
-4.015636372554798328e+00
7.130632934207987716e+00
1.412747573765202169e+01
1.355321559975556411e+01
6.699678846436085244e+00
-1.675793971077544242e+00
-6.763239828910485585e+00
-6.797509764706148871e+00
-3.719924986208551942e+00
-1.141333190896252958e+00
-1.308543162193901210e+00
-3.414086785070225005e+00
-4.472803675651652711e+00
-1.992612088698171302e+00
3.700036483761029338e+00
9.341846714210431557e+00
1.098764391192616330e+01
6.977230453048539616e+00
-6.290393701324399345e-01
-7.284806649928649236e+00
-9.031312934303734608e+00
-5.208664582392311893e+00
1.149675747275914706e+00
5.512430316963360610e+00
5.035936998482016591e+00
4.491596101193784385e-01
-4.666773364441999306e+00
-6.594233334143240199e+00
-4.153017168068215526e+00
6.059186685776043468e-01
4.107249936413406743e+00
3.993434227911397461e+00
8.133033905760802540e-01
-2.577406737279956506e+00
-3.374663763009595030e+00
-1.082531326577432562e+00
2.094355845503517166e+00
3.037703589977645002e+00
3.059113960067274540e-01
-4.498509298674323809e+00
-7.716566677445018563e+00
-6.327737266142929862e+00
-3.715711196970872265e-01
6.758439896607912445e+00
1.048368644307954334e+01
8.197676593227452457e+00
1.169059549897856654e+00
-6.201704618178354167e+00
-9.297004798330622322e+00
-6.352882367981013800e+00
4.362936088892617192e-01
6.507568878014115654e+00
8.056255461984820343e+00
4.510619937682557534e+00
-1.304757896635832637e+00
-5.306227909407599697e+00
-4.988502649149452850e+00
-9.710333724072244266e-01
3.711166444774709916e+00
5.895396702452515569e+00
4.428203766702457855e+00
6.738366434847207209e-01
-2.792484065034107843e+00
-4.169045200864928802e+00
-3.565162893646732556e+00
-2.538575334693965679e+00
-2.557357268815859008e+00
-3.699408195797686094e+00
-4.628244596547913758e+00
-3.811597523137149945e+00
-9.462896254101238469e-01
2.598443774260100092e+00
4.709411314336394483e+00
4.118654140373800843e+00
1.407984189083145932e+00
-1.369047506852234086e+00
-2.173392507061899792e+00
-4.447408713982801132e-01
2.560808345075371584e+00
4.784655068955152579e+00
4.915702318970243567e+00
3.271847174128772462e+00
1.366293907830271159e+00
5.670484628930529958e-01
9.706995762641497105e-01
1.416043568401047281e+00
6.159579178101919350e-01
-1.552578595768235425e+00
-3.725624089202254297e+00
-4.056723021592373968e+00
-1.804733501017663944e+00
1.793755298285786504e+00
4.188313298851111810e+00
3.349625114138958804e+00
-5.742425129933534933e-01
-5.112224331890950602e+00
-7.093698598138811207e+00
-4.943604601976257840e+00
4.797696183332256226e-02
4.512905886396263888e+00
5.385538817477329765e+00
2.185069312045226919e+00
-2.509860042048465800e+00
-4.839126523762992349e+00
-2.480376360344391795e+00
3.528915937195359120e+00
9.355223043556971874e+00
1.100702761059066681e+01
7.202894352225617247e+00
3.913390312335790489e-01
-4.881145392566106800e+00
-5.161852506942499197e+00
-5.942385793668130134e-01
5.084606839255465971e+00
7.122522170821497411e+00
3.147878411699184475e+00
-4.992052394381971681e+00
-1.227648917418263963e+01
-1.378100265794506285e+01
-7.973417143541787766e+00
2.187795575122537972e+00
1.108141343629644382e+01
1.393684234884957363e+01
9.699714714072637634e+00
1.419513134279763111e+00
-5.963703064614492177e+00
-8.841018347219305795e+00
-7.002243560230030361e+00
-3.288389562526702115e+00
-1.257521845057113730e+00
-2.590336332181147228e+00
-6.018655393180927682e+00
-8.412508966537401989e+00
-7.155133228053721872e+00
-2.105287091078125172e+00
4.190466346710660872e+00
8.130989610532473932e+00
7.394812168806884856e+00
2.415031271775997190e+00
-3.933414512713330424e+00
-8.161169847784508491e+00
-8.279223874614165979e+00
-4.863189760748214852e+00
-4.736519121059217241e-01
2.095599100594373265e+00
1.576482841092181175e+00
-1.091624980227506647e+00
-3.500947277590931606e+00
-3.387793164021505099e+00
-8.385181222525073252e-02
5.055200423768225981e+00
9.436524811171937088e+00
1.070331045623588295e+01
8.017248466739903989e+00
2.460098941152330632e+00
-3.581983726871666107e+00
-7.625648102127568606e+00
-8.209403854937718847e+00
-5.394448075964186629e+00
-5.205842625677323809e-01
4.521526597482822929e+00
8.077457482046440873e+00
9.246522993828591552e+00
8.026304786489328436e+00
5.163381011929007336e+00
1.839165101237716815e+00
-7.241770588919269613e-01
-1.683832598927300417e+00
-9.246883703846860980e-01
8.331607596245338421e-01
2.318603279087623648e+00
2.358981848477793797e+00
6.042462751233336204e-01
-2.122179137803736015e+00
-4.169065541920156548e+00
-4.020228514116572782e+00
-1.345410884004167862e+00
2.560433169151421495e+00
5.354523456681526739e+00
5.012201148341204338e+00
1.179885569193614092e+00
-4.384079911750141889e+00
-8.671526943213816452e+00
-9.152572261856059654e+00
-5.326916870701730033e+00
8.954920652799733816e-01
6.265914358815896534e+00
8.076201074229178545e+00
5.679495650918369165e+00
7.246023562146814978e-01
-3.980647270788545189e+00
-6.185972575539477880e+00
-5.384250335906795470e+00
-2.786032308055928830e+00
-2.551953216476223751e-01
9.564881072882571722e-01
8.069405543793530811e-01
1.018307691012030336e-01
-3.933196642597246440e-01
-5.993699492877655466e-01
-1.035964837366861735e+00
-2.142774699350674439e+00
-3.636944145241694848e+00
-4.496595829730658522e+00
-3.645101577766994172e+00
-8.322374222636268470e-01
2.978803287027769642e+00
6.060729930140971611e+00
6.934855237667518324e+00
5.260262131160222232e+00
2.003861262644451635e+00
-1.191253147109881727e+00
-2.979058969439264626e+00
-2.983256183144464835e+00
-1.802365097588248144e+00
-4.666046176972735715e-01
2.101545066505559056e-01
-1.771969813936846716e-02
-8.673274553148628829e-01
-1.774061675425762985e+00
-2.121700650765196983e+00
-1.399910134460891298e+00
6.150276419395885874e-01
3.610255297317874312e+00
6.579483951273696007e+00
8.045154419011488756e+00
6.772566692537302480e+00
2.672263910675506615e+00
-2.743703588184030373e+00
-6.877109806510652845e+00
-7.457218407575858521e+00
