-2.054709025512286846e-01
5.947481808699970340e-01
2.225163519361508691e+00
3.466526991367526733e+00
3.534429749884274052e+00
2.312679871356853933e+00
2.611492462311543195e-01
-1.785274386116927570e+00
-2.857953107244739499e+00
-2.202667319339685292e+00
2.766783532775316523e-01
3.712097276680085045e+00
6.433926719184597687e+00
6.713304399954605373e+00
3.763787156831452485e+00
-1.620351494980302398e+00
-7.284434966501275532e+00
-1.075886308957954007e+01
-1.053260930748777824e+01
-6.786561086928942110e+00
-1.181447622030406208e+00
4.077315090764662031e+00
7.252694855415317221e+00
7.597411637990671096e+00
5.275769034247885791e+00
1.016123799870483513e+00
-4.115460466468171319e+00
-8.746005641540142150e+00
-1.130588405055102008e+01
-1.050579679677241351e+01
-6.090738003537260248e+00
6.491655029030301005e-01
7.173538369203337872e+00
1.086572684056658744e+01
1.046482967736358560e+01
6.802561987813242617e+00
2.263508375827953945e+00
-7.407989104199266261e-01
-1.259058064423661971e+00
-2.130212673698713144e-01
5.318519746517051949e-01
-2.843963539389390838e-01
-2.326014511894625603e+00
-3.968789972930511389e+00
-3.636528390654027554e+00
-1.106244972629013112e+00
2.236686739276225744e+00
4.373343008728657111e+00
4.070924522955650993e+00
1.641891679901476220e+00
-1.490057603801239194e+00
-3.963563148428655758e+00
-5.359500679135796197e+00
-6.065872570054391844e+00
-6.347205874056975006e+00
-5.598591253165731807e+00
-2.657508038061969557e+00
2.897494293475754823e+00
9.544347069357307589e+00
1.397117854117456659e+01
1.291149370723154277e+01
5.585757509283647337e+00
-5.073617984922082158e+00
-1.361979828781850443e+01
-1.524976438787446220e+01
-8.928910875173938777e+00
1.714325674858366400e+00
1.051785440881202938e+01
1.264989687719805111e+01
7.643352135460190766e+00
-4.650909841632535624e-01
-5.985338055097789933e+00
-5.444573008778395895e+00
1.772890499245172169e-01
6.326217110779455588e+00
8.157788013827243390e+00
3.881962891725240894e+00
-4.121014856127979797e+00
-1.105894231483575396e+01
-1.299530643489539372e+01
-9.314572727753345660e+00
-2.790294248446120839e+00
2.572398496424264103e+00
4.247858509032404584e+00
2.575344193934232973e+00
5.144123816350409939e-02
-7.186763378591773943e-01
1.157978593286351110e+00
4.464545598043064167e+00
6.947208907119517107e+00
6.901912827116389870e+00
4.144411738906909726e+00
-1.268395346483687236e-01
-4.219269523330162031e+00
-6.831626085385290814e+00
-7.423858114491403981e+00
-6.102121410705818150e+00
-3.382145542448056652e+00
-8.685531605167140512e-02
2.704931971628703913e+00
3.912008677516414679e+00
2.965162696557531508e+00
2.756126819035172870e-01
-2.791635947848907229e+00
-4.597056475358852978e+00
-4.188114397885335904e+00
-1.865868949797555132e+00
1.091471861339394112e+00
3.363581034633503997e+00
4.464715390605880962e+00
4.875255069638475547e+00
5.347275683116099465e+00
6.004843398623556538e+00
6.062146768466940117e+00
4.480471622003417309e+00
1.063696228170574631e+00
-2.962719307978651351e+00
-5.510275492951881127e+00
-5.039705265436722925e+00
-1.784920495737229995e+00
2.216907819903395360e+00
4.429891196283809229e+00
3.554129110036081673e+00
3.967412768382587718e-01
-2.797827081628033952e+00
-4.058326128972243652e+00
-3.118752274540816494e+00
-1.457854257617579252e+00
-9.294779005799413962e-01
-2.102213449258455213e+00
-3.686476206111078291e+00
-3.574149028611286916e+00
-7.027641245978970552e-01
3.770584916319882574e+00
7.029081684331506708e+00
6.592572931653674750e+00
2.280139450372666410e+00
-3.397149961783653804e+00
-6.814072336736991531e+00
-5.693711466590396952e+00
-6.745350783572487963e-01
5.152503160950685057e+00
8.371825157719463562e+00
7.463102582785849037e+00
3.538790430834600542e+00
-7.972036717982116105e-01
-3.447988434701096949e+00
-4.101438654305532339e+00
-3.911215941219053249e+00
-4.053615208331164510e+00
-4.516645026284651365e+00
-4.189860827576918467e+00
-2.132690066770605686e+00
1.175816870200685038e+00
3.836104438582774723e+00
3.941254499080070861e+00
1.285843929476755410e+00
-2.144040838990863396e+00
-3.515947267621780004e+00
-1.424355170169862461e+00
2.718350254651106468e+00
5.451736294919320436e+00
3.827342451219506003e+00
-2.114256267753055418e+00
-8.940943068958329576e+00
-1.202329806900521092e+01
-8.848835705655705652e+00
-9.997692816928132054e-01
6.788031398143407280e+00
9.917216660981779341e+00
7.185473120733364638e+00
1.556378205750278854e+00
-2.189368585249497734e+00
-1.188526465086205963e+00
3.233113162864181600e+00
6.560305684092146983e+00
4.697196951795527653e+00
-2.526229845751747582e+00
-1.070373157584571011e+01
-1.374442956300141105e+01
-8.319208766024845048e+00
3.396500175598313298e+00
1.480908787677613248e+01
1.919440830663191733e+01
1.419912058320304027e+01
3.358043909285920670e+00
-6.447562647842606687e+00
-9.751632621306860926e+00
-6.072138988300949336e+00
2.112163811602485453e-01
3.451205908554237034e+00
1.063422487081790990e+00
-4.618937379676689048e+00
-8.290893427410701122e+00
-5.913755692477786319e+00
1.950591688993015937e+00
1.022308839705851646e+01
1.279874704064319779e+01
6.936587282217013595e+00
-4.617431675294826121e+00
-1.530508554246268460e+01
-1.904866844407889559e+01
-1.415959814625430724e+01
-4.200102585172080794e+00
4.668406427025621142e+00
7.876826721813505294e+00
5.245255478678021888e+00
5.733097361572593309e-01
-1.470459334899430814e+00
1.179078191232638684e+00
6.591794435489795490e+00
1.038089983358675106e+01
8.944415065609067739e+00
2.083243467246357117e+00
-6.766719009353781011e+00
-1.273338011664727532e+01
-1.256456311880324783e+01
-6.523727412287719574e+00
1.977747605339550407e+00
8.580325176959012978e+00
1.048658964884880973e+01
7.757208461606822425e+00
2.805071419394710386e+00
-1.346608071474952872e+00
-2.849461988044371896e+00
-1.847251459318842270e+00
-3.795274996850528382e-02
5.712941808706732960e-01
-1.071400074794195412e+00
-4.435307144831084791e+00
-7.665115361868618749e+00
-8.544860555621500708e+00
-5.701674254042114143e+00
5.121964459078465204e-01
7.917501001036184149e+00
1.334372551825562780e+01
1.411909528261098501e+01
9.525485647747153450e+00
1.410178697022506977e+00
-6.518254542347187375e+00
-1.048690570779931264e+01
-8.643269813857997974e+00
-2.105171016126418770e+00
5.587625151048355221e+00
1.036867994889568578e+01
9.820188643871619050e+00
4.379586122270961113e+00
-3.080567085487485812e+00
-8.966235397021392828e+00
-1.088645578845447304e+01
-8.672556807878700980e+00
-4.040618195703244986e+00
6.753125106093043062e-01
3.796073170893310866e+00
4.829510080506323355e+00
4.160143652546341997e+00
2.393390611507773436e+00
-2.551785988872323774e-02
-2.682450893106435252e+00
-4.850579977434412271e+00
-5.451570897618031708e+00
-3.574454058588049321e+00
7.302088759908679227e-01
6.017878390178785786e+00
9.873660236131184931e+00
1.011430823352669606e+01
6.098072983915028722e+00
-6.974895852797459161e-01
-7.267575228499406848e+00
-1.056511129405302718e+01
-9.051265220225882757e+00
-3.453559875853239092e+00
3.641540753306523381e+00
9.071947275748764028e+00
1.054395091230097137e+01
7.544838071947245872e+00
1.405566024368049227e+00
-5.367375493625750948e+00
-1.011558861254395048e+01
-1.101260562441608926e+01
-7.720100846624360358e+00
-1.539031907906586838e+00
5.028225666816622308e+00
9.242485378818980024e+00
9.322954711393421690e+00
5.355861803785950670e+00
-6.113156535510781975e-01
-5.491503470290854949e+00
-6.736932344393718353e+00
-3.750562477928006899e+00
1.717465521645662907e+00
6.512795220473678981e+00
7.884059181361747548e+00
5.104636068187867970e+00
-8.670546312833082858e-02
-4.528090273550112954e+00
-5.546419573094670596e+00
-2.574747526181089707e+00
2.512865204563120347e+00
6.541965322421049223e+00
6.941204015918136960e+00
3.251013875731606717e+00
-2.643881818616861779e+00
-7.644714497690474175e+00
-9.216786088637192620e+00
-6.770348677793471381e+00
-1.893850243208599515e+00
2.619294440792203638e+00
4.348120540800694656e+00
2.546175093186161309e+00
-1.506616263586339155e+00
-5.250525262314402752e+00
-6.277553698433949947e+00
-3.696950964139166906e+00
1.291721592597198986e+00
5.967828430457664979e+00
7.571130277192914093e+00
4.938837080377505018e+00
-6.446042910597569175e-01
-5.996786179734308497e+00
-7.832992949355331191e+00
-4.842891546697428495e+00
1.255709724655440951e+00
6.524523790009453705e+00
7.196460108183169169e+00
2.255666935678317664e+00
-5.527401408279343897e+00
-1.102353203442346796e+01
-9.973310753932324246e+00
-2.015891298144146582e+00
8.596771420792812535e+00
1.535836307566107628e+01
1.364816285214087088e+01
3.990016404810431183e+00
-7.882162639108523550e+00
-1.446726036033813223e+01
-1.137134838506705492e+01
-3.969884275613124736e-01
1.136142877205206680e+01
1.602371417543404419e+01
1.015676135683529147e+01
-2.770167838418059247e+00
-1.446336442432821556e+01
-1.715539427305358444e+01
-8.723346263605849416e+00
5.837847428939550554e+00
1.758703101672811897e+01
1.934762279116422334e+01
1.017574970124346123e+01
-4.301532652895351916e+00
-1.574061343202898833e+01
-1.840455574591920040e+01
-1.238963954224814223e+01
-2.803635621457022165e+00
4.198597335949942888e+00
5.553122607346191231e+00
2.756681647591837425e+00
-6.698511401542661670e-02
2.395101138531126606e-01
3.414495328297282750e+00
6.218841630749591509e+00
5.254449548232278389e+00
-1.222745827357067938e-01
-7.052364353477167391e+00
-1.113950910689906237e+01
-9.615974752089808675e+00
-3.335712310598618835e+00
3.845137032720670867e+00
7.773664240048106855e+00
6.764428312412965383e+00
2.451370693230985331e+00
-1.744266693948213875e+00
-3.238682013889653710e+00
-2.003698872460807134e+00
-1.927223977153237344e-01
-1.307851086600047008e-01
-2.321336219637688103e+00
-5.004562287150677413e+00
-5.537778412679074336e+00
-2.476990789320844044e+00
3.228179703192428640e+00
8.768702818205461824e+00
1.126873818893650636e+01
9.507941511205267204e+00
4.437580030308707180e+00
-1.655526197242188857e+00
-6.531642952328082785e+00
-8.923319459009803722e+00
-8.594115897300195428e+00
-5.905497876192351114e+00
-1.545107028164187657e+00
3.341919416472828974e+00
7.018372406241184080e+00
7.613671056955586991e+00
4.258191503692764890e+00
-1.833129351605006674e+00
-7.386168818843908745e+00
-8.663222969203999924e+00
-3.887188847724638130e+00
5.132461518988104210e+00
1.355287414829897408e+01
1.623016195935690575e+01
1.102634796324428201e+01
4.619309230484334172e-01
-9.577395384598853312e+00
-1.341692452356715926e+01
-9.164108161846966638e+00
1.162729906305426386e-01
8.447914526402961144e+00
1.085135627922205970e+01
6.481469134108718499e+00
-1.097380837072849502e+00
-6.601918583481042546e+00
-6.750965522739662994e+00
-2.418104512147465801e+00
2.226786700951264297e+00
2.895562384507406328e+00
-1.613971441187514566e+00
-8.447013956510003752e+00
-1.261114706756254478e+01
-1.042877666846481510e+01
-2.139776624796422055e+00
8.097870921234511243e+00
1.476956547323394453e+01
1.439498392675230676e+01
7.548693853364007111e+00
-1.691512117060192111e+00
-8.358769364279607927e+00
-9.505225352235489922e+00
-5.606981698115640178e+00
2.202858107754440131e-01
4.450378772733828647e+00
5.268723048310553381e+00
3.298206109298868594e+00
6.845005528024694641e-01
-6.285178599181922010e-01
-1.869231006588334965e-01
9.298255160137129938e-01
1.195251736947743559e+00
-2.876630064092222661e-02
-1.908512013691461950e+00
-2.739776525676274055e+00
-1.312007462066146823e+00
1.954773717470656313e+00
4.986767120991277835e+00
5.304148205648623104e+00
1.799876340463598012e+00
-4.158426430268544749e+00
-9.191070264629413344e+00
-9.847355074168113731e+00
-4.904501025735047648e+00
3.489186430308948594e+00
1.074455293433269887e+01
1.245940711251961019e+01
7.186210156846156494e+00
-2.462868391757932596e+00
-1.121947761531943755e+01
-1.430593282585149417e+01
-1.035133244001457342e+01
-2.163799693538281499e+00
5.181280930090560233e+00
7.673613534671096303e+00
4.866986855248654820e+00
-1.513067404365198154e-01
-3.247927144740400340e+00
-2.361942926573689316e+00
1.039310015688125199e+00
3.259000717122651825e+00
1.472919841881426661e+00
-3.717343504037731172e+00
-8.320645824753356123e+00
-7.755036046920050552e+00
-4.820621595321781250e-01
1.022650683701227869e+01
1.790065085155183766e+01
1.699577634412293747e+01
6.783489141187788007e+00
-7.728383198279596300e+00
-1.863169625026293375e+01
-1.993415116700104051e+01
-1.120665151935456016e+01
2.304739921767042787e+00
1.308364325104799519e+01
1.593051767974041333e+01
1.073973193227798184e+01
1.857497547030118934e+00
-5.217365612406258180e+00
-7.355865780114796415e+00
-5.232940787192866594e+00
-2.040825683677493618e+00
-7.718820997230171344e-01
-2.156710599311492338e+00
-4.575489153954601207e+00
-5.662748185851793181e+00
-4.157971632036160159e+00
-6.192306430855363253e-01
3.297520989100967359e+00
6.150285801902004579e+00
7.473384201005389471e+00
7.524935417736415388e+00
6.525232911829696114e+00
4.293159061938899512e+00
7.015295288536678164e-01
-3.523937598401725602e+00
-6.602309015246926371e+00
-6.598541590220595054e+00
-2.929356922023456100e+00
2.735890770277630946e+00
7.126039592566275616e+00
7.385091371313425412e+00
3.124430349160327580e+00
-3.034775944883835397e+00
-6.994884069127609294e+00
-5.858023376330799614e+00
8.278272017607823940e-02
7.448682937164020856e+00
1.192781184151492191e+01
1.098964717858027917e+01
5.315616379374796807e+00
-1.931968194965439256e+00
-7.329486067724264586e+00
-9.248539594701249200e+00
-8.378784413257871933e+00
-6.599099955840447507e+00
-5.298512204667062520e+00
-4.512546039231799533e+00
-3.419902642731214470e+00
-1.565527910409961088e+00
3.883226507346033696e-01
1.099999729444039342e+00
-1.947790789492014341e-01
-2.738735117151322118e+00
-4.538619167402833554e+00
-3.775724587877508309e+00
-2.546539804236607196e-01
4.305977533931624635e+00
7.449437387608234928e+00
7.747316973349802183e+00
5.768356709615207301e+00
3.469260137986855508e+00
2.496415986255601904e+00
2.799410140721509066e+00
2.745547077382852308e+00
7.112705946940085511e-01
-3.139945852479876898e+00
-6.460295708348168908e+00
-6.257871720444564190e+00
-1.362330858314316107e+00
6.096882189207784464e+00
1.156509631381911340e+01
1.096741620302178077e+01
3.713306029064836089e+00
-6.418515888979161588e+00
-1.338555990548343821e+01
-1.275416397745056152e+01
-4.765832303324043728e+00
5.569061365045945955e+00
1.156738401501107916e+01
9.203652151766370082e+00
-1.734196609123663801e-01
-1.056636711717610666e+01
-1.507144862464289758e+01
-1.024174069826461420e+01
1.710240925721195016e+00
1.422926838915945424e+01
2.035974753422149064e+01
1.681581072395167809e+01
5.714438926981836531e+00
-6.935378500315227512e+00
-1.488030392626266263e+01
-1.510371121336160982e+01
-9.122435047059417101e+00
-1.547515859726722010e+00
2.983383935686410027e+00
2.544369268379286453e+00
-1.248538202965821853e+00
-4.631421724793836958e+00
-4.295577740018226010e+00
4.457571028012130565e-01
7.206147911121519201e+00
1.199238070268907208e+01
1.165737274325666561e+01
5.857708360674316772e+00
-2.648142149268748469e+00
-9.540213074532974957e+00
-1.141240317434483131e+01
-7.721734801684849714e+00
-1.050680017390728693e+00
4.480140367978029836e+00
5.696758995472970710e+00
2.246393362583297026e+00
-3.282811464931425061e+00
-7.059978850185794741e+00
-6.455577816416608883e+00
-1.691887027769009899e+00
4.329350375549456231e+00
7.883835784743918218e+00
6.758916991447581069e+00
1.581770760914054996e+00
-4.656585923122570136e+00
-8.503338306124145873e+00
-8.110881647126475968e+00
-4.181108754035166797e+00
7.014103893184060468e-01
3.786951724830945665e+00
3.771711024200328222e+00
1.344335816143880535e+00
-1.511814488675351509e+00
-2.857788573025725309e+00
-1.892377795400315144e+00
7.757086526688683481e-01
3.657553375157552633e+00
5.257005464558684338e+00
4.777848940429306523e+00
2.403203969594976286e+00
-8.377849819860170300e-01
-3.482085239075286776e+00
-4.204233818263469757e+00
-2.424927036604743513e+00
1.260056535046350179e+00
5.126934645252788414e+00
7.020369552779299305e+00
5.499519318460980521e+00
8.251458356906393732e-01
-4.911287482548530647e+00
-8.793318800734281737e+00
-8.753010581952588964e+00
-4.888233256212198619e+00
5.042865120996321560e-01
4.322843362274348067e+00
4.640825337735473788e+00
1.955390579446334431e+00
-1.184603644188880311e+00
-1.968901378949619918e+00
6.727967163402424067e-01
5.251801006373375991e+00
8.678913630723240402e+00
8.358883588886213190e+00
3.981164579746381271e+00
-2.220630955170130871e+00
-6.900106863181051153e+00
-7.722330924518512774e+00
-4.751572423900356057e+00
-2.409313258424600201e-01
2.918697081886991729e+00
2.975710089284894444e+00
1.817592554327085441e-01
-3.655834664200841910e+00
-6.429613524387975509e+00
-6.877428971792759249e+00
-4.983170192563908252e+00
-1.645813124719513354e+00
1.910602635786760484e+00
4.549535061155989268e+00
5.397136247264608500e+00
4.009446139599853076e+00
6.734396738099308610e-01
-3.365550662624968936e+00
-6.162594209653639687e+00
-5.986459928659285445e+00
-2.479635739058450028e+00
2.761291487309978532e+00
6.817262622125470628e+00
7.126607416058423183e+00
3.198876469735426387e+00
-2.861391841383467582e+00
-7.539324103724219128e+00
-8.128931760735008893e+00
-4.501156853858879536e+00
8.395547270717342858e-01
4.497510917987288082e+00
4.517578481048087014e+00
1.644325743740041812e+00
-1.389452790698835649e+00
-1.996700445247927558e+00
3.127216783356712160e-01
3.631346036728586135e+00
5.222221795265689082e+00
3.744268689234769631e+00
4.006553918294037953e-01
-1.923040785398494323e+00
-9.263185840424107420e-01
3.151207166021636752e+00
7.433299597133567360e+00
8.356435684524232244e+00
4.306205950314613062e+00
-2.992320793222853048e+00
-9.415813591558858775e+00
-1.113333638986961915e+01
-7.189426442353653357e+00
-1.707336696500401096e-01
5.514688450886156446e+00
6.552479861703708330e+00
2.832269568730681364e+00
-2.646168728860430974e+00
-5.924257255355312779e+00
-4.761125292370869566e+00
-2.363086896157584604e-02
5.062449282443727938e+00
7.179539720212005705e+00
5.121420667263885562e+00
5.003903437177857905e-01
-3.404099357893106692e+00
-3.808558356372583553e+00
-1.901087498081361904e-01
5.396217031572875911e+00
9.546012205090404379e+00
9.481572845497844071e+00
4.636598929301520400e+00
-2.978956244415818411e+00
-9.771589348712900858e+00
-1.237695058810352755e+01
-9.389200117253171385e+00
-2.154734211052005133e+00
5.801160299705332868e+00
1.050941867131616192e+01
9.640470722578211138e+00
3.840687551607036454e+00
-3.500025889726381845e+00
-8.071746808390397376e+00
-7.130899005919658862e+00
-1.201126062552034579e+00
6.125195360961482649e+00
1.029425101202401649e+01
8.583289821586188140e+00
1.822609094794971352e+00
-6.100661582939176597e+00
-1.068068201695310648e+01
-9.592519240991684626e+00
-4.008961375311065112e+00
2.403803504885064335e+00
6.049124055058928917e+00
5.695319481313522836e+00
2.924728507884974515e+00
5.432242767402983841e-01
2.621550090278225165e-01
1.465523216884804247e+00
1.990084130923863937e+00
2.429389843037290664e-01
-3.107635444152534898e+00
-5.343337847560318821e+00
-3.799829139659662847e+00
1.704221700261481232e+00
8.089349534858957469e+00
1.073895837537496512e+01
6.698594474054747394e+00
-2.902723879436285070e+00
-1.307290733661771043e+01
-1.788471878574372553e+01
-1.423908518964112879e+01
-3.924526808847151216e+00
7.449948085818220100e+00
1.394433073783608990e+01
1.286234042959678447e+01
6.078302741258356789e+00
-1.613629428559899326e+00
-5.824438500748696512e+00
-5.235398469629420681e+00
-1.905010464872678000e+00
7.251701001532697699e-01
4.973822066520534602e-01
-2.051878154293651946e+00
-4.391191616896465533e+00
-4.085920304898429833e+00
-6.569873429823052113e-01
4.085853973617710189e+00
7.323286849150789202e+00
7.081436021720989515e+00
3.369310057577583173e+00
-2.021994280441004044e+00
-6.695813882375666992e+00
-8.895882139385561160e+00
-8.110775477269722700e+00
-4.950106370403957179e+00
-6.808320547971505876e-01
3.194284094161570220e+00
5.265912739619737160e+00
4.628446525792595523e+00
1.393136041335504061e+00
-3.033405671991857400e+00
-6.366485611831973479e+00
-6.630017430177121973e+00
-3.503177644792478507e+00
1.170142722078737485e+00
4.330553566493351880e+00
3.716231961843663001e+00
-3.884657550956538419e-01
-5.046388658121388815e+00
-6.538753947986216453e+00
-3.073695280062461510e+00
3.611368522948874116e+00
9.103945743986820105e+00
9.274043318136245162e+00
3.353169862451133021e+00
-5.146425010347375206e+00
-1.056384741266662175e+01
-8.979246303725508582e+00
-1.157615030013110946e+00
7.677216727321557244e+00
1.130798470266720912e+01
6.941567378395294696e+00
-2.552038037047924313e+00
-1.033365261917624878e+01
-1.025380106274224623e+01
-1.334302594392255514e+00
1.111157747471080803e+01
1.869351125544879011e+01
1.548159438591230419e+01
2.169345549626136460e+00
-1.401231598117311528e+01
-2.369119633492496391e+01
-2.122496147512710607e+01
-8.211539371431014089e+00
7.623473010920085002e+00
1.735988898054474561e+01
1.636018882018147735e+01
6.773278136937716631e+00
-4.369581088789541212e+00
-9.968135477625313712e+00
-7.283270895119073884e+00
8.294687641294377078e-01
8.393662643884285401e+00
1.052859996958140698e+01
6.465622705193969644e+00
-5.083625150165123063e-01
-5.807725029540821815e+00
-6.829941840306605449e+00
-4.430713395742631455e+00
-1.738809882296197484e+00
-1.423627681604979323e+00
-3.566435519549091104e+00
-5.712467374897838290e+00
-4.986897682964692713e+00
-6.088277949688074564e-01
5.151437208557073433e+00
8.373185501613729542e+00
6.301200854421255215e+00
-4.428036475793313276e-01
-7.909419542103775846e+00
-1.123288545084124124e+01
-7.844023629479369930e+00
6.857459406460248985e-01
9.465416878507689091e+00
1.329501798207513019e+01
9.921757099665228452e+00
1.424285847318767839e+00
-7.156437698466722175e+00
-1.101114174178770533e+01
-8.480941506659760876e+00
-1.837890695440823841e+00
4.473980991810380559e+00
6.855426305453668157e+00
4.772448976815049981e+00
7.587136963620453312e-01
-1.654463645099651270e+00
-5.294040827582908726e-01
3.198784310915140594e+00
6.584321682225497518e+00
6.950165440442641618e+00
3.870389590141247727e+00
-5.896461308349023600e-01
-3.504245665004332544e+00
-3.323298140048699167e+00
-9.999543537301835983e-01
8.646459837541001781e-01
2.194032448253502299e-01
-2.601529167517509400e+00
-4.906127841674848611e+00
-3.661006321418289300e+00
1.930303076582149169e+00
9.277906851946823963e+00
1.375807853475626352e+01
1.183383821338888708e+01
3.804323309783393725e+00
-5.886186336784933637e+00
-1.125090979178065176e+01
-8.684921771439924498e+00
4.393355724590857214e-01
1.039416713036409590e+01
1.468623020589242500e+01
1.029686189990818690e+01
-2.794109782587754776e-01
-1.062574420956680754e+01
-1.460197748064667600e+01
-1.033771209392546986e+01
-1.325420606744384333e+00
6.105442419228376494e+00
7.174336155391460856e+00
1.869765837760254623e+00
-5.197344914639287161e+00
-8.164675393282376348e+00
-4.138873752877519685e+00
4.683280448019336184e+00
1.246705919750801428e+01
1.375295623250573485e+01
7.249716370689467837e+00
-3.208622180456838890e+00
-1.119260563631456762e+01
-1.195450266128322703e+01
-5.542505728817034516e+00
3.329020804405021128e+00
8.509153502767496491e+00
6.516405784681748692e+00
-1.233200673145262716e+00
-9.499070477700332304e+00
-1.277346005106832827e+01
-8.890575148615042167e+00
-3.165974388320984545e-01
7.620833360245067745e+00
1.026059191028113560e+01
6.504930213516475490e+00
-7.598527428315819954e-01
-6.835583313718872844e+00
-8.384903718964713093e+00
-5.449260277215213222e+00
-1.049521665885270405e+00
1.211830267475586087e+00
-1.918518667293130919e-01
-3.635894404138105163e+00
-5.561643579553217087e+00
-3.124738701162112164e+00
3.553259697028314790e+00
1.109710433984561284e+01
1.482653506034279012e+01
1.173744180181309815e+01
2.605955718437590107e+00
-8.178951560290331102e+00
-1.503821866066976298e+01
-1.444466256895597667e+01
-7.008955493266169512e+00
2.880979663518004052e+00
9.665951434391336861e+00
9.887121787849480370e+00
4.135289499463354446e+00
-3.488264047344397767e+00
-8.020640619864440879e+00
-6.715636049850608025e+00
-6.336637548519501451e-01
6.198820807296607782e+00
9.442080047784054742e+00
7.154531471997472636e+00
8.339196989178376818e-01
-5.787054954758113823e+00
-9.266850488069174219e+00
-8.548453517257728507e+00
-5.255619411566478938e+00
-2.143690740661243321e+00
-9.569070193449722428e-01
-1.301883010367721027e+00
-1.316341220399146028e+00
4.844022151245849228e-01
3.715425894992780087e+00
6.246286532866126784e+00
5.926403838611170372e+00
2.572926971325754320e+00
-1.450110790069446987e+00
-2.745857854015631538e+00
4.522143014387147719e-01
6.458479640135964317e+00
1.074008175632439688e+01
8.854543886012155696e+00
-1.650355199492139491e-01
-1.242380128936026651e+01
-2.103169398706531013e+01
-2.026585477887499565e+01
-9.375597301738521239e+00
6.557003544577845844e+00
1.941628450983789378e+01
2.279503577381551693e+01
1.564981007744140484e+01
2.571717612193905822e+00
-9.350884183781383641e+00
-1.486827386199315448e+01
-1.324086961541305740e+01
-7.708759904060745072e+00
-2.517568191013006551e+00
1.379451008290137892e-01
1.083098378784292048e+00
2.619897700758898829e+00
5.973284849005343844e+00
9.893501844745177465e+00
1.153817859172742644e+01
8.874287963292964321e+00
2.603817356874325917e+00
-4.013815962068943755e+00
-7.397754139293374109e+00
-6.240420297330265598e+00
-2.431162570977436488e+00
4.502399104182661649e-01
-6.500352497969053012e-02
-3.411915016689609281e+00
-6.471866838916056075e+00
-6.118402025695057311e+00
-1.851682507564620384e+00
3.582667674883322828e+00
6.170139588375780804e+00
3.750034774323020681e+00
-2.128531590386312011e+00
-7.143489220253377070e+00
-7.347775737919319816e+00
-2.209250551606467106e+00
4.791898611615328818e+00
8.569984936778173079e+00
6.147197369925743615e+00
-1.064772303155784750e+00
-8.156058372599812145e+00
-1.019665014518945156e+01
-5.781783400177126886e+00
1.958305959380186145e+00
7.636296488100143165e+00
7.503315784943609401e+00
2.099881228289506296e+00
-4.270925313650159261e+00
-6.820499846507085628e+00
-3.840276224212485268e+00
2.099951465227093195e+00
6.192171205239437981e+00
5.114017601851572614e+00
-3.750226025898666382e-01
-5.930908749584176576e+00
-6.869443736740210582e+00
-1.755021203610905189e+00
6.344965900544051962e+00
1.191482334362275708e+01
1.090598938984314437e+01
3.699783061786780625e+00
-5.018097634632807669e+00
-9.399223950946158368e+00
-6.389123356601546178e+00
2.237422937780290777e+00
1.110572415187131412e+01
1.480131937473676906e+01
1.129083648537757689e+01
2.964505115386296907e+00
-5.204938021707095075e+00
-8.946627732343669592e+00
-7.164463347903216928e+00
-2.113098925589627974e+00
2.533174447019994169e+00
4.179443597323754034e+00
2.686926708592317414e+00
-6.867092432174620731e-02
-1.846424591472838328e+00
-1.597820004143317041e+00
6.935167748730713955e-02
1.610388391688069465e+00
1.739499566636863337e+00
2.318716808557828024e-01
-2.091808184323246778e+00
-4.006549598243869248e+00
-4.627007033043502027e+00
-3.821389772815661612e+00
-2.176530347491409945e+00
-6.461048737550705301e-01
-7.816700348756633332e-02
-7.801381852462373478e-01
-2.269739714387463803e+00
-3.381263596430120533e+00
-2.821308208691408304e+00
-1.384998244056578898e-02
4.236666442868246563e+00
7.818551720748422085e+00
8.330710105349698580e+00
4.604345609912124715e+00
-2.219329577529703279e+00
-8.914432886366228104e+00
-1.180105158118684372e+01
-8.909182850992237945e+00
-1.311970562168592203e+00
7.315667005294978154e+00
1.273432638965901731e+01
1.252314925146615820e+01
7.307485550604706503e+00
1.062034038140790004e-01
-5.660050503463244453e+00
-8.103825716846305482e+00
-7.510781451059417080e+00
-5.464839935439814056e+00
-3.334656433522765084e+00
-1.354744319522379836e+00
1.072653272419139547e+00
4.277494238853401853e+00
7.489053878754147853e+00
9.073729706297816833e+00
7.717511855151927058e+00
3.600825026720343658e+00
-1.431408548395270763e+00
-4.926177988395843421e+00
-5.358742080945641639e+00
-3.023151140371733270e+00
3.386708816744800066e-01
2.807405727493331504e+00
3.444729302561762019e+00
2.518675394667627021e+00
8.154676374704452613e-01
-1.183319802159081835e+00
-3.453392561128854066e+00
-5.825722031422294833e+00
-7.360245434943092135e+00
-6.566568536536535383e+00
-2.604337159407546398e+00
3.434866929403685987e+00
8.451511372296161895e+00
9.014755328215034780e+00
3.912781598772929748e+00
-4.295079506297279970e+00
-1.022670682199039405e+01
-8.958356352670378442e+00
3.670056027216852534e-01
1.319481629234370779e+01
2.178246996767146015e+01
1.988983710873188926e+01
6.976571126080823859e+00
-1.096395138712656170e+01
-2.469513523036592062e+01
-2.717220727100932010e+01
-1.766608048552135912e+01
-1.961765522825205998e+00
1.138830672981615777e+01
1.621795141674651219e+01
1.199004549810186582e+01
3.271315669090798295e+00
-3.824243512297257119e+00
-5.595592867589504138e+00
-2.535882316954130022e+00
1.872895744390004058e+00
4.055207004839844309e+00
2.698772417217950803e+00
-9.037017437697015820e-01
-4.329358472254540402e+00
-5.868002554609034860e+00
-5.326497075247268675e+00
-3.497245366581026360e+00
-1.135111392657671248e+00
1.481253142532937606e+00
4.097562967987126825e+00
5.828178370164075695e+00
5.258325347000066152e+00
1.545804821362858128e+00
-4.318800095935199757e+00
-9.371503861569511429e+00
-1.021784922391173467e+01
-5.435901732812146392e+00
2.918628270612265041e+00
1.007720081569176074e+01
1.140301389653494368e+01
5.509350482470259713e+00
-4.554761341355046511e+00
-1.303059674395939815e+01
-1.503295388272771405e+01
-9.579560351588213507e+00
-8.900601873915281459e-03
8.429529583918556668e+00
1.203664386340735959e+01
1.072268074600904875e+01
7.331902774786938082e+00
4.964550977087544226e+00
4.473942180912642286e+00
4.071208800451088905e+00
1.252406447110069099e+00
-4.588500646909444924e+00
-1.105098769189944719e+01
-1.414203279794867996e+01
-1.123533608075412715e+01
-3.319469499106402210e+00
5.279822979198959487e+00
9.661491238083346644e+00
7.670770781860708709e+00
1.372620869534963761e+00
-4.428845742486609893e+00
-5.591239825991559442e+00
-1.520872860038670282e+00
4.516991593426224583e+00
7.857526106523952336e+00
5.860046795669519248e+00
-1.834718509163218991e-01
-6.011648361670050456e+00
-7.500679912140224559e+00
-3.656222505345618767e+00
2.657535509219580483e+00
6.757294212990046844e+00
5.481303199336843512e+00
-5.362201632981413724e-01
-7.245007074788794910e+00
-9.932025969118358333e+00
-6.437509783723948331e+00
1.353512404384292545e+00
8.715867583985652089e+00
1.113200935215698806e+01
7.145660502564611605e+00
-8.069740871153262551e-01
-8.030390592426810414e+00
-1.051932616207000315e+01
-7.318695707662723926e+00
-8.821299447741239863e-01
4.648058965698368183e+00
6.044555001375377046e+00
2.854576832336581216e+00
-2.525208410704002038e+00
-6.450024548767248511e+00
-6.229175655306317338e+00
-1.615486201225833973e+00
5.188554138133068427e+00
1.086076914467904331e+01
1.275399315262862032e+01
1.013661583387096954e+01
4.296949400927909224e+00
-2.370646374090091602e+00
-7.643997496929021196e+00
-1.037087786740682027e+01
-1.058932374843891289e+01
-9.000668096286144504e+00
-6.293236078167770309e+00
-2.812666833781617193e+00
1.258810750460927608e+00
5.466600603716692319e+00
8.846085104371288921e+00
1.018671686917842933e+01
8.705870093351627759e+00
4.685933122860296507e+00
-4.195358863089888590e-01
-4.589628565475631916e+00
-6.253500877368077582e+00
-5.116758388827135740e+00
-2.275860872577279537e+00
4.650506260544696735e-01
1.657599096111609605e+00
9.998328432561633949e-01
-6.126154380410910871e-01
-1.762526420944316108e+00
-1.450353524006906314e+00
3.016590194574952921e-01
2.528856164714750943e+00
3.986080249367333295e+00
3.940394681566936175e+00
2.599076709012873465e+00
9.367259729421260062e-01
6.077953685768799907e-02
5.148082322698120938e-01
1.930535506230135701e+00
3.224559485831543615e+00
3.229533600222947776e+00
1.412092180598327307e+00
-1.727785756660185079e+00
-4.830729880028853174e+00
-6.380891575929194204e+00
-5.580979090837754342e+00
-2.887955523669503588e+00
1.718891942542588591e-01
1.889808425594152297e+00
1.475901275086251907e+00
-3.428475791587305421e-01
-1.717841950126133499e+00
-9.342106067265594227e-01
2.252843717133955259e+00
6.172963426896620476e+00
8.166157795807903241e+00
6.420127563137742577e+00
1.503026307208576329e+00
-3.600376374493031939e+00
-5.224334783311260999e+00
-1.542002499705077856e+00
5.836923129932407583e+00
1.246393411331642476e+01
1.370284084788077550e+01
7.814761551363622161e+00
-2.613829028802618915e+00
-1.201627554442727863e+01
-1.523627533628303432e+01
-1.077839390027710564e+01
-1.729212553709842615e+00
6.308356874120892854e+00
8.880511403756640831e+00
5.443876461061913474e+00
-6.459167553811830942e-01
-4.819366780817764706e+00
-4.652196602269448533e+00
-1.445654100501428951e+00
1.085178196969736941e+00
-3.353324204959462485e-02
-4.473789193604897463e+00
-8.648163812103224046e+00
-8.408990263956100719e+00
-2.418723016491195033e+00
6.385152551858517711e+00
1.247014808778633643e+01
1.146138171281852891e+01
3.309652872284485348e+00
-7.445703594030199213e+00
-1.459262492675371092e+01
-1.433398005739618597e+01
-7.691673033243231039e+00
4.215413988890617247e-01
4.729596520537005411e+00
3.165950685740497317e+00
-2.011659483621223377e+00
-6.218416247027606758e+00
-6.044243465500786172e+00
-1.640957447523371915e+00
3.682295514171294304e+00
6.190059685405682188e+00
4.595879796603854928e+00
8.784242450694883519e-01
-1.517084211847677055e+00
-6.108820902447889001e-01
2.398449586224281838e+00
4.043110544884493507e+00
1.477140607907674097e+00
-4.872846989397894291e+00
-1.103133842325765990e+01
-1.198731958404315989e+01
-5.321827550340636037e+00
6.644820908911497348e+00
1.783365172889729067e+01
2.200947536738976495e+01
1.666477893312795189e+01
4.618923604875701194e+00
-7.708211896017532538e+00
-1.418907144933472075e+01
-1.252123488475379531e+01
-5.219622618747735920e+00
2.370474827491563907e+00
5.570641046566354504e+00
3.088577658102149126e+00
-2.623759791993784063e+00
-7.325637247750682590e+00
-7.790931984454434911e+00
-3.659540824301722672e+00
2.644378637017430478e+00
7.609721917038143602e+00
8.729199181120048223e+00
5.736063067150425354e+00
4.474138243552150396e-01
-4.449391610188005330e+00
-6.832519929323601637e+00
-6.040985639478237523e+00
-2.919390852612171017e+00
8.160525039727881680e-01
3.460386081849966544e+00
4.031378545390328583e+00
2.561491904931744390e+00
-6.811458824421134928e-02
-2.614734138999294188e+00
-4.036386427974155922e+00
-3.870099835695741231e+00
-2.273882390103932227e+00
2.238245485585170780e-01
3.047111262257890640e+00
5.722981032837306081e+00
7.783652716997886856e+00
8.596137786210810816e+00
7.416701714867946826e+00
3.819542135837016517e+00
-1.700638214994263819e+00
-7.436612031079374852e+00
-1.091543455186890554e+01
-1.006782101119673101e+01
-4.536621269605778828e+00
3.727155836844858960e+00
1.113295687601064188e+01
1.418801154125880970e+01
1.137952439547922801e+01
4.081658482510786889e+00
-4.112343243431746842e+00
-9.294969101005710499e+00
-9.293672100968260352e+00
-4.694537022391252812e+00
1.683896526333362065e+00
6.454248388321886409e+00
7.428430174038561873e+00
4.518231025746544560e+00
-5.697683247035492116e-01
-5.447330353533227587e+00
-8.209441866072785032e+00
-8.069911288720756914e+00
-5.363639364907327511e+00
-1.191818965019685095e+00
2.973486384258318793e+00
5.632079866097268628e+00
5.649992182987602973e+00
2.756807138091816878e+00
-2.060498065258865807e+00
-6.656443628043637872e+00
-8.553631139047613630e+00
-6.253353376644602335e+00
-3.109487817132678966e-01
6.604897868796559379e+00
1.093713396810457184e+01
1.019672232814758139e+01
4.516461908062590958e+00
-3.220582497853571091e+00
-8.888407183902810260e+00
-9.442999863052587983e+00
-4.678397593913281582e+00
2.673315048820261719e+00
8.575546295138467556e+00
1.004985999123174523e+01
6.811981876569218386e+00
1.202169538895542455e+00
-3.473760800503514101e+00
-5.075870604403244002e+00
-3.855808588490273525e+00
-2.030412442408046747e+00
-2.052609698646497005e+00
-4.768825079575182535e+00
-8.699889087466083026e+00
-1.092754815005165625e+01
-9.016323204982215955e+00
-2.730920949178297086e+00
5.561314090071308058e+00
1.208644783999826444e+01
1.375123252315486155e+01
9.875526932707950678e+00
2.551645862553986177e+00
-4.556649551373990192e+00
-8.246983427181529436e+00
-7.457478271196805508e+00
-3.655149688104893269e+00
2.257552772876777747e-01
1.619495334137320608e+00
-1.515105707222690612e-01
-3.541021915359467531e+00
-5.789053649178512728e+00
-4.664042622504686264e+00
8.569748857901560157e-02
6.418933277164231122e+00
1.102453564287485044e+01
1.112113009234802696e+01
6.031962655490119118e+00
-2.347192381070188461e+00
-1.045432578400580326e+01
-1.484267319197435775e+01
-1.385559725915303098e+01
-8.292564120252174931e+00
-7.610469192301767549e-01
5.828540652087930596e+00
9.698559620383408131e+00
1.075288164911521882e+01
1.003345116499410139e+01
8.597006482096006152e+00
6.673132864342173676e+00
3.710010275519215028e+00
-7.703768123738341522e-01
-6.219680845308597661e+00
-1.084490216166847176e+01
-1.244674887980471922e+01
-9.838162475328280365e+00
-3.853744273329745340e+00
2.858858220754300739e+00
7.274776371340847092e+00
7.781591187569767420e+00
5.123951465414666728e+00
1.815741095241949932e+00
3.695943618965123467e-01
1.541212814853608393e+00
3.822123309063903296e+00
4.570882623244941989e+00
2.015611132020510343e+00
-3.289227376252233714e+00
-8.623401675500225849e+00
-1.082425875811334848e+01
-8.399990655202007162e+00
-2.556696015948964451e+00
3.588424699338037094e+00
7.057131758182739745e+00
6.881322910478048449e+00
4.496278620537687232e+00
2.434815477830305497e+00
2.330252826531581611e+00
3.718727172038190254e+00
4.516393102647571212e+00
2.791100925270963540e+00
-1.520094410125037099e+00
-6.263101363271669442e+00
-8.398356360319063185e+00
-6.088582020837488784e+00
-6.410257513435091425e-02
6.696902922652902213e+00
1.074541764044473346e+01
1.017892215167483982e+01
5.589292319413413423e+00
-5.531617711842005125e-01
-5.495669214140912473e+00
-7.640372863062674824e+00
-6.987843403414347065e+00
-4.581874714671248405e+00
-1.621712813583974899e+00
1.058805877582319921e+00
2.963239979775287747e+00
3.715286994046772318e+00
3.092003090755716777e+00
1.341477692700173252e+00
-6.332115157300088892e-01
-1.650464625005568342e+00
-1.104716239177317538e+00
3.645136508601830583e-01
1.115153910960277939e+00
-2.633446153105162280e-01
-3.546905447289814717e+00
-6.505764366373218088e+00
-6.165873693552139656e+00
-1.050072917519786042e+00
7.210910957220101558e+00
1.431472674481466711e+01
1.581604696378812847e+01
1.017325734508648338e+01
1.254423904968551273e-01
-8.792161165136869627e+00
-1.177830084146630973e+01
-7.950343918329254578e+00
-8.861070210011170456e-01
3.961421380065881070e+00
3.188988230241722288e+00
-2.124507011703317794e+00
-7.285088722368973535e+00
-7.551317702693727263e+00
-1.780658108583921262e+00
6.571080322480015390e+00
1.188085091676862604e+01
1.043946632412349729e+01
3.146608918289906853e+00
-5.189581478930057834e+00
-9.400327092593876444e+00
-7.651338970349793378e+00
-2.491868302964193038e+00
1.479917499073673426e+00
1.439405914656062269e+00
-1.416370103088457899e+00
-3.020893107498391572e+00
-1.048502727779011545e-01
6.585806016805853425e+00
1.225758423741661929e+01
1.152369136583358333e+01
2.836892153443592690e+00
-9.584556588986675507e+00
-1.811030971807860368e+01
-1.690084396373374176e+01
-6.244910358497410385e+00
7.254692244841286275e+00
1.500247637907494891e+01
1.228139665331344332e+01
1.491690604644615892e+00
-9.598565957478879085e+00
-1.336688233704780693e+01
-7.671597066773901297e+00
2.790767794589715134e+00
1.001084491336340321e+01
8.463045486752115210e+00
-1.008813435813157522e+00
-1.192088088323969330e+01
-1.681811426349709748e+01
-1.243249199998942522e+01
-1.695750495723094886e+00
8.602890888603745623e+00
1.257463951110090505e+01
8.914873316197056141e+00
1.092181238471854998e+00
-5.658723668860710987e+00
-7.999608265602896395e+00
-6.121549177992413604e+00
-2.535227327152575594e+00
5.175743985306584527e-01
2.694033978158134612e+00
4.991594804918864980e+00
7.813066255942672456e+00
9.690669485685896589e+00
8.088804609863618822e+00
1.791820541251456067e+00
-7.190159878803746629e+00
-1.411416332688042274e+01
-1.446325919897175538e+01
-7.338111726421020720e+00
3.372406775898862286e+00
1.121992616990186420e+01
1.147230633071304418e+01
4.427373755924184806e+00
-4.697871916258615776e+00
-9.341975514398871638e+00
-6.149448440784627046e+00
2.734265881981184698e+00
1.124016754338729385e+01
1.365496732844878380e+01
8.523021472984911640e+00
-5.572717084692441203e-01
-7.666892036935082366e+00
-8.730019352308804770e+00
-4.104762927984894283e+00
2.103896232493061014e+00
5.267423702352574288e+00
3.501215117327118875e+00
-1.341053835127436145e+00
-5.424797045106981130e+00
-5.891513707896059771e+00
-2.751397567672615896e+00
1.529093971742232938e+00
4.143100609661498623e+00
3.961877443219993022e+00
1.953146464453384912e+00
-7.574125572526269057e-02
-1.145679532520028854e+00
