4.022461256627995141e+00
-5.004506624092004863e+00
-1.137782134000763890e+01
-1.215528329326938106e+01
-7.523355000224228206e+00
-3.473509130732703731e-01
5.713989741993536597e+00
8.294069636710714732e+00
7.350264936802402893e+00
4.652685505281822564e+00
2.264588156783886141e+00
1.150088543335840097e+00
8.385644096744673259e-01
2.382488950479508816e-01
-1.161449143462707667e+00
-2.709712323906626530e+00
-3.118320231752091054e+00
-1.666429361332547820e+00
9.254042310849339703e-01
2.761593325168236746e+00
2.114707642065087434e+00
-1.114706974219595415e+00
-4.993990164413125044e+00
-6.684924249242111927e+00
-4.434054649368440515e+00
9.811710659003279877e-01
6.493812150316850662e+00
8.665999229683357896e+00
6.031845492346639581e+00
2.061424873390450552e-01
-5.108731663316103067e+00
-6.608977456425963126e+00
-3.650018989588366569e+00
1.343510045142561227e+00
4.658748776398343949e+00
4.023449728175251927e+00
3.087703169256162949e-01
-3.077472323515414221e+00
-2.735319960432071262e+00
2.055611275811870531e+00
8.509689528139530168e+00
1.205428930669586407e+01
9.473399114929119236e+00
1.290717277543770081e+00
-8.317094694006309297e+00
-1.408674200622675698e+01
-1.299933314506989568e+01
-6.133496186640334358e+00
2.166794129266002233e+00
7.166465971386545952e+00
6.659864933831180167e+00
2.016660254813779751e+00
-3.174995132471645665e+00
-5.725065878389964169e+00
-4.816195049492960401e+00
-2.067228122479345842e+00
1.052513220058378385e-01
4.206436827064929940e-01
-5.082020271657706756e-01
-1.031420790906106832e+00
-8.740779799195946831e-02
1.790877967675874816e+00
2.903673032117916719e+00
1.869060121518955286e+00
-1.070370728772020774e+00
-4.013186405688418112e+00
-4.721868534091655967e+00
-2.310596298101371904e+00
1.998133234381208156e+00
5.646140203069073493e+00
6.485233032812503851e+00
4.216430894577242405e+00
4.928499112328443843e-01
-2.331596037904734242e+00
-2.835126321489549017e+00
-1.345924876311568985e+00
5.716418000471592542e-01
1.449484406517409285e+00
9.763057287467543643e-01
-7.407597065332893749e-03
-4.716224942184799596e-01
-2.342394275200315457e-01
-1.585132663739263204e-01
-1.315984762440075340e+00
-3.808900347637805162e+00
-6.282515561173081409e+00
-6.657169141528640033e+00
-3.647618598035294646e+00
2.040818343144678693e+00
7.801889880712257863e+00
1.057509652817046053e+01
8.734418483912945064e+00
3.150497786675621192e+00
-3.298828667861701369e+00
-7.444527048542472158e+00
-7.635759832777711864e+00
-4.499863702550864986e+00
-2.693453389651723207e-01
2.746905891822054802e+00
3.480851236829685558e+00
2.417579775184002244e+00
8.823722497138921650e-01
-3.397194653532620290e-02
-1.176601172840500836e-01
1.089463691259599243e-01
3.965774987056318313e-02
-4.515846348880160344e-01
-9.663333417491812849e-01
-1.014497083816024103e+00
-5.022461969445861651e-01
1.501733879749118095e-01
3.477543972450689580e-01
-1.782956741859235694e-01
-1.124857853489344750e+00
-1.825949038187811624e+00
-1.750732754468182772e+00
-9.038790924379922487e-01
1.731565253061894682e-01
7.923437252361678063e-01
6.054119865378866372e-01
-1.642410347786003588e-01
-8.936448228386857373e-01
-9.934656895943726473e-01
-2.906635634036910387e-01
8.900746658686048418e-01
1.971757036739509639e+00
2.504531963087012869e+00
2.419062579019523263e+00
2.002988217721648478e+00
1.643432423009480781e+00
1.525546113672758386e+00
1.493561745632951743e+00
1.170060089860542218e+00
2.635501251741563244e-01
-1.131869916028290568e+00
-2.457390907738767449e+00
-2.931684326906748517e+00
-2.021452178365988228e+00
1.263198942483371723e-01
2.594417311653530955e+00
4.091954281659367254e+00
3.681927519158519679e+00
1.419579795644934972e+00
-1.548526546231616896e+00
-3.590208317169853114e+00
-3.599729044297459879e+00
-1.776653632159270302e+00
4.101669965524856187e-01
1.164704248265385766e+00
-3.355076385108138326e-01
-3.169114558163060646e+00
-5.067405404715199069e+00
-3.863655766344824105e+00
8.885128526881125310e-01
7.247629147359236690e+00
1.175777669126366654e+01
1.145292411503111829e+01
5.772281026745114119e+00
-2.872514781364492897e+00
-1.032720294580174070e+01
-1.302035821997512599e+01
-9.960991260363716293e+00
-3.186441300392736764e+00
3.565089465979652594e+00
7.063448739567239620e+00
6.285817853518070208e+00
2.642452006598415171e+00
-1.222413632312130183e+00
-3.125511427205551751e+00
-2.433700698566006793e+00
-1.799902235651484883e-02
2.626102783489957737e+00
4.317327730627458671e+00
4.578252306608834310e+00
3.444189497996415383e+00
1.127969078586814167e+00
-2.032900161948270501e+00
-5.341400190384029578e+00
-7.620666312562806688e+00
-7.599039043234907531e+00
-4.734164259602825275e+00
1.041657227887753390e-01
4.757663301845086679e+00
6.870147741609227587e+00
5.348325598440755613e+00
1.185865531884157553e+00
-3.031833832328749700e+00
-4.730528974059915015e+00
-3.016651488200798426e+00
7.509750800535812676e-01
3.923299707852766716e+00
4.407555059373553519e+00
2.097119871428941629e+00
-1.133983951493746645e+00
-2.857026381466059028e+00
-1.884240962485477455e+00
8.867042922644006175e-01
3.195400210911127914e+00
3.159912971701987150e+00
7.282214914220568325e-01
-2.253835028882160252e+00
-3.418418629140351328e+00
-1.672473531672275637e+00
1.930600672184816347e+00
4.908869056595031921e+00
5.142910295392669084e+00
2.421967381187899004e+00
-1.398228992400973425e+00
-3.747872228652674220e+00
-3.216092646539547850e+00
-5.735467816118010598e-01
1.801275389362634982e+00
1.672146788668210649e+00
-1.398063076996694853e+00
-5.674251985871472392e+00
-8.415765205666641435e+00
-7.741350726533623217e+00
-3.880743917981868130e+00
1.026890896241910767e+00
4.385658022869057149e+00
4.795851015594704947e+00
2.787656162428265194e+00
2.280756638464020991e-01
-1.067944511845069444e+00
-5.018273972987422615e-01
1.124162149739936334e+00
2.394676199379448089e+00
2.361782180892489702e+00
1.125486946277499456e+00
-4.146237480510344686e-01
-1.326673255383687078e+00
-1.295030269416350688e+00
-6.982685575716379711e-01
-1.608771567859957341e-01
-1.555648932288497543e-02
-1.140357621204801664e-01
-8.114444630606668096e-02
2.685760872807950173e-01
7.344882526062185280e-01
9.093995958353339182e-01
5.527924518758150496e-01
-1.806753606339093210e-01
-8.506600582442329639e-01
-1.068636910719492406e+00
-7.635057029279420648e-01
-1.602172593332452655e-01
4.698358505978943445e-01
1.019290809579768586e+00
1.501291017925920901e+00
1.809267833913988266e+00
1.576490339448083811e+00
3.922153891737836240e-01
-1.696887080365688583e+00
-3.822476213272465451e+00
-4.526175582079175364e+00
-2.651411247778757918e+00
1.617396237949470850e+00
6.379663230424185372e+00
8.818041054817681967e+00
6.893957166988221807e+00
9.100704330983444557e-01
-6.211971298910028416e+00
-1.037974641992648905e+01
-8.795316822305300875e+00
-1.912426451534592342e+00
6.492405637334941915e+00
1.139289284170559746e+01
9.574411437626951127e+00
1.769213648936505123e+00
-7.581571813152496730e+00
-1.292240027282243098e+01
-1.098210610889576877e+01
-2.839956940498314708e+00
6.685342377260345970e+00
1.197769898793226950e+01
1.005469920060557243e+01
2.328199400388101026e+00
-6.388029852720096713e+00
-1.093881312559403085e+01
-8.972029622358171252e+00
-2.191110503912335528e+00
4.978511579546482047e+00
8.320477740785126031e+00
6.398014166222798949e+00
1.155898026427229608e+00
-3.674929103896913851e+00
-5.153510652400731473e+00
-2.920498346168690862e+00
8.983708842054618504e-01
3.427857523292725528e+00
3.084921063870444957e+00
5.005443571980923156e-01
-2.207889794363224301e+00
-3.144461572728561194e+00
-2.011497373672434641e+00
-1.778461029788955816e-01
5.238327623108520736e-01
-6.971946747991187854e-01
-2.927414294044472953e+00
-4.208658349916749586e+00
-3.006073608451649726e+00
6.095873960871303066e-01
4.921906473637474910e+00
7.677392370547861056e+00
7.529337086335506690e+00
4.806916235842679797e+00
1.136760778962178309e+00
-1.715978208078315470e+00
-2.907723518246595251e+00
-2.765576118272398354e+00
-2.185485472466713652e+00
-1.774006871614091541e+00
-1.445075183096660165e+00
-7.312745834668277212e-01
5.540701918940937887e-01
1.946777293068083559e+00
2.614348091626915949e+00
2.058899384278832567e+00
6.126910341921671943e-01
-7.536259648508726317e-01
-1.206283448980987272e+00
-7.687081849999655159e-01
-3.318740128840903525e-01
-8.588267813851504506e-01
-2.392865631049354569e+00
-3.739036328907090478e+00
-3.231652971305756683e+00
-1.279891082530103530e-01
4.441352461999582779e+00
7.845819420050265336e+00
7.600156975112443369e+00
3.212659846264262598e+00
-3.139744902415910310e+00
-7.766763778164937015e+00
-7.812083325029880676e+00
-3.214604535290789045e+00
3.141869584273760729e+00
7.302767369243204243e+00
6.907807284058856467e+00
2.788044240413662056e+00
-1.669387171836042016e+00
-2.985853438209506105e+00
-1.510019945150422593e-01
4.573082616257528876e+00
7.232571315265849954e+00
5.065592340213359357e+00
-1.365165813898167713e+00
-8.357416793096568597e+00
-1.151219760070608800e+01
-8.760066114710674867e+00
-1.849534532109243123e+00
4.769673085281279867e+00
6.921000410551474857e+00
3.491192994222962476e+00
-2.870502791847380220e+00
-7.593924841878286536e+00
-7.277355553233052277e+00
-1.917918412659301186e+00
5.173580867755449120e+00
9.616552730244716685e+00
8.777363711024889881e+00
3.293060349227552308e+00
-3.576087447346423254e+00
-8.149139589984574883e+00
-8.518217759779535214e+00
-5.358032997721352331e+00
-1.054041521940797033e+00
2.015545107069287134e+00
2.801660768097147702e+00
1.764598522112492018e+00
8.471383933036663594e-02
-1.302438795586561282e+00
-2.125859348111581060e+00
-2.526142753544321273e+00
-2.570422246962681179e+00
-2.071004956307518796e+00
-8.566546050026195847e-01
8.317662530931624332e-01
2.284172727660082280e+00
2.750293603449292412e+00
2.031112489439180990e+00
7.104229365363545767e-01
-2.302476481627648841e-01
-1.532087392585426144e-01
7.264982302328970576e-01
1.500760076189991965e+00
1.301680430382907927e+00
3.334208959915288539e-02
-1.499632717644185487e+00
-2.199596735910469114e+00
-1.554517037865186246e+00
-8.170479806727115601e-02
1.043207683751224968e+00
9.039424619251269499e-01
-4.140122857521166821e-01
-1.862387213798848196e+00
-2.245070734171147109e+00
-1.173943807448534660e+00
6.079664080374297397e-01
1.825733262913977084e+00
1.742959848318288429e+00
8.409356227956085172e-01
5.097527550121720985e-01
1.918884712613900811e+00
4.914404700788711722e+00
7.841381295801546969e+00
8.537168295842741728e+00
5.853590921028954064e+00
6.145817893986031955e-01
-4.735207071502327558e+00
-7.615757524524349620e+00
-6.931259577870267918e+00
-3.704682916189498076e+00
-2.931289077289822020e-01
1.251121043235655872e+00
5.168045001429164564e-01
-1.152038244191948335e+00
-1.796221714559936622e+00
-3.791425551580236419e-01
2.392297074477149010e+00
4.537549899385725283e+00
4.207266458857466418e+00
1.019337262094354379e+00
-3.599023330266535314e+00
-7.270910667652063175e+00
-8.114621192375652825e+00
-5.802506398545433264e+00
-1.589632812699337538e+00
2.598314635376201220e+00
5.323479321480621529e+00
6.270546516799516468e+00
6.039881306938315930e+00
5.395373051126652442e+00
4.597914926246855494e+00
3.308407695307948870e+00
1.069017852960556958e+00
-2.065210618185580049e+00
-5.266015135338392383e+00
-7.276307011472277431e+00
-7.149192719726135792e+00
-4.885758378900860066e+00
-1.531937940627693173e+00
1.358793911868087623e+00
2.585836165024132605e+00
1.965382265147311402e+00
3.881818354607665111e-01
-7.786308710358735841e-01
-5.955815595067491808e-01
7.961634916825964803e-01
2.212169300060185417e+00
2.193808519075432173e+00
8.295939766993609688e-02
-3.281687650983923898e+00
-5.785942837207396217e+00
-5.198365265236807531e+00
-6.644301020447893613e-01
6.393487181179249745e+00
1.266882521525131367e+01
1.462266422960685297e+01
1.053806307437134038e+01
1.743166964243851424e+00
-7.849205175254491351e+00
-1.375855984222910244e+01
-1.339181826526356467e+01
-7.469392486626817984e+00
4.702433709041363707e-01
6.203277371416815456e+00
7.274551985570451684e+00
4.255955194822334420e+00
7.340236395093302502e-02
-2.078776572595393279e+00
-8.248560959782449409e-01
2.652334950118171442e+00
5.610730730532500488e+00
5.702467857773470428e+00
2.507962507580007383e+00
-2.342999302310603937e+00
-6.417447247360680507e+00
-8.108080979100460439e+00
-7.478348066448997855e+00
-5.819177601540352462e+00
-4.393104112245330484e+00
-3.407011574105594853e+00
-2.008079645760004084e+00
7.419264541217920339e-01
4.737465529764142147e+00
8.496997954205735226e+00
9.970243474903440983e+00
7.947793742792681471e+00
3.048840798180552092e+00
-2.468997908673228103e+00
-6.008387993205251298e+00
-6.188510155424568282e+00
-3.626605053011671131e+00
-4.458111304973174649e-01
1.134005353305484576e+00
1.843212002711095421e-01
-2.436376681999832705e+00
-4.726383559736714979e+00
-4.843695593174822456e+00
-2.232734205191352128e+00
2.065668692126421124e+00
6.014501567103731183e+00
7.670227675876707174e+00
6.150603984041731032e+00
2.034989292941601580e+00
-2.908881713237896349e+00
-6.483595860362529884e+00
-6.978020659576590567e+00
-3.905628972392591436e+00
1.704068878585596858e+00
7.610558865444106758e+00
1.122033497464316909e+01
1.070712915696128853e+01
5.911317858053178220e+00
-1.451215759753735179e+00
-8.455212519619497158e+00
-1.224620736834697965e+01
-1.132140633679525976e+01
-6.170534021405367220e+00
1.027399706150609715e+00
7.451775883522589794e+00
1.086711221326121191e+01
1.044024098067892936e+01
6.850861103153199849e+00
1.786095075182583258e+00
-2.843519389065523484e+00
-5.615608881327759150e+00
-6.022324513308385363e+00
-4.543179104546730684e+00
-2.374836172472893026e+00
-8.826193145763991943e-01
-9.374144536347071011e-01
-2.426040799626791866e+00
-4.246619414152370098e+00
-4.904861654975491092e+00
-3.455047046052097670e+00
-2.178296025245400891e-01
3.265617954317592719e+00
5.138862781679321756e+00
4.476478112677975574e+00
2.014267471627836148e+00
-2.408312056836783843e-01
-3.758231674594090799e-01
1.980556950939183825e+00
5.192660794522125478e+00
6.594649784342856869e+00
4.349844922991762175e+00
-1.076620729591443615e+00
-6.941628384927916784e+00
-9.865399121884552258e+00
-8.055777918566414897e+00
-2.593553289544707319e+00
3.165656376909657066e+00
5.736690307391567600e+00
3.768521396245402055e+00
-1.117266732870640933e+00
-5.486856580910090209e+00
-6.444077759672971695e+00
-3.542295702737444429e+00
1.042175216040446939e+00
4.141584847205940889e+00
3.842267549816519079e+00
7.612703296442475676e-01
-2.499485116663293649e+00
-3.271744836631758524e+00
-7.227790562659013318e-01
3.578978701042841326e+00
6.769828657073635902e+00
6.639766815321648252e+00
3.072055205159279545e+00
-1.944667318586489779e+00
-5.630410940793357355e+00
-6.097051746031260322e+00
-3.316147127917393966e+00
1.112620733030359688e+00
5.050214405917646587e+00
6.960546263394228994e+00
6.452556123484813888e+00
4.106302355765034662e+00
9.359912531935608015e-01
-2.071802803298728346e+00
-4.162381666166247385e+00
-4.872848119874063855e+00
-4.126255637230428874e+00
-2.361585671527539176e+00
-5.071277913145260108e-01
3.723839649023427123e-01
-3.332475385195383111e-01
-2.310861730694287353e+00
-4.359094582812999441e+00
-5.010729607854585765e+00
-3.408987108529148990e+00
1.109250860565333952e-01
4.120014284415733030e+00
6.824657931254007437e+00
6.984812582425418803e+00
4.496681497965002272e+00
3.704106634814681165e-01
-3.788674502559114643e+00
-6.455653107325588280e+00
-6.707823906518319390e+00
-4.468639814964636692e+00
-5.006302637079851348e-01
3.808253767047105054e+00
6.865276866523817745e+00
7.467139397330067041e+00
5.381321542746540842e+00
1.587013422985892319e+00
-2.087301555489207594e+00
-3.867002192386438608e+00
-3.013263584063654577e+00
-2.658843566034027606e-01
2.595720406558447380e+00
3.844207782034577914e+00
2.849553163286644875e+00
3.811114608847798735e-01
-2.018820347328648346e+00
-3.113890808503573915e+00
-2.716002323260016560e+00
-1.585385926416068347e+00
-6.487298523652950122e-01
-2.205169964230970781e-01
1.252072200053461204e-01
9.587293195625385955e-01
2.238954952404522469e+00
3.126581217323814332e+00
2.621477845116467975e+00
5.411948828940242873e-01
-2.023200948693534063e+00
-3.296833552199270212e+00
-2.137892916489460227e+00
9.125940441421573901e-01
3.764382830047440898e+00
4.163715061735319800e+00
1.399344967239114723e+00
-2.961117228678281421e+00
-5.967943670941221690e+00
-5.287881898551788140e+00
-9.038551137820212134e-01
4.738699681845731426e+00
8.295799220869936264e+00
7.709282240734453673e+00
3.467070355788265168e+00
-1.913201182081096574e+00
-5.711613037479660093e+00
-6.740035381994749386e+00
-5.732412025803164113e+00
-4.249903889963876580e+00
-3.137828545830887439e+00
-1.880513687141072587e+00
6.039802266610438952e-01
4.450924038387669590e+00
8.022276252573755428e+00
8.680142502246667391e+00
4.759878246882469632e+00
-2.752271950710804660e+00
-1.028717388448661474e+01
-1.372341485410467499e+01
-1.107887137536434707e+01
-3.938203283803605181e+00
3.497595142987492522e+00
7.158159990026004671e+00
5.738598745042613913e+00
1.364965549375355192e+00
-2.147530691823248183e+00
-2.136239592555278843e+00
1.050396528411730035e+00
4.495486767934460559e+00
5.052855764090410595e+00
1.790786002536642663e+00
-3.279843876408063519e+00
-6.692649216099690435e+00
-6.074988021926379211e+00
-1.858428074332962865e+00
3.069847195253092131e+00
5.445097392970557060e+00
3.867508177554027871e+00
-3.818885443617018316e-01
-4.410648452735471459e+00
-5.748567521457135676e+00
-3.832446212213712400e+00
3.593753915395403453e-03
3.780320859775719633e+00
6.251004896094030094e+00
7.376827330091867196e+00
7.742459777614470795e+00
7.632427516981237225e+00
6.665384209421766570e+00
4.278815829608323185e+00
5.455908448507273967e-01
-3.499958951030145649e+00
-6.399145797253066092e+00
-7.253571610478997123e+00
-6.317964853893707655e+00
-4.683236026317822542e+00
-3.324748274902750378e+00
-2.359834836246025080e+00
-1.186430502790126518e+00
6.179574620102130655e-01
2.491485564697851096e+00
3.036829164233886047e+00
1.186881914454529285e+00
-2.515021435524751325e+00
-5.715047004329014690e+00
-5.597783162673357182e+00
-1.000604738274415428e+00
6.278064670651581025e+00
1.216079516375475222e+01
1.276165730632048323e+01
7.053542582842344366e+00
-2.171006313574256996e+00
-9.859057362402815272e+00
-1.183099354763447764e+01
-7.390661199558474337e+00
3.610594793365102806e-01
6.685704293964790601e+00
8.297558489637987478e+00
5.247419477155445655e+00
4.041389560018744387e-01
-2.903500618481821949e+00
-3.253019896377531417e+00
-1.799858308463302858e+00
-9.223784005345305737e-01
-2.046696810421162471e+00
-4.405233086846616963e+00
-5.670953865104479519e+00
-3.911228216002884395e+00
7.103254508023898461e-01
5.829657457008726951e+00
8.468204015377965632e+00
7.110837163037854403e+00
2.733026017009386077e+00
-1.937887364834807835e+00
-4.315092041832619962e+00
-3.581598829049736921e+00
-9.343927911838185718e-01
1.572577552215185692e+00
2.574337760896470595e+00
2.142581263246704282e+00
1.296318154812208023e+00
8.570180807999416839e-01
6.974972711954952054e-01
9.833763873946743672e-03
-1.704550388314118647e+00
-3.858249053257714944e+00
-4.978613828348469994e+00
-3.815906761760354815e+00
-4.851230262338794841e-01
3.335571250959100453e+00
5.423721266517901540e+00
4.558401169208024406e+00
1.441376533110801716e+00
-1.736941254819276415e+00
-2.819720068694814064e+00
-1.207627352250981057e+00
1.721205764035857344e+00
3.603416002204661517e+00
2.783515826906536095e+00
-4.961722661041706450e-01
-4.234431769400547552e+00
-6.014675059056589390e+00
-4.604923749801407062e+00
-7.389228472915656543e-01
3.384842378451597966e+00
5.475554337840224939e+00
4.463719944893156821e+00
9.698586475520878381e-01
-3.230178800343631362e+00
-6.272059785574114699e+00
-7.107549460877125469e+00
-5.799827519049903124e+00
-3.218398977501945701e+00
-4.651670962770788620e-01
1.611406715918747068e+00
2.643482962913043188e+00
2.735696477310489705e+00
2.315090583467664942e+00
1.903703213389382976e+00
1.858098366817273694e+00
2.162351835524091825e+00
2.406583603378377845e+00
2.030559983242794964e+00
7.423592706570620869e-01
-1.150151577672255510e+00
-2.769253505224320122e+00
-3.123913555861897784e+00
-1.749812051860765827e+00
8.879291606084863675e-01
3.538759449417943070e+00
4.818357409933466506e+00
3.982172273887885083e+00
1.341215515806998493e+00
-1.929419266169281721e+00
-4.448404343994658561e+00
-5.334105944271222199e+00
-4.554206866453314184e+00
-2.780075406173554420e+00
-9.155700129849775326e-01
3.843777287678453169e-01
9.632580461697887175e-01
1.124152584003114574e+00
1.392169699005056938e+00
2.205774376714791707e+00
3.640519120006117770e+00
5.259138937846442374e+00
6.193207653223859133e+00
5.518511913366281441e+00
2.829517576223408604e+00
-1.289077344671454073e+00
-5.273828726023459978e+00
-7.254766982363184624e+00
-6.131939762664440963e+00
-2.414411124143192033e+00
1.823649046819814323e+00
4.026983282612876636e+00
2.724426094387126351e+00
-1.424757688198913685e+00
-5.885599221534337566e+00
-7.768842724517769582e+00
-5.693487385298463543e+00
-7.453161116512316831e-01
4.172157272640341752e+00
6.217352171350981394e+00
4.469654332156351551e+00
4.917124718643224313e-01
-2.800462418458277813e+00
-3.172527783396127177e+00
-5.857860472606460922e-01
2.861158666499827419e+00
4.487175883974540369e+00
2.939844212689810998e+00
-9.045781909503533003e-01
-4.653482652068595904e+00
-6.138515252549821888e+00
-4.877220346968226039e+00
-2.212324214334045358e+00
-1.152009399382871724e-01
3.573165422710882777e-01
-2.526477717626259833e-01
-4.664790656043109052e-01
7.128617263925621783e-01
2.814541057766997589e+00
4.180796115727535067e+00
3.326860133506078121e+00
3.002810767410286630e-01
-3.089957898664375868e+00
-4.453124215445842360e+00
-2.576943453628951719e+00
1.563213126042569900e+00
5.366098479077864525e+00
6.394098479487364983e+00
4.105449806309169780e+00
2.467475304036167438e-01
-2.410161216187442612e+00
-2.081530184911946080e+00
7.353467977655611110e-01
3.640940075630695549e+00
4.109731115852540029e+00
1.363435762007573437e+00
-3.027408015355420368e+00
-6.244969123843516989e+00
-6.214258126202828691e+00
-3.031788894548895996e+00
1.182706590000776492e+00
3.857284036943221306e+00
3.775067205162325301e+00
1.794346880619051898e+00
2.701772071524999319e-04
-1.376239459451761293e-02
1.597415633871047902e+00
3.093282850127451855e+00
2.593520378362716539e+00
-3.133635240508289010e-01
-4.056884623192980044e+00
-6.110019410708214416e+00
-4.833587524161378823e+00
-7.759250991336059666e-01
3.573790107011097561e+00
5.464525138276867366e+00
3.821345024187930317e+00
4.394280223253277384e-02
-2.944911001811884255e+00
-2.765450953560897318e+00
6.874203325058760861e-01
5.087264768389257341e+00
7.240196940339503229e+00
5.303834447375014527e+00
1.203421279715732872e-01
-5.275792287544385673e+00
-7.654419235945804978e+00
-5.729823479581065193e+00
-9.863331363143943431e-01
3.359186792496013041e+00
4.527930765677003144e+00
1.992154015706407488e+00
-2.284707140175754603e+00
-5.291713953482947375e+00
-5.054092192486773882e+00
-1.907983229319119456e+00
1.874372440382388927e+00
3.775787412784744390e+00
2.802658857547742244e+00
8.278636915696202525e-02
-2.083593182627293317e+00
-1.980107670553475918e+00
2.618975013365288929e-01
2.806759160481247406e+00
3.540452007282524516e+00
1.716447648157748862e+00
-1.402032543153157729e+00
-3.398875585587898485e+00
-2.467314647021718876e+00
1.182618539001040414e+00
5.298138677610441327e+00
7.000818965695421170e+00
4.698253400289848614e+00
-8.031063771130566575e-01
-6.726810534094845195e+00
-9.995442537561750385e+00
-9.032518590314321472e+00
-4.560801821040953108e+00
1.016107656732044839e+00
5.125870435486332255e+00
6.407159242210891392e+00
5.154535950846122816e+00
2.740621948480174375e+00
5.855982841738657241e-01
-5.934213400830096186e-01
-8.804628266994423136e-01
-7.636501335145445823e-01
-6.826343489278241528e-01
-8.382324358663089114e-01
-1.248070972508085408e+00
-1.821028713219652762e+00
-2.308665860845778184e+00
-2.244033472216824254e+00
-1.101986814489724020e+00
1.261379849560722022e+00
4.176561739573557475e+00
6.194008732174327569e+00
5.800144958171693510e+00
2.488740961463121515e+00
-2.563612403222404801e+00
-6.862500257410552251e+00
-7.977643244462544914e+00
-5.128808229655606787e+00
1.329969341544748884e-01
4.749773370771912084e+00
6.061090972474985072e+00
3.543427033666712855e+00
-8.372557600071779405e-01
-3.961868672556819959e+00
-3.693756044753357504e+00
-3.263172772684547196e-01
3.680546086058315680e+00
5.479884252126637101e+00
3.845180154124807625e+00
-3.899451784754293104e-02
-3.543121524159680291e+00
-4.556547817162899250e+00
-2.967067604042833651e+00
-5.699870405884326363e-01
4.687122988215716157e-01
-6.312277967131637579e-01
-2.664316946959472965e+00
-3.455793880448834621e+00
-1.682489426369885077e+00
1.953582481248416602e+00
5.153285826477355336e+00
5.748760786787720178e+00
3.393188793077749121e+00
-1.269863104229566053e-01
-2.239569450514383053e+00
-1.573121570389360846e+00
9.671680015531893826e-01
2.904382257553299596e+00
2.162599794401496300e+00
-1.222332594166563258e+00
-5.023951975531702807e+00
-6.502220567966716658e+00
-4.572979634448760322e+00
-7.625051249888377125e-01
1.877498781714533438e+00
1.149005693006889040e+00
-2.425196285390391004e+00
-5.757191952278894576e+00
-5.400988714981552974e+00
-2.572912937309441705e-01
7.255643911556516557e+00
1.256162432825766828e+01
1.198315019599438003e+01
5.371966823546038938e+00
-3.589245129941196932e+00
-9.709209133215061627e+00
-9.675462528919524630e+00
-4.180553662517600522e+00
2.664562153036701631e+00
6.189905097463674011e+00
4.297723542220437842e+00
-1.271313998339591800e+00
-6.322642778668612351e+00
-7.180104470332230093e+00
-3.145669070534309775e+00
3.191863718050900633e+00
7.870968796887256147e+00
8.244417074671410717e+00
4.567617947247498478e+00
-4.844118563553977408e-01
-3.844379475634208454e+00
-4.088093860161599480e+00
-2.088976818850071027e+00
-5.787808757593493336e-03
4.840285406436020677e-01
-6.439601025888090913e-01
-1.966831648735825944e+00
-1.904359382285113256e+00
-3.437145459115392709e-02
2.556522352889153193e+00
4.092254400919094870e+00
3.428027077346484042e+00
8.793294068730710400e-01
-2.017256202228328910e+00
-3.586413092450062567e+00
-3.130467398101202114e+00
-1.301614186221716096e+00
4.734246434632372047e-01
1.048453796927787618e+00
3.309861517188450453e-01
-7.358879822316838348e-01
-9.164108659290036707e-01
3.981055204941908454e-01
2.717778324665302669e+00
4.720632351010793926e+00
5.058485070228924130e+00
3.184896837722824170e+00
-2.882521133908538813e-01
-3.890390385920395655e+00
-6.053254868979596637e+00
-5.905036709428113539e+00
-3.684124244395150072e+00
-5.807300216087696310e-01
1.888465331690752480e+00
2.641557164897462506e+00
1.541343036593467941e+00
-5.986848192586915474e-01
-2.502684180044870921e+00
-3.142789443035142405e+00
-2.275747337444611329e+00
-5.060118943395575108e-01
1.148789702016763004e+00
1.913234952268294542e+00
1.715326163222788747e+00
1.162162635468787286e+00
1.056295993551067181e+00
1.786196864178041688e+00
3.011804632987819197e+00
3.867198793074395180e+00
3.547714722521627007e+00
1.882003460619515067e+00
-5.027642628487063448e-01
-2.536708416706348501e+00
-3.345082003643875090e+00
-2.746303005212710868e+00
-1.297493313227567002e+00
1.102124996365185239e-01
8.101095726844924627e-01
7.024139677734810849e-01
1.921835076204400639e-01
-1.773712171477153932e-01
-1.094470397160487024e-01
2.984448069277310100e-01
6.968686806650561394e-01
7.654703946644667578e-01
4.169417608966229927e-01
-1.920259658400874370e-01
-7.974375079026470026e-01
-1.176333849535529330e+00
-1.206685302806878912e+00
-8.463239337410142227e-01
-1.109709307323710759e-01
8.932778988261960151e-01
1.916533775440458554e+00
2.583641678256238805e+00
2.539928240520788805e+00
1.666887033546240460e+00
2.192193881565098756e-01
-1.246090218124203508e+00
-2.144916229311458977e+00
-2.187767211723262051e+00
-1.536014995805465855e+00
-6.773141620878587732e-01
-9.301521196633204258e-02
6.227615023077595624e-02
4.936106030874864992e-02
3.339993243157536318e-01
1.211872908484237010e+00
2.519168735689536476e+00
3.632492479273525809e+00
3.784521003547856477e+00
2.525952132957087759e+00
6.748485182080399269e-02
-2.709523394484041781e+00
-4.613105473235768805e+00
-4.714708357285303464e+00
-2.858172903984411928e+00
1.652033611662668822e-01
2.902308142526905055e+00
3.894115824052184482e+00
2.413496187805713955e+00
-1.082534526992836588e+00
-5.054112286730870096e+00
-7.545030213058975477e+00
-7.126613810652828285e+00
-3.650377399486353092e+00
1.599852289698052488e+00
6.470585586130317424e+00
8.948276419875288212e+00
8.097441439066408009e+00
4.444819116464336695e+00
-3.637524437085180029e-01
-4.407609169679007621e+00
-6.360123853764282131e+00
-5.945260884775483312e+00
-3.827682228393650465e+00
-1.111713269522520475e+00
1.205918995815539629e+00
2.552688727169091898e+00
2.804710797450375992e+00
2.145363705728610793e+00
9.221730053024206342e-01
-4.329061631959089107e-01
-1.470691259759936642e+00
-1.849533238708109373e+00
-1.499639010895409852e+00
-7.098099734721201592e-01
-2.094298402497130063e-02
6.498702371812892231e-02
-6.014639363370110070e-01
-1.691617173954543141e+00
-2.559842409455074907e+00
-2.594564530489052778e+00
-1.534671463011479053e+00
4.313235216649528581e-01
2.792878046216046961e+00
4.925133631873048756e+00
6.222755685106363011e+00
6.144030814981656263e+00
4.290647185490642279e+00
6.358808681910126381e-01
-4.173284603551940641e+00
-8.716866210407731685e+00
-1.118007488716152054e+01
-1.019604319779105417e+01
-5.734624985152105836e+00
5.801864514191485966e-01
6.102361688870186818e+00
8.526283219875734787e+00
7.195487385360012311e+00
3.483244662383517820e+00
-9.556493793791598357e-02
-1.529880243713088284e+00
-6.245819019864955468e-01
9.582327667378551794e-01
1.017805003355675808e+00
-1.402459144484350384e+00
-5.069776169022626178e+00
-7.235819247174015700e+00
-5.572710678846953591e+00
-4.828114378840719922e-02
6.653295052317265146e+00
1.061852885064632801e+01
9.214876099437649515e+00
2.947532582331013007e+00
-4.660841349764266894e+00
-9.187096379086504783e+00
-8.070020752390590246e+00
-2.192774505713923183e+00
4.763119647349273400e+00
8.736050573945494335e+00
7.830750088281866361e+00
3.304623324176354071e+00
-1.575491749563637134e+00
-3.896557122455869937e+00
-2.980945404805858789e+00
-5.195891064165275575e-01
9.972487616866643201e-01
2.856104429982536663e-01
-1.804393882701214480e+00
-3.081631562486142784e+00
-1.855646960571418536e+00
1.617894525142975493e+00
5.201905087989366905e+00
6.403842106462864336e+00
4.207870617124677359e+00
-1.611652474590267725e-01
-4.098384153882619785e+00
-5.438465686414147626e+00
-3.871152950897350120e+00
-9.349920004152965092e-01
1.321539364657103421e+00
1.912845342294978934e+00
1.486946462812336556e+00
1.489033493539087871e+00
2.656113062553411730e+00
4.135106551252068385e+00
4.033285208823253143e+00
1.049742741162604798e+00
-4.096584190688281168e+00
-8.678736083320583106e+00
-9.607528630252620161e+00
-5.631713643140494163e+00
1.516555263483680305e+00
7.977986923136123565e+00
1.015852482994255190e+01
7.052669572721813829e+00
8.798808486973932474e-01
-4.428215568173007100e+00
-5.846233915029229067e+00
-3.165375796143271359e+00
1.094973631863473296e+00
3.631757881221005402e+00
2.714409547203451289e+00
-7.268346202132317524e-01
-3.982750454201632540e+00
-4.670237922808614606e+00
-2.461444782211945181e+00
8.129718675140724660e-01
2.679873277067490900e+00
1.946333354922803460e+00
-4.439296287387163309e-01
-2.239481971520197234e+00
-1.715422893457280606e+00
9.229023209902104119e-01
3.654184955495482168e+00
4.189008541783124429e+00
1.768945429598977270e+00
-2.159784611625488626e+00
-4.926891580613110833e+00
-4.558319593980307616e+00
-1.218779106371007392e+00
2.884284980495295247e+00
5.058263005816215241e+00
4.003054429396788905e+00
6.593086477559446656e-01
-2.542578628859258671e+00
-3.435202154847720735e+00
-1.582094781757105828e+00
1.554004193987868820e+00
3.768613121415083533e+00
3.677787676453650789e+00
1.548364377818286286e+00
-1.114491304057761312e+00
-2.784427114664991709e+00
-2.953871164649016556e+00
-2.252216951651943688e+00
-1.676819546987567300e+00
-1.655543787269510458e+00
-1.725467859973335960e+00
-1.049326074846087309e+00
7.163269377674762461e-01
2.964088972446750514e+00
4.491941541400306548e+00
4.390071362659023535e+00
2.733825537171219011e+00
5.173804759169244871e-01
-1.114308571393586522e+00
-1.704996787346748199e+00
-1.715903388680772190e+00
-1.973891987694320393e+00
-2.825444586930985214e+00
-3.739095306563208432e+00
-3.732499037426635802e+00
-2.298558255967879660e+00
-4.322308763786758545e-02
1.574293613634317524e+00
1.299793268042157779e+00
-8.448795343755087783e-01
-3.362292610934188630e+00
-4.222068119279398957e+00
-2.331979172569344172e+00
1.547396465614733430e+00
5.188591689792134254e+00
6.389137427142839165e+00
4.527313772753402077e+00
1.036029224938207260e+00
-1.597242905707847216e+00
-1.618374279829754014e+00
7.096291070796595379e-01
3.284953276600540484e+00
3.713227478558363881e+00
1.118318367097469235e+00
-3.106783933455642632e+00
-6.189537207151845521e+00
-5.908628520594904288e+00
-2.203930233648726311e+00
2.687237134156262197e+00
5.686428371025796125e+00
4.923366319766723009e+00
9.702898870847147528e-01
-3.566627740018344372e+00
-5.786188783865092056e+00
-4.358638113136258596e+00
-2.844449754391007446e-01
3.882565884236797604e+00
5.730528350034718166e+00
4.433925029820322550e+00
1.056422023173303693e+00
-2.334378621559803690e+00
-4.011897740250856437e+00
-3.483477090577953295e+00
-1.475852534818034245e+00
7.579872408397276828e-01
2.191865339703349846e+00
2.357518807460675880e+00
1.234785894709280019e+00
-9.585794368577890134e-01
-3.771139868661577133e+00
-6.358214769415140744e+00
-7.501887046268886472e+00
-6.088699665437342645e+00
-1.903620252432698390e+00
3.821757481720130301e+00
8.682331401297593843e+00
1.026825428263351370e+01
7.611588818639808629e+00
1.947357185850659977e+00
-3.839557491975955195e+00
-6.856242974526052691e+00
-5.917905584766115723e+00
-2.194540908845436622e+00
1.674039671282272934e+00
3.405626482013464962e+00
2.579345263836461122e+00
7.581197364254933513e-01
1.517755778498942609e-01
1.806447819411320710e+00
4.676415637210155296e+00
6.314072625853883736e+00
4.724668913873830256e+00
3.375980292058322618e-02
-5.314717089969499320e+00
-8.083855145571428480e+00
-6.479901169299879804e+00
-1.505353632100901562e+00
3.602032957659395684e+00
5.533061737839286565e+00
3.189818566165850022e+00
-1.538393802410427114e+00
-5.101994026416878825e+00
-4.822734381591848418e+00
-8.398367928755712253e-01
3.946005473469282876e+00
5.941803464373427879e+00
3.503256577191187660e+00
-1.748411252363240909e+00
-5.934480897481765105e+00
-5.616359003632491742e+00
-3.226499369716464560e-01
6.888788350014316997e+00
1.129666066357000709e+01
9.596155167442514511e+00
2.128001765241176457e+00
-7.240627181017162961e+00
-1.349413144655694907e+01
-1.351512385967191676e+01
-7.818999605405387854e+00
5.300402781999902224e-02
5.921247503584380567e+00
7.458511783969080433e+00
5.195103290501021931e+00
1.595073327529302532e+00
-9.072981771946104779e-01
-1.440663651315972293e+00
-8.334336767536959512e-01
-5.107995443960959836e-01
-1.178511508334819435e+00
-2.328729255802648002e+00
-2.833721432225885017e+00
-2.006123601334705242e+00
-1.960193107770679122e-01
1.540159039255569962e+00
2.353601738032021107e+00
2.278188208568738382e+00
2.080687419482051048e+00
2.431394807743663122e+00
3.145439594280577733e+00
3.210341350062973831e+00
1.657407131164256420e+00
-1.410394285614518628e+00
-4.529265986629907204e+00
-5.687619464439334749e+00
-3.730026241060055092e+00
6.844461904830808630e-01
5.340998648025607309e+00
7.832754546767518811e+00
7.081145743528135306e+00
3.925988874361887149e+00
3.793930319064164891e-01
-1.870542740955863259e+00
-2.573505089324632067e+00
-2.832832499965248552e+00
-3.945102027638633935e+00
-6.119197067969577297e+00
-8.118242806833132263e+00
-8.141839376285908259e+00
-5.288093228348690999e+00
-4.612477621636099645e-01
4.011727404367651850e+00
5.826966862917691614e+00
4.187401063551240199e+00
2.745899827565879692e-01
-3.588348872447396420e+00
-5.432375177550540002e+00
-4.719830994315589834e+00
-2.318218628458041497e+00
4.417539567053356819e-01
2.773983762621365479e+00
4.709665698724441185e+00
6.517929282917238609e+00
7.901102589105047258e+00
7.786659631450526753e+00
5.028993480663854321e+00
-4.641662056103110778e-01
-7.102594686593784346e+00
-1.211063996045195701e+01
-1.296403074499895780e+01
-8.862186921759603209e+00
-1.260849565439551956e+00
6.879754497611411779e+00
1.261807838372445190e+01
1.435530964622499894e+01
1.223430931070979177e+01
7.595692230308475956e+00
2.080945075678751532e+00
-2.956621392155422967e+00
-6.515587617258950637e+00
-7.793945415392977694e+00
-6.276309423849372848e+00
-2.175175912233449971e+00
3.160169368904327314e+00
7.431832749668320304e+00
8.380137706918068474e+00
5.112039885768044911e+00
-1.108811972310206118e+00
-7.285132892673907179e+00
-1.024020006296261442e+01
-8.428126366888436749e+00
-2.875005445701015017e+00
3.371907593882033538e+00
6.977515009446260130e+00
6.188014845434492983e+00
1.729852743122325620e+00
-3.736753296224817777e+00
-7.204319520457360682e+00
-6.973088585298921949e+00
-3.458818495237581558e+00
1.197474923975795802e+00
4.391733362765040560e+00
4.461531444787409484e+00
1.524636311183774851e+00
-2.614734701661441285e+00
-5.411202873231936827e+00
-4.926532505927965211e+00
-9.471158310608824848e-01
4.709759526218586956e+00
8.963934326941428665e+00
9.057668794075500074e+00
4.190192241430543696e+00
-3.751163287484894138e+00
-1.094766363281537735e+01
-1.364792682046027750e+01
-1.032878234630271130e+01
-2.682014119805050001e+00
5.299307980363698434e+00
9.676792192872241571e+00
8.908848918854300081e+00
4.643317626439683821e+00
4.118843498362618760e-01
-8.886853033223729437e-01
1.031779903160226386e+00
3.836490914764097759e+00
4.503005179639243849e+00
1.784832178104433176e+00
-2.676858647843529670e+00
-5.497372609854154213e+00
-4.160822707957763100e+00
8.582250177030432692e-01
6.152896077249293327e+00
7.732191497875732011e+00
4.017481528221594544e+00
-2.754522003570038180e+00
-7.896577609007833232e+00
-7.564740379078497057e+00
-1.652470092240053035e+00
5.871769890772878142e+00
9.564833626033699687e+00
6.302881785356380107e+00
-2.400241683670889081e+00
-1.123718251661399847e+01
-1.458716403016076946e+01
-1.024320165905172786e+01
-8.256723625836595026e-01
8.042821277013313619e+00
1.146808135091197478e+01
8.321712435723981116e+00
1.582463614824634934e+00
-4.053686438414100479e+00
-5.445425508664560432e+00
-2.842859572061401163e+00
8.289785010184692604e-01
2.457704626013907045e+00
1.035167374759697667e+00
-1.877687532722568164e+00
-3.648401310452879187e+00
-2.707731053113903386e+00
3.476794853843707678e-01
3.412089668475861259e+00
4.602344917639468846e+00
3.615221711307749608e+00
1.687627477975397916e+00
3.372619908351426332e-01
3.542791700262493126e-02
-5.676326656829805417e-02
-1.110417456012541049e+00
-3.304324909426954004e+00
-5.355438077517077566e+00
-5.397272192018977677e+00
-2.557682488923644915e+00
2.051494890024873730e+00
5.822640384037326200e+00
6.369098962512886430e+00
3.233535530990443441e+00
-1.701003307281351296e+00
-5.444342904214312995e+00
-5.902810104980085626e+00
-3.210665729109075883e+00
5.414282250244581984e-01
2.918053928739641201e+00
2.861003868753879686e+00
1.268412708109360576e+00
8.409377848063565031e-02
6.728201410642442593e-01
2.747046410943073891e+00
4.628780459691951954e+00
4.584632700227121660e+00
2.176005702676184761e+00
-1.394294725981565453e+00
-4.156637063038162161e+00
-4.768261802934744331e+00
-3.381428677549954909e+00
-1.395404937122192601e+00
-3.595946329908925598e-01
-8.886679113964119914e-01
-2.360271603033045285e+00
-3.519324309852017496e+00
-3.443924384822107054e+00
-2.136618787484115156e+00
-3.795921659442382801e-01
9.177896943129737473e-01
1.320433260931918040e+00
1.004283360975680273e+00
4.499493625027303767e-01
4.798562857352739464e-02
-5.437179037376252411e-02
1.608563539251170182e-01
7.211122827838190030e-01
1.603669789958347858e+00
2.526805539028301961e+00
2.881070670976320081e+00
2.032303189846659031e+00
-1.174080177761161470e-01
-2.757742750916924113e+00
-4.417910961515269186e+00
-3.835433282825416956e+00
-9.089466338076110929e-01
2.996954206165581169e+00
5.752366952179651882e+00
5.802025444997140902e+00
3.240721935066851689e+00
-1.839624202946654741e-01
-2.229318709727342362e+00
-1.714464701508065403e+00
6.275298337054564524e-01
2.652256576461359039e+00
2.353507084971165231e+00
-6.238132849739279617e-01
-4.605991137683572489e+00
-6.964263801884741589e+00
-5.923855362412481007e+00
-1.850615219671359224e+00
2.897204141390997911e+00
5.471967118860024293e+00
4.376964561897703554e+00
4.029160620119870417e-01
-3.944457905074006288e+00
-6.096308520969778932e+00
-5.015747504747155361e+00
-1.694126147215642142e+00
1.699570194637080922e+00
