1.044247660011683454e+00
-2.906374758338519992e+00
-7.099825084992457569e+00
-8.949901731361574519e+00
-6.702579309927711115e+00
-7.148213024309546526e-01
6.390088827031593866e+00
1.095359948769754510e+01
1.030626705200392834e+01
4.416724651400167012e+00
-3.882712729462247658e+00
-1.033627034892405305e+01
-1.159655829234481672e+01
-7.093401569285952668e+00
6.668776080872548251e-01
7.539640565816388751e+00
1.004658266990852766e+01
7.191888600755130589e+00
7.930544561295325146e-01
-5.732334084038298805e+00
-9.284229588327434612e+00
-8.557369083338111082e+00
-4.350090393609299610e+00
1.231744005547978693e+00
5.995144493811231712e+00
8.545664037269180113e+00
8.493106851182812278e+00
6.163683283450157369e+00
2.256888409306625931e+00
-2.272636040841244487e+00
-6.192373173904110573e+00
-8.135820079666013172e+00
-7.098139942103230737e+00
-3.099555733626400578e+00
2.463619998410019551e+00
7.199088408697405406e+00
8.813381205035057064e+00
6.378691278369987394e+00
9.980632147268959642e-01
-4.631591188485402633e+00
-7.614823320521425742e+00
-6.453282808100724743e+00
-1.906734261779828188e+00
3.416186453897703146e+00
6.527256413462867002e+00
5.742082194907887072e+00
1.600588674287662272e+00
-3.496761163318170773e+00
-6.696028158379171202e+00
-6.295523489858156907e+00
-2.620856500125798849e+00
2.290251886756103694e+00
5.931663364073408218e+00
6.712660691250455613e+00
4.671707118643985801e+00
1.179422962759957727e+00
-2.066772591275094051e+00
-4.049317981206494110e+00
-4.807406832135025176e+00
-5.031716931350012523e+00
-5.268412403998605775e+00
-5.365053911812122323e+00
-4.577333256894696945e+00
-2.249217649072719816e+00
1.457764454516950137e+00
5.366996969135603202e+00
7.835010341854752980e+00
7.724544110265715524e+00
5.155848436248548161e+00
1.508429177451673819e+00
-1.364925202263467474e+00
-2.223080234652203835e+00
-1.129327214658782053e+00
6.789948962782246245e-01
1.633018179190050656e+00
8.226111725339414482e-01
-1.494172704592651169e+00
-4.140646538961257228e+00
-5.800639958755667180e+00
-5.782777976413095544e+00
-4.298321778200368648e+00
-2.157218480261506421e+00
-1.803628212564818423e-01
1.235099524977238961e+00
2.142971161977699435e+00
2.748985440944539782e+00
3.095358908106092599e+00
3.004072066833735288e+00
2.309568603638141759e+00
1.161830138425268943e+00
1.172051848695600529e-01
-1.052321388859244200e-01
9.298392416175262909e-01
3.014791540945684023e+00
5.274316117613190968e+00
6.520061417855254504e+00
5.809995633606718890e+00
2.932917466965616171e+00
-1.412296423120013467e+00
-5.824015851143964362e+00
-8.711133193947864228e+00
-8.917391009941439961e+00
-6.216107386095840681e+00
-1.463281347953537370e+00
3.692258667320604371e+00
7.460571725975784219e+00
8.651571597663506807e+00
7.143499208239166620e+00
3.823426280971377267e+00
2.960343843983581635e-02
-3.166938754698251035e+00
-5.388767312076293337e+00
-6.825277653476679696e+00
-7.690561701293248120e+00
-7.732627709801651150e+00
-6.254596776400179969e+00
-2.728179417020927033e+00
2.422328149855875523e+00
7.525787593823700661e+00
1.026449848311607305e+01
8.951622438688726646e+00
3.709606045255766205e+00
-3.287494304819038593e+00
-8.803307599689963681e+00
-1.024795890329271941e+01
-7.081345780493388808e+00
-1.048800501652681127e+00
4.865518764304584742e+00
8.066073053021343142e+00
7.538269276031142496e+00
3.979776112319370007e+00
-9.766575493574526368e-01
-5.723049774694258574e+00
-9.137608158486971277e+00
-1.044195735615551968e+01
-8.939970395295695482e+00
-4.209587867818616047e+00
3.194004217233733289e+00
1.114004226473028858e+01
1.625230771307926148e+01
1.543696910402728939e+01
7.894819844770282202e+00
-3.744510417581616402e+00
-1.423037809021097111e+01
-1.831445687090446839e+01
-1.374955072228026509e+01
-2.756661091436455990e+00
9.119680519497819660e+00
1.618918373935612465e+01
1.586741475926572598e+01
9.928362275100028000e+00
2.979984098741827125e+00
-7.635878500680830516e-01
-2.058733869281399453e-01
2.235501968875300172e+00
2.739431748170646497e+00
-8.748190195538840808e-01
-7.374103389922140650e+00
-1.287810112134636498e+01
-1.360902148750246532e+01
-8.648651626055952946e+00
-7.223314928013122582e-01
5.567550431636922426e+00
6.829960701090645792e+00
3.138478058635111978e+00
-2.112994544146706843e+00
-4.632856841397876124e+00
-2.236708095915766581e+00
3.638542387126399547e+00
8.926395346562513211e+00
9.715051690927332118e+00
4.915009831381704331e+00
-2.968012202189182602e+00
-9.415659285567349102e+00
-1.073034872047952604e+01
-6.256070101577080322e+00
1.375887119442486650e+00
7.992247849995330888e+00
1.037978033652940191e+01
7.956165615881051423e+00
2.706455511045495754e+00
-2.343555943474810555e+00
-4.987330346431892991e+00
-4.865756172374697819e+00
-3.197132495189558554e+00
-1.625242470474876688e+00
-1.077287154662200930e+00
-1.351938113565269495e+00
-1.555344314717933774e+00
-9.306049269006327895e-01
5.501888441346216574e-01
2.195779934064754357e+00
3.112046470661985698e+00
2.808951500727384865e+00
1.486192529336111345e+00
-1.434758687669266397e-01
-1.316250119456930046e+00
-1.635068904395045486e+00
-1.197081338483176882e+00
-4.120387551313464125e-01
3.054904210671783860e-01
7.393796470224862638e-01
8.575702548358030697e-01
6.511257470185899399e-01
1.220511534710488899e-02
-1.201900669931722732e+00
-2.937330193215286211e+00
-4.736137606252223797e+00
-5.784704706564008703e+00
-5.300227750547843897e+00
-3.075746172805295053e+00
1.862801981154165176e-01
3.071655797325082649e+00
4.190464580479172696e+00
3.059797198474440538e+00
5.411794276245370794e-01
-1.564526234647870995e+00
-1.632933056448909959e+00
6.260963806361617978e-01
3.785524194801832998e+00
5.488749120300644435e+00
4.024406564752029958e+00
-3.201472552794752957e-01
-5.126641887106848650e+00
-7.205542907177653333e+00
-4.694301354107994761e+00
1.479747312995075337e+00
7.869022963636203016e+00
1.052261917211674103e+01
7.554703366140084420e+00
5.686316828296473780e-01
-6.131289691407892484e+00
-8.191202038866348900e+00
-4.083203830694561276e+00
3.700364472249924930e+00
1.003289962718152672e+01
1.034975617558372285e+01
3.646757734367079173e+00
-6.683380677283708771e+00
-1.479814506330895441e+01
-1.596771008175421969e+01
-9.518418328202745471e+00
7.114514448176567640e-01
8.702961181252465650e+00
9.916565035566215158e+00
4.006348504072416716e+00
-5.057448013666555831e+00
-1.146470454237359249e+01
-1.106191232772815169e+01
-3.742587220730321462e+00
6.621261988591597536e+00
1.452106956960134987e+01
1.592668459205983567e+01
1.035348000545450908e+01
8.304094158650103807e-01
-7.991356261513825388e+00
-1.235008298732596899e+01
-1.109345428733632843e+01
-5.826377244359983720e+00
3.386892262107061846e-01
4.555874888468807171e+00
5.558617600257345970e+00
3.940668314671321504e+00
1.455100276677819604e+00
-1.463759506042937586e-01
-7.823122737365106882e-02
1.172400901616478031e+00
2.287128515061964684e+00
2.022373471566387693e+00
7.286245484905856662e-02
-2.600635809876699511e+00
-4.211687957221798229e+00
-3.177785810881335937e+00
8.064903328371696434e-01
6.301831127217786488e+00
1.063945804546379392e+01
1.125077880029050093e+01
7.122446728404968397e+00
-4.710542007018705402e-01
-8.453349144076000243e+00
-1.345321208366488897e+01
-1.351322430404128561e+01
-9.032119505342548038e+00
-2.416026885709570582e+00
3.315914202415925605e+00
6.115555411917082296e+00
5.760719389899014331e+00
3.574182169399222175e+00
1.331824135415228705e+00
1.481735202393381634e-01
3.384564893503566596e-02
2.753316297286603209e-01
2.048677972333969310e-01
-2.799742661789126341e-01
-8.023341017409638676e-01
-1.025553721970044130e+00
-1.084305402459462719e+00
-1.502741578468481887e+00
-2.633386198848932658e+00
-4.097548749427994075e+00
-4.772708740345036560e+00
-3.476085591277274567e+00
7.700524921048845783e-02
4.761962585071402465e+00
8.468014448551819839e+00
9.301691275766092559e+00
6.818769251986465108e+00
2.428429693109443566e+00
-1.381734716422406528e+00
-2.559821699762033997e+00
-7.722375471569923322e-01
2.399179028469869746e+00
4.493436795708648290e+00
3.766130999970154658e+00
2.974650663007245566e-01
-4.100146563733848559e+00
-7.076277556328514962e+00
-7.212278916783986027e+00
-4.793508634862243767e+00
-1.430302805716682224e+00
1.120595412481153907e+00
2.062112339584393439e+00
1.837254828256381867e+00
1.478282814537836165e+00
1.608745745653356929e+00
1.909186474328414151e+00
1.464677092801885516e+00
-2.966141613577870095e-01
-2.852463597988359023e+00
-4.693116637837512428e+00
-4.315641616084837651e+00
-1.431382946519205390e+00
2.529219233397851596e+00
5.100575876907193162e+00
4.317052290083505994e+00
1.174573814560118112e-01
-5.358780911748426412e+00
-8.880313575784649416e+00
-8.016673825526615005e+00
-2.654134947076138396e+00
4.821937444164397846e+00
1.081261795771114897e+01
1.248709726091295558e+01
9.279284025679602976e+00
3.050517386632102035e+00
-3.094201800075239817e+00
-6.555051404370597190e+00
-6.505113306614520141e+00
-4.016519643046360777e+00
-1.126603218087464775e+00
4.648784001723315074e-01
2.569295730672583322e-01
-1.058463653111554104e+00
-2.305141304977142980e+00
-2.667937711127177813e+00
-2.116595792767758777e+00
-1.210389244562919409e+00
-5.219517701525635545e-01
-1.441814259021796385e-01
3.626235217636466501e-01
1.563086079473777978e+00
3.587915545427970532e+00
5.842311331099800498e+00
7.226216945205857556e+00
6.770494389060014662e+00
4.301954917726539485e+00
6.945076135270737971e-01
-2.509712335002106443e+00
-3.939875599035763010e+00
-3.212340782174816223e+00
-1.200427110999585212e+00
4.708304777189699086e-01
4.574016991419636025e-01
-1.364855721347273843e+00
-3.689748517300313502e+00
-4.529089825330271601e+00
-2.540092937781631033e+00
1.885201962845992396e+00
6.535334195174669958e+00
8.500152835901321424e+00
5.929002768148697200e+00
-6.252876876617186053e-01
-8.178266102905233481e+00
-1.275731662021664192e+01
-1.156583098348086835e+01
-4.622866224459633244e+00
5.110024840159261394e+00
1.322713228876471447e+01
1.615462327081833394e+01
1.291123454272470461e+01
5.400799692215587200e+00
-2.820827176779089562e+00
-8.485768899957408351e+00
-1.012099198827018398e+01
-8.367546519679432748e+00
-5.144364350566953625e+00
-2.346215431980014365e+00
-9.042099874549616167e-01
-6.490565321765556783e-01
-8.351681738132445965e-01
-8.155866170211937272e-01
-4.010930986734040360e-01
2.233148021750302470e-01
8.117639720515004154e-01
1.285984096753057138e+00
1.718814415238917093e+00
2.150556001326626721e+00
2.438539479662249931e+00
2.279469307729552252e+00
1.388555192187247656e+00
-2.898296457841640361e-01
-2.461593243944419918e+00
-4.502447198001140016e+00
-5.612408425572827042e+00
-5.088733078003341070e+00
-2.681513805390611793e+00
1.083693365431341427e+00
4.834024730578480700e+00
6.741180095338994427e+00
5.376137071617355545e+00
6.684547538724427973e-01
-5.639952552189457791e+00
-1.053444453145221260e+01
-1.120523311916621623e+01
-6.733310736043856437e+00
1.068665635785872148e+00
8.359174137912441793e+00
1.129896745736119534e+01
8.282850094154605713e+00
9.828646019433731063e-01
-6.533606448519241106e+00
-1.014486470713875477e+01
-8.046455832830705646e+00
-1.677828565164758423e+00
5.336292204325444821e+00
9.475498302029370379e+00
9.323441171195931076e+00
6.039524093035638863e+00
2.171054442815251395e+00
-2.018610658268949198e-01
-6.505704112929318050e-01
-2.051087673948397416e-01
-1.599983384870636571e-01
-9.484501880363148674e-01
-1.961783417705263988e+00
-2.323218695321536575e+00
-1.819747988461802191e+00
-1.112786415618096658e+00
-1.036539866822823841e+00
-1.651757136195647346e+00
-1.997732391040491606e+00
-9.042572712993546258e-01
1.751106967602923170e+00
4.485446159937735544e+00
5.056666804797738557e+00
2.272022649560061947e+00
-2.627780558318727699e+00
-6.300453206936264650e+00
-5.439958299931673125e+00
6.531904283559017976e-01
9.010768458601825515e+00
1.449373717155156527e+01
1.307864295546005273e+01
4.736503408957984718e+00
-6.202866848305001568e+00
-1.364428764008443551e+01
-1.362019005568500774e+01
-6.821741445264399850e+00
2.005146922542196286e+00
7.375489982831753721e+00
6.739724370156097599e+00
1.923207205904827966e+00
-2.617139632277493355e+00
-3.333914167314643962e+00
-2.478066705375504553e-01
3.249621875219256495e+00
3.242560379717948749e+00
-1.433255959839218274e+00
-8.033112620364693868e+00
-1.180023006862264801e+01
-9.518265499439308996e+00
-2.033942072660700262e+00
6.188947688945714454e+00
1.019686849246487803e+01
8.043678976284962090e+00
2.059703212847507903e+00
-3.031059730761159976e+00
-3.699639356394341050e+00
-1.898931879870899841e-01
3.842457090826122634e+00
4.312484162711772484e+00
1.490149667897178176e-03
-6.369695428097827516e+00
-1.011932019710869390e+01
-8.133758672983189442e+00
-1.265392928898845692e+00
6.218037238279547907e+00
9.709387890794747733e+00
7.536417449344914310e+00
1.986853530349555808e+00
-2.624147894375870926e+00
-3.296904118911023751e+00
-5.095762360478419684e-01
2.434159704994545592e+00
2.299834731192943682e+00
-1.262073067283333572e+00
-5.242192463045705964e+00
-5.579487663965760014e+00
-5.027910072903822858e-01
7.702705969961335164e+00
1.397247420807161866e+01
1.395681345100203252e+01
7.192071032947213283e+00
-2.418493302563950120e+00
-9.234203797935034430e+00
-9.757778088900643354e+00
-4.986405211942209981e+00
4.386092744037257685e-01
1.643565926458662840e+00
-2.961578432712592246e+00
-1.054067807109753119e+01
-1.580040944848992446e+01
-1.461229680799823427e+01
-6.753869735531461416e+00
4.020046039076584421e+00
1.243721331210703873e+01
1.488414126892032030e+01
1.120397633519285918e+01
4.192995592521906900e+00
-2.486624181956861968e+00
-6.358621387139166359e+00
-6.898189776625157421e+00
-4.933274823133632303e+00
-1.581709938204363564e+00
2.303401632569301860e+00
5.943343560213889987e+00
8.263535656867496471e+00
8.057323409869622921e+00
4.798360440477489774e+00
-5.541168635518010088e-01
-5.621666147924517354e+00
-7.807951511619025453e+00
-5.947321600411986431e+00
-1.209809253831220621e+00
3.511132403051293149e+00
5.424963122132751892e+00
3.655785492858943275e+00
-2.346181469311031109e-01
-3.385513422932906913e+00
-3.623744022418051269e+00
-8.943910244044790403e-01
2.831026679379881728e+00
5.017482148038285850e+00
4.293879375598393722e+00
1.235508320444964170e+00
-2.235691451571923061e+00
-4.252296996179578237e+00
-4.129348278190585475e+00
-2.491475803355006846e+00
-5.120756645871979984e-01
9.844884535378011226e-01
1.845449703462975766e+00
2.233444271533866932e+00
2.104022777520343279e+00
1.123413574065776022e+00
-8.499741260700852674e-01
-3.206077404924434493e+00
-4.603672125614633792e+00
-3.775261920858616005e+00
-6.010538978483672690e-01
3.429839348374318142e+00
5.903524105630129526e+00
4.993839768398002477e+00
7.862261155675229762e-01
-4.577776067966240703e+00
-8.137772055965207585e+00
-7.945160340903018259e+00
-4.245911847353378121e+00
7.866637446195317018e-01
4.550470140174016187e+00
5.670215175408532815e+00
4.667912667757146750e+00
3.259282572766624142e+00
2.889027657911393820e+00
3.629544432178728020e+00
4.234911516012992649e+00
3.245439355617663058e+00
2.608948747214838715e-01
-3.592448182997456829e+00
-6.348353544847625152e+00
-6.532448378002911227e+00
-4.178357395412802155e+00
-8.206981483094646368e-01
1.504953689602764211e+00
1.552473129385004480e+00
-4.057549886484536072e-01
-2.834558058998213781e+00
-3.939215072207622903e+00
-2.744036775187706834e+00
3.899186479080021250e-01
4.034836557003924185e+00
6.510940536558342373e+00
6.754563506306719312e+00
4.802354223998574589e+00
1.704063372857785197e+00
-1.046097945955954955e+00
-2.275031033255840551e+00
-1.733641759326104648e+00
-2.315436369268774608e-01
8.102306014244118337e-01
2.066560304712855844e-01
-2.197642706055784156e+00
-5.300163603264135936e+00
-7.314906107124611978e+00
-6.878884161316676682e+00
-3.997604099147102019e+00
-1.401850634545147578e-01
2.687147212007649166e+00
3.328229947707928460e+00
2.344676195948030450e+00
1.651505766948396126e+00
3.057224936921834058e+00
6.700596855929153328e+00
1.057978353795979487e+01
1.168393361027497690e+01
8.083915698876314337e+00
5.442772209427069185e-01
-7.580759011088936461e+00
-1.226726168515607540e+01
-1.135307059872137003e+01
-5.956613805274536766e+00
2.454303853256775136e-01
3.443416644897795642e+00
2.180096827443505525e+00
-1.809520950838728215e+00
-4.960089231521862985e+00
-4.447672351115342870e+00
-1.462298439392442084e-01
5.376483103912947925e+00
8.737559404044278111e+00
8.076847332292665271e+00
4.175571054806591853e+00
-3.583260393190611515e-01
-3.107865221062236838e+00
-3.497854988353242600e+00
-2.876794973143435907e+00
-3.083075543610410918e+00
-4.711741713088949624e+00
-6.486993982316586305e+00
-6.243552781182708955e+00
-2.746108826381330914e+00
3.083108160054059521e+00
8.509159730035502633e+00
1.068861544465933733e+01
8.505535779517915174e+00
3.237486277505544408e+00
-2.359730810410831658e+00
-5.811705264341831878e+00
-6.256647962947992525e+00
-4.513462676680722652e+00
-2.063112283240910561e+00
1.106540277643410786e-01
1.920128818828390038e+00
3.663989128808683660e+00
5.255380010123650081e+00
6.005908068854707516e+00
5.216122192186842810e+00
3.028436230304976995e+00
6.816424612107165881e-01
-2.313235233512589417e-01
9.758331054396661708e-01
3.329714114813194570e+00
4.691149069153916606e+00
3.280839295552669288e+00
-8.603813563376141449e-01
-5.648006495019258111e+00
-8.276054818096104881e+00
-7.212012623514138632e+00
-3.400985880674336492e+00
2.838729221002058711e-01
1.039415863371746962e+00
-1.830209320008111096e+00
-6.339970737365376863e+00
-9.189900589855731994e+00
-8.129717119818483440e+00
-3.618460608735611039e+00
1.452331254324112253e+00
3.817681679243386306e+00
2.224975395296148406e+00
-1.578237860538232340e+00
-4.010256788906016112e+00
-2.208134199267223430e+00
3.796891533603518276e+00
1.081627749079986422e+01
1.439676695273627338e+01
1.165661960628258598e+01
3.223164598719715279e+00
-6.974902285693401538e+00
-1.391855962672309133e+01
-1.432422685206170421e+01
-8.379421558466424003e+00
5.630342964997678834e-01
8.007939527819026182e+00
1.076045146434882405e+01
8.378982254358795956e+00
2.952919985104560219e+00
-2.441695979860445398e+00
-5.547910201106214245e+00
-5.928655587089338042e+00
-4.710338502265916105e+00
-3.423032707522684515e+00
-2.800663056596608413e+00
-2.346170149542736727e+00
-9.140656912867477502e-01
2.130449321562012166e+00
6.023571348439207718e+00
8.694365234662523534e+00
7.919910152109693513e+00
2.889433795706297659e+00
-4.854059539718643457e+00
-1.184795543849768507e+01
-1.444843776743448771e+01
-1.092208058041173047e+01
-2.597141538614050837e+00
6.730200381534040766e+00
1.286791466161513142e+01
1.353802894633235532e+01
9.484385746248396032e+00
3.700945425176599635e+00
-6.510527425776588828e-01
-2.193372435946776999e+00
-1.832289686457911460e+00
-1.560279844828596163e+00
-2.555126614554353637e+00
-4.086261635477885790e+00
-4.112177825331498227e+00
-1.130152001948650398e+00
4.188812428456188286e+00
8.971571598228957001e+00
9.935632598444225749e+00
5.791696051057583006e+00
-1.539949632059614437e+00
-7.935829501496118432e+00
-9.734223110065141071e+00
-6.222743238295614709e+00
-1.474312171493757928e-01
4.184638222012975639e+00
3.900333335042464711e+00
-4.768502336910264150e-01
-5.501043062891392665e+00
-7.357567311896908713e+00
-4.628672005410567003e+00
7.359645618277386170e-01
4.916885061349695718e+00
5.045932099705827234e+00
1.255107047542663334e+00
-3.529680841877675057e+00
-5.832547441449414727e+00
-4.188172544828098864e+00
-1.105860067053523466e-01
3.194943927854846599e+00
3.332301433560219461e+00
5.036208198770690814e-01
-2.741268739951872480e+00
-3.540446137232499346e+00
-9.398855956916800647e-01
3.396046916560161222e+00
6.480240740848151937e+00
6.260824599922326428e+00
3.098621959297827466e+00
-6.269982940179593678e-01
-2.411204604939534590e+00
-1.513030988069737237e+00
6.027416746169477202e-01
1.551573076732153167e+00
-1.295075377028981345e-02
-3.301967957162231571e+00
-5.970668991443918827e+00
-5.878136423494457752e+00
-2.658442687877004218e+00
2.051747300215108094e+00
5.804542778034686989e+00
6.964847224182884489e+00
5.555486710828807517e+00
2.836759864954952803e+00
1.624809233040025447e-01
-1.861468371605344618e+00
-3.302806392963709925e+00
-4.195467360736514273e+00
-4.055126721048820215e+00
-2.219893845538006172e+00
1.231397505047906904e+00
4.904513148907939879e+00
6.627565199370578419e+00
4.944517105318944061e+00
4.641533157039279267e-01
-4.147859279745113703e+00
-5.811752554935158521e+00
-3.270722175321592928e+00
1.759731999812553571e+00
5.566232592394914747e+00
5.022251629214089519e+00
-3.297496449034786892e-02
-6.440959469974119500e+00
-9.811765011722302532e+00
-7.644916075128874944e+00
-1.209485534761606029e+00
5.277600747928913094e+00
7.674601911025247247e+00
4.963688697788734672e+00
4.219842400310869213e-02
-2.420807303464732385e+00
4.363563407417023754e-01
7.286716030324862814e+00
1.327462476814875814e+01
1.337419412622405623e+01
6.100179504425204513e+00
-5.115221813714478927e+00
-1.395959442250885729e+01
-1.535340220556279434e+01
-8.808697268709948958e+00
1.286760349504105783e+00
8.633277577132680847e+00
9.156130969441704792e+00
3.481150633390871718e+00
-3.853170058215320992e+00
-7.744660571736490695e+00
-6.009400175616963935e+00
-6.071072386909108776e-01
4.081586516136754383e+00
4.530787348536275516e+00
5.109687772996940325e-01
-4.951824288086539738e+00
-7.899564450882883726e+00
-6.260822482237010433e+00
-1.152378027711869812e+00
4.137858303327197618e+00
6.594690908982940414e+00
5.510260587661496068e+00
2.698883629359053238e+00
8.816392691511332202e-01
1.542545676146792832e+00
3.852871122613113819e+00
5.392876318394511870e+00
4.062650792729321836e+00
-2.534985339910069690e-01
-5.465593346061883295e+00
-8.623709385750460754e+00
-7.853454703539881621e+00
-3.543420127785233298e+00
1.970607011966396982e+00
5.920453891103122146e+00
6.739461194626872320e+00
4.750910466345501071e+00
1.578453814788014942e+00
-1.163329229450378755e+00
-2.911297081552736365e+00
-4.229673270035853250e+00
-5.969575382617603232e+00
-8.223163607576573497e+00
-9.905396599095317001e+00
-9.324751352325291620e+00
-5.389115568890521679e+00
1.371050991454447754e+00
8.690012146640006208e+00
1.352225083468094624e+01
1.355511569128132976e+01
8.424894636075675791e+00
-3.669781588153586682e-02
-8.632843776610220843e+00
-1.422803360478608781e+01
-1.502457437251893069e+01
-1.111655316524117154e+01
-4.199902800397787850e+00
3.258295603212437275e+00
8.927609052548163504e+00
1.126475093249383264e+01
9.822419769994320760e+00
5.291595785465853297e+00
-6.642893702488288366e-01
-5.823001440784556060e+00
-8.108271214784963377e+00
-6.453563192062761189e+00
-1.446927368920678081e+00
4.699960076323677072e+00
9.058127596906929924e+00
9.444666853942681684e+00
5.669790243309034139e+00
-2.333621128869691752e-01
-5.075589998158345217e+00
-6.349678164397905000e+00
-3.747610894254428171e+00
6.331949602333519778e-01
3.604845005788850365e+00
2.946228088381224630e+00
-1.112846463894803462e+00
-5.979484343654309697e+00
-8.351264571577624807e+00
-6.386825246160891645e+00
-9.727184955499099672e-01
4.763336406999425066e+00
7.395564669189830020e+00
5.345745631086507466e+00
-1.463378696284982627e-01
-5.820892712555551185e+00
-8.404916937643195141e+00
-6.521730902677294495e+00
-1.332427040151311193e+00
4.381143676030716527e+00
7.982382009168273562e+00
8.427786675103970282e+00
6.561364294393547070e+00
4.242927557362520474e+00
3.020525695534714838e+00
3.228928106742974258e+00
3.990296520253215462e+00
3.965579433063433967e+00
2.291503070490339855e+00
-8.542886850709279223e-01
-4.300452862462985415e+00
-6.431535997089311785e+00
-5.946780353625463533e+00
-2.527811118306833471e+00
2.825145808810846759e+00
7.967767480861656537e+00
1.036449365407695034e+01
8.249008521686000961e+00
1.707805423332704464e+00
-6.964444207986588253e+00
-1.406816991251599624e+01
-1.627027031270879220e+01
-1.246153750746774946e+01
-4.560462241757196722e+00
3.393890961788863958e+00
7.486414103673622478e+00
6.200958120060154677e+00
1.267666219375344738e+00
-3.535881613129602918e+00
-4.907265249657429607e+00
-2.206419736693594036e+00
2.188968664617556570e+00
4.638163266059287082e+00
2.913695147331117674e+00
-2.073645818009146602e+00
-6.757216281393070290e+00
-7.335045923650371336e+00
-2.482265858430945382e+00
5.538624865013679788e+00
1.218494151081339005e+01
1.351081272694625390e+01
8.683062010643837425e+00
4.591730836847962571e-01
-6.645142908401603599e+00
-9.210115678917137672e+00
-6.866495454809382615e+00
-2.132826663795689637e+00
1.582857085266020425e+00
2.316395037120710931e+00
6.085832682495443402e-01
-1.299888154026976661e+00
-1.381242324518485720e+00
6.330875712659544963e-01
3.162670235339971381e+00
4.099772064979493535e+00
2.475089295855473104e+00
-7.835200523952019491e-01
-3.518861392725803228e+00
-3.897717324705734399e+00
-1.701086164176826454e+00
1.548329590740283201e+00
3.652952689383067497e+00
3.204752197762310573e+00
4.391097877005210037e-01
-3.032096300698856606e+00
-5.323558943839818980e+00
-5.415223515625067208e+00
-3.606351148023084541e+00
-1.108546800737539861e+00
8.233960199814115422e-01
1.605752016227976364e+00
1.488259735083632407e+00
1.194904878975130647e+00
1.381911970975197468e+00
2.268401773838804480e+00
3.588299934840155636e+00
4.785608382106975256e+00
5.284528742468415530e+00
4.714582195304402035e+00
3.053362463369677204e+00
6.759609162839019803e-01
-1.722141533917454392e+00
-3.356756152172535312e+00
-3.690173923327788597e+00
-2.712987925932957900e+00
-9.887496319607778084e-01
6.097841449432623850e-01
1.348781415457626753e+00
1.006135852028178901e+00
-5.417357835264019483e-02
-1.136890271235168948e+00
-1.621574562511500339e+00
-1.268918600811099973e+00
-2.794024542970198199e-01
8.626047322839757170e-01
1.615585252710020736e+00
1.563053586437490594e+00
5.385945444612285637e-01
-1.268180055851779287e+00
-3.247042428202573827e+00
-4.461793439688534590e+00
-4.009639811496706230e+00
-1.568973663652455386e+00
2.178148543268813242e+00
5.630936724612588762e+00
7.000539662196642254e+00
5.369536478277773028e+00
1.417692524465201220e+00
-2.769419670012398971e+00
-4.848845871638663318e+00
-3.683726482701170202e+00
-1.552813933700730731e-01
3.309360922321721965e+00
4.290671309044656212e+00
2.025866831707904936e+00
-1.985025106326254951e+00
-4.908725108711387008e+00
-4.492133814076197496e+00
-6.857612832450813434e-01
4.163050853709077792e+00
6.749366628024443315e+00
4.969353486678826926e+00
-6.330252353197098891e-01
-7.111167368237541808e+00
-1.091034728387320918e+01
-1.004295938645474706e+01
-5.242539407353545400e+00
6.040602115310307330e-01
4.310203197601948588e+00
4.295682099217018823e+00
1.363011537663921580e+00
-2.033169020706895314e+00
-3.428092041344668051e+00
-1.811162067566327583e+00
1.929948666130854917e+00
5.697846649920920825e+00
7.441480644305675796e+00
6.203023811868786375e+00
2.465288458320658460e+00
-2.205039253913711583e+00
-5.890435074670904214e+00
-7.067946179736711798e+00
-5.150631240139766476e+00
-7.365669276660575804e-01
4.501123574440089037e+00
8.344262270225124567e+00
8.915357700537656527e+00
5.608444485673549806e+00
-4.291662474708124453e-01
-6.655458798789028130e+00
-1.029328425093098964e+01
-9.730500490179448292e+00
-5.363036009466942922e+00
6.454050096735770570e-01
5.563585919078542830e+00
7.527927024496369413e+00
6.356345852650497008e+00
3.321911186967595686e+00
1.623045626523309526e-01
-1.942115423571552757e+00
-2.778573702632989750e+00
-2.786157869146240529e+00
-2.437637796880140151e+00
-1.880004295101791900e+00
-1.064347463518408921e+00
-1.115814730787597631e-01
5.497056383859646456e-01
4.937080530003072898e-01
-1.985432638898072533e-01
-7.654617301014163822e-01
-2.314972154414326744e-01
1.734432207551144023e+00
4.254423875554929957e+00
5.558162635859136280e+00
4.134711154957939172e+00
-3.328903474896838244e-02
-5.106619270120310361e+00
-8.316060701127714339e+00
-7.668041397786317326e+00
-3.285815456162471726e+00
2.580092211064176411e+00
6.930391500804719662e+00
7.852245802589371770e+00
5.548855183827063442e+00
1.896495580546047943e+00
-1.052468721722939371e+00
-2.447276807431518542e+00
-2.877932809902127520e+00
-3.398599184895442882e+00
-4.246675454274042139e+00
-4.413463085051974488e+00
-2.509265301918439661e+00
1.751235087083959696e+00
6.733589630428234329e+00
9.600930102845863345e+00
8.231006860092602295e+00
2.953686233798677119e+00
-3.304299717481674392e+00
-6.786961264116100345e+00
-5.458643518637654957e+00
-5.052625626562669003e-01
4.396070239816038949e+00
5.633916958093633909e+00
2.262041742045556081e+00
-3.259022451561701228e+00
-6.786599339610168258e+00
-5.501028789800031404e+00
-2.796553907612719936e-02
5.896185583230769467e+00
8.027962311150565355e+00
4.642386261363782296e+00
-2.200595484416933978e+00
-8.074725058751539564e+00
-9.279153514729175711e+00
-5.385522100872564444e+00
5.695825149536175580e-01
4.339621985735680809e+00
3.500653701975467769e+00
-9.297083354227348995e-01
-5.397143427250803427e+00
-6.488396048334734267e+00
-3.371410157358682103e+00
1.760610039717341202e+00
5.463317787983298146e+00
5.610063959331071715e+00
2.805307099094656476e+00
-3.534712194300649868e-01
-1.485710612186519120e+00
-3.211625777387958069e-01
1.217756726866904060e+00
7.872019987218217274e-01
-2.191900291096064990e+00
-5.733600033042198341e+00
-6.624420119959619768e+00
-2.977571807079105959e+00
3.938218620935861836e+00
1.010508185384835400e+01
1.130285169991971728e+01
6.090657251253385418e+00
-2.905902019158658867e+00
-1.042410566347226819e+01
-1.185867846788025126e+01
-6.251935664137252324e+00
3.022516719310221589e+00
1.034802916105745751e+01
1.135238303069839816e+01
5.534741887758353407e+00
-3.596198729765641033e+00
-1.083271660081639531e+01
-1.243623117978884274e+01
-8.148837906007717180e+00
-9.330165441474531640e-01
5.147171477207183266e+00
7.380578856126583709e+00
5.661200009108787512e+00
1.968052128313443561e+00
-1.291675757390861934e+00
-2.814303777927979588e+00
-2.835476701438499170e+00
-2.396161061686412186e+00
-2.187627601657741838e+00
-1.921994430872818960e+00
-6.798193297733265972e-01
2.092333460001770007e+00
5.757784671074773541e+00
8.545084196716544511e+00
8.559999313854042668e+00
5.130628648707172168e+00
-4.362589666891710793e-01
-5.298822384776106453e+00
-6.596734209708000840e+00
-3.201532856043455944e+00
3.374237402991311363e+00
9.565654471864771580e+00
1.163718263974647193e+01
7.843747191420511911e+00
-3.996963744214923064e-01
-9.112534515185735984e+00
-1.387003022387847828e+01
-1.227778335071452354e+01
-5.346561172936305617e+00
3.084463793718811520e+00
8.570541549064724762e+00
8.611178465294102580e+00
3.989135334481230366e+00
-1.894649905348320118e+00
-5.229422701074345703e+00
-4.126244998404258624e+00
3.837319314218856636e-01
5.233987100478284304e+00
7.402343823794099720e+00
5.763723454556465953e+00
1.543420476994078694e+00
-2.776936742474347408e+00
-5.191591665626608787e+00
-5.284609390860851796e+00
-4.040065705134635365e+00
-2.687194294579773324e+00
-1.615002966419533115e+00
-2.476068135577524920e-01
2.070856315102480139e+00
4.998488368327969944e+00
6.940931177022929610e+00
5.997433921009574398e+00
1.495171587392814416e+00
-5.068765364369184567e+00
-1.053386461323962742e+01
-1.187219727834991367e+01
-8.143705423450704473e+00
-1.276547003118410295e+00
4.925238859425116189e+00
6.974247838328542670e+00
3.730320829911839997e+00
-2.969680220667703985e+00
-9.403794809122885567e+00
-1.203894539348826775e+01
-9.341470723805395338e+00
-2.384482578644449902e+00
5.880466260703158810e+00
1.209842301571040579e+01
1.392254111949176121e+01
1.081794744581910983e+01
4.134812397325587696e+00
-3.415834922560415432e+00
-8.708804963080027051e+00
-9.389297165384929755e+00
-4.970439365235198359e+00
2.670508301523865313e+00
9.870946612613845872e+00
1.284886375260818703e+01
9.752280355620131402e+00
1.916303234949763734e+00
-6.607030305499877798e+00
-1.121075054884852840e+01
-9.416221820034891721e+00
-2.412527917664558430e+00
5.613560651792120382e+00
1.002835275317904440e+01
8.581808115497373990e+00
2.675963482725419063e+00
-3.752939684940864495e+00
-6.952209779558330638e+00
-5.799045044442905805e+00
-2.318579852866602398e+00
1.259243233596285538e-02
-1.090540396086662867e+00
-5.032296083903883499e+00
-8.775371350177234575e+00
-9.041595785439461963e+00
-4.672070569810558460e+00
2.513649189615183577e+00
8.901048435976790074e+00
1.140106308924719514e+01
9.273238098820785424e+00
4.285062878244278117e+00
-7.101078250498604749e-01
-3.618680432015603188e+00
-4.077157340844449251e+00
-3.057701622815529596e+00
-1.687304060045101028e+00
-3.550654997932882750e-01
1.219819442520504227e+00
3.189569492320385891e+00
4.914500148025096493e+00
5.156132142039808741e+00
3.066286470311002432e+00
-8.425563751797763290e-01
-4.646927321748842488e+00
-6.104248618326102438e+00
-4.189123080302642244e+00
5.181245670601952735e-02
4.026354816086063160e+00
5.221166024916159998e+00
2.831530238832907553e+00
-1.724002013228495223e+00
-5.746672908866234941e+00
-6.988900651008464138e+00
-4.990659361425155538e+00
-1.170669453107950009e+00
2.273792031713271378e+00
3.802935270257262523e+00
3.311813720630855329e+00
1.825286140563265880e+00
4.996333619143713545e-01
-2.330761095398855287e-01
-7.543947244696121990e-01
-1.618674487072733648e+00
-2.796575078619882859e+00
-3.482397716974435120e+00
-2.671604628766661271e+00
-8.213122014123475090e-02
3.316155835253036699e+00
5.653748536638607547e+00
5.261029910091594708e+00
1.821866950546319419e+00
-3.210546760039883818e+00
-7.288639611023254972e+00
-8.194619886074811177e+00
-5.369160285681342515e+00
-3.136311904409496698e-01
4.230442524341540889e+00
5.880752926068637976e+00
4.048416220557550460e+00
3.179256462400286143e-01
-2.511595599513258392e+00
-2.191141627531191904e+00
1.479502988085618753e+00
6.393824673853269580e+00
9.369182288578562279e+00
8.167282159935101760e+00
3.035494434244902173e+00
-3.281852307839879579e+00
-7.176232370236523828e+00
-6.474150614773256152e+00
-1.907328909019406993e+00
3.280770862944599298e+00
5.424489442683944063e+00
2.887612712196252485e+00
-2.772190831902309416e+00
-7.765319653364828767e+00
-8.567386247996806148e+00
-4.285896174611056431e+00
2.715583463440335521e+00
8.367330791513566624e+00
9.551019612223392130e+00
6.042487724214507416e+00
4.474176234949320818e-01
-3.727944185511107733e+00
-4.431952053432384631e+00
-2.187769707895481197e+00
6.933950891517800530e-01
2.046354364995061736e+00
1.385556128322489311e+00
-7.964166927431406973e-02
-7.943993840539250728e-01
-3.321816764444032177e-01
2.847954797547398997e-01
-3.292561665921207026e-01
-2.415772880073537632e+00
-4.533245418936077797e+00
-4.591937911013092233e+00
-1.701139453251776068e+00
2.737291514444332829e+00
5.772140710756829662e+00
5.102260013203148148e+00
1.061509255967107546e+00
-3.299519815127181843e+00
-4.338120561700067768e+00
-6.782726094418654039e-01
5.418283302370479504e+00
9.418355321989459128e+00
7.812495074484536062e+00
9.387307458072409183e-01
-6.897429010334777288e+00
-1.031707954102522606e+01
-6.791305792034575184e+00
1.305778497639438429e+00
8.167088904477516564e+00
8.633150363504292102e+00
1.977442094386165472e+00
-7.400801138628784415e+00
-1.297557794023312994e+01
-1.068643535107934639e+01
-1.829623127123018556e+00
7.832191916795025577e+00
1.208107354346621953e+01
8.473413344560604799e+00
-2.076410999612257058e-01
-8.180506698324153447e+00
-1.079183157803852033e+01
-7.482349704525805834e+00
-1.565206508781190387e+00
2.728563716026536579e+00
3.479615854165247768e+00
2.101536316814127670e+00
1.556374953965493635e+00
3.425121069537879759e+00
6.340628735816439487e+00
7.096132951124086929e+00
3.502892928057407929e+00
-3.401576394456417241e+00
-9.711592032912909289e+00
-1.143763031590393808e+01
-7.584484492770125819e+00
-1.064695401471194014e+00
3.378909733098605539e+00
2.733930559288231699e+00
-1.953354705056669527e+00
-6.314060785930118769e+00
-5.969389238936609665e+00
4.737879713652937141e-02
8.344846347172635959e+00
1.345041616918469352e+01
1.166084443590416164e+01
3.670463523758071389e+00
-5.881029224114389109e+00
-1.152832704145087561e+01
-1.047724306437741859e+01
-4.067986367667537628e+00
3.580858894528012204e+00
8.480850440837855331e+00
9.038434759206360525e+00
6.262735503484966770e+00
2.234856392354712007e+00
-1.596366959708719113e+00
-4.896745118906521199e+00
-7.614139591769471416e+00
-8.976684038185229753e+00
-7.566674531942807924e+00
-2.618185753297301410e+00
4.611845647779134083e+00
1.085921864980785401e+01
1.267588838164422071e+01
8.903415865651354011e+00
1.857704325053942007e+00
-3.939704955010742804e+00
-4.814693789703721194e+00
-6.263972082233629779e-01
4.973258385808162707e+00
7.061381894205180032e+00
3.024059688271918844e+00
-5.395688941188190313e+00
-1.312206887892521578e+01
-1.516201029582288484e+01
-9.989544643095545240e+00
-5.150823532259511950e-01
7.966306707432602607e+00
1.128155525751189714e+01
8.825141559967626392e+00
3.356285357792073487e+00
-1.408605365080202620e+00
-3.409069835000771320e+00
-3.125491510600766798e+00
-2.337188130084758786e+00
-2.077409697393087562e+00
-1.645944934118633407e+00
4.856226248942281387e-01
4.738626212875480803e+00
9.274882280904824583e+00
1.084541632960237756e+01
7.186663412717127386e+00
-8.798246895470205331e-01
-9.435159017239504564e+00
-1.380782651368033953e+01
-1.170776955348276616e+01
-4.869233866470592531e+00
2.069771132407883130e+00
4.718698806006845103e+00
1.885303693851281714e+00
-3.764846095414050353e+00
-7.755753382676605412e+00
-7.015592664145074764e+00
-1.932041510765474257e+00
4.147219902400708591e+00
7.457408215426596598e+00
6.449869343618384043e+00
2.625897453828912376e+00
-8.755745023595087329e-01
-1.707687366828029685e+00
1.129509925666457026e-01
2.568899187503830728e+00
3.465310263233414290e+00
2.169628438524468184e+00
-8.031746518362803400e-02
-1.414495205027290758e+00
-9.845039200889806885e-01
3.705070135118116448e-01
9.740459930907607866e-01
-7.548421965953228119e-02
-1.928538740396668949e+00
-2.532887710612844678e+00
-3.460201063024976875e-01
4.137554016654227951e+00
8.325751017981568580e+00
9.128055603520834893e+00
5.129369375585634216e+00
-2.232359324429883163e+00
-9.373830357716270711e+00
-1.270819876122175529e+01
-1.076645589432022732e+01
-4.901820840765354959e+00
1.779564735037934442e+00
6.392340696215012663e+00
7.760647157456615375e+00
6.540855734000479593e+00
4.178295360417017434e+00
1.702760653067652008e+00
-6.832691040559490947e-01
-3.061731589018543698e+00
-4.989370533010077047e+00
-5.322990517802859145e+00
-2.998568397627753512e+00
1.807137062138176820e+00
7.160147671684085502e+00
1.014194521529766213e+01
8.587532475790759179e+00
2.645672946562282135e+00
-5.000088678885799887e+00
-1.055706915251238875e+01
-1.135975496865884438e+01
-7.468190080694248500e+00
-1.558804238707379497e+00
2.831584249719932167e+00
3.543638070250723082e+00
1.038114875225103928e+00
-2.140124094539083810e+00
-3.246040728388571495e+00
-1.241590346458327776e+00
2.566497191958148516e+00
5.537281273140986393e+00
5.589768356775799418e+00
2.636682431904354473e+00
-1.417250720692253552e+00
-4.054502950956573315e+00
-3.884677920129846473e+00
-1.512213238447960739e+00
1.042722083176077064e+00
1.897884917175252983e+00
6.809842928310759769e-01
-1.275817122769582035e+00
-2.037421292219136149e+00
-6.270612383414939650e-01
2.129095879647393996e+00
4.128571354102639646e+00
3.537181205937895090e+00
2.353140818361321163e-01
-3.909581194289510897e+00
-6.193976539547890070e+00
-4.880826965528041406e+00
-4.019425592900693900e-01
4.878536059559303695e+00
8.166329912484410869e+00
7.950879631899205435e+00
4.762308920156461234e+00
5.284093711655402092e-01
-2.889577364412863503e+00
-4.845122848966174622e+00
-5.915424730833406031e+00
-6.883726793309334901e+00
-7.637280518124576645e+00
-6.994375221437936219e+00
-3.712420540476632169e+00
2.085405949546447868e+00
8.289719758850637277e+00
1.171299416542838223e+01
1.010282083598862002e+01
3.895535817967646253e+00
-3.642220326272499253e+00
-8.197722644684635185e+00
-7.070308421181911385e+00
-9.467769942481565337e-01
6.452766830611183835e+00
1.068952048232877949e+01
9.367788857364711674e+00
3.513849396988153018e+00
-3.307720620719154958e+00
-7.463081287030451705e+00
-7.560504079087667861e+00
-5.033827293920893453e+00
-2.700610558714154674e+00
-2.447986696173199306e+00
-3.787553812096975392e+00
-4.338201740731459921e+00
-1.852357696461135461e+00
3.750655456008099797e+00
9.907282639354090037e+00
1.293527487891780581e+01
1.055191248335888332e+01
3.619861489833735568e+00
-4.155978301375377271e+00
-8.462753046104682042e+00
-7.095373799102128842e+00
-1.353424600322230331e+00
4.814016558622128628e+00
7.358372449470389043e+00
4.708497853634953323e+00
-1.294096863695620936e+00
-6.681452007889492783e+00
-8.000581323072312401e+00
-4.584117642703597895e+00
1.011871820114560672e+00
4.673153122586088060e+00
3.422982554406648337e+00
-2.570613277754126624e+00
-9.954410453543008686e+00
-1.416138683682525645e+01
-1.218683295323549132e+01
-4.462616656680843619e+00
5.323755211919166896e+00
1.235826548089996990e+01
1.347879224708743706e+01
