3.047790047697116034e+00
-3.560298733970435059e-02
-1.130678145078942709e+00
-2.650211147985966076e-02
1.670038338671856470e+00
1.919324179868798552e+00
-8.526525688890240762e-02
-3.241600822981533625e+00
-5.353331651206866937e+00
-4.799188597378420518e+00
-1.781461182453143000e+00
1.789414753306416195e+00
3.677323158846855122e+00
2.922837551017025248e+00
4.731301427341361165e-01
-1.600825802248940555e+00
-1.678555662158285777e+00
2.306461487252196019e-01
2.553114170062975141e+00
3.359005279206698891e+00
1.782197454630445765e+00
-1.377392187598443174e+00
-4.239194427530362574e+00
-5.111136602944795548e+00
-3.512106911012789379e+00
-3.074981891684080981e-01
2.973708471358817107e+00
5.028818065594570896e+00
5.274385494638143435e+00
3.796180958192995725e+00
1.064416296118930072e+00
-2.216668783780945784e+00
-5.080572460095551079e+00
-6.384019309702400946e+00
-5.268621931675046000e+00
-1.848237514077168520e+00
2.438660579252851068e+00
5.328559834724860167e+00
5.016920987701754875e+00
1.450655872810892921e+00
-3.363227023389363524e+00
-6.456183081885416897e+00
-5.808075543008028419e+00
-1.767700797779075295e+00
3.098649778250089248e+00
5.736592741183202726e+00
4.737881696297301382e+00
1.329643310495940867e+00
-1.555969164673039362e+00
-1.500135733695904028e+00
1.524568199799063439e+00
5.050814405608718083e+00
5.932542920063660574e+00
2.776279894438627771e+00
-2.830831015365090408e+00
-7.275463927362293859e+00
-7.434256227005409556e+00
-2.951857870103793857e+00
3.388594499988457187e+00
7.509994575801391292e+00
6.809470518223132984e+00
1.896884479500929199e+00
-3.897062616634656695e+00
-6.842629842869521362e+00
-5.290088840755032606e+00
-5.979039872623430618e-01
4.020092401205163313e+00
5.772846029918129673e+00
4.032644420918028771e+00
4.054455956514425585e-01
-2.708265687611346895e+00
-3.847170617030151174e+00
-3.239823065998442164e+00
-2.180271955597898881e+00
-1.718682939862832715e+00
-1.796788478221102991e+00
-1.475871970833763758e+00
4.312892452178451741e-02
2.536142160262610190e+00
4.768583293673391843e+00
5.384870522083181399e+00
3.932526700040362755e+00
1.194405290878041592e+00
-1.406103376913419467e+00
-2.808973125562296502e+00
-2.920153709374689210e+00
-2.388807372684948582e+00
-1.849684890398991532e+00
-1.352176196503375838e+00
-4.874058162666211613e-01
9.344797755156598607e-01
2.336852115337964886e+00
2.570453475759494122e+00
8.233015812738140315e-01
-2.459298234196330313e+00
-5.484617878511491185e+00
-6.115344221838830308e+00
-3.359451265958660393e+00
1.732941025259838952e+00
6.512705422996807769e+00
8.325402243687737069e+00
6.210068650817587077e+00
1.530880216187824772e+00
-2.911421011109729839e+00
-4.687738951079989391e+00
-3.239335742920101069e+00
-7.909210385866183302e-02
2.373001981792569826e+00
2.461080462221050258e+00
3.247572916770162799e-01
-2.342987352464668493e+00
-3.543021157017799183e+00
-2.313928060882398441e+00
7.042089825294330918e-01
3.756244376699567233e+00
5.077688227761252726e+00
3.872980556442536582e+00
6.318341877229631809e-01
-3.252507645679359349e+00
-6.203220580673264983e+00
-7.093364208740826626e+00
-5.572039002054378187e+00
-2.097061165633390623e+00
2.228147677212953592e+00
5.969080154009587247e+00
7.822037980509292332e+00
7.138886167422853646e+00
4.285680707947823187e+00
5.700342193708272109e-01
-2.341962568133595823e+00
-3.270703322698938820e+00
-2.150723794383295306e+00
-3.679524648003351661e-02
1.543384752390328130e+00
1.496364493278974805e+00
-2.360108643600761225e-01
-2.735775531047706544e+00
-4.736300261836923653e+00
-5.366697969080231445e+00
-4.537524322707483293e+00
-2.794842903470891038e+00
-8.528189564324628602e-01
8.071221899018016233e-01
2.015480628958559173e+00
2.720130222728156522e+00
2.781663108777837401e+00
1.988407649248848275e+00
2.908873916123355108e-01
-1.962128189619900986e+00
-4.026091772680698178e+00
-5.058037212103629443e+00
-4.533446477912526973e+00
-2.513966085497867375e+00
3.944161808065160812e-01
3.342426009171537427e+00
5.599555993611412319e+00
6.786406437408718517e+00
6.908340163024383251e+00
6.240801438343191343e+00
5.154279206828156212e+00
3.940220098692612360e+00
2.679150469479520957e+00
1.210487463052031920e+00
-7.293162517356013286e-01
-3.209488729202316648e+00
-5.808521540091997615e+00
-7.581568114087446020e+00
-7.463833407596927039e+00
-4.982925810522337073e+00
-8.333287438443321982e-01
3.192483484615043388e+00
5.076585741382654504e+00
3.830493176961007329e+00
3.078338911570313030e-01
-3.105750149647100500e+00
-3.909198361571291525e+00
-1.177944332893967161e+00
3.628262799909121039e+00
7.419222099197455123e+00
7.427308521591376334e+00
3.105756777889690845e+00
-3.350887585441124195e+00
-8.309583403797875079e+00
-9.013923730314756355e+00
-5.354912772116573905e+00
1.261472247760343501e-01
4.009403026702536899e+00
4.301028610045141143e+00
1.653014721454918678e+00
-1.333915025150949729e+00
-2.168008597350822519e+00
-3.482999692532342539e-01
2.316864061519747775e+00
3.171390055806621699e+00
8.429090865273090039e-01
-3.565840623759115147e+00
-7.138297756978223774e+00
-7.195963071231781250e+00
-3.248304733034619751e+00
2.578300496982132373e+00
6.938847227233004844e+00
7.482239920139456046e+00
4.309930109483595118e+00
-2.932531851701948300e-01
-3.558331176333024537e+00
-4.070088984510912056e+00
-2.450135985529960259e+00
-5.298381009846805378e-01
2.106774287051152994e-01
-3.094749542582236335e-01
-9.808621653804371343e-01
-6.775365373475376041e-01
6.399448196902322028e-01
1.817474674399063073e+00
1.479959210968617045e+00
-7.189851724702926994e-01
-3.604702381452858262e+00
-5.189920366034209032e+00
-4.088066460171983607e+00
-5.808770903004438768e-01
3.462040579163315090e+00
5.768482160241865664e+00
5.117480898656040722e+00
2.067432885214548488e+00
-1.478724888913208080e+00
-3.488956214472696438e+00
-2.943055773105689443e+00
-2.160052054231460517e-01
3.369643101280679787e+00
6.351881301757178910e+00
7.730980315975045869e+00
7.128611360164345712e+00
4.672305079745775025e+00
8.973975526166571015e-01
-3.249631344668550526e+00
-6.497747517904532089e+00
-7.644567080722771024e+00
-6.185506846502796030e+00
-2.769573311484986089e+00
9.628394306616405718e-01
3.221937974598374943e+00
3.114395274723070983e+00
1.172594573701561949e+00
-1.049762454320321003e+00
-2.063663205909390008e+00
-1.434441180409384842e+00
4.999718829774608964e-02
1.132023748716606715e+00
1.134727839017758866e+00
4.478733266377814548e-01
4.969929452278451509e-02
4.784830321330864611e-01
1.171228882325823895e+00
8.346778541040833499e-01
-1.340095836714302990e+00
-4.594662675001902841e+00
-6.673713646568813829e+00
-5.254849585926188560e+00
1.628191531535001513e-01
7.342909429573460045e+00
1.226538145690261317e+01
1.154679591545375672e+01
4.782267699945199624e+00
-4.845755676856404293e+00
-1.226379831686744382e+01
-1.351891347022867862e+01
-8.173526831219479760e+00
4.820406809401048820e-01
7.522449570583834344e+00
9.388400092910822892e+00
5.850694606282158539e+00
-2.317333889216510179e-01
-5.012045568874203383e+00
-6.085514039649519091e+00
-3.662877667598445797e+00
8.285844798784414156e-02
2.775040612018045305e+00
3.339734457869287798e+00
2.298293814571295446e+00
9.083098544905643390e-01
4.079915178556819955e-02
-2.856286625923508682e-01
-4.847462738828427486e-01
-6.577874131763976617e-01
-3.174225942245170184e-01
1.109660767137840232e+00
3.451613075316930068e+00
5.454076033047625671e+00
5.407913642096199069e+00
2.406486264632729632e+00
-2.707624607687967089e+00
-7.530046416845012303e+00
-9.445797403804878201e+00
-7.288910006511166273e+00
-2.160893973132212764e+00
3.196883798384214437e+00
6.080781880393070438e+00
5.427680434963713552e+00
2.289851639488911683e+00
-1.063532134098235549e+00
-2.717844476050517155e+00
-2.250798076156162786e+00
-7.221307965890766400e-01
3.390374972343055959e-01
1.218820436753708103e-01
-9.617375695673759939e-01
-1.731440607078189364e+00
-1.209132116628381937e+00
6.526412017457783321e-01
2.973297180848217813e+00
4.575241940799042339e+00
4.707409182851405305e+00
3.354558743824690659e+00
1.031050702007634490e+00
-1.631622343608071457e+00
-4.112045060798170226e+00
-5.922955842918105063e+00
-6.464650932767231239e+00
-5.135259686541514768e+00
-1.769613839572348191e+00
2.904219281376803963e+00
7.256738914799553797e+00
9.409895567643543401e+00
8.261925734379417463e+00
4.233384187758390205e+00
-8.248893884086505590e-01
-4.597385364755369075e+00
-5.580363920196556471e+00
-3.868389569103015901e+00
-9.584724818136607372e-01
1.272743341815448570e+00
1.726846247317021632e+00
6.284508203240548596e-01
-8.428371963096545905e-01
-1.507271120729247516e+00
-1.032381619064704381e+00
-1.023363616503676909e-01
1.619713629130193899e-01
-9.096001207231063646e-01
-2.966632585591011395e+00
-4.770455718642955034e+00
-4.939174400087755323e+00
-2.830247251214507376e+00
9.821942420652428618e-01
4.919053074684924809e+00
7.178911172743688063e+00
6.665841172782713819e+00
3.573435368691908920e+00
-6.773943914062650062e-01
-4.123474218922276613e+00
-5.234600586331660033e+00
-3.691290050630179120e+00
-5.533110653269758261e-01
2.301392845443319679e+00
3.202180620251374510e+00
1.627399068431183649e+00
-1.484945601454016328e+00
-4.274468940625771651e+00
-5.059186335042147320e+00
-3.344064442974673756e+00
-1.023664771587731170e-01
2.863958385086740943e+00
4.079021912496795466e+00
3.301409339411721433e+00
1.578585105202481298e+00
4.230777568433068958e-01
7.025498642850421804e-01
2.040879463071727962e+00
3.157263476721805961e+00
2.880873590301130882e+00
1.074534885299208264e+00
-1.234499387180722607e+00
-2.620777312966807049e+00
-2.340771117755218622e+00
-8.933676692520426954e-01
3.818622061499680198e-01
3.665256388936957155e-01
-9.421729992064116210e-01
-2.418709501096002690e+00
-2.709760122810943805e+00
-1.349646548930873990e+00
8.051543395866715969e-01
2.204416139998198076e+00
1.833224692407592116e+00
6.770827223766495706e-02
-1.566806589660288296e+00
-1.607699979283447433e+00
9.278295094706751067e-02
2.107673630864403513e+00
2.473817871716312400e+00
3.043577530735313008e-01
-3.281365799580446385e+00
-5.739217110483758155e+00
-4.899562012728902793e+00
-7.042755069154118530e-01
4.469550272015629488e+00
7.283542421268490941e+00
5.760200907578329144e+00
7.951098679554351456e-01
-4.309010990143093522e+00
-6.066802338930568972e+00
-3.275959465712580787e+00
2.038243562377735962e+00
5.935057280289218085e+00
5.272451740898466355e+00
-4.713595363133160632e-02
-6.872418801321165560e+00
-1.080364823461867019e+01
-9.040570851224448035e+00
-2.162833124984095967e+00
6.295498625994750519e+00
1.208853438210604736e+01
1.274802980944617659e+01
8.716679263564660829e+00
2.583342241992389710e+00
-2.796492421334655809e+00
-5.881611197399219115e+00
-6.758553695640376446e+00
-6.297295693765311064e+00
-5.096460444614956842e+00
-3.147300480973103998e+00
-3.731322184741379111e-01
2.630520469793796501e+00
4.514318751499512672e+00
4.005231744332350630e+00
1.030134711272746362e+00
-2.865539288184090871e+00
-5.329401065094259593e+00
-4.786168375841565847e+00
-1.632873276168536503e+00
1.933881418696925314e+00
3.449244900764559585e+00
2.000324443675696173e+00
-1.032347258530670553e+00
-2.936689688567113876e+00
-1.695048594058041980e+00
2.403210897297320070e+00
6.795130668774083560e+00
8.373944092856195454e+00
5.706618873336167574e+00
1.357158348388973756e-01
-5.056487611615265720e+00
-6.847340580467430549e+00
-4.476077070383428946e+00
1.606270842072169414e-01
3.954527214503340993e+00
4.778664902867161501e+00
2.827151024280467606e+00
1.792681253700177946e-01
-9.949117759046230969e-01
-1.731832489900514971e-01
1.167817189934152067e+00
8.376133652809336638e-01
-2.158486691884333730e+00
-6.582721496619794443e+00
-9.648059393088390223e+00
-8.969952598425928514e+00
-4.361782515256376946e+00
1.870878329153893960e+00
6.402095333261008214e+00
7.101188358004879575e+00
4.419288947738955642e+00
9.621013911913223193e-01
-4.379845242563704666e-01
1.230783463783267306e+00
4.447914165639561546e+00
6.278426064416456676e+00
4.515086986705364680e+00
-6.707236215818808134e-01
-6.720515954715795104e+00
-1.031444213134341226e+01
-9.499908479599753264e+00
-4.881864166238817582e+00
8.789711269276245797e-01
4.842914889954873736e+00
5.596105875633426763e+00
3.896131269457544288e+00
1.830768353830344086e+00
1.187853158258186381e+00
2.216626103233670708e+00
3.605046789064874524e+00
3.600329792477612756e+00
1.409751018647971588e+00
-2.129616622761264288e+00
-5.066544747667219184e+00
-5.649388855522611053e+00
-3.513592639887026081e+00
6.545015760230032953e-02
3.005222924116600858e+00
3.754735312124715563e+00
2.244871448372734335e+00
-1.545839287079370794e-01
-1.604098849126096571e+00
-1.024827716251888177e+00
1.215079417641304671e+00
3.580298000691142235e+00
4.400665206371872529e+00
2.970514668348875897e+00
1.059552846582811902e-02
-2.787592589525742071e+00
-3.831910524710647969e+00
-2.635500927034220009e+00
-1.333722249529269432e-01
1.882512999103068241e+00
1.864191163667236584e+00
-5.186102896997869527e-01
-4.113192737262152399e+00
-6.887395038570505612e+00
-7.057716294378030497e+00
-4.101746898508125128e+00
9.116481780061407303e-01
5.851177487440959446e+00
8.610436662568385913e+00
8.155863624441245463e+00
4.977713754242998334e+00
7.299571056356806142e-01
-2.706832751462419306e+00
-4.201439703168071027e+00
-3.850979933387884468e+00
-2.726508542756912679e+00
-2.073358405593513698e+00
-2.464462282242160907e+00
-3.425124160243517402e+00
-3.763751022533593726e+00
-2.413861386811235743e+00
7.332243808102367755e-01
4.548558347526283185e+00
7.171053761996855513e+00
7.053763710343307736e+00
3.945608231604190941e+00
-8.083541198508176207e-01
-4.892263017594388863e+00
-6.260836358842993832e+00
-4.287304802006722149e+00
-1.259837452568487448e-01
3.951079421808853187e+00
5.860743478922116445e+00
4.870874898097880212e+00
1.912831634024999783e+00
-1.126588658919476682e+00
-2.654857091832292681e+00
-2.345326360350459272e+00
-1.209454225633391999e+00
-7.585584748724174542e-01
-1.856453965790505478e+00
-4.062136636603947082e+00
-5.909635258547231373e+00
-5.915888873289901539e+00
-3.606098425534145946e+00
1.505988771971999984e-01
3.703106287716281031e+00
5.653896503567898080e+00
5.634152976138300239e+00
4.313003118383863743e+00
2.720671970161967934e+00
1.463887977034632026e+00
4.495150857931725641e-01
-7.117474068701719059e-01
-2.024282058685815677e+00
-2.798558806836865642e+00
-2.072435011856839093e+00
4.971713623643539970e-01
3.992171968350584965e+00
6.471810126931057283e+00
6.102024277007775055e+00
2.472376879842742348e+00
-2.859086007966667786e+00
-7.106902132649044468e+00
-7.920117534493965827e+00
-4.903314030694576608e+00
5.469762103165382028e-02
3.937699283448043097e+00
4.529870945147823846e+00
1.844147116874449210e+00
-1.915928896440904916e+00
-3.851871691183000657e+00
-2.328639335804063570e+00
1.914880305677255201e+00
6.239849019493101778e+00
7.833762558824499678e+00
5.526717676721045081e+00
5.034136014229182443e-01
-4.514768564612139379e+00
-7.018059034279279018e+00
-6.205922819671695123e+00
-3.286082820715150010e+00
-4.758820273901878117e-01
5.340781290477382148e-01
-3.979824510553962580e-01
-1.978231344473943221e+00
-2.537092248243597581e+00
-1.234160508851924742e+00
1.413498417100863769e+00
3.967690804221187140e+00
5.082398144159244069e+00
4.358658999243544940e+00
2.487941931168510479e+00
6.653273675346522698e-01
-2.572697928198637296e-01
-2.870496782082548881e-01
-1.697220844742213242e-01
-7.782383742535627924e-01
-2.456577591566916574e+00
-4.739487369303352793e+00
-6.585624392484911382e+00
-6.940740289624620196e+00
-5.291491836431255535e+00
-1.933782991729335432e+00
2.130935807247363645e+00
5.581931745299922198e+00
7.275423389580233824e+00
6.677308977638687360e+00
4.090601156967969665e+00
5.792251966461643420e-01
-2.431702489899343789e+00
-3.766595338552578554e+00
-3.065057899231987903e+00
-9.948096223118318981e-01
1.068318500801909376e+00
1.788916954029707851e+00
6.582114663840337165e-01
-1.658743729902388830e+00
-3.674828017833770666e+00
-3.970191089919421934e+00
-2.093041391298253728e+00
1.104826909918157130e+00
3.943881736587671494e+00
4.931352212586439521e+00
3.675276607702838039e+00
1.104550758814363931e+00
-1.151784202061101992e+00
-1.814896765583868588e+00
-7.364078703765739586e-01
1.104041999313978728e+00
2.354040231860722976e+00
2.243811347595244143e+00
1.057135499143044166e+00
-2.068278113479120606e-01
-7.047677099272450230e-01
-4.713498803623933919e-01
-4.071316405606238420e-01
-1.496809227605355952e+00
-3.833772009289971194e+00
-6.239206629575808627e+00
-6.884112607940492623e+00
-4.587337687281777932e+00
1.057377793763367713e-01
4.918233535550996294e+00
7.083861319640853083e+00
5.125144118107357372e+00
-8.353935495292730273e-03
-5.292760884753060502e+00
-7.374515574071972779e+00
-4.653568452446389614e+00
1.642629992652092641e+00
8.136446151782749325e+00
1.133862074866224035e+01
9.752962857024225940e+00
4.695996169702251422e+00
-6.734718868267342007e-01
-3.437164287582507693e+00
-2.717639265392726600e+00
-3.327517413205272057e-02
1.945688406478714327e+00
1.314115576499222504e+00
-1.810511401835586343e+00
-5.497574714573083554e+00
-7.431248067475157981e+00
-6.482651143863202847e+00
-3.328723040273763090e+00
2.231066518390080189e-01
2.592559655553686504e+00
3.409254703511597651e+00
3.429537648829975360e+00
3.564296557263146870e+00
3.886867261632634740e+00
3.478680266939431664e+00
1.274571522863020778e+00
-2.763560025052902880e+00
-7.132928073892099263e+00
-9.464485986499857617e+00
-8.014084566923500574e+00
-2.936878139308233493e+00
3.599378025855665353e+00
8.613460144187177647e+00
1.004933874901274571e+01
7.899888268743383790e+00
3.997019670509065037e+00
6.795260360196628824e-01
-7.009129227929682404e-01
-4.313231035740962005e-01
9.958302190981277446e-02
-3.783210259896055971e-01
-2.044677796174307005e+00
-3.926188094588848099e+00
-4.690332623556633607e+00
-3.639477113421847321e+00
-1.183524636771652316e+00
1.471421249101172890e+00
3.096035398973930874e+00
3.087850457855288333e+00
1.621894110908864262e+00
-6.332964603450212948e-01
-2.885190640115869787e+00
-4.402456557826574191e+00
-4.552021991026821368e+00
-2.923208112800232072e+00
3.484553698168826319e-01
4.277686540205613674e+00
7.160516188406822025e+00
7.343957950208931607e+00
4.311463606210953259e+00
-6.618634050608187547e-01
-4.927539491651616643e+00
-5.924987019111425113e+00
-2.848547274822663677e+00
2.628581415284094280e+00
7.210176835271793649e+00
7.991112581393338132e+00
4.340085971766134421e+00
-1.648430633566166925e+00
-6.504105206145935902e+00
-7.654523770222012580e+00
-5.069820906719709974e+00
-1.140679977820427737e+00
1.107937696379995840e+00
1.823573479851444690e-01
-2.883811905385283758e+00
-5.395409144235332910e+00
-5.058092900318708729e+00
-1.708071040472755264e+00
2.557469284367434703e+00
4.924902414577822185e+00
3.924889202547204192e+00
4.852116578732006413e-01
-2.783501874356688610e+00
-3.514357965028454878e+00
-1.287277299154258481e+00
2.129648125739174169e+00
4.131560731276317178e+00
3.179366329501360777e+00
-1.524702158407339470e-01
-3.697986365734431846e+00
-5.313877084649705651e+00
-4.328071111957477513e+00
-1.771694977264834936e+00
6.608468916928817993e-01
1.992619827864029247e+00
2.547206755152304325e+00
3.308642290340987557e+00
4.677381837827205402e+00
5.767036040568700450e+00
4.956162746536124430e+00
1.351673475317570983e+00
-4.018514345647534292e+00
-8.384027177484963289e+00
-8.884615863758014598e+00
-4.621517727807401776e+00
2.408017262773177958e+00
8.317127296714343032e+00
9.732906375629893247e+00
6.000262557276661468e+00
-3.525942322520179140e-01
-5.256395575330953918e+00
-5.756681644685063937e+00
-1.878942332736712295e+00
3.544033896334386924e+00
6.901619287881365139e+00
6.232754918291202983e+00
2.369090279469660665e+00
-1.920689058893946921e+00
-4.060255893860217569e+00
-3.473758017261536324e+00
-1.784250136850203949e+00
-1.340552946047226746e+00
-3.242328636381935247e+00
-6.374229779127983164e+00
-8.182100201393426531e+00
-6.617237560313235178e+00
-1.801994475264500295e+00
3.836776569804888126e+00
7.111108783907395647e+00
6.222185517938298105e+00
2.002235204707028426e+00
-2.630855763338309394e+00
-4.630105266233885963e+00
-2.831512438687399769e+00
1.354227432151580812e+00
5.010409242675402552e+00
5.762948733065480944e+00
3.376374255567587301e+00
-1.831877385074109077e-01
-2.212817434558931762e+00
-1.209708492030978855e+00
2.070626293497321413e+00
5.146484541327582818e+00
5.536639628998306861e+00
2.479725869336761424e+00
-2.521828992042796092e+00
-6.678161812124375096e+00
-7.722605174428412766e+00
-5.333267380530618773e+00
-1.241858455484015744e+00
1.988421911549631105e+00
2.650848487844857715e+00
9.122827842037929402e-01
-1.479087168796179297e+00
-2.528365200858716300e+00
-1.412939997574959694e+00
9.916292576861938102e-01
2.812335363741095051e+00
2.585529485830136753e+00
3.685290813437271940e-01
-2.233148584517039126e+00
-3.159765028987744806e+00
-1.371375974307371681e+00
2.315704781009053193e+00
5.634743597076274924e+00
6.293627178531927768e+00
3.503998432611220792e+00
-1.395746488022457932e+00
-5.664745638870904543e+00
-6.807609192870584636e+00
-4.122396368413807188e+00
8.240037120362642131e-01
5.099587268539545803e+00
6.142963783144934631e+00
3.280724396365469975e+00
-1.873676109219322150e+00
-6.350166060256883682e+00
-7.505429356837615806e+00
-4.477061096198891477e+00
1.384329853048630321e+00
7.271601632225374701e+00
1.037329597610735732e+01
9.215168267570991389e+00
4.245920950697223084e+00
-2.505282628089318564e+00
-8.400221484397384586e+00
-1.127045472704216422e+01
-1.016015169694031606e+01
-5.538229297764996062e+00
9.763692934179617477e-01
7.207383275870460793e+00
1.113857527602598019e+01
1.156919517562386801e+01
8.522298906200008517e+00
3.246944930524872319e+00
-2.239309668417203802e+00
-5.935843515786816127e+00
-6.660745047208425973e+00
-4.506376118524404895e+00
-7.290253323180887479e-01
2.869019840191210591e+00
4.751009389262748073e+00
4.256941642299139517e+00
1.758747895487979385e+00
-1.637005903899496406e+00
-4.620688039881573062e+00
-6.173889835461165099e+00
-5.856476755053958705e+00
-3.865675145519759770e+00
-9.307955855454643768e-01
1.902448972782506909e+00
3.583290849288172986e+00
3.432518946344522703e+00
1.469288230509394388e+00
-1.499304116766644102e+00
-4.165035513410547452e+00
-5.324937596721889044e+00
-4.514132067222853095e+00
-2.277544689768300934e+00
1.431140357975294597e-01
1.570943543173958901e+00
1.641556571998105785e+00
1.028045212462196378e+00
9.442377910569995647e-01
2.216279935204136464e+00
4.548921392162927901e+00
6.537432566987403604e+00
6.500759750237518730e+00
3.637771989224000357e+00
-1.264968320091750531e+00
-6.101674911238804455e+00
-8.592830297189866684e+00
-7.611353705755976584e+00
-3.841215462662917801e+00
6.624759012276755232e-01
3.724893557200485539e+00
4.295339641314117607e+00
2.887213234080844959e+00
9.828172584266100520e-01
-1.148011530748201947e-01
-1.412062292740675074e-01
1.526758247932482604e-01
-1.736081658900745228e-01
-1.308198094085635033e+00
-2.403959244194603606e+00
-2.222915808801356530e+00
-2.413916251437064897e-01
2.662729755258900433e+00
4.573046681411455872e+00
3.819178828115910029e+00
3.177075628805876573e-01
-4.048324350150387829e+00
-6.433686194953668114e+00
-4.873148537951248471e+00
2.493347472300389001e-01
6.172851900299646033e+00
9.331977761561564222e+00
7.599459403379199784e+00
1.749009180761815330e+00
-4.873570393426600589e+00
-8.341042621141451008e+00
-6.569220726220105000e+00
-6.321862437909304688e-01
5.880957777977763534e+00
9.062833498205264959e+00
7.044198216792880274e+00
1.039274336606850646e+00
-5.520413094001161980e+00
-9.137266277680787141e+00
-8.282957226008701213e+00
-4.076765235866163017e+00
6.928445116874378806e-01
3.437900270284818482e+00
3.276369309852892542e+00
1.276568541205445717e+00
-5.549992212414833759e-01
-7.332789780123537549e-01
7.969689671802077102e-01
2.817304430086927436e+00
3.805754063691707767e+00
2.969942746910981590e+00
6.582179955171638674e-01
-2.020258485151974703e+00
-3.979785238468785735e+00
-4.751433134693144211e+00
-4.525319873248319524e+00
-3.734456404900162063e+00
-2.591505182510974503e+00
-9.625693342227825688e-01
1.349184017093787880e+00
4.173571214975721588e+00
6.773684064488598722e+00
8.080388579752638023e+00
7.251414561720562091e+00
4.216345196807012918e+00
-1.329793808061918714e-01
-4.242312603580090880e+00
-6.551402471951740303e+00
-6.192575094721811446e+00
-3.401511368105885058e+00
5.566117006642987697e-01
3.930293735949878631e+00
5.268901979909608180e+00
4.097369772706665358e+00
1.135927982710819073e+00
-2.088204407972924503e+00
-4.077332518553379970e+00
-4.203299897254620276e+00
-3.040469922838360706e+00
-1.935450287457978646e+00
-2.031458835601141821e+00
-3.370779231696260592e+00
-4.729662604957633576e+00
-4.403801852862670785e+00
-1.498197278032561197e+00
3.163483148977592752e+00
7.246961250480586259e+00
8.256828920838767516e+00
5.221372050469857307e+00
-4.434410871861776959e-01
-5.599518812261624845e+00
-7.280094783004455117e+00
-4.611961255846441787e+00
5.548175701178786889e-01
4.820541530949283171e+00
5.490199396082918071e+00
2.387328981643101145e+00
-2.053470956813979065e+00
-4.528085061929726152e+00
-3.246666202818624836e+00
7.375122598325515311e-01
4.252909309851458985e+00
4.334877010081772397e+00
5.113565631941697776e-01
-4.637731456195574253e+00
-7.156955314455553108e+00
-4.535035009403862283e+00
2.311546058516911639e+00
9.371488423906733090e+00
1.208644531389009913e+01
8.435727167839957019e+00
4.313165335943578427e-01
-7.071477689377505982e+00
-9.515083017989288905e+00
-5.638093674601812211e+00
1.702025846967399225e+00
7.453900351436271166e+00
7.752578618834142787e+00
2.476668553280078289e+00
-4.728980861267566560e+00
-8.951037440749750829e+00
-7.315086340434012513e+00
-8.759287614315032222e-01
6.142370729230954396e+00
9.190395756756350565e+00
6.382054589250683030e+00
-3.483367169845215106e-01
-6.618177937862355975e+00
-8.503417702327515926e+00
-5.022594110545691493e+00
1.388723258519471315e+00
6.608088707614177437e+00
7.516413362686806821e+00
3.865090967744090555e+00
-1.806423698668370825e+00
-5.989808656437656254e+00
-6.455044653062047111e+00
-3.460289359932101849e+00
7.337213146351749815e-01
3.543671702673931723e+00
3.716822047111826066e+00
1.887858323108118963e+00
-1.879889394116913692e-01
-1.043969643507833389e+00
-5.086095293072474544e-01
3.548777723725256017e-01
2.385114901764505135e-01
-1.277660461652976975e+00
-3.297220560340779816e+00
-4.196915156253833601e+00
-2.814166777727106883e+00
6.103405153530112592e-01
4.412626520400918295e+00
6.459075776544631609e+00
5.467429818376223771e+00
1.838055813820623552e+00
-2.547044384263133843e+00
-5.435206945406963364e+00
-5.523735820619336323e+00
-3.168816180166452945e+00
-6.432900320727538701e-02
1.871224290479268859e+00
1.676063665087749621e+00
-1.406519508268519458e-01
-2.035042036151260003e+00
-2.488137570909839447e+00
-9.881324811956071485e-01
1.676335079458526556e+00
3.952624140505839545e+00
4.501340077083233027e+00
2.979423441239832826e+00
1.688917966283641769e-01
-2.559309297895163482e+00
-4.046531886834870306e+00
-3.903014749018925311e+00
-2.537989628282048660e+00
-7.548242560333542350e-01
7.467454399211217453e-01
1.641666144567326624e+00
1.938093868851024970e+00
1.777701954179656152e+00
1.298026171649695026e+00
6.481007626964935264e-01
6.400343322960150294e-02
-1.568090671132169323e-01
1.643010492521763122e-01
8.800873426383906128e-01
1.492182746625081657e+00
1.405281203407428903e+00
3.302276274771089870e-01
-1.451295287730096861e+00
-3.186481976845982445e+00
-4.086254242927934932e+00
-3.806039463817676882e+00
-2.628629965662097501e+00
-1.215118877738602832e+00
-1.138856096400087115e-01
5.952702587881144591e-01
1.248992151849380061e+00
2.191288564359191504e+00
3.350773415740941452e+00
4.171008462924840288e+00
3.985032768895770072e+00
2.560486712149796507e+00
3.804399343885906948e-01
-1.591201376783165866e+00
-2.513182089011562592e+00
-2.192524529136881561e+00
-1.130779045321319121e+00
-6.023179430967415260e-02
6.500907228468746357e-01
1.222660095292533722e+00
2.128797941803082683e+00
3.453116320856037369e+00
4.530008602805658313e+00
4.250761417095445083e+00
1.913773192635022102e+00
-1.998678766100496329e+00
-5.781271359658385123e+00
-7.386075898296027731e+00
-5.717275943181968856e+00
-1.457366557576258437e+00
3.207457286226945481e+00
5.855629733523843861e+00
5.276246083839863488e+00
2.124422575939199476e+00
-1.643373802942460271e+00
-4.128057087835665939e+00
-4.664548102951191488e+00
-4.003176965237965845e+00
-3.441164250815234915e+00
-3.636596562336324556e+00
-4.057798894351504870e+00
-3.503448429275499709e+00
-1.265813687494954376e+00
2.030563727206100566e+00
4.664100763002558381e+00
5.040184500904492104e+00
2.999133024429382122e+00
1.484215015155926354e-01
-1.164837006410751830e+00
4.100488111994197715e-01
4.050716046186279229e+00
7.105769077065598793e+00
6.857975564089011655e+00
2.535731928414284297e+00
-3.876355721152582312e+00
-8.710446942650502677e+00
-8.946995433512251239e+00
-4.252825276433145341e+00
2.690332173197032883e+00
7.844481290644981897e+00
8.377349932658308518e+00
4.413828455808645579e+00
-1.185632539179670264e+00
-4.829409159229681059e+00
-4.582327088002089432e+00
-1.311681295369957700e+00
2.131904938115719794e+00
3.044212503129272385e+00
7.711781605719332244e-01
-2.931862582862843514e+00
-5.270272097934308952e+00
-4.469773090750512878e+00
-1.036302801198049295e+00
2.655016408937038275e+00
4.098240359646350583e+00
2.446945574505280607e+00
-9.171734397516972948e-01
-3.408183641204424408e+00
-3.087790000251767530e+00
-2.289743714234837579e-02
3.782449343446483425e+00
5.784752583209432863e+00
4.616261003341854519e+00
9.361680871737840803e-01
-3.106097055857366840e+00
-5.338946649380190479e+00
-4.910698002214909152e+00
-2.621145418609216460e+00
-1.302494447856545889e-01
1.282373400651077633e+00
1.488490645905337972e+00
1.322377303055100484e+00
1.685377637949097451e+00
2.697155496567717581e+00
3.556577415431148914e+00
3.197957192124917469e+00
1.215442894659820361e+00
-1.667865400549642052e+00
-3.962585061315341939e+00
-4.367687570777487593e+00
-2.647184316064629339e+00
1.832437551085879246e-01
2.485166581269364183e+00
3.010146249854162015e+00
1.624980986975293362e+00
-6.979022584470334634e-01
-2.565507431589628240e+00
-3.035152689556130046e+00
-2.106890133282600441e+00
-5.715011479732329258e-01
6.117825752460369637e-01
9.526990226806203443e-01
6.701398138678275052e-01
4.255261881137498148e-01
7.794882527423050433e-01
1.758828927320064128e+00
2.816645877431945166e+00
3.195819517683893274e+00
2.447969897819110230e+00
7.695193150558379269e-01
-1.066155460702713942e+00
-2.155636822245814876e+00
-2.034785249809002661e+00
-1.024324921140150391e+00
-1.115645279589931316e-01
-3.831550760730905170e-01
-2.298997248143619387e+00
-5.237303427181359439e+00
-7.642579961698461766e+00
-7.791265615748844020e+00
-4.810288908578151279e+00
6.326557397815824046e-01
6.437636098479325497e+00
1.002958386973770111e+01
9.703528688447313755e+00
5.609610612361138671e+00
-2.270727456582662396e-01
-4.928197793681211358e+00
-6.287849689879919879e+00
-3.943569958803180953e+00
4.784613809905653437e-01
4.319842159221227718e+00
5.381689484569681881e+00
3.091806687597141057e+00
-1.285723766187077288e+00
-5.443335971109599214e+00
-7.298952184384055464e+00
-6.004890111394088237e+00
-2.201553157670889327e+00
2.487862628358885164e+00
6.316216065728985640e+00
8.124385013696151958e+00
7.618131419220176781e+00
5.237668623611646090e+00
1.840763227085146170e+00
-1.596661845038743976e+00
-4.197938891234893610e+00
-5.360916214521136425e+00
-4.914823578119786873e+00
-3.195473781961628568e+00
-9.390904053634685500e-01
1.020989978368483708e+00
2.120366090396069048e+00
2.276277233220099561e+00
1.810646223696355639e+00
1.147478776803479095e+00
5.161355225490154019e-01
-1.155833082815034274e-01
-8.441153956733558061e-01
-1.559843987895047412e+00
-1.870116122833239469e+00
-1.332230472548483036e+00
1.525975214126351065e-01
2.101554228804555446e+00
3.607788054663561894e+00
3.848528089791854789e+00
2.620003536453704207e+00
5.207010551454374081e-01
-1.369741881110948079e+00
-2.120390993844169625e+00
-1.476702647891441567e+00
4.855322859423782944e-02
1.547455277681832886e+00
2.268894700492646965e+00
1.979396763436441331e+00
9.430697253303406136e-01
-3.762566996666389940e-01
-1.613235086098711690e+00
-2.585886025842524916e+00
-3.177674823534097470e+00
-3.210638084368608425e+00
-2.492269819852202861e+00
-1.032356828807142080e+00
7.657155715248762373e-01
2.157502446905555260e+00
2.396613781086818218e+00
1.169296918119469453e+00
-1.166072644793473279e+00
-3.705584486003917100e+00
-5.417386992493467446e+00
-5.593435805803212091e+00
-4.091826604372248433e+00
-1.301767942269262068e+00
2.057048065325144837e+00
5.146123512152255941e+00
7.173034677453172137e+00
7.559910884360066419e+00
6.156279051811223368e+00
3.410901551872862036e+00
3.162281647154978614e-01
-1.986651564546296544e+00
-2.806235395931417020e+00
-2.331300689088009470e+00
-1.536477400443575725e+00
-1.530123557446609439e+00
-2.744708446773278077e+00
-4.564585677332426705e+00
-5.731956780034270338e+00
-5.300581453032609858e+00
-3.437960034106518847e+00
-1.409853124172225414e+00
-6.594318505801874952e-01
-1.618734606463186232e+00
-3.191598102322556585e+00
-3.426418259159714097e+00
-1.003902653164635783e+00
3.540117784698922687e+00
7.867683280172727223e+00
9.300750080493365601e+00
6.742146990501192150e+00
1.643481383041311306e+00
-2.809870366407921871e+00
-3.851235850715169384e+00
-1.127264919139509658e+00
2.962695986729224629e+00
4.949556751492248274e+00
2.876932929246987847e+00
-2.089486675442748798e+00
-6.295597743996360407e+00
-6.158484302559310564e+00
-8.892681328006417640e-01
6.609308240154311065e+00
1.144067198937101537e+01
9.945901970595404151e+00
2.271158484811651945e+00
-7.528238693387401703e+00
-1.396908830540877133e+01
-1.355321015113812777e+01
-6.839883081602737391e+00
2.132334479075226330e+00
8.551110195567853012e+00
9.747147747308716248e+00
6.410463340467480009e+00
1.516611817764468517e+00
-2.004364404987090786e+00
-3.078405054371273319e+00
-2.599785737804630514e+00
-2.064719193382922313e+00
-2.035329273246772708e+00
-1.724674973790268684e+00
4.049203461656303293e-02
3.399927588581013183e+00
6.880181210046845131e+00
8.248754428643005454e+00
6.197455985656023181e+00
1.525016470607748698e+00
-3.179286485561828357e+00
-5.214278562415889162e+00
-3.615798566150648874e+00
1.740781679226428569e-01
3.307914146158899449e+00
3.476521016964756239e+00
4.102895951127782936e-01
-4.073121024501734411e+00
-7.400436660944716749e+00
-7.919065288050850526e+00
-5.745820484290637964e+00
-2.337735993986411742e+00
6.972040817978648608e-01
2.568282779727813381e+00
3.408736981165781721e+00
3.670005699763775997e+00
3.508824160845936291e+00
2.757225742612742003e+00
1.431107013797280780e+00
1.692017995358522375e-01
1.599063953939666716e-02
1.567349552998577256e+00
4.163608932561443154e+00
5.934807343912597233e+00
4.906973024700423736e+00
5.016072297386706680e-01
-5.685764980195628482e+00
-1.054414604705329772e+01
-1.125539625445450831e+01
-7.091244491083159573e+00
3.189126334189418266e-02
6.650082699455953872e+00
9.781034716821501718e+00
8.545000072754113773e+00
4.366937504400170589e+00
-2.339101398230312157e-01
-3.312492942290721665e+00
-4.462622680805252706e+00
-4.545325884980745634e+00
-4.591960487087470177e+00
-4.835302163654473517e+00
-4.600441290644108783e+00
-3.040500341243654425e+00
-4.287427517184239090e-02
3.447319165048122969e+00
5.932473604140286128e+00
6.291867545124896210e+00
4.447600921078782577e+00
1.339085829868381428e+00
-1.682706963597276228e+00
-3.558209080750022402e+00
-3.886232626908216581e+00
-2.873161103808413053e+00
-1.088635473874155490e+00
7.346610236787458614e-01
1.837687196876118367e+00
1.655297887104746568e+00
1.704104898619647757e-01
-1.824378829796586388e+00
-2.925115995218069198e+00
-1.903832841374309304e+00
1.299707450436685452e+00
5.129893069894362334e+00
7.067652986636113965e+00
5.200205840295493154e+00
-2.633445702745014216e-01
-6.685218988647840810e+00
-1.035985900919303404e+01
-8.826340205835332853e+00
-2.609089398310730168e+00
4.902521103863971774e+00
9.507633614548812062e+00
8.871768859933030882e+00
3.996130902436641819e+00
-1.572705531613095342e+00
-4.260159102360059791e+00
-2.924772125818305479e+00
4.993918010239347671e-01
2.625445121887183486e+00
1.281573789251103213e+00
-2.777752497151884992e+00
-6.415748254935120798e+00
-6.524071426792059647e+00
-2.493041860156517853e+00
3.145062909918856509e+00
6.444433071998107998e+00
4.915567549344316056e+00
-5.760901188133534800e-01
-6.313010474371668401e+00
-8.306481505103269214e+00
-5.103420831669523317e+00
1.203679963024245847e+00
6.475252198909922541e+00
7.424556265986468340e+00
3.826396009597293091e+00
-1.503455506854394663e+00
-4.843097935533991816e+00
-4.187634824720042559e+00
-4.671567382774852728e-01
3.410081913814209109e+00
4.831299344836552656e+00
3.307121015290709121e+00
5.467905527408730704e-01
-1.120875817379888062e+00
-6.354801863883667856e-01
1.090679194236571448e+00
2.130371469268232509e+00
1.297455632939483738e+00
-7.730681099794294298e-01
-2.114975758210530188e+00
-1.097048393036062386e+00
2.093069580750150482e+00
5.384270744908363326e+00
6.300324237293589036e+00
3.873651228949014147e+00
-4.954767071205816720e-01
-3.949804731740722552e+00
-4.227225971945887117e+00
-1.339726356188050138e+00
2.382950428222216033e+00
3.943321870358249548e+00
1.828266545114673125e+00
-2.892296231002226659e+00
-7.294973707221524606e+00
-8.606905622604156036e+00
-6.040902789926591687e+00
-1.200970330304489186e+00
3.126576506867702943e+00
4.838055681090903448e+00
3.697938467769054771e+00
1.120357633090676375e+00
-1.100391561026986542e+00
-2.045681066682679017e+00
-2.003944086370224476e+00
-1.794990214407465867e+00
-1.812073634663992294e+00
-1.659671154879543531e+00
-6.818442852395467657e-01
1.133234333030002094e+00
2.746039664677311976e+00
2.638978078886584200e+00
2.618668996360562495e-02
-4.238121999891983016e+00
-7.856272229564139842e+00
-8.402427795891700413e+00
-4.914928890612141998e+00
1.343025542867421596e+00
7.524026230438666474e+00
1.084705325302131840e+01
1.017852181619968555e+01
6.536107771493855800e+00
2.266248393936505678e+00
-4.696660349076417496e-01
-8.767288592762677579e-01
3.118868907123850120e-01
1.621247541973717121e+00
1.888840476187094941e+00
8.567726376481741291e-01
-9.616318712305309546e-01
-2.837690534171190215e+00
-4.273375763102975178e+00
-5.037229047722119546e+00
-4.927335299609458374e+00
-3.645034618681392224e+00
-1.016633596345796420e+00
2.589512605065109607e+00
6.074812882406068759e+00
7.966917589993144588e+00
7.211198137168835842e+00
3.887637891835310278e+00
-6.878848056507631537e-01
-4.622975362607687266e+00
-6.474665815622617338e+00
-5.975763525815346533e+00
-4.004690328200525506e+00
-1.879150946973415115e+00
-5.148080011296963798e-01
-3.267689665352935258e-02
-8.181058707895566551e-03
-4.978512113182895216e-02
-1.741282567287451288e-01
-6.701178897477265695e-01
-1.617351835171026986e+00
-2.546508265458514053e+00
-2.626517800889915932e+00
-1.309786700757947564e+00
1.067664476335400847e+00
3.277927298190011385e+00
3.914802468292440274e+00
2.385312778145495916e+00
-5.449983779687831431e-01
-3.116614801039292892e+00
-3.675080763298301356e+00
-1.775861355445866430e+00
1.480010714538301908e+00
4.138374233707029504e+00
4.654741750326997440e+00
2.869784893359351052e+00
4.609459501060284015e-02
-2.024876631984660502e+00
-2.201542127185794229e+00
-6.523096480210139880e-01
1.399303897514057926e+00
2.585290985925368545e+00
2.278380875701549790e+00
8.648715898074417208e-01
-6.853166639481425015e-01
-1.541643671611107491e+00
-1.481471011193759679e+00
-8.396185790847228159e-01
-1.095764558872274752e-01
4.055068014082677808e-01
6.306274063816690312e-01
5.251930822899328888e-01
-4.046117760731116064e-02
-1.135268904858910854e+00
-2.464840977167249481e+00
-3.273311813207341991e+00
-2.704385974244272628e+00
-4.775471073778920772e-01
2.631422018985208222e+00
5.000561740877613737e+00
5.094672817408584464e+00
2.560100730506285061e+00
-1.325993370431919338e+00
-4.300478817215177330e+00
-4.537450374976073952e+00
-1.912058873824590055e+00
1.815861518222972926e+00
4.113658019107107933e+00
3.377458501675167923e+00
5.289456858009733420e-02
-3.633044566018442723e+00
-5.173975904215003752e+00
-3.484487422725307315e+00
3.886632388130208948e-01
4.031171012229667561e+00
5.336001728606384553e+00
3.885444479668149764e+00
1.079128333453265087e+00
-1.018239933409502918e+00
-1.205763573271645184e+00
8.827370060098724269e-02
1.325878235713515485e+00
1.193864108704109528e+00
-3.218970058189606909e-01
-1.962696057523796833e+00
-2.281087431280909072e+00
-8.995416469158780126e-01
1.083790021393706615e+00
1.902561568397459268e+00
5.403160274064332524e-01
-2.352765677483040996e+00
-4.805808132806081545e+00
-4.940945681043248605e+00
-2.423195666802370862e+00
1.157420896043947156e+00
3.312692724034830505e+00
2.396472200093958893e+00
