7.797864866373809267e-01
4.145425991957436551e+00
5.533056018290650080e+00
4.032111311560159450e+00
3.331736303909476060e-01
-3.589907453657310565e+00
-5.544475273914123648e+00
-4.353898741605824796e+00
-5.710660354210898015e-01
3.754711229580617093e+00
6.167800385611628577e+00
5.174894439420702597e+00
1.126558675553630096e+00
-3.913671834036000607e+00
-7.279267369734246707e+00
-7.184059137055192501e+00
-3.727577499406424799e+00
1.176547519459904212e+00
4.919749191532162058e+00
5.700445950170265341e+00
3.501664135225198482e+00
-3.942518202345018929e-02
-2.753077602525983103e+00
-3.302044520517575243e+00
-1.901782179059392286e+00
4.065440056867991592e-02
1.061424854480509161e+00
7.154914912910987912e-01
-1.772786194729551457e-01
-2.745058639641175247e-01
1.126229320630499409e+00
3.391841908450632381e+00
4.882416717992908772e+00
4.111339079076586245e+00
9.144095803016791812e-01
-3.238862495637395700e+00
-6.070611446559092350e+00
-5.929061903734708316e+00
-2.859495812834022210e+00
1.420163941789171158e+00
4.614215937775229648e+00
5.257947667735888508e+00
3.496242510635378054e+00
7.644071131936915897e-01
-1.315923139658780938e+00
-1.996387447228959999e+00
-1.691663257029331735e+00
-1.390133219452657887e+00
-1.726579368890881483e+00
-2.462346998126272446e+00
-2.750148668568041188e+00
-1.927110525707303124e+00
-1.738435492912982494e-01
1.500890419977734869e+00
1.953611994797278317e+00
7.538286683427022350e-01
-1.454139006008180468e+00
-3.345104083057667488e+00
-3.771527277553111901e+00
-2.470839943732530131e+00
-1.475382636204807252e-01
2.067863918364314824e+00
3.344567435379465437e+00
3.545752484257206127e+00
3.081595780785281846e+00
2.434851645770645057e+00
1.780833319044216267e+00
9.797202097640245189e-01
-1.255809579720464919e-01
-1.421302969499117053e+00
-2.517653067782751108e+00
-3.025964759219661460e+00
-2.859854053767750592e+00
-2.282373406970319873e+00
-1.650181223507858785e+00
-1.080629699105391861e+00
-3.479537165182142733e-01
8.734866812585417861e-01
2.602954604894503809e+00
4.330000814146425903e+00
5.200207598462116110e+00
4.523406990952595130e+00
2.258868978739252853e+00
-8.683924604772237377e-01
-3.708772018417830107e+00
-5.261289167335310601e+00
-5.118173527191787642e+00
-3.547198378028558530e+00
-1.244590055665065309e+00
1.018045236907581863e+00
2.641141936970772708e+00
3.286331987033458191e+00
2.891965817959472052e+00
1.693905221694758323e+00
2.167234237827752596e-01
-8.722384568004001304e-01
-1.074241599985471307e+00
-3.816300754343058266e-01
6.492838368384276082e-01
1.219173502921105712e+00
8.479651105829418833e-01
-2.208306136531383579e-01
-1.131424864581282108e+00
-1.042718190309465331e+00
1.564287065640432017e-01
1.616887049042261770e+00
2.052272564255696263e+00
7.115121840598750413e-01
-1.910705440918209597e+00
-4.227505468086626195e+00
-4.575992207828618596e+00
-2.421982747585504026e+00
1.138376769686830770e+00
4.020219801454894437e+00
4.547225744756166144e+00
2.623560347980685048e+00
-1.877500695548121878e-01
-1.773771077181984346e+00
-9.826093741406647375e-01
1.567656368797256450e+00
3.981315240234730712e+00
4.509278114248816749e+00
2.831384342607575988e+00
2.282359478643092299e-01
-1.475773982147523977e+00
-1.364847448115937834e+00
-1.308348367229588138e-01
5.484929604435249129e-01
-5.245922212669035245e-01
-2.931609058767244314e+00
-4.793768485942533353e+00
-4.193110908628797873e+00
-8.120731105725015331e-01
3.506540787123768599e+00
5.827073532666554811e+00
4.146304066740965411e+00
-1.064580677084133065e+00
-6.963418091552912692e+00
-1.009295263618670546e+01
-8.603260100935338883e+00
-3.405217740748528676e+00
2.523162654217142808e+00
6.146134151847268079e+00
6.261028890733039809e+00
3.987360862633344549e+00
1.635381117316154320e+00
9.027017357704607559e-01
1.758145591214478776e+00
2.758984629434212632e+00
2.419550928038498139e+00
4.805686587264861309e-01
-1.914661225595678751e+00
-3.212842569793176395e+00
-2.752347081378654359e+00
-1.294853067050277140e+00
-3.571790807345824326e-01
-8.983159529361868234e-01
-2.447636372955682482e+00
-3.415442270234743116e+00
-2.379959266337714041e+00
6.544548844580707625e-01
4.048799276611063647e+00
5.599975967298168378e+00
4.128835928360751417e+00
4.010212973896793986e-01
-3.327282933612582649e+00
-4.828346922027167309e+00
-3.388510588280712721e+00
-1.975803451523082677e-01
2.598447864614044978e+00
3.441225905255380191e+00
2.357005066590247555e+00
7.210222524982210501e-01
5.137236219685981098e-02
8.040379203021709165e-01
2.087862411597666501e+00
2.472321737657014129e+00
1.213332496038250330e+00
-1.079246564332658531e+00
-2.853316425907129972e+00
-2.784642840589119928e+00
-8.078389800725758185e-01
1.772538630013607452e+00
3.171207390168992113e+00
2.352698391236288877e+00
-2.828440017898528058e-01
-3.214961812407270081e+00
-4.839644747818359072e+00
-4.462482947393098698e+00
-2.584051534645536830e+00
-3.794999464588523219e-01
1.149636962673888707e+00
1.710966910504112981e+00
1.631001432057406664e+00
1.343407565995959674e+00
9.521668865676196081e-01
2.309779085433159018e-01
-9.924188610323203541e-01
-2.452728383895513620e+00
-3.440413814030773398e+00
-3.222214980383837357e+00
-1.577875883488657482e+00
9.619586975164653442e-01
3.366268415397457581e+00
4.669406683470985087e+00
4.465927465243183292e+00
3.034320882627295823e+00
1.079033109969917748e+00
-6.695572511776605173e-01
-1.729162602650794245e+00
-1.920548361519825775e+00
-1.305921108595451630e+00
-1.547789943959141379e-01
1.044238446978406287e+00
1.648828693364862374e+00
1.119655499502495433e+00
-6.002562661758710227e-01
-2.848619281211832721e+00
-4.421317948166339384e+00
-4.188512551062439471e+00
-1.829490095590995846e+00
1.803064244150683448e+00
5.004105966285512963e+00
6.103975483687189119e+00
4.408385566963901603e+00
6.094586852731596061e-01
-3.587655737156374425e+00
-6.380569086202740436e+00
-6.761377022543456405e+00
-4.880916295686554385e+00
-1.763541458920620197e+00
1.339288228798340974e+00
3.512726642047460768e+00
4.383626352739358190e+00
4.005243748586332586e+00
2.658204839277707343e+00
7.557373998564573814e-01
-1.161754713236575531e+00
-2.497713440027361287e+00
-2.827115721431194384e+00
-2.166920055199707651e+00
-1.039451921135484236e+00
-1.767715263405967852e-01
-2.469669547811192967e-03
-2.700446235652519955e-01
-1.968010156447547454e-01
9.144338347173641690e-01
2.984389720561515080e+00
4.954700852098114616e+00
5.338841295276434806e+00
3.241152792610562550e+00
-8.489768527682930443e-01
-5.110085991127167659e+00
-7.364815845634795188e+00
-6.399794515827515795e+00
-2.761256690289004112e+00
1.530036955033606816e+00
4.186366184134071133e+00
4.004041195135970455e+00
1.490807864331493038e+00
-1.592819867197360129e+00
-3.407672930670090583e+00
-3.112080115683755643e+00
-1.168448658654502426e+00
1.202274470394379735e+00
2.915632028441717871e+00
3.602674716534436605e+00
3.544167855316888271e+00
3.165696727332149241e+00
2.603278458132968876e+00
1.705847470300251079e+00
4.048293297842425753e-01
-9.633130989933794686e-01
-1.753887234565943531e+00
-1.512295284591680389e+00
-4.552258776233291671e-01
5.375607912058754101e-01
5.233121124105113431e-01
-7.200577402405011762e-01
-2.362084918193004146e+00
-2.995724116810354776e+00
-1.667963721879094363e+00
1.267195677999378489e+00
4.160011101373870090e+00
5.044711846905983954e+00
2.976632070923781903e+00
-1.200588297154816297e+00
-5.242208676302445802e+00
-6.845421789373103749e+00
-5.077751109534191620e+00
-9.441549437627123620e-01
3.272940032563066204e+00
5.438023938880608199e+00
4.795777037051406566e+00
2.235055094671787312e+00
-4.960809025377718728e-01
-1.996417668928275102e+00
-1.989065695278140478e+00
-1.207612509826663683e+00
-6.047035440919361626e-01
-5.562406412381641907e-01
-6.614170999164341591e-01
-2.282829485720009322e-01
1.002987927485885500e+00
2.507401696234003552e+00
3.286313751080691237e+00
2.608138022859896044e+00
6.117225159010857283e-01
-1.690878381449645973e+00
-3.030765176159746055e+00
-2.691423704657827098e+00
-9.607664652588857601e-01
1.058667866580750738e+00
2.125823587364656930e+00
1.571077491154377670e+00
-3.818712849898492911e-01
-2.810655620636198115e+00
-4.612231602508392037e+00
-5.013818806503093306e+00
-3.837849225481696713e+00
-1.479808731672503708e+00
1.299471688259686841e+00
3.646618772076222648e+00
4.884421464167878923e+00
4.734729642391586779e+00
3.427775596321711582e+00
1.611373154786154283e+00
3.982866868542950245e-02
-8.304099698291302900e-01
-1.093298675338295389e+00
-1.289223025214557783e+00
-1.960392207535967879e+00
-3.146085241920670406e+00
-4.198230077818946526e+00
-4.118837714858211818e+00
-2.255816066304802359e+00
1.101637497001524357e+00
4.677702140874158587e+00
6.823710766775755943e+00
6.449075832461008240e+00
3.685089856916535567e+00
-1.529846472894352827e-01
-3.292085414347662997e+00
-4.463644304726755330e+00
-3.519424136490046706e+00
-1.371123402270784331e+00
6.344185809917689545e-01
1.472081178815478619e+00
8.909548916590905865e-01
-6.094301481515642660e-01
-2.144466908146567707e+00
-2.880958618343433919e+00
-2.349603543518479665e+00
-5.927249359312136701e-01
1.820169157582026020e+00
3.919577944070397724e+00
4.664920768885811420e+00
3.456811952519860398e+00
6.173799177897315582e-01
-2.518507487420075908e+00
-4.144151022110303728e+00
-3.006030254694077364e+00
6.631880414631207143e-01
4.989401739418624970e+00
7.371579943961094727e+00
6.046565284278179853e+00
1.338179729454505029e+00
-4.310531630656952551e+00
-7.695750758484601661e+00
-6.829115330318543897e+00
-2.256230106198085394e+00
3.208122583017172236e+00
6.228908490670580278e+00
5.067639568511238757e+00
6.634127207268303295e-01
-4.047521056853126353e+00
-6.103570976004518478e+00
-4.430326016760770536e+00
-4.041460219777781582e-01
3.259682389382273726e+00
4.443547286376036354e+00
2.990398491996954178e+00
5.615450503405770011e-01
-8.147163939633201846e-01
-3.542155936595136057e-01
9.428104274773154714e-01
1.213242382588656243e+00
-6.201715129166562868e-01
-3.774273125451699684e+00
-5.988143874118167176e+00
-5.149916994192856201e+00
-9.944134708262062361e-01
4.409536380095103958e+00
7.826519261002117034e+00
6.939088165665957320e+00
1.935261002294617949e+00
-4.501006254518966188e+00
-8.815397703279012731e+00
-8.757119821316692310e+00
-4.688404770747920836e+00
7.742259349949190961e-01
4.477072441331063857e+00
4.644251552182797838e+00
1.786941577993276908e+00
-1.864408886431494050e+00
-3.909160824341999962e+00
-3.252811914566687612e+00
-6.179897288662454802e-01
2.107816861637022310e+00
3.157872659440070784e+00
1.963925831050893800e+00
-5.855857829036122952e-01
-2.769106483229749394e+00
-3.096908047474760561e+00
-1.187643407989393829e+00
2.007708604332351321e+00
4.723233050024634672e+00
5.346973445762694510e+00
3.333303071232013082e+00
-4.276771037935557240e-01
-4.015015851541468450e+00
-5.491998135794979419e+00
-4.008288654132211803e+00
-3.507693650495746773e-01
3.443950246591439779e+00
5.265732126213908515e+00
4.222000266046320505e+00
1.217656494776554466e+00
-1.613280207676685674e+00
-2.321809476608297729e+00
-4.892250861265767803e-01
2.439626280355351451e+00
4.135312293884975787e+00
3.057937074788412257e+00
-3.385630174516641722e-01
-3.780872377190859002e+00
-4.699758594492995378e+00
-2.088650465856709548e+00
2.627010495481886032e+00
6.399756704262143714e+00
6.569351814305504078e+00
2.710299483113487007e+00
-2.982919341127150403e+00
-7.081424266407989165e+00
-7.152563111752063385e+00
-3.314982034318629367e+00
1.925989309902679913e+00
5.399786441598372733e+00
5.317813650282507076e+00
2.246765361950208817e+00
-1.565036795417454440e+00
-3.890953672939198693e+00
-3.965539918306277833e+00
-2.673421446513053468e+00
-1.510655032407123288e+00
-1.260250558976130808e+00
-1.458456871754486128e+00
-1.015507770363208273e+00
6.108123659899074021e-01
2.732736027988384109e+00
3.860632850444125630e+00
2.923015892788507930e+00
2.725321415541364090e-01
-2.399039618199151569e+00
-3.255532651937346422e+00
-1.728756301294873676e+00
9.722847805741979821e-01
2.714236861926132338e+00
2.056131162372801580e+00
-5.975289129513595698e-01
-3.226394040175688538e+00
-3.689408545313447085e+00
-1.386525995214322515e+00
2.179855034238484812e+00
4.415164972906269192e+00
3.512234865885557777e+00
-1.725031449885909840e-01
-4.274203075548246744e+00
-6.023040007280735963e+00
-4.157491594191689899e+00
2.118945506483909114e-01
4.380355107448755447e+00
5.881842646159560317e+00
4.067111092279853679e+00
3.580961603779556635e-01
-2.898069440208021597e+00
-4.062208994994771949e+00
-3.139770344504359656e+00
-1.439867411870465741e+00
-3.547663283691768754e-01
-2.682807684576221652e-01
-4.150458519542191138e-01
2.799276149420393267e-01
2.117493154799823252e+00
4.193465472846353848e+00
4.982102131156287861e+00
3.499540938201936680e+00
1.660308325452500844e-01
-3.292237340743167984e+00
-4.860987460983063002e+00
-3.486185490660466790e+00
2.745255387838390071e-01
4.590162804950710829e+00
7.415121928737524293e+00
7.576520271816690411e+00
5.264884157688527466e+00
1.744458544804672773e+00
-1.427120717518375770e+00
-3.172997521959048939e+00
-3.288090394805209371e+00
-2.354617955696050924e+00
-1.326663555431341956e+00
-1.015765069020087674e+00
-1.685090586828252412e+00
-2.903316301879629080e+00
-3.742055231606011834e+00
-3.283743952276952704e+00
-1.231152527137127972e+00
1.732175912323759892e+00
4.138740773101171833e+00
4.507830780211616428e+00
2.301106101646838376e+00
-1.558246427412355972e+00
-5.048872099404178471e+00
-6.197505178047520324e+00
-4.333443318414295753e+00
-6.026117032494677783e-01
2.687622646006378346e+00
3.540919153971558764e+00
1.602701352660148348e+00
-1.580358315180575346e+00
-3.602883916656266727e+00
-2.867765427801326705e+00
2.721981836308536851e-01
3.718993018819067409e+00
5.073262295909618302e+00
3.328288995954207241e+00
-3.762677992070460609e-01
-3.491463676251647996e+00
-3.797609170204902185e+00
-9.481765252934644117e-01
3.249307028123985308e+00
6.012150905411109747e+00
5.417292173315852111e+00
1.655189363999824526e+00
-3.113884050208626686e+00
-6.160183836169760951e+00
-5.879533105367688250e+00
-2.684836773004369626e+00
1.406959157882350819e+00
4.115851276537966896e+00
4.240004969784864741e+00
2.177132709919277875e+00
-5.721604803033030207e-01
-2.453839797928586641e+00
-2.733046278235991444e+00
-1.705900755624687237e+00
-2.739327386121490626e-01
7.092411607367142823e-01
8.744000803900559005e-01
3.715517523563189872e-01
-3.760404437773772202e-01
-9.495812216929385707e-01
-1.082897007986818316e+00
-6.880895083977722759e-01
1.491344019758091832e-01
1.160841433393565048e+00
1.927382969557057457e+00
2.020040156015243227e+00
1.236804557558026652e+00
-2.086576167575882046e-01
-1.709444449780723740e+00
-2.543664751241965227e+00
-2.267500370844531599e+00
-9.778830867210879241e-01
7.318037524693099538e-01
2.099871934294092135e+00
2.599199247996587303e+00
2.167895632929573768e+00
1.151981276779971752e+00
4.035856529551046235e-02
-8.096596843546894906e-01
-1.290351386169917181e+00
-1.477000574390203713e+00
-1.477365621913756311e+00
-1.328287230636537197e+00
-1.001359390148752304e+00
-4.829970095783820971e-01
1.531719912974766618e-01
7.404843357425994199e-01
1.082064945439013659e+00
1.043806569486712466e+00
6.327473427669709771e-01
2.700791790721812635e-02
-4.674685863931818952e-01
-5.440650674993298130e-01
-7.709891710801813902e-02
7.332951607903077651e-01
1.377370808713685557e+00
1.280276726790637420e+00
1.904417841927792399e-01
-1.527547638474647584e+00
-2.954250487457680485e+00
-3.101073740696755898e+00
-1.580866720436961081e+00
9.875660554338383523e-01
3.204551431977376907e+00
3.715188786926354680e+00
2.149166251238502134e+00
-4.895329869336484396e-01
-2.354602644999093553e+00
-1.961522319396624248e+00
7.153661904317429876e-01
4.056947521653170519e+00
5.762708887590921591e+00
4.394014599374578722e+00
4.505929381717450610e-01
-3.827191425674262071e+00
-5.889996966936174694e+00
-4.616390179511043357e+00
-1.141594807394757938e+00
1.865581626059535036e+00
2.052916514361086797e+00
-8.898789641662840921e-01
-4.861603875478568426e+00
-6.671015417977711692e+00
-4.212587571976764700e+00
1.970348781509935643e+00
8.831278835371731972e+00
1.263425422734880499e+01
1.126715107798803750e+01
5.543192282280325678e+00
-1.344555533938968539e+00
-5.825841334113887271e+00
-6.086851639066169994e+00
-2.981331315045699260e+00
7.707018321143255246e-01
2.452684179885896931e+00
1.012223998505916267e+00
-2.511704939374513668e+00
-5.918856158188968486e+00
-7.367330130389912135e+00
-6.427029741298992960e+00
-4.057015564747436187e+00
-1.694691315191408254e+00
-2.130879102202039022e-01
5.187472847734546644e-01
1.260846888561939716e+00
2.602867296523757812e+00
4.381708268049542276e+00
5.728272760491998739e+00
5.664927401156034215e+00
3.797347727951246199e+00
6.248495754739038510e-01
-2.703778635942386099e+00
-4.987689915879755631e+00
-5.536868203345513884e+00
-4.401123956430676998e+00
-2.216422638422730351e+00
1.624851343283273408e-01
2.014906300160373309e+00
2.950755060020628040e+00
2.936958823425163789e+00
2.214963863457764415e+00
1.173753161107269793e+00
2.164875172211597476e-01
-3.536273411824221169e-01
-3.996385956654573413e-01
5.003119074568024294e-02
8.543628709090479445e-01
1.814967070668996429e+00
2.691043183831550500e+00
3.185872328545262810e+00
2.972142823921458454e+00
1.815736399609737983e+00
-2.298123388750121787e-01
-2.690560286260564649e+00
-4.754336969057327167e+00
-5.607019491043780945e+00
-4.872317789527407683e+00
-2.880956935245798434e+00
-5.555347732525311999e-01
1.069252940129408191e+00
1.416395457721272511e+00
6.647798508675616391e-01
-4.227854939014155100e-01
-1.027440252211769156e+00
-8.000595739534438477e-01
-3.130845581626029439e-02
6.338227494716832666e-01
7.153224613689378453e-01
2.726483605582520342e-01
-1.274148101059632276e-01
1.859426118586356980e-01
1.504645360028432632e+00
3.505336256776319992e+00
5.392143677825753656e+00
6.290896889056289965e+00
5.633958093035050574e+00
3.344361464687716889e+00
-1.906222047217007720e-01
-4.239580001901884998e+00
-7.846706527200626446e+00
-9.975395149280544160e+00
-9.766393002255060907e+00
-6.918408231955822885e+00
-2.019889597699926931e+00
3.443592592636371741e+00
7.569195273354693221e+00
8.864101203517872563e+00
6.992586284112761064e+00
2.978155310671583234e+00
-1.314659268973413120e+00
-4.146923029249041548e+00
-4.750344003498424783e+00
-3.554092058110518426e+00
-1.704587556629946876e+00
-2.505123441965050324e-01
4.445509913111077016e-01
7.077012527816706200e-01
1.068878490392492386e+00
1.713222628000670378e+00
2.306806348822924235e+00
2.302306117730419821e+00
1.444005183370257184e+00
4.528304543309746855e-02
-1.189901370668897673e+00
-1.656499709725901992e+00
-1.257694588219984144e+00
-4.176177511058419278e-01
2.912922507462374355e-01
5.852481156316223787e-01
6.104033931366497079e-01
6.898795785525408952e-01
9.210168364740999314e-01
1.003057796251481282e+00
4.824235345880241166e-01
-7.673822329458566127e-01
-2.252913319853265151e+00
-3.068424039622043242e+00
-2.523967563476034570e+00
-7.398965112201536520e-01
1.287105028570004528e+00
2.281410838864653901e+00
1.574348298504741228e+00
-3.645956759715913709e-01
-2.188597778780651648e+00
-2.602926431603986401e+00
-1.325347850224279034e+00
6.346158839033223531e-01
1.638557572050775901e+00
6.102673694001397031e-01
-2.074201144548633913e+00
-4.666349823243606032e+00
-5.115860382099599590e+00
-2.458375634855380021e+00
2.407644201655999794e+00
7.108981288909250296e+00
9.147117066619898651e+00
7.373818186298412236e+00
2.672958145133305319e+00
-2.560790298890958550e+00
-5.798204434780955374e+00
-5.751291455909358419e+00
-2.946186259556762277e+00
7.667347872198726488e-01
3.372346061907865788e+00
3.779241154385726720e+00
2.235599010240851836e+00
-5.006121890140741160e-02
-1.728196592562794454e+00
-2.028513457226516437e+00
-1.012897305410815241e+00
6.550666270449339024e-01
2.163050721943005961e+00
2.919106558424084952e+00
2.687272163554831561e+00
1.539310385338217735e+00
-2.376882177662859030e-01
-2.193335536684574372e+00
-3.756130440879177801e+00
-4.350729577750771071e+00
-3.616250847035078486e+00
-1.632595188051614965e+00
1.006771082729384981e+00
3.380783859609746145e+00
4.633606090892604890e+00
4.372731749627131848e+00
2.841347672975881533e+00
7.576661942376272663e-01
-1.083906922738060441e+00
-2.207722244999738237e+00
-2.614133762960456853e+00
-2.625955103899688670e+00
-2.557655458235196022e+00
-2.453758144522345308e+00
-2.084389983230824583e+00
-1.194820998053594430e+00
1.858859520618674210e-01
1.627522050609675031e+00
2.496054680833820871e+00
2.360558532245138785e+00
1.333544946002851006e+00
8.350348768030058100e-02
-5.349769720244066384e-01
-2.131297914555665973e-02
1.414892759236015873e+00
2.941165656051027977e+00
3.608350877445966276e+00
2.961772665297180307e+00
1.350860169462436033e+00
-2.872985427123583291e-01
-1.047668629298709853e+00
-6.757139335363708810e-01
2.382638782285237955e-01
6.418087072364541124e-01
-2.522655267589127837e-01
-2.368400489052675084e+00
-4.707398530352745247e+00
-5.889595619859736786e+00
-4.981038798003307733e+00
-2.097555993088035642e+00
1.582391593252263640e+00
4.404814359475007990e+00
5.085951158877886513e+00
3.347959045430746627e+00
2.616857915532078138e-02
-3.362588849395079293e+00
-5.331921264945760797e+00
-5.066448983829538122e+00
-2.729128208182815207e+00
6.483335005656217787e-01
3.613946121985820881e+00
4.906636015835282194e+00
4.010548596479104333e+00
1.431564399910776775e+00
-1.462970359131964715e+00
-3.044942656446411711e+00
-2.246009314997336581e+00
8.032936485179145158e-01
4.707323148044942229e+00
7.439949442238655841e+00
7.400483062071423035e+00
4.309684183176219818e+00
-6.009481807856218438e-01
-5.254019054774319741e+00
-7.859393732195465887e+00
-7.819822851026589028e+00
-5.858963911980080042e+00
-3.345422411305532417e+00
-1.330449860445476196e+00
9.842490203704201690e-03
1.167800649437240379e+00
2.568678901034847861e+00
3.953211141274180385e+00
4.429020614266010014e+00
3.196604999743508646e+00
3.772542527300264403e-01
-2.776535892166558828e+00
-4.572765173944620010e+00
-4.046517154373585612e+00
-1.734794459863265859e+00
5.972306429472095113e-01
1.183086855776692925e+00
-4.119382062041849757e-01
-2.861618317170691483e+00
-3.961447738480560421e+00
-2.265061906315188445e+00
1.702359471961450765e+00
5.605170910792615757e+00
6.826091049266802990e+00
4.337195645565970814e+00
-4.340855546156777711e-01
-4.437009387832495655e+00
-5.024122424021784106e+00
-1.784327876980949412e+00
3.119745709663960476e+00
6.386049397524791615e+00
5.806320587527144639e+00
1.749960822073403754e+00
-3.129251841040550541e+00
-5.740716228643530705e+00
-4.649382319184816481e+00
-9.566866972847538619e-01
2.599396248822778865e+00
3.625610892384055539e+00
1.701104584958986310e+00
-1.473181584878356709e+00
-3.428417834319214208e+00
-2.739784088729774414e+00
1.991123992236432105e-02
2.812170474871597214e+00
3.673473262171482290e+00
2.092438741479503150e+00
-7.502837806679882870e-01
-2.957865893605259089e+00
-3.296950418178759890e+00
-1.942890291241047951e+00
-1.151590053433280136e-01
9.973611665506089130e-01
1.120221526927740019e+00
9.183430631532386590e-01
1.233514410231651981e+00
2.239586045223232347e+00
3.247185313684260777e+00
3.312123241727622958e+00
2.109555894642319185e+00
3.028396671978459409e-01
-9.453734587534156075e-01
-9.443207565749022203e-01
-1.166584075902106221e-01
2.735190730934791703e-01
-8.406217394979740298e-01
-3.325104387029835351e+00
-5.718989903191086910e+00
-6.187373660501183537e+00
-3.908804260443371703e+00
1.422350040023169226e-01
3.669541155988445880e+00
4.531487550622831151e+00
2.208692522112803758e+00
-1.781811832043192378e+00
-4.843081332141855100e+00
-4.978673115040870734e+00
-2.049368319157733875e+00
2.225136554451430992e+00
5.463179851673665155e+00
6.150856600427477616e+00
4.473439982518574887e+00
1.971835686737286375e+00
3.791879152879419346e-01
4.969954837144335835e-01
1.830122284030256896e+00
3.091711380892326222e+00
3.102337009164350068e+00
1.450929081997621495e+00
-1.409464800747451285e+00
-4.507058459797112171e+00
-6.787198544964694769e+00
-7.403691070212961023e+00
-5.891973122841816846e+00
-2.360803455025791475e+00
2.310790504139828894e+00
6.512595437637578755e+00
8.427806230182408598e+00
6.966909749562746335e+00
2.596086138324532389e+00
-2.601900659932856463e+00
-5.914459743319007146e+00
-5.585722470971345999e+00
-2.005953445223030318e+00
2.383888468431295315e+00
4.564374714885524043e+00
2.906368616363323554e+00
-1.681358896328062791e+00
-6.266657132886598980e+00
-7.795838281696518379e+00
-5.124879773289190865e+00
2.083086674823342310e-01
5.009015304356958964e+00
6.541663655279769785e+00
4.276929855466975461e+00
9.142706375651260542e-02
-3.150091706273994152e+00
-3.570720578465614636e+00
-1.418261148561487994e+00
1.361608575328789206e+00
2.682514783606807729e+00
1.794029985389003823e+00
-3.774700112557073939e-01
-2.154241766802879265e+00
-2.470243324156636611e+00
-1.579044138025961885e+00
-6.117637103350324068e-01
-4.439499539545928020e-01
-8.724445107178376846e-01
-8.126652786743886470e-01
6.460657663902437120e-01
3.229686427869481236e+00
5.416744550970577166e+00
5.476388087351357292e+00
2.849352710085361284e+00
-1.222151157561229606e+00
-4.382814971147775296e+00
-4.737462768619176146e+00
-2.173802754389008829e+00
1.549926183953158398e+00
4.033505078257850762e+00
3.886452622030171611e+00
1.605355365059430994e+00
-9.279048850599210807e-01
-1.899565909629356231e+00
-8.571421461592220181e-01
1.097684110610860353e+00
2.283984761760544657e+00
1.766699831758045569e+00
-5.006070408766105650e-03
-1.691875877373282044e+00
-2.224184419051624229e+00
-1.652357013941797126e+00
-1.001496351306275123e+00
-1.277370723883682890e+00
-2.474483376421845016e+00
-3.442478748046546411e+00
-2.771289027633669466e+00
-1.576012756164435480e-02
3.728938813265358476e+00
6.414119145901783448e+00
6.404885726711274430e+00
3.630604005544686430e+00
-3.345846507323644858e-01
-3.321550712553458240e+00
-3.976937362072217041e+00
-2.529153467449553272e+00
-4.214231110000203895e-01
8.256951933680961586e-01
6.349491920804208878e-01
-4.334541799706650433e-01
-1.329269286982951215e+00
-1.381426293573255526e+00
-6.861127558062658505e-01
2.020356229693704431e-01
8.802984486151702592e-01
1.402535028778222781e+00
2.017400861877088225e+00
2.653456091401492856e+00
2.736867759829151758e+00
1.633713005503881988e+00
-6.082501321643986048e-01
-2.927585696717568631e+00
-3.794914363067753094e+00
-2.373523874239506615e+00
5.949123806777428802e-01
3.015602148246153469e+00
2.821517068910791792e+00
-4.058108379775072772e-01
-4.837466770675399097e+00
-7.447459443505502819e+00
-6.118754914522571475e+00
-1.316416826698972198e+00
3.988361476135947825e+00
6.252418574742044655e+00
3.866004524131109843e+00
-1.584195245939666208e+00
-6.301511550338744883e+00
-6.909922760986923151e+00
-2.876408683741739747e+00
3.053726622008594127e+00
6.788940894393615366e+00
5.839954472825976239e+00
1.147080066228795880e+00
-3.579436553234636609e+00
-4.571946389195721494e+00
-8.165144567940840759e-01
5.103147177555286795e+00
8.789927202382630256e+00
7.195402509613222364e+00
8.863460423075539829e-01
-6.236957248066612891e+00
-9.600811038092780691e+00
-7.121468748141945859e+00
-6.387661903929484630e-01
5.375501970853290068e+00
6.901451571782087235e+00
3.079582413358202153e+00
-3.306146133394823661e+00
-7.821594326149715393e+00
-7.393104223744655812e+00
-2.256602593637011545e+00
4.388944029372350286e+00
8.623689652753213863e+00
8.307412982719426964e+00
4.183702985703116717e+00
-9.613501905859425101e-01
-4.281068143973749685e+00
-4.545188199913743787e+00
-2.495034004458287491e+00
8.449141305866053608e-02
1.687327677189712771e+00
1.840724022745489519e+00
9.542610388916696884e-01
-3.358693443649122812e-01
-1.656506449443079232e+00
-2.875748477143572845e+00
-3.775467764549392591e+00
-3.892391110257320097e+00
-2.780343861840788300e+00
-4.785713135792248885e-01
2.288591104374700258e+00
4.454692033598279366e+00
5.282282171860048336e+00
4.815653173704085077e+00
3.714352660496321512e+00
2.593744083531234423e+00
1.457878284268153468e+00
-2.232627968697159515e-01
-2.785925944935188525e+00
-5.612102268435541497e+00
-7.106923127164714415e+00
-5.665019899686692284e+00
-1.041213913454017259e+00
4.942819807323198589e+00
9.099870130110121025e+00
8.749680557790719959e+00
3.584857010277183953e+00
-3.811489518786846276e+00
-9.319550719888880508e+00
-9.754459229281646770e+00
-4.870104426079326032e+00
2.451394350816355150e+00
7.986324343697948969e+00
8.773036519440964298e+00
4.837119964364842595e+00
-1.039113284546209659e+00
-5.251032621075329310e+00
-5.651202958070463467e+00
-2.679832886092867295e+00
1.269752500805268802e+00
3.640757975917186862e+00
3.342981823960803567e+00
1.168789541054606751e+00
-1.102457456593411544e+00
-2.093725515321530395e+00
-1.665654221751766029e+00
-6.970515743213747673e-01
-1.524007109396276760e-01
-2.650224959364203547e-01
-4.693790987920138935e-01
-5.423186938051799411e-02
1.070295402572459142e+00
2.153509480111778895e+00
2.121366952859327526e+00
4.208514136880343592e-01
-2.468233971044738517e+00
-5.244087666497976308e+00
-6.555003215111934622e+00
-5.775645860593139780e+00
-3.275441776151963857e+00
-7.823795656375942542e-02
2.757076554823870929e+00
4.581570963459631329e+00
5.208278860872693095e+00
4.707765911123278357e+00
3.250384262070879160e+00
1.157985901993421107e+00
-9.599926890480190433e-01
-2.261080166403386826e+00
-2.045832770121923883e+00
-2.623858572836159642e-01
2.265376721518683301e+00
4.171292602310005648e+00
4.327684095174310741e+00
2.579813391450398896e+00
-1.017297382053283794e-01
-2.218148731971482324e+00
-2.724536201164668991e+00
-1.729037208290195249e+00
-4.075269784262692818e-01
-1.681384105758104708e-01
-1.628803687534971179e+00
-4.113554687244749708e+00
-6.025221210029148011e+00
-5.858030707296658868e+00
-3.186877187756340213e+00
1.003812101222786968e+00
4.846094108194908046e+00
6.620371878841049273e+00
5.659229458694023052e+00
2.620465322586873924e+00
-9.554108727102906817e-01
-3.477628926570941026e+00
-4.043286537639154687e+00
-2.734378282165320861e+00
-4.171941884593173278e-01
1.766352503991242440e+00
2.936770244869984836e+00
2.820223896663761387e+00
1.790348942347816052e+00
6.188672016623083527e-01
4.524364465136171409e-02
3.562138045291491362e-01
1.194671190811060324e+00
1.741012147071849370e+00
1.218397980294068539e+00
-5.476876004362688510e-01
-2.881652100605706757e+00
-4.548134285588411707e+00
-4.473791745050750279e+00
-2.473160561046416461e+00
5.166773204176776657e-01
2.911440311292891714e+00
3.417042121921178399e+00
1.840405860836358931e+00
-7.712065298568913096e-01
-2.779527108968668170e+00
-2.979769258507150909e+00
-1.325955621298533726e+00
1.113974695033884466e+00
2.912637160854624430e+00
3.203033941563328213e+00
2.130069023466679923e+00
5.645175293236990299e-01
-6.444954979257790928e-01
-1.280797827604934547e+00
-1.774935476798225942e+00
-2.642746136170815774e+00
-3.830302957853685353e+00
-4.529938637671257595e+00
-3.673420844140808050e+00
-7.777350631505401957e-01
3.481968153420638146e+00
7.437547865906211975e+00
9.286870765647142534e+00
8.112655963503911494e+00
4.408895577607257366e+00
-2.072938981170396877e-01
-3.886746758923053768e+00
-5.469647367930908999e+00
-4.907588850699918126e+00
-3.034142003933027354e+00
-9.491138376934196152e-01
5.474482702864087447e-01
1.182623382222168118e+00
1.107654322427445548e+00
6.721584896310878188e-01
2.599324741660786753e-01
2.066379010484730161e-01
7.045297364957459063e-01
1.650084759200906248e+00
2.543965420087485718e+00
2.627800920770980042e+00
1.314063106001600367e+00
-1.300128907603076645e+00
-4.222475391055978911e+00
-5.936980286623471770e+00
-5.255669428947440380e+00
-2.151201700273908557e+00
2.023780041502102112e+00
5.186657970157060760e+00
5.720540366455273862e+00
3.472591658499839973e+00
-1.213649780697397262e-01
-2.914339614704978043e+00
-3.384527183773332393e+00
-1.561059591419447834e+00
1.068214722142684314e+00
2.592173571904683893e+00
1.947781711472283739e+00
-4.235936622427394216e-01
-2.945631528590710424e+00
-4.005099172274316111e+00
-3.003977035429542752e+00
-6.670566245556459606e-01
1.542044443563205469e+00
2.425806679406464106e+00
1.760693910917599414e+00
2.631878211351519337e-01
-1.067273861445951599e+00
-1.680303698382491495e+00
-1.738711650944779086e+00
-1.776373733624127871e+00
-2.087800910532795484e+00
-2.374686573596194172e+00
-1.947233763786669236e+00
-3.272462900809223196e-01
2.223464842768389627e+00
4.680582358551158784e+00
5.800935748714596940e+00
4.878565313915699697e+00
2.205588567844339210e+00
-1.062929656219007590e+00
-3.537160059902975995e+00
-4.303059581098072073e+00
-3.295259434972476420e+00
-1.176150929717356908e+00
1.110759814070364060e+00
2.788793457969131140e+00
3.461763783509993253e+00
3.081477588453744865e+00
1.824481137554909260e+00
2.820309481774041505e-02
-1.801715779619602387e+00
-3.027207644386357810e+00
-3.063244133166648453e+00
-1.680876794087494464e+00
7.532229182568557224e-01
3.305179743963558181e+00
4.833555361643981030e+00
4.528478403781777573e+00
2.341484857775615325e+00
-9.421345107006080521e-01
-4.041393437698364011e+00
-5.755446134437072203e+00
-5.485078144959544488e+00
-3.454035576243408734e+00
-5.527495040203131982e-01
2.087155868949547077e+00
3.570568335614053623e+00
3.557433095207140461e+00
2.307613520285851205e+00
4.704718312007872827e-01
-1.251187332444261724e+00
-2.387577127403607058e+00
-2.804317389753991918e+00
-2.599320288663170331e+00
-1.902319625370026301e+00
-7.507009114329792343e-01
8.411019326175048771e-01
2.661669757246113210e+00
4.134149339191505845e+00
4.425612079836449553e+00
2.891256415607523333e+00
-3.659925531580986435e-01
-4.224077585491278874e+00
-6.876564698114544960e+00
-6.731170808302581854e+00
-3.406271728225637396e+00
1.819345067581208841e+00
6.500080857724281458e+00
8.286819122442707908e+00
6.253337999410774728e+00
1.465181100001347048e+00
-3.600959184543303770e+00
-6.459735033747429966e+00
-5.981470213234437949e+00
-2.886681971480016706e+00
8.788745855678481433e-01
3.402561383557422658e+00
3.835002105027121910e+00
2.569846665777021588e+00
6.100137217296071057e-01
-1.266318139168626011e+00
-2.862865142052305245e+00
-4.244528978043495826e+00
-5.154762612784738351e+00
-4.830439704928624067e+00
-2.526473292037762608e+00
1.606240876614230872e+00
6.076623421720578122e+00
8.617242428799920972e+00
7.572068974894720306e+00
3.186121241146171901e+00
-2.226849584044944486e+00
-5.558234206341392536e+00
-4.886545627129604163e+00
-8.148195924479142427e-01
3.851340516523564350e+00
5.971202186255631261e+00
4.233405485363679333e+00
7.841697580207096507e-02
-3.334084657048060230e+00
-3.430581059255750187e+00
-1.589931038739048619e-01
3.882825387225158575e+00
5.289927523864766279e+00
2.386133921869860064e+00
-3.382842092621000774e+00
-8.267224061992646256e+00
-8.739687530508014390e+00
-3.980240989775783333e+00
3.441800231679045474e+00
9.195915597463928393e+00
1.000915140853388863e+01
5.726702207907005793e+00
-7.734442899753500855e-01
-5.664416884374559480e+00
-6.714991910752170057e+00
-4.508220320237660061e+00
-1.588417651740699377e+00
-3.232525066154317006e-01
-1.153442555792660418e+00
-2.511187453543211934e+00
-2.355455698525185326e+00
-2.909264063319327853e-02
3.070263283342234306e+00
4.554316411878679638e+00
3.013113559250606421e+00
-6.749322034449494190e-01
-3.778179845469309406e+00
-3.650074055454882060e+00
2.404459359505570770e-01
5.716521829414759281e+00
9.238710641983177041e+00
8.272628937037563190e+00
3.013126069195338097e+00
-3.737406722260200986e+00
-8.415905671009115352e+00
-8.946368136307913943e+00
-5.846936414078331090e+00
-1.542509570900891358e+00
1.471365313289578314e+00
2.219150207505609096e+00
1.509357286958939781e+00
8.653213882062549267e-01
1.104507797958867998e+00
1.717070124130281927e+00
1.470606253346783632e+00
-3.389349346802376650e-01
-3.066053452407995650e+00
-5.022646821585579957e+00
-4.691249154736922833e+00
-1.898896152805842341e+00
1.961335977024850408e+00
4.832276404848633078e+00
5.335174072378649157e+00
3.566773810712252413e+00
8.243562809112869871e-01
-1.434640811159881846e+00
-2.547905376022126411e+00
-2.820625564576774380e+00
-2.906184588336905072e+00
-3.031147246226077119e+00
-2.778091258753614845e+00
-1.606237007570826769e+00
3.924999017471939022e-01
2.250413514017099104e+00
2.727789749766543981e+00
1.351192118081567806e+00
-9.808281415795738756e-01
-2.442313274368010489e+00
-1.587292852069221993e+00
1.411657086926875415e+00
4.596400835528832829e+00
5.411268749465250494e+00
2.518043630948952671e+00
-3.037013537054763290e+00
-8.215374340562000555e+00
-9.792543505569184958e+00
-6.425466306744230138e+00
4.017734763796139141e-01
7.206808178794164021e+00
1.057910728374188913e+01
9.142909891589120264e+00
4.177071451819942993e+00
-1.407834752233443121e+00
-4.948225087175736725e+00
-5.486211252718972808e+00
-3.935644745241838827e+00
-2.036177073162240170e+00
-9.796700774435442849e-01
-7.050001803586352089e-01
-2.632053899677951891e-01
1.160570131675464189e+00
3.418962329030007297e+00
5.398653129565889941e+00
5.809602678476110782e+00
4.146536478785730395e+00
1.105448861224588741e+00
-1.833695024188810807e+00
-3.339820171790194081e+00
-3.020288399554583947e+00
-1.552291282813286655e+00
-1.274109474808785558e-01
3.593245381514510450e-01
-1.765792361700803115e-01
-1.082187290087113674e+00
-1.495654471414371800e+00
-9.224618508323316757e-01
5.133911827464741062e-01
2.240020988589256135e+00
3.633897605775176842e+00
4.336995940811105399e+00
4.309819957843318505e+00
3.662295037263801234e+00
2.461759235601687301e+00
7.015643453125441908e-01
-1.543247465004022212e+00
-3.917509956560454754e+00
-5.747120692028179434e+00
-6.265932790244723272e+00
-5.027305409857578233e+00
-2.264294953497227425e+00
1.054580756523703755e+00
3.580508229606657267e+00
4.219148057127009466e+00
2.720135571687174902e+00
-1.267732639984006093e-01
-2.850133846912077829e+00
-4.058978437792037042e+00
-3.198143907035811306e+00
-8.507398329185664743e-01
1.617460598211092782e+00
2.882645734837832485e+00
2.461064197670599363e+00
9.773546263144601287e-01
-2.784133549310294775e-01
-2.272863448273512166e-01
1.260310714177484304e+00
3.256040925142395626e+00
4.370507852873974919e+00
3.656456651141852809e+00
1.214415963668886267e+00
-1.891395663738161703e+00
-4.318616624253685643e+00
-5.239131687993846320e+00
-4.701731818430666010e+00
-3.373098781008629476e+00
-1.931421132006391872e+00
-6.205610148573488249e-01
7.000535216159744500e-01
2.110898396386438058e+00
3.241696334689518455e+00
3.353794166354154171e+00
1.916783168980505936e+00
-7.560074166521957295e-01
-3.385685162343477828e+00
-4.363214689534163249e+00
-2.807580762583658185e+00
6.806036859991855259e-01
4.177770493508364602e+00
5.524493157589272840e+00
3.694044232208043343e+00
-4.590182576433440298e-01
-4.609693053301680443e+00
-6.320928941845456173e+00
-4.507070804222457205e+00
-8.350643728563422741e-02
4.587871108672763931e+00
7.078803289307122881e+00
6.229433737809826788e+00
2.658773506803309150e+00
-1.753764092510354367e+00
-4.980132016221263669e+00
-5.828535699919650703e+00
-4.290145731249237038e+00
-1.227034154754035100e+00
2.220875440078733831e+00
5.079255053051535462e+00
6.662364587873732091e+00
6.519448197432400782e+00
4.457690216703405817e+00
7.363203782662943730e-01
-3.734387168582986138e+00
-7.474342639406829747e+00
-8.935196151216249660e+00
-7.249124148645742061e+00
-2.807031314096853691e+00
2.731454259288696562e+00
7.097837573566438074e+00
8.455304402838889288e+00
6.290498635480439305e+00
1.684656389134573828e+00
-3.188563640016574219e+00
-6.093919604244539379e+00
-5.786901055740514721e+00
-2.578205873710132767e+00
1.853462968051664994e+00
5.298688158221985134e+00
6.091602398635477478e+00
3.895025395184957162e+00
-1.873974296958724750e-01
-4.218313435169035230e+00
-6.427790953491761883e+00
-6.073855833275311866e+00
-3.708057172671506141e+00
-7.330049530619311415e-01
1.449657754831100931e+00
2.172597487223544288e+00
1.692958687775026005e+00
7.897301906524857307e-01
1.134782004019178336e-01
-2.256877395958127586e-01
-5.586342008020898087e-01
-1.180914724510606639e+00
-1.929745778030171888e+00
-2.197515011667293461e+00
-1.406008052865789448e+00
4.283845142938925710e-01
2.519757642748468918e+00
3.732099122332655838e+00
3.331615510502977440e+00
1.520583053362264403e+00
-6.693846039423287930e-01
-2.076165055931875614e+00
-2.192312311496801946e+00
-1.449022614083163241e+00
-7.857011989640456662e-01
-8.446983706930235591e-01
-1.431157553843759977e+00
-1.679249793380604761e+00
-8.094839629324190877e-01
1.121723114612552141e+00
3.101475450344103546e+00
3.816809187693217531e+00
2.624834221433872461e+00
1.023346954947536580e-01
-2.266999139141498532e+00
-3.067764839807861854e+00
-1.890744269552292689e+00
4.378571560816504893e-01
2.473782964906803272e+00
3.133436616491562798e+00
2.315194773381371807e+00
7.662575829617872536e-01
-6.003942096089640579e-01
-1.340599993489566932e+00
-1.583805837444542064e+00
-1.628897466319571441e+00
-1.496832712288065803e+00
-9.090402416328822177e-01
