2.442382163944294415e+00
6.189704953844450408e+00
7.816352613039095232e+00
6.497289557593830978e+00
3.192725773951430757e+00
3.883542459694078186e-02
-1.023488415370434446e+00
5.552428783825089642e-01
3.686988619826371050e+00
6.447977637067584311e+00
7.331107887083022412e+00
6.108398980563591429e+00
3.793759359606166726e+00
1.825576239985390981e+00
1.072944663635239326e+00
1.314251439388689713e+00
1.470612787535005683e+00
3.834408547131933354e-01
-2.378123991076702026e+00
-6.160693966455164983e+00
-9.505918282667366270e+00
-1.089402130088716092e+01
-9.550639331256348896e+00
-5.899906785424255951e+00
-1.424654670123323807e+00
2.019593529316148661e+00
3.114418140890360398e+00
1.748895406846119105e+00
-9.271093390663114331e-01
-3.136235763622556405e+00
-3.470164293672627132e+00
-1.678310879707591408e+00
1.238458015912308197e+00
3.705663417145907079e+00
4.601139546811083392e+00
3.953792799430456917e+00
2.838708793970964983e+00
2.537597502649050263e+00
3.557062289844652447e+00
5.215716994747341850e+00
6.115431275987301518e+00
5.169959325257543092e+00
2.442979432027281739e+00
-8.301202283232724799e-01
-3.070823438995087251e+00
-3.441293928568775584e+00
-2.393695314301218069e+00
-1.288966212606762474e+00
-1.380147929012333963e+00
-2.922865992834704496e+00
-5.064376008757911052e+00
-6.559026976233213624e+00
-6.727215661624855514e+00
-5.903537070602184578e+00
-5.038364060873544936e+00
-4.796484932324007744e+00
-4.902689329327821532e+00
-4.294939244537047784e+00
-2.004158469234553763e+00
1.914184330447166182e+00
6.148999442535619586e+00
8.845272094301570576e+00
8.787731557817036077e+00
6.214201859971363540e+00
2.671843847477581413e+00
2.021363163108630401e-02
-7.080285901158613893e-01
1.971582595121318671e-01
1.560160635350216429e+00
2.296845832286297906e+00
2.182057479870801231e+00
1.869596366467705550e+00
2.217747813466572460e+00
3.483424053894820904e+00
5.007110724377687561e+00
5.609175150061840753e+00
4.386748053625592725e+00
1.336918500290638523e+00
-2.601040336126549501e+00
-6.063141340181632089e+00
-7.962875656532185431e+00
-7.956276010270783239e+00
-6.478267361601026231e+00
-4.442428274221327023e+00
-2.825787538992699410e+00
-2.305843408428328800e+00
-3.009848121427706413e+00
-4.409636654329641914e+00
-5.443771705530288330e+00
-4.943431155207487215e+00
-2.280090051582315702e+00
2.086414042112131106e+00
6.580497219399795483e+00
9.205862057773540386e+00
8.688770939776770064e+00
5.383043061931623186e+00
1.259589730733839952e+00
-1.171497170542029620e+00
-4.205932026892882369e-01
2.950591924496284157e+00
6.585383027703612946e+00
7.808278663160822752e+00
5.398089440989767063e+00
4.672205703307281688e-01
-4.191265191144749380e+00
-5.902144098312864351e+00
-3.872437378722667134e+00
2.563798298877868476e-01
3.439782800166408361e+00
3.161147838571632285e+00
-9.987782291319202699e-01
-7.132835651516852948e+00
-1.218337333493518315e+01
-1.369312916833984772e+01
-1.102486831725661176e+01
-5.413408807485090790e+00
9.682841669616066849e-01
6.177317230377384227e+00
9.180536598992055985e+00
9.829315934360376872e+00
8.448604839267323641e+00
5.521603850951031234e+00
1.686212348685327989e+00
-2.137820598136951133e+00
-4.831582372927359259e+00
-5.500871264109830960e+00
-3.998626462239294632e+00
-1.115073801838701417e+00
1.806016477004597665e+00
3.633853690548498605e+00
4.084290524850674231e+00
3.767197945337696474e+00
3.615172027350098904e+00
4.121722699005292867e+00
4.957998035237688228e+00
5.245196498979621147e+00
4.258905461089360855e+00
2.017302345153607845e+00
-6.961401576250407786e-01
-2.885188670850943993e+00
-4.039859711505354056e+00
-4.449641745513211788e+00
-4.900660093998096656e+00
-5.994985035498366699e+00
-7.608392383208710363e+00
-8.889996995794371415e+00
-8.802765712436244172e+00
-6.818128626046910057e+00
-3.288838365288856203e+00
7.257268720201019985e-01
4.025250713697015037e+00
5.836618091739334879e+00
6.058078154183960784e+00
5.122835002801397586e+00
3.677315906102177845e+00
2.324428214680330562e+00
1.538435247262664118e+00
1.669400958459040574e+00
2.889954383024345042e+00
5.039958939892365208e+00
7.489544856029038300e+00
9.209032988374865170e+00
9.128942906524422085e+00
6.662781963162801802e+00
2.107861530509418380e+00
-3.339700933828142926e+00
-8.021013078772373461e+00
-1.051336216972418214e+01
-1.025202289716697379e+01
-7.770157328064741797e+00
-4.444923362204365347e+00
-1.875792912008072300e+00
-1.183511127025481890e+00
-2.539020723612169572e+00
-5.117645958352998292e+00
-7.484666405818143353e+00
-8.234660992550002945e+00
-6.602051364401025246e+00
-2.778171943290661972e+00
2.193082343582131610e+00
6.872738203204722396e+00
1.000868616507790776e+01
1.097261720135696983e+01
9.881174723918217495e+00
7.406719164369964581e+00
4.429781974234510145e+00
1.721820943720781205e+00
-2.272882639431708096e-01
-1.234631942288778150e+00
-1.366318560615954469e+00
-8.523851218095210847e-01
9.226514846690125893e-03
9.545176010656821752e-01
1.824107220153112108e+00
2.541310346621032501e+00
2.980962618167636080e+00
2.821813937975393483e+00
1.556579111980946450e+00
-1.223918983048258413e+00
-5.366640625586934554e+00
-9.833747225785439028e+00
-1.287943747457240562e+01
-1.282181931068823921e+01
-9.066477967225635481e+00
-2.733479627113201360e+00
3.647848087446551091e+00
7.368466045025669153e+00
7.036873150463031301e+00
3.403280246362338168e+00
-1.081195165190803387e+00
-3.753098644545034279e+00
-3.327226295817561130e+00
-5.348318139934291615e-01
2.606846015386786064e+00
4.345879568534185111e+00
4.424441771345490437e+00
4.076499800493402326e+00
4.811526804210741304e+00
6.945425842971221009e+00
9.078580420322580835e+00
9.032226212673428734e+00
5.618783019919292521e+00
-1.053937945427017020e-01
-5.181543636159415378e+00
-6.624457290415958433e+00
-3.585378850821888008e+00
1.783022173814892142e+00
5.519138732181863460e+00
4.417115400559001870e+00
-1.752750406551059736e+00
-9.927979430128923255e+00
-1.562582841408866940e+01
-1.577520286154640061e+01
-1.060827550862747870e+01
-3.362758589256657160e+00
1.940901142017513292e+00
3.082488115221285518e+00
8.417428610270174527e-01
-1.892651577424595777e+00
-2.336217898301008233e+00
2.810248505318386769e-01
4.396004444508071707e+00
7.454478664997224335e+00
7.805152962024047625e+00
5.746498772540264532e+00
3.068127018077372981e+00
1.585225018770871186e+00
1.854030389622150832e+00
3.002038332391731235e+00
3.670419392860638563e+00
3.208096961109037082e+00
2.130944681914312522e+00
1.519270040435985347e+00
1.913831206922607109e+00
2.673694498851250323e+00
2.372296570394490267e+00
-4.487979131666897104e-02
-4.253311687753229542e+00
-8.522192523928779906e+00
-1.075932220616427770e+01
-9.901027530222926032e+00
-6.644851652456828184e+00
-2.995405229695648153e+00
-9.501436211529072917e-01
-1.250935299140533585e+00
-3.040572961451491807e+00
-4.585235702338259500e+00
-4.477091174577827459e+00
-2.457463205295404407e+00
6.398539734693942105e-01
3.647868319454489860e+00
5.876710095837220038e+00
7.379363911023259170e+00
8.567698881410887424e+00
9.587809414476721415e+00
1.001057937722659830e+01
9.095519669119967787e+00
6.410526406898567231e+00
2.315959589545307118e+00
-2.059788073948349840e+00
-5.338500265431061820e+00
-6.548411992440330565e+00
-5.514456374113397175e+00
-2.817739819014724922e+00
5.365749934586603320e-01
3.475059580001518711e+00
5.075927836849857044e+00
4.693250084127079447e+00
2.110505355608479405e+00
-2.259153783121772285e+00
-7.290054638475366389e+00
-1.139303525061171385e+01
-1.312971524415430835e+01
-1.192389568407949874e+01
-8.427820242693529806e+00
-4.236922686718879838e+00
-1.044852635421861020e+00
2.762189336780491722e-01
9.285427448748007073e-02
-3.468477760510582097e-01
1.931683662432632786e-01
2.106037740721176554e+00
4.724204269963166780e+00
6.834318508905712797e+00
7.534311671472934790e+00
6.815784629045943177e+00
5.472314663126058853e+00
4.435266854658009628e+00
4.057201545202544501e+00
3.892706299488510879e+00
3.144725883460758986e+00
1.431221848017478315e+00
-7.363165072524537891e-01
-2.179646407617704007e+00
-1.883199912421425370e+00
1.510052174699585414e-01
2.674063223926746335e+00
3.833908880778752248e+00
2.326435835204539337e+00
-1.701293526048374583e+00
-6.625809656828544725e+00
-1.025540206411601929e+01
-1.109273631030172069e+01
-9.125437282976882614e+00
-5.642611905361976987e+00
-2.253038942118869237e+00
1.668182325200853189e-01
1.840230970415891676e+00
3.545196445400553564e+00
5.630216939110709973e+00
7.417363373901281420e+00
7.542362966406011004e+00
5.055492839624772472e+00
4.647696727738027667e-01
-4.152704975004985144e+00
-6.224081953345532270e+00
-4.311967769722540922e+00
8.152439227136067945e-01
6.494726556373439763e+00
9.756174279933121696e+00
9.163002681921170733e+00
5.655148817238139003e+00
1.799194090224972786e+00
-3.916207438338781266e-02
6.853095789980720998e-01
2.431555449167342786e+00
2.834240475836636186e+00
5.568814681266438527e-01
-3.636769491559819656e+00
-7.394716886048482429e+00
-8.502651291000518086e+00
-6.544909393026964395e+00
-3.254756807861888923e+00
-1.271642710608755333e+00
-2.207872949523995931e+00
-5.449804553158372755e+00
-8.582549536147784153e+00
-9.126684269775790170e+00
-6.306329503362299249e+00
-1.555398060222589418e+00
2.580799744541480756e+00
4.296952156309249204e+00
3.741798872686834976e+00
2.719095617312027535e+00
3.162706338081541002e+00
5.590571292423881289e+00
8.719261794672915400e+00
1.049291527299816451e+01
9.680176666265982277e+00
6.776670073068228994e+00
3.531538603875353566e+00
1.523521868122847955e+00
9.629616998389609606e-01
6.946226663041303873e-01
-6.159396683567925912e-01
-3.117116614238801375e+00
-5.413102155879089494e+00
-5.606552286366666138e+00
-2.981057926133372948e+00
1.034567074659064279e+00
3.512438170628476630e+00
1.966191312082258724e+00
-3.765606879826566722e+00
-1.109803411184808830e+01
-1.614133976003180848e+01
-1.607535394116958827e+01
-1.085362765587117551e+01
-3.113527835822316625e+00
3.565430785304104067e+00
6.798846016956899163e+00
6.508234888006425578e+00
4.428230335858150291e+00
2.602298649438045786e+00
2.071076363721315872e+00
2.613940957647034935e+00
3.465738683864305614e+00
4.187641209166486078e+00
4.895836270477097685e+00
5.751968783330656976e+00
6.347171603230466808e+00
5.722695262896042578e+00
3.166964311159827794e+00
-8.583170584445665163e-01
-4.570790320953395991e+00
-5.856314830317187692e+00
-3.797394511489199154e+00
4.250794949412854962e-01
4.080559713913038955e+00
4.649729952984418269e+00
1.578765937041582301e+00
-3.294500529774573305e+00
-7.040341739975426449e+00
-7.765984314843939806e+00
-5.995907942342731722e+00
-4.218878920449927072e+00
-4.864942116055234855e+00
-8.190819815894233358e+00
-1.170782887731233224e+01
-1.172053017619391468e+01
-6.002579668130376689e+00
4.262172081320928285e+00
1.472626180223585557e+01
2.029729362296214390e+01
1.821610253745253516e+01
9.799097441172712308e+00
-2.902990593025047694e-01
-6.773047141306708596e+00
-6.760896988414212494e+00
-1.206238146991879701e+00
5.977245569215373422e+00
1.042558088770046965e+01
9.845781353706485106e+00
5.072729823328657517e+00
-7.955291495726537487e-01
-4.466674638094667138e+00
-4.395747102389993444e+00
-1.498894872374271436e+00
1.635725465726320049e+00
2.441192519694981744e+00
-6.880568130164532725e-02
-4.745755788200325398e+00
-9.018324901815427452e+00
-1.042978395972913219e+01
-8.118521438283492486e+00
-3.386797604023863428e+00
1.008649661817586862e+00
2.490612227838044035e+00
2.897894960748469417e-01
-3.943947146267026582e+00
-7.025833433891333968e+00
-6.192357112887076021e+00
-9.650391156560145234e-01
6.307178321044919933e+00
1.170910878595665849e+01
1.215261803182327505e+01
7.413096549443820571e+00
4.366538667799004791e-01
-4.396457123336658057e+00
-4.019409299717446871e+00
1.323929410076048141e+00
8.165715544685252070e+00
1.197472123271724698e+01
1.000940922601133565e+01
3.019078782161245478e+00
-5.282108642941349075e+00
-1.056791533968994301e+01
-1.050809745360895775e+01
-5.976083097555987322e+00
-2.138774539696894905e-01
3.323499241473299115e+00
2.952678276671421020e+00
-6.188384417179686459e-01
-5.180023039477063662e+00
-8.552650075116293493e+00
-9.663998261459923356e+00
-8.608256144672987276e+00
-5.999388056071795816e+00
-2.369919891470692264e+00
1.871830429686482056e+00
6.058761379277013859e+00
9.041257705872503436e+00
9.573120440330205483e+00
7.163066537590616178e+00
2.721712412133939551e+00
-1.642845415740764148e+00
-3.727941755311322769e+00
-2.566813452231818893e+00
9.410602073268491408e-01
4.588628231594752194e+00
6.268646707644518479e+00
5.283690173473076790e+00
2.681331241559932632e+00
4.264236639258163208e-01
2.344280868986703403e-02
1.541050770227784250e+00
3.654734732765419380e+00
4.592975567219735211e+00
3.286597883452760716e+00
-3.287698855903675721e-02
-4.087647300287287067e+00
-7.377527123087411098e+00
-8.983936589906262427e+00
-8.891060140320952598e+00
-7.751125308323484120e+00
-6.362532682157355346e+00
-5.218950089752660837e+00
-4.344478388614065878e+00
-3.420478531580674719e+00
-2.077544741206235557e+00
-1.960534610550355161e-01
1.924367769337547163e+00
3.634061817064430322e+00
4.269468309088922275e+00
3.628328286151266902e+00
2.290248631708728499e+00
1.470458988036820180e+00
2.334636754331801178e+00
5.111844529472618248e+00
8.627312100250055238e+00
1.074291517152936670e+01
9.619735194914319720e+00
5.057345590598779417e+00
-1.063010636684275312e+00
-5.719620224092825111e+00
-6.611815498552488179e+00
-3.724191722879537814e+00
5.608100876590114137e-01
3.012248251150222877e+00
1.765997473461455858e+00
-2.361812698349087469e+00
-6.469259450254980948e+00
-7.712590696995110129e+00
-5.455604932142533059e+00
-1.795491798872759004e+00
8.341176172440789571e-03
-1.909768269463435253e+00
-6.412886455452250445e+00
-1.000710717384932735e+01
-9.379218003639701706e+00
-3.979852314709514616e+00
3.336597037392096787e+00
8.221893696243956384e+00
7.977812077391554624e+00
3.605158313379570156e+00
-8.523382734428914809e-01
-1.297052072342098183e+00
3.263921366776961097e+00
9.781432854076786754e+00
1.326425478197141850e+01
1.047446293640073378e+01
2.512636060336009614e+00
-5.695967551395082040e+00
-8.774882842490635326e+00
-4.763628360203212786e+00
3.331862621451867401e+00
9.508123849700670149e+00
8.931122629835231308e+00
1.367893340363374399e+00
-8.567977941916399942e+00
-1.456164935332632204e+01
-1.293671617908458060e+01
-5.154920368673908015e+00
3.247242769903160298e+00
6.501882124948431319e+00
2.536005046769275406e+00
-5.708411220718971002e+00
-1.238000027781953882e+01
-1.270018293285968802e+01
-6.064546787683715579e+00
3.762809607240209520e+00
1.131967308098612790e+01
1.302329164476179102e+01
9.229341553854487401e+00
3.542331916224112920e+00
7.491577550344319381e-02
6.568753706816850002e-01
3.853027584278942985e+00
6.285879542597883507e+00
5.191133270711162595e+00
4.135400347935977994e-01
-5.438374860988295367e+00
-8.675438280844563366e+00
-6.886225486011728236e+00
-4.815689890182821564e-01
7.459123327927255964e+00
1.286428200046935899e+01
1.284939248814029966e+01
7.189875971550591771e+00
-1.646362786754009822e+00
-9.838260505896634811e+00
-1.416402389774083836e+01
-1.354578171784693197e+01
-9.415734709345207065e+00
-4.752660208176621381e+00
-2.329521308853363060e+00
-3.138426427394382934e+00
-5.881065169601997766e+00
-7.831853598106341963e+00
-6.584156239658828014e+00
-1.634340659561146936e+00
5.187810863196252953e+00
1.075003869589437500e+01
1.249664378925501573e+01
9.994506443191852441e+00
5.150646048439822877e+00
9.585325765521904851e-01
-4.008896347602863841e-01
1.150229136034258470e+00
3.739818222519833313e+00
4.990465002405277239e+00
3.726071518642925184e+00
7.544537234725194885e-01
-1.791247578233951865e+00
-2.050525234384660500e+00
1.789435167905019108e-01
3.250452861472576505e+00
4.799048558000991171e+00
3.392228834752082811e+00
-4.535668148419718104e-01
-4.590962723586345717e+00
-6.669721454025522078e+00
-5.701510131475182597e+00
-2.714844410877222280e+00
-7.789441090733895123e-02
5.469290088134615146e-02
-2.834989036578819732e+00
-7.229841516594236239e+00
-1.043807318591201039e+01
-1.017578431078576529e+01
-5.925260482380354077e+00
7.156280574973132858e-01
6.878197885447344895e+00
9.973528429402676920e+00
9.080772607144760755e+00
5.404664129545746043e+00
1.544517706124207468e+00
-3.009164020868493328e-02
1.553690625531637171e+00
5.018461514579645844e+00
7.672301838983155875e+00
7.070834962857396100e+00
2.650787409427664443e+00
-3.689003123435584897e+00
-8.522211326339311555e+00
-8.894722690354186057e+00
-4.218095794893138795e+00
3.151755327929906869e+00
9.117226726196459907e+00
1.018395662348472896e+01
5.540235530555448484e+00
-2.435629293436587517e+00
-9.590777940096916865e+00
-1.246980998079858693e+01
-1.029611114821212325e+01
-5.234056966648479303e+00
-8.224512423421215246e-01
3.530409239182037417e-01
-1.773527830921184600e+00
-4.908350409368892109e+00
-6.081387158550076499e+00
-3.669162416560961759e+00
1.578059070474117753e+00
7.104222594062461482e+00
1.023114817706055923e+01
9.794049055835154505e+00
6.695703544664987739e+00
3.134891211233332697e+00
1.132215601445334396e+00
1.350001910229953861e+00
2.898508511346754801e+00
4.118984084085177244e+00
3.734601420760374157e+00
1.622850635162597754e+00
-1.202441160450486324e+00
-3.288331769254424497e+00
-3.637820722740523038e+00
-2.281155150233759699e+00
-2.425797386228315533e-01
1.038624768293310741e+00
5.114092118293118716e-01
-1.873905685093296913e+00
-5.067286649600426074e+00
-7.422863908815473089e+00
-7.586687040542566152e+00
-5.307395936792612900e+00
-1.681630438673634487e+00
1.388497863681290578e+00
2.286865658397750689e+00
6.945474722836405546e-01
-2.139623693389640202e+00
-4.113195705599651752e+00
-3.574582615585291112e+00
-3.905677482153886437e-01
3.943176389489123856e+00
7.247655010035896517e+00
8.037339771714648862e+00
6.395847424435051387e+00
3.769472998936843844e+00
1.869562326763575033e+00
1.504738371693075560e+00
2.181419529563568993e+00
2.702602552920361667e+00
2.227526572826471263e+00
9.229970115700800726e-01
-3.013292003706105060e-01
-7.154530906564547932e-01
-5.368241687762027592e-01
-8.443165826469742896e-01
-2.644439351992207587e+00
-5.831100844929752114e+00
-8.938662082698316524e+00
-1.000845734762089023e+01
-8.003567591031149675e+00
-3.714526017790143797e+00
5.859654273898405874e-01
2.569947384668303414e+00
1.374859342550935892e+00
-1.861633883197084671e+00
-4.816542798351653332e+00
-5.529466447863613077e+00
-3.566392997307424650e+00
-2.910478268404537161e-02
3.458940689072399710e+00
5.916926074300934424e+00
7.428663178765336994e+00
8.608312107785758727e+00
9.693749354816468156e+00
1.011729854677785490e+01
8.942794718014001276e+00
5.781088788818614432e+00
1.367324192663577520e+00
-2.736744807821820391e+00
-5.107149726472992590e+00
-5.311330498296033653e+00
-3.973501263232035452e+00
-2.063893416865353991e+00
-1.066186010652077076e-01
1.934237813624089863e+00
3.974044378692060064e+00
5.029156253229426277e+00
3.282346097619156744e+00
-2.691594626092966180e+00
-1.228287695875194174e+01
-2.214690924868115118e+01
-2.737279109355508666e+01
-2.415030551488238331e+01
-1.233446336908983909e+01
3.884185286411540261e+00
1.788617631173104883e+01
2.409250747943265480e+01
2.089364051729215888e+01
1.125214357114049690e+01
7.112121230216179590e-01
-5.806766503312268846e+00
-6.384248212227170427e+00
-2.395285630762443940e+00
3.075210868592973767e+00
7.304060861119047843e+00
9.097516344569420710e+00
8.617348171992718520e+00
6.506551737142030944e+00
3.300400325358842757e+00
-4.463408806227965320e-01
-3.739966362936018474e+00
-5.203321729385954164e+00
-3.891225793711009739e+00
-2.938139213466762767e-01
3.457794387019158311e+00
4.678082734330609505e+00
1.936211506516513747e+00
-3.733773484439550039e+00
-9.275247640999088716e+00
-1.157110116047116044e+01
-9.577644779601744318e+00
-5.032654928987100540e+00
-1.137627301270514479e+00
-1.487878125456982836e-01
-1.695146483220315803e+00
-3.141443113449413627e+00
-1.760480705621375153e+00
2.946838347891277188e+00
8.617972862663055622e+00
1.165540699296933091e+01
9.935025166610577330e+00
4.529528597795007272e+00
-9.260276986302957702e-01
-2.821630400729038257e+00
-1.981363500907293851e-01
4.572640501612063701e+00
7.589020135867854400e+00
6.360632557648385976e+00
1.675438061743864004e+00
-3.018228589956727159e+00
-4.250424535949726135e+00
-1.200551802910415855e+00
3.609814855456757066e+00
6.124593733418763897e+00
3.719263146026611455e+00
-2.857490821177453455e+00
-9.960581006666899384e+00
-1.354634871107441896e+01
-1.185462090719969552e+01
-6.394605849458389280e+00
-6.705216343872428819e-01
2.281008954653434451e+00
1.729595703529647643e+00
-7.180199943460274792e-01
-2.658776289371965973e+00
-2.678856780502801627e+00
-1.071489253132862807e+00
8.361607041407314034e-01
1.968355904479288876e+00
2.270749075640240644e+00
2.431085153516297837e+00
2.973360278819314750e+00
3.643800695866202588e+00
3.662977368076166584e+00
2.585201474146432865e+00
9.325853871107363524e-01
-4.430997923456636567e-02
6.486096081559707960e-01
2.835585398157272508e+00
5.142792257791272803e+00
5.955790168314793576e+00
4.630503549524455309e+00
1.977804422196933753e+00
-3.946002425780208434e-01
-1.372533136921692654e+00
-1.217524858455518721e+00
-1.312936904637037161e+00
-2.960584034971445178e+00
-6.192762211858757304e+00
-9.570806298966568093e+00
-1.116148492705686834e+01
-9.940801803480391996e+00
-6.529749557569262564e+00
-2.696942429228810667e+00
-4.133496874553577172e-02
1.093341200984862649e+00
1.632747819611664930e+00
2.758619632728922966e+00
4.745980254383804997e+00
6.636265058091080249e+00
7.028219997546109710e+00
5.330924173953286882e+00
2.420656344802505355e+00
1.112947843154654115e-01
-1.861979588749743120e-01
1.441441927629601549e+00
3.453213527684118045e+00
4.036273505238754389e+00
2.516092582014619605e+00
-1.165508970709725478e-01
-1.989761055967078862e+00
-1.841611543423443464e+00
-4.807038957791820444e-02
1.629809357665705338e+00
1.398126382840568560e+00
-1.162543983969471562e+00
-4.729492172158328955e+00
-7.202240783521430600e+00
-7.261562837366256851e+00
-5.328098502522470525e+00
-3.190270183691866990e+00
-2.593130925427801881e+00
-3.869608942262477314e+00
-5.654010535056076314e+00
-5.890591910513177432e+00
-3.378501998057833688e+00
1.288983176080927162e+00
6.061171046816491881e+00
8.767881319812733665e+00
8.482519287323921020e+00
5.975882308529717690e+00
3.033211458916984071e+00
1.217992739646049483e+00
9.858437057286968397e-01
1.694626594892233884e+00
2.350221657208840131e+00
2.424039699593083075e+00
2.124927492333259949e+00
2.007065407494914577e+00
2.322857627768297739e+00
2.686304618034557556e+00
2.319266722666450065e+00
6.762327874861675525e-01
-2.043431797810229433e+00
-4.890153775282292337e+00
-6.686386901853321518e+00
-6.734965698742946039e+00
-5.262772955367289285e+00
-3.329427377468997751e+00
-2.250776140814652049e+00
-2.847438927472748738e+00
-4.911125192018221064e+00
-7.180752896061514789e+00
-7.896544673079550769e+00
-5.729408373292843137e+00
-6.546179748825200484e-01
5.731890895379237350e+00
1.076749740915611753e+01
1.202090488506442512e+01
8.713037314653757193e+00
2.411082061715484670e+00
-3.572947737444988281e+00
-5.917091754537267434e+00
-3.226709489905455808e+00
3.027985034457512104e+00
9.269982912085776405e+00
1.191996634871398442e+01
9.578263636866591213e+00
3.877978618661534149e+00
-1.586389084699933782e+00
-3.589296902933728273e+00
-1.339836929972563651e+00
3.081032461990210969e+00
6.179729237015519239e+00
5.391023396112545996e+00
7.111317026182937262e-01
-5.435559418908095353e+00
-9.907718090706239877e+00
-1.088073791868792561e+01
-8.807616811000277934e+00
-5.758500344013278038e+00
-3.768254808010648382e+00
-3.463270157493059997e+00
-3.911716745384685723e+00
-3.650585931657278849e+00
-1.970398357380260368e+00
5.665977084546869325e-01
2.707606932905957109e+00
3.619968186849760627e+00
3.567602594273978411e+00
3.593755847648339774e+00
4.499370229850791603e+00
6.001950283926051455e+00
6.821821368652202011e+00
5.686218781515485432e+00
2.476762549367241828e+00
-1.412287990143499261e+00
-3.855997084324781721e+00
-3.400662479733253640e+00
-2.797716300866750494e-01
3.689943311518859126e+00
6.251130615129559587e+00
6.070649083039586280e+00
3.398276694134904297e+00
-3.451640969822797889e-01
-3.632694299317891673e+00
-5.725017394587187169e+00
-6.807964234374502155e+00
-7.432002317704443861e+00
-7.830877457543956588e+00
-7.701742672551391777e+00
-6.569072404642623653e+00
-4.344005227074182685e+00
-1.552947075521228459e+00
9.682261030043588512e-01
2.636758459027154444e+00
3.446023078823408525e+00
3.778705828045637816e+00
3.905827498656149643e+00
3.660531940647831828e+00
2.630402481246617796e+00
7.396903477474133792e-01
-1.304862089851061890e+00
-2.195056827101444341e+00
-8.409783847079652652e-01
2.714524281604888678e+00
7.006890846879814561e+00
9.824074944072217264e+00
9.495332983692993167e+00
5.963075685519888758e+00
9.003774924396923396e-01
-3.240114249423021064e+00
-4.646266748705714988e+00
-3.135033358352636412e+00
-1.210821541988404970e-01
2.336917372531455150e+00
2.742532179088850164e+00
8.678592470083255073e-01
-2.378616831953361377e+00
-5.684581892415632609e+00
-8.096253786250926510e+00
-9.337456690228425060e+00
-9.604195985804572899e+00
-9.122985378523241096e+00
-7.860582490429322888e+00
-5.585562436404011954e+00
-2.191975453872266222e+00
1.982183901804969395e+00
6.082360651540346552e+00
8.983988244124551770e+00
9.753286453669446132e+00
8.116743431663191899e+00
4.722392159536342504e+00
1.031955777327727253e+00
-1.199545084798103289e+00
-7.191230538181250243e-01
2.489043647395884129e+00
6.955684208735807950e+00
1.024799115942846583e+01
1.015124184168888277e+01
5.950019320294815728e+00
-9.526177304428609105e-01
-7.573728732523784757e+00
-1.088574957576601321e+01
-9.522877877668413760e+00
-4.623262936775860865e+00
7.742720911682112739e-01
3.477972111108337039e+00
1.987321042327236942e+00
-2.708209891643190037e+00
-7.860429727020491697e+00
-1.071910857676547302e+01
-1.015306158453249452e+01
-7.100543196155259196e+00
-3.634330127921280962e+00
-1.371412881708509168e+00
-3.721926822515837507e-01
7.168431613027983484e-01
3.428218378761936691e+00
8.071946570947487132e+00
1.319880685388088537e+01
1.634112883462949029e+01
1.555020425680237928e+01
1.070441259416308633e+01
3.724050224100150075e+00
-2.441854812900588811e+00
-5.407840955289906049e+00
-4.551109073831293372e+00
-1.153585488004215343e+00
2.490108072500173186e+00
4.379085805843065060e+00
3.754442833131011792e+00
1.235673811601317951e+00
-1.783420137532981009e+00
-4.019764253077045879e+00
-4.948929941767039153e+00
-4.927857136553066120e+00
-4.829229060627414860e+00
-5.453622890221418551e+00
-7.037695461370942596e+00
-9.082328276980234705e+00
-1.056208535331828458e+01
-1.041384517543263932e+01
-8.082582654853981197e+00
-3.863734494674602615e+00
1.144667303444921291e+00
5.487585009374307710e+00
7.992183266695375821e+00
8.273111202267124042e+00
6.833947097577434349e+00
4.720295316604145697e+00
2.941412623184855413e+00
2.004356823463012027e+00
1.810375688829678253e+00
1.913467959940212459e+00
1.912004727745776345e+00
1.693720927934713405e+00
1.404001201750953998e+00
1.229701587585931843e+00
1.211780155085513178e+00
1.236552786141172700e+00
1.176847628653688860e+00
1.019914393966237842e+00
8.428516328069284302e-01
6.526606777564367690e-01
2.544414804190380242e-01
-6.885728468484286768e-01
-2.396814262102647586e+00
-4.698591701326356507e+00
-6.970943656300383928e+00
-8.392143180203873953e+00
-8.368328905540135310e+00
-6.853900069679171203e+00
-4.350744866246938791e+00
-1.599881197435248925e+00
8.055669581101662091e-01
2.621723316535646831e+00
3.872373007529816835e+00
4.616753351779641079e+00
4.803246343383975159e+00
4.342906041633795233e+00
3.319712107431765258e+00
2.112466069927376733e+00
1.264124305134819215e+00
1.153904258971212737e+00
1.721257636777499656e+00
2.485295908892107164e+00
2.884376962258169197e+00
2.695285584244078159e+00
2.199365200066419224e+00
1.937064591905235389e+00
2.213703550958602495e+00
2.739563750909007389e+00
2.720768543265109418e+00
1.392566831624466595e+00
-1.362626244820286381e+00
-4.775356796441464269e+00
-7.553379671418618990e+00
-8.651425312991278815e+00
-7.938084192922257643e+00
-6.288102755455478921e+00
-5.001707509381823513e+00
-4.912714814075799907e+00
-5.777502594136551650e+00
-6.373872751345058596e+00
-5.283875379029828068e+00
-1.883927188925312635e+00
3.088526118788265773e+00
7.780144055891139665e+00
1.017824621534574092e+01
9.241988372031066490e+00
5.548421672947135619e+00
1.056174511349451395e+00
-1.913382778026351705e+00
-1.927094287128606531e+00
7.768402167103056755e-01
4.431156796269497100e+00
6.753296337394975701e+00
6.272742059110142598e+00
3.206557326650777195e+00
-6.525084433601313627e-01
-3.006963436504625165e+00
-2.471178945489340695e+00
5.273830662096350430e-01
3.949284420158529318e+00
5.367900407573308108e+00
3.480413909140032125e+00
-1.051823551986032168e+00
-5.992620419195091586e+00
-8.919816300711953971e+00
-8.714630482181657811e+00
-6.168682547394108262e+00
-3.313203281566996061e+00
-1.950824281506161384e+00
-2.426569674161448198e+00
-3.503387932939411087e+00
-3.410185921170808321e+00
-1.270699436182873399e+00
2.167608692350123878e+00
5.070716989041150313e+00
5.929517453715371644e+00
4.764311149054502259e+00
3.159136389193087258e+00
3.035058162806005377e+00
5.061704709368464172e+00
7.952244288830061514e+00
9.280722214187123953e+00
7.312265252569940088e+00
2.500751698889067232e+00
-2.546963617921959244e+00
-4.759952414291777956e+00
-2.811715568301683010e+00
1.766401949912980385e+00
5.476404403895482886e+00
5.227317962752591640e+00
5.439759440993219286e-01
-5.999102302035113965e+00
-1.050134136179911337e+01
-1.044105292791561013e+01
-6.434889460689908525e+00
-1.763912010479327552e+00
2.215119511796803664e-02
-2.296820410526351441e+00
-6.704663883033806115e+00
-9.415352000531775900e+00
-7.661366996243739180e+00
-1.769036770950128457e+00
5.011590481994716129e+00
8.815814922545708754e+00
7.927181913872972885e+00
3.960188192677026819e+00
5.834598788534988145e-01
7.242024441552394887e-01
4.336347741056829186e+00
8.419028384055680547e+00
9.310129111791177081e+00
5.568771231190745574e+00
-7.254295407499755655e-01
-5.303013403020228722e+00
-4.776542542886052622e+00
7.637178763542602500e-01
7.573670205203308470e+00
1.073012226535309388e+01
7.560534801127174909e+00
-4.087019567164209555e-01
-8.415678261629990331e+00
-1.171360555443858864e+01
-8.845222149339036832e+00
-2.633085408955078144e+00
1.827765459067155263e+00
7.808389767344232624e-01
-5.499917319060224408e+00
-1.281607017673584181e+01
-1.587272309190522179e+01
-1.186904929876634540e+01
-2.392215108190967499e+00
7.637103085019351312e+00
1.318047146071776510e+01
1.223307482097687782e+01
6.819305822355327784e+00
1.296294664981639144e+00
-7.253571957944249249e-01
1.318696426000095290e+00
4.914708968202919692e+00
6.545608608299803066e+00
4.283732595269391652e+00
-9.196791802151630391e-01
-6.028223907285704897e+00
-8.078544835786390266e+00
-6.108324532240934523e+00
-1.569881505414316925e+00
2.876203710038880867e+00
5.157861768419166992e+00
4.865137522587698271e+00
2.980358147935699531e+00
7.153617885366059248e-01
-1.479439878642921480e+00
-3.942283646057475721e+00
-6.956863081636915247e+00
-9.893026939567336697e+00
-1.121003993859258863e+01
-9.473500626579815176e+00
-4.643116683920550436e+00
1.445138663966524462e+00
5.952622825161404840e+00
6.799658141764441055e+00
4.106117217744139403e+00
2.262580274406664760e-01
-1.759773864740911797e+00
-1.279333192499209626e-01
4.265266534233195017e+00
8.501846453879885246e+00
9.559232437087761269e+00
6.392010463581332402e+00
7.161616336652985026e-01
-4.052758560431732882e+00
-5.002392548701813269e+00
-1.595282694753498598e+00
4.021446079046038236e+00
8.432226900287661309e+00
9.111062881064452057e+00
5.889370380931666205e+00
8.297684635668445274e-01
-3.293545482366656785e+00
-4.801540258588164356e+00
-3.993215209153893497e+00
-2.613108899232532423e+00
-2.412799413008905880e+00
-3.892268993549302891e+00
-6.087634838102118806e+00
-7.459475782896850760e+00
-7.137741674179408413e+00
-5.561700355150427377e+00
-4.046761018285192968e+00
-3.633596115452663255e+00
-4.123259382945299478e+00
-4.078799136446654039e+00
-1.867921688907546951e+00
2.962997892172522185e+00
8.992834463360429353e+00
1.350336446399786716e+01
1.406594973527789527e+01
1.014655806819392936e+01
3.651052831306730972e+00
-2.031336423753361764e+00
-3.967351577867075374e+00
-1.421482855408879420e+00
3.698512222717020848e+00
7.998609500324211474e+00
8.656714454416874815e+00
5.103455648796288102e+00
-7.205826510151456255e-01
-5.672969381050061877e+00
-7.424052625782904258e+00
-5.870447604138733233e+00
-3.041421077182994814e+00
-1.590156366461970006e+00
-2.903434079461625128e+00
-6.120318895535717729e+00
-8.739393158265446715e+00
-8.411693195168023607e+00
-4.689040334379252606e+00
5.027980044433402185e-01
4.047469347916469395e+00
3.721698426409614679e+00
-2.260035198320433647e-01
-5.105022926495212943e+00
-7.454373980871406680e+00
-5.272388133449267933e+00
6.753113049241523669e-01
7.338877373806118598e+00
1.132242890527007795e+01
1.097052380161559171e+01
7.229314857017838492e+00
2.783110676216949297e+00
1.581352305786738466e-01
1.517330503322550372e-01
1.631190475965124786e+00
2.706703128291354066e+00
2.292402049054213187e+00
8.505708634186519568e-01
-1.942309881235282365e-01
1.734566727889366167e-01
1.557464434263887920e+00
2.364748693935412316e+00
1.101904276841210173e+00
-2.277529929619244164e+00
-6.101538250752411408e+00
-8.103154916542933961e+00
-7.149980124058339825e+00
-4.242557315172002852e+00
-1.918115775435062398e+00
-2.379752117619628127e+00
-5.688318921698236608e+00
-9.413385479818437318e+00
-1.014157484614934646e+01
-5.881931034463617536e+00
2.314392733111944711e+00
1.072806193476373160e+01
1.518028637268809078e+01
1.362518841049156926e+01
7.386375430586476831e+00
2.272943077023699132e-01
-4.070205485117985411e+00
-3.958667568701807582e+00
-7.435528529139738829e-01
2.699019229832627431e+00
4.055785910175871756e+00
3.015013969075137634e+00
1.093209855082990067e+00
1.662731452108843211e-01
9.280616150457610125e-01
2.439186078294635962e+00
3.011400326880389056e+00
1.637961686023422292e+00
-1.186263771522946042e+00
-3.870353100450131478e+00
-4.988049856441171492e+00
-4.371988928011624864e+00
-3.190430573310553797e+00
-2.980725250545880112e+00
-4.426487328276373923e+00
-6.833884423268855812e+00
-8.679346878172843560e+00
-8.750218598044359197e+00
-6.959839309596210555e+00
-4.223968632432896442e+00
-1.571339904415048672e+00
7.157151414074083284e-01
3.178494263348716764e+00
6.399437290618450902e+00
1.003972344498100000e+01
1.259304688402671424e+01
1.222491096931170240e+01
8.186559183049405775e+00
1.746507959469092430e+00
-4.175217601724767746e+00
-6.592934732164049905e+00
-4.282287049660014056e+00
1.373191759240271592e+00
7.122715427911774810e+00
9.732803986834969834e+00
7.821306595951387663e+00
2.508290421260326752e+00
-3.440922054479821135e+00
-7.331788641891319180e+00
-7.990019247410796055e+00
-6.115362675643342349e+00
-3.506550616127307229e+00
-1.831816880531509817e+00
-1.777024885573889712e+00
-2.986549072101696289e+00
-4.600680221318575569e+00
-5.850572230599732748e+00
-6.295980948123427012e+00
-5.701784789902903050e+00
-3.870483608223465488e+00
-7.228708238364380811e-01
3.395628383791314597e+00
7.508828647026821734e+00
1.023679635753619088e+01
1.046800662046864971e+01
8.088925232243425967e+00
4.236779711187015351e+00
7.983070467100116252e-01
-6.189719851015209606e-01
3.784811687233774480e-01
2.741582858715460702e+00
4.637358824213076325e+00
4.602367410334155196e+00
2.465184585541705165e+00
-5.528741292858529999e-01
-2.629794278464328450e+00
-2.528881041720284273e+00
-4.260669636481860811e-01
2.151182713365445309e+00
3.245534548515845330e+00
1.683227028029598227e+00
-2.175759308319988872e+00
-6.620997966011904268e+00
-9.598298758888395454e+00
-9.914066992599600781e+00
-7.884998192617080903e+00
-5.030041787897756578e+00
-3.014963649688550795e+00
-2.549107470113979979e+00
-2.974575055843507787e+00
-2.833913105870643712e+00
-1.034621673532766906e+00
2.208710330889855467e+00
5.363165363168077349e+00
6.584423308818816878e+00
5.095748468841443390e+00
1.959692004220329187e+00
-3.961785105898414372e-01
2.940211570696329435e-01
4.522009703090973609e+00
1.042986565787754571e+01
1.476887403171153323e+01
1.486360106722428043e+01
1.032143392370490531e+01
3.328897262461274487e+00
-2.712085241838385397e+00
-5.330942221031715889e+00
-4.485793221043067547e+00
-2.403649663061615094e+00
-1.890786185758224658e+00
-4.301402102126261617e+00
-8.586666025476834108e+00
-1.207617608549816168e+01
-1.241035810408557616e+01
-9.227121913441179046e+00
-4.397543906862747320e+00
-6.656190345314176859e-01
2.952990278012050940e-01
-1.012809271950534384e+00
-2.432782916247173688e+00
-1.874209162755914981e+00
1.070675338629667461e+00
4.828717012007848197e+00
7.074163354109527901e+00
6.536453206757795620e+00
4.001048089963609833e+00
1.728044549143943787e+00
1.717479408845776767e+00
4.138271005861160035e+00
7.132252303760692413e+00
8.174702347796010571e+00
5.988767379604447605e+00
1.569663737563109951e+00
-2.479036588540844299e+00
-3.833688311095947654e+00
-2.168194925007490337e+00
5.896594904782199720e-01
1.677819443018873313e+00
-4.405850350410719374e-01
-4.903322335743801830e+00
-9.040124580425308309e+00
-1.030073200450580906e+01
-8.095448874961126862e+00
-4.184454738175733546e+00
-1.330166142509198846e+00
-1.222033040152978867e+00
-3.228900963675319424e+00
-4.919100658127073089e+00
-3.966010821398581410e+00
-1.074655393952905769e-02
4.932577237205820531e+00
7.870850522242731628e+00
7.024304918217170624e+00
3.198867185491642395e+00
-7.057050636984376624e-01
-1.740840322502410276e+00
9.518561565125395196e-01
5.464512517245262657e+00
8.432952183588570350e+00
7.431719644536609160e+00
2.763298299582544360e+00
-2.637662353634742551e+00
-5.146042610704452791e+00
-2.907780684459847276e+00
2.857004416609443265e+00
8.575660250024087716e+00
1.055159769690783378e+01
7.198213820359452342e+00
-1.490535565412032248e-01
-8.242466377649083853e+00
-1.393313749110278010e+01
-1.579778897854007980e+01
-1.442024152236069590e+01
-1.139999880871624960e+01
-8.020122102270565989e+00
-4.597392115234842258e+00
-8.673098030671466674e-01
3.109217283838583867e+00
6.418913168060242036e+00
7.688696917188588387e+00
6.139906232179580314e+00
2.452677848080385914e+00
-1.330412994234839719e+00
-2.931604706977076091e+00
-1.275441900190914746e+00
2.764284874938461201e+00
6.859151733952742802e+00
8.656570629829406727e+00
7.197669559035055009e+00
3.403197928014693563e+00
-6.279852163979843249e-01
-2.956844734391602891e+00
-2.854075857545853800e+00
-9.338125327333322012e-01
1.551288647643768615e+00
3.603700354544987050e+00
4.884302359870764221e+00
5.436287447696148689e+00
5.130734887860103122e+00
3.447718040959715680e+00
-1.190265629381705992e-01
-5.334604533005165017e+00
-1.083355744817409594e+01
-1.454484382231970585e+01
-1.479387942041358883e+01
-1.137035390745644214e+01
-5.779483512529980160e+00
-4.195592935006011714e-01
2.814469059705514198e+00
3.572464170749062529e+00
3.038618222534207547e+00
2.912112977093809896e+00
4.133984458897270287e+00
6.274785863003977227e+00
7.986577471799068739e+00
8.123115733572413788e+00
6.643741379789664947e+00
4.606292843352762567e+00
3.276078985489689899e+00
3.077686543324003043e+00
3.250558222105722095e+00
2.521917146768416718e+00
2.923330476201841943e-01
-2.625178061033744736e+00
-4.386010357214901845e+00
-3.445059067301250000e+00
1.085651481558334019e-01
4.263466504116893319e+00
6.199094575091919523e+00
4.133021693081875725e+00
-1.366717117339576237e+00
-7.582671653174212878e+00
-1.131997868532180185e+01
-1.096074518714662460e+01
-7.494053016839971271e+00
-3.781105049984910593e+00
-2.525579094297836669e+00
-4.334282681866951314e+00
-7.222567300282202396e+00
-7.945647076402342357e+00
-4.283307409369706775e+00
3.265082264804602730e+00
1.154167741718747564e+01
1.654582764762594849e+01
1.583837923813699078e+01
9.990913714946374924e+00
2.182639830132388603e+00
-3.737875280745978746e+00
-5.447745071371872250e+00
-3.236082955923317517e+00
5.847395670581354565e-01
3.399781485523786451e+00
3.929282752495815600e+00
2.744752052394172193e+00
1.467795778209461943e+00
1.353666609350324013e+00
2.309386935593237933e+00
3.004047683927915990e+00
1.918877653214117629e+00
-1.461598452575924245e+00
-6.169245105181882849e+00
-1.029811495958205825e+01
-1.216937515806583292e+01
-1.130549218264068223e+01
-8.576870967435368698e+00
-5.482346757945586901e+00
-3.116215266461497713e+00
-1.554384858533807368e+00
-5.699656665193542082e-02
2.112482761475778403e+00
4.888578841721550994e+00
7.240189058042267867e+00
7.799175107530028406e+00
5.867020083121223806e+00
2.095277059654493623e+00
-1.672809179418785597e+00
-3.364942570127468890e+00
-1.874527456499238909e+00
2.254539234092579392e+00
7.084555607939849509e+00
