-8.074333340431425476e-01
-7.207524526954508737e+00
-1.061632018848516879e+01
-9.286877109836268573e+00
-3.868700452167565196e+00
3.112812019042855205e+00
8.704774269907138873e+00
1.094956209881742559e+01
9.517591794698216034e+00
5.429318863921115401e+00
3.161573740283558642e-01
-4.225886698866196944e+00
-6.964940622230537670e+00
-7.198016204072275492e+00
-4.966472401210556775e+00
-1.260799421575760304e+00
2.123550712998617307e+00
3.327857513777507492e+00
1.534734907014355887e+00
-2.283752749974613305e+00
-5.682596501292155544e+00
-6.180581180342345604e+00
-2.990550922622539520e+00
2.192271700199261986e+00
6.080973585052694474e+00
5.945006042063497809e+00
1.595413290341599843e+00
-4.251734573216726432e+00
-7.636368484392460410e+00
-5.994120466836605488e+00
4.746076441215141273e-02
7.016085041981063419e+00
1.088707975604588718e+01
9.725005655497859891e+00
4.822381143644003387e+00
-4.205067352300537742e-01
-2.985763485013364082e+00
-2.242414326874205610e+00
-4.188769740192077595e-02
1.030611470146186814e+00
-2.111392937170948891e-01
-2.727496155112625331e+00
-4.325387368276086164e+00
-3.677779713138066509e+00
-1.574212204472225984e+00
-3.189383724508945139e-01
-1.724287328204898717e+00
-5.348215605303394682e+00
-8.507569517394379943e+00
-8.211779324544746572e+00
-3.582566157430159492e+00
3.174058230689943194e+00
8.141922333218179375e+00
8.498756225075503323e+00
4.648411313218429264e+00
-8.667519823845615257e-03
-1.600154571463251241e+00
1.247306572873517982e+00
6.261085843900922931e+00
9.152565944441951373e+00
6.880816055165431600e+00
1.178243687661824080e-01
-6.989060216977665441e+00
-9.675078068858317337e+00
-5.984614660639513417e+00
1.750319980738590298e+00
8.488657791239091921e+00
9.983756562577754679e+00
5.673747260573129836e+00
-1.107893819997081808e+00
-5.684043209934142027e+00
-5.420882144282578530e+00
-1.472470083007971331e+00
2.313845083494038501e+00
2.410535045397478981e+00
-1.745330916956902012e+00
-7.396481278048447905e+00
-1.055916014434643202e+01
-8.928838512049448894e+00
-3.452903159804444400e+00
2.484662517289367489e+00
5.526259821000597761e+00
4.575689163467131948e+00
1.246184511509696557e+00
-1.609257558619526129e+00
-2.020633405498895918e+00
-8.210496669907141332e-02
2.520306990089017596e+00
4.033340182545192221e+00
3.909326094278006369e+00
2.905067833113367470e+00
2.136883596909092020e+00
2.039800251398035336e+00
2.126982903878790854e+00
1.650157816365567465e+00
4.543235352701546770e-01
-8.068818391098987464e-01
-1.300308252869531334e+00
-8.891229383187905233e-01
-4.002002046141122094e-01
-9.519390467418699098e-01
-2.866115722892210727e+00
-5.122290523001979068e+00
-5.923483756976095194e+00
-4.025380791518434087e+00
1.981372708671986782e-01
4.832698977875191204e+00
7.639258751883978960e+00
7.494723346521201535e+00
4.965115359625823288e+00
1.629212847725485691e+00
-1.211334101004312380e+00
-3.324152527784026923e+00
-5.204794216313347377e+00
-6.998645877226212342e+00
-7.785867444930235415e+00
-6.063175971068349490e+00
-1.191995506407691696e+00
5.398373651343340462e+00
1.047903484762501947e+01
1.091075000066490830e+01
5.933108788849785320e+00
-1.905167205179261636e+00
-8.097415111805403853e+00
-9.063486752466266339e+00
-4.575811393784843695e+00
2.064530330320978102e+00
6.310060243241592204e+00
5.500593982095038470e+00
5.823674503160267690e-01
-4.812809974063448237e+00
-7.172798868192405308e+00
-5.627786442597443539e+00
-2.280543498853552009e+00
-1.758209168247646392e-01
-6.132997632279444389e-01
-2.032215922665838725e+00
-1.430092356615093596e+00
2.801433803010400680e+00
8.979771174269540523e+00
1.289350579025710175e+01
1.086308354012739841e+01
2.821549488005414386e+00
-7.069466287214655864e+00
-1.298816375003717383e+01
-1.147786086974516095e+01
-3.960307923386270801e+00
4.236880439671350196e+00
7.747367251594521775e+00
5.111272585846806216e+00
-1.810377229131342469e-01
-2.425032307073843540e+00
1.745964241180235188e+00
1.040637419996447477e+01
1.731298729372583267e+01
1.626915272995341866e+01
5.784600369444156343e+00
-9.390338777398977044e+00
-2.109223369047233376e+01
-2.304320327074201913e+01
-1.493808304234749151e+01
-2.485089851643166980e+00
6.569489679312098040e+00
7.597850102585289811e+00
1.854257496213439937e+00
-4.928587681412867738e+00
-6.906105540997585557e+00
-2.248469201341157131e+00
5.821975870857522217e+00
1.159671547121357627e+01
1.101419955565843090e+01
4.377386821333127287e+00
-4.108556596896188573e+00
-9.383354539666921568e+00
-8.833412838691275581e+00
-3.585891408380796008e+00
2.813672226591915848e+00
7.051380323618177570e+00
7.985428643610905652e+00
6.657433334474197828e+00
4.758986355384379863e+00
3.040741321419227816e+00
9.712973838149259187e-01
-2.238191015526252325e+00
-6.301174130665493145e+00
-9.493591709827878589e+00
-9.689495160588425193e+00
-6.028697337248305033e+00
1.169519535984635539e-01
5.718442604789215622e+00
7.893636437492792979e+00
5.710047635809714528e+00
7.495838775355674333e-01
-3.925685458389141846e+00
-5.679404378732540337e+00
-3.823877735113129450e+00
1.483603042346499645e-01
3.635655148321037533e+00
4.519505788183455941e+00
2.298512040381444077e+00
-1.798719295197069190e+00
-5.626991000538019705e+00
-7.305923421632622095e+00
-6.140526228774408679e+00
-2.888148827276734831e+00
6.866498923526072051e-01
2.742077417552864382e+00
2.353910773876554785e+00
8.218345230431356452e-02
-2.262792801116819685e+00
-2.660805725549958201e+00
-2.289366705240778455e-01
3.961175035059025795e+00
7.274573736723016104e+00
7.087672680806998748e+00
2.655554008584625869e+00
-4.016573478757926807e+00
-9.098997946404050907e+00
-9.282224900669850953e+00
-4.067942701474415834e+00
3.629122486511003220e+00
9.174796286289350178e+00
9.212270505945717503e+00
3.938487084968971708e+00
-2.995821415198249404e+00
-6.999629550461643035e+00
-5.747696089468385061e+00
-7.696023918007970366e-01
3.786753854307113976e+00
4.361111901670474467e+00
7.779589668622689524e-01
-3.536584418594144630e+00
-4.212996892311046793e+00
4.429307646698643630e-01
7.658612609254930703e+00
1.180550260976572297e+01
8.482634819479244470e+00
-1.832619254204761239e+00
-1.339110712088401201e+01
-1.865281891919377699e+01
-1.344001862150527948e+01
-1.770642662452042160e-01
1.322668107173452512e+01
1.833516189576847211e+01
1.174533510418945426e+01
-2.530766846461887098e+00
-1.555476658660923484e+01
-1.921666330154165081e+01
-1.142512930498974733e+01
2.704951419167179072e+00
1.437735381646636590e+01
1.689490979863895603e+01
9.805695901076331822e+00
-1.243103639185028086e+00
-8.628432963896624841e+00
-7.903221774570813984e+00
-5.011203378105864026e-01
7.650894230777433691e+00
1.042994581086178485e+01
5.679209656578364296e+00
-3.521504016974373208e+00
-1.112931405615913860e+01
-1.222552694951987817e+01
-6.127039107650136707e+00
3.411457136035266124e+00
1.079747842275058112e+01
1.211649267663188390e+01
7.287714024017997616e+00
-3.142376627198760763e-01
-6.233494832100107352e+00
-7.608225157192942234e+00
-4.509817307904784300e+00
6.293890582759064101e-01
4.826474871409260459e+00
6.296373763950311009e+00
5.118518642926912499e+00
2.656203556826635559e+00
3.591126106990396583e-01
-1.164276890377407891e+00
-2.260027621917267915e+00
-3.605346678592222354e+00
-5.397763740333802573e+00
-6.965038290218304340e+00
-7.074719184965485574e+00
-4.749000083591702115e+00
-6.381989242950192320e-02
5.592565509787224443e+00
1.001976942565682727e+01
1.124300835544670107e+01
8.540172170362623660e+00
2.883465937105126997e+00
-3.476827750024822805e+00
-8.086288116304233498e+00
-9.444315597981624677e+00
-7.624693371178855372e+00
-4.053151269960642011e+00
-6.265339328903041238e-01
1.281714845478043152e+00
1.375622351076186245e+00
3.234065116917265170e-01
-8.238635237325887539e-01
-1.246433337836643451e+00
-6.542146760928714277e-01
7.817249029310383568e-01
2.660422491138147549e+00
4.514949192042673864e+00
5.856541727018980126e+00
6.226736639633615233e+00
5.379757495947091073e+00
3.526654352906915868e+00
1.393965506007934341e+00
-1.008788715687689574e-01
-4.564713006408077645e-01
-5.765123645371317274e-02
-6.037552720093375402e-02
-1.612125782632541249e+00
-4.869216220314060095e+00
-8.553838729254845674e+00
-1.052254116680912688e+01
-9.111766875929710352e+00
-4.382414190905123519e+00
1.672181226160551759e+00
6.234318775009963787e+00
7.417380512938986925e+00
5.459190368648362046e+00
2.465485537684396711e+00
8.303493153235200763e-01
1.450454058746166952e+00
3.060932688361952536e+00
3.241038633058435092e+00
3.988505215665250070e-01
-4.739820960541511141e+00
-9.322501284148744460e+00
-1.022313613514202935e+01
-6.287464304946030147e+00
6.617064408953714505e-01
6.856734698048954968e+00
8.998029126116396270e+00
6.376636453077840549e+00
1.220825627205848196e+00
-2.951596658891187719e+00
-3.766302067400624676e+00
-1.464673777131430654e+00
1.584790028349427615e+00
2.869070324261707050e+00
1.652742015868202685e+00
-6.123344725253780929e-01
-1.640128525174731067e+00
-3.018039719705270518e-01
2.359886008326880003e+00
3.933157613093737570e+00
2.648469039572188599e+00
-1.008094618422619160e+00
-4.438943147051763738e+00
-4.856487844133483556e+00
-1.575887249297670767e+00
3.129596236647130159e+00
5.433597900093996458e+00
2.755921409610094130e+00
-4.051358342070667362e+00
-1.083887514925669038e+01
-1.273083486478756043e+01
-7.473609069120714210e+00
2.760053595805252336e+00
1.246317586809819566e+01
1.616992731847042464e+01
1.190736173767922246e+01
2.421293218813239445e+00
-6.638872877643634318e+00
-1.034558905029459908e+01
-7.504554900271275919e+00
-1.096230172585479501e+00
4.027121964388082453e+00
4.517029202143555189e+00
6.564992873193843392e-01
-4.127408224395392899e+00
-5.887653816218507252e+00
-3.000516095632809854e+00
2.749661396695707083e+00
7.518586846425474590e+00
8.144482416047353013e+00
4.322991271830354698e+00
-1.275885529019396003e+00
-4.955311879406308684e+00
-4.579774830732216806e+00
-9.889340685812056941e-01
2.701318522687241597e+00
3.359482389752619813e+00
5.585745663375529801e-02
-5.281395314092199200e+00
-9.170462764776988962e+00
-8.897023398392455817e+00
-4.266659300892650997e+00
2.339781314613805119e+00
7.548274100791797281e+00
9.076984068504053482e+00
6.945201113403571824e+00
3.117011987211912860e+00
-1.689785521594533435e-02
-1.190746858939984776e+00
-8.211204587735358995e-01
-3.287848196836664627e-01
-8.544639404023336438e-01
-2.348842872207208554e+00
-3.654355097419259568e+00
-3.439240510497121317e+00
-1.255887786133781825e+00
2.033254156800214929e+00
4.725394097871856047e+00
5.285439251442836550e+00
3.223368045916914060e+00
-6.651914684957925816e-01
-4.747642263325425382e+00
-7.350018542056188764e+00
-7.458861992378275296e+00
-5.062958952157411652e+00
-1.107001485776655247e+00
2.850071239919338417e+00
5.182923141596237571e+00
4.861187252462932484e+00
2.026161611715554756e+00
-1.845722764900000978e+00
-4.475673745054273844e+00
-3.954832626665796713e+00
-8.591458143593744268e-03
5.469405622838391601e+00
9.174544852303617049e+00
8.235451406133943664e+00
2.128589132995875488e+00
-6.604990459021521154e+00
-1.349959541658748208e+01
-1.464960149177341187e+01
-9.061034305856896509e+00
6.528433876020098836e-01
9.755976377089915275e+00
1.415766832065294523e+01
1.269845179783920130e+01
7.502248562906030038e+00
2.254511820051935622e+00
-3.342495974338575149e-01
-1.204315251357995775e-01
8.367320604724032274e-01
1.696823310283909203e-01
-2.867383378327451382e+00
-6.857518649064296312e+00
-9.373739384566867727e+00
-8.836889282558173520e+00
-5.612584489947547439e+00
-1.559125854275132728e+00
1.495146563553548802e+00
3.033735755981139093e+00
3.847661059420838914e+00
4.836248227258850285e+00
5.765525808256269258e+00
5.217099255814001246e+00
1.945185704726212883e+00
-3.445230472883933803e+00
-8.073333649242629306e+00
-8.347500540188839580e+00
-2.654132257601702349e+00
6.815413588348270935e+00
1.474092795544339118e+01
1.578839991656030328e+01
8.228518414841568429e+00
-4.483068186050156001e+00
-1.547413418667957430e+01
-1.859783879149651398e+01
-1.225495489290648266e+01
-3.310247247003350601e-01
1.037482149674049836e+01
1.445498103862845163e+01
1.101435489672122792e+01
3.607332902765926441e+00
-2.718082984838941840e+00
-4.988092025029172483e+00
-3.932818661897117707e+00
-2.705972062861663030e+00
-3.917049546710566599e+00
-7.368251755514545920e+00
-1.021165695021834452e+01
-9.305676140647486605e+00
-3.862425249481146849e+00
3.693984058995027020e+00
9.317600724528933398e+00
1.015757862070867290e+01
6.480752749918529787e+00
1.308183881010204885e+00
-1.877632358409677016e+00
-1.588399893480493041e+00
8.447753780070282881e-01
2.561745342281303017e+00
1.474907164106961321e+00
-2.184992304868572877e+00
-6.146859850209080989e+00
-7.833236387676138612e+00
-6.149587159354085841e+00
-2.043056399646304921e+00
2.390351291221588514e+00
5.371608893123828388e+00
6.321830002217052602e+00
5.673967741733728865e+00
4.080635745453780494e+00
1.896964336698788056e+00
-6.183317451864884795e-01
-2.762167717589701699e+00
-3.299335778835081001e+00
-1.214177383584301273e+00
3.193439565032715421e+00
7.902084714368384333e+00
1.011089306711963687e+01
8.106220681620030177e+00
2.715173801227470207e+00
-2.906246992384676986e+00
-5.252495490897216790e+00
-2.930502672168714628e+00
2.197670712544207650e+00
6.146301355742687988e+00
5.518175682921510727e+00
-1.094742955538396956e-01
-7.852080738835852003e+00
-1.347958976528439301e+01
-1.422993417843055042e+01
-1.043151012150807766e+01
-4.840635429173161697e+00
-3.608169283372011371e-01
1.988861598839914535e+00
3.284128093185829211e+00
5.057413155742580102e+00
7.333511559803834956e+00
8.152730301328201534e+00
5.161446916300834076e+00
-1.941382822783534357e+00
-1.020333567301884869e+01
-1.476189700114210801e+01
-1.207316109600662912e+01
-2.750956630049991247e+00
8.222055124232774403e+00
1.437398563443773014e+01
1.191743126884046511e+01
2.360143835770434517e+00
-8.325846509923820804e+00
-1.349358811172223582e+01
-1.002972474868651531e+01
-1.701885221572894125e-01
1.019690504060593028e+01
1.544074605876265416e+01
1.358872904452579888e+01
7.031070500835138404e+00
3.465554811267463897e-01
-2.962034540458296394e+00
-2.484396174729424089e+00
-4.751314510755477727e-01
3.477059287577138891e-01
-1.068903932806120949e+00
-3.604688559002455328e+00
-5.220492948807116562e+00
-4.766610428132978861e+00
-2.851895897943878211e+00
-1.176873404095875264e+00
-1.011801670569356881e+00
-2.132188421310534210e+00
-3.064376398258075618e+00
-2.383160471806966552e+00
3.669750449116160329e-02
2.833192057017244636e+00
4.166255424868025692e+00
3.105170553385183219e+00
3.105428473348206264e-01
-2.482940488872083407e+00
-3.737910991465205779e+00
-3.152535137853529790e+00
-1.721262782803173241e+00
-8.580320621464487818e-01
-1.307302257242401788e+00
-2.646909234511494180e+00
-3.663473805545628181e+00
-3.220230781660695207e+00
-9.530842627605875528e-01
2.619986700020297654e+00
6.489443837677460358e+00
9.640872622568604555e+00
1.131610296611658129e+01
1.104973992672230843e+01
8.699129303718772022e+00
4.596736585310945422e+00
-3.179366346721617109e-01
-4.669103282153649559e+00
-7.213116807694464505e+00
-7.517151258098400568e+00
-6.240361267143077484e+00
-4.710826531175140275e+00
-4.013862156332718811e+00
-4.237247530903900383e+00
-4.466965348519917889e+00
-3.577088299017335160e+00
-1.220469363518946526e+00
1.772686432857123240e+00
3.943104347967528511e+00
4.295255865002006956e+00
3.064133923330257137e+00
1.512702308227000136e+00
8.920237068195933094e-01
1.405286494592107971e+00
2.061974498455113824e+00
1.606430199060838060e+00
-2.086158487865101829e-01
-2.107175552516840522e+00
-2.111452839067208931e+00
7.939173551658910144e-01
5.432324613952800085e+00
8.745832335108479683e+00
7.669010448736917951e+00
1.369014280218437740e+00
-7.763774608171464919e+00
-1.522611283340781263e+01
-1.701706896884936526e+01
-1.206881594960749027e+01
-2.877565259327929503e+00
6.069023598579483370e+00
1.098266201100219597e+01
1.079334660236348142e+01
7.265089951979817329e+00
3.354259893344385901e+00
1.130690834434657788e+00
7.267945322006902353e-01
8.661081986216713213e-01
3.033604198270249963e-01
-1.083487783468173760e+00
-2.374589915799893980e+00
-2.643283441924445754e+00
-1.938151527949401931e+00
-1.299884107925044496e+00
-1.769773634295722653e+00
-3.255348376449486381e+00
-4.304090533327928902e+00
-3.124047320525862759e+00
8.601370430676381629e-01
6.162518614808544903e+00
9.901808540633014744e+00
9.648959208507800867e+00
5.173405793861789448e+00
-1.219805395297741901e+00
-6.100669846321993717e+00
-7.142198982081244374e+00
-4.607796968775304869e+00
-1.037544092223214420e+00
6.487267352604089155e-01
-7.219109304428585894e-01
-3.740177637566806546e+00
-5.469122255606473360e+00
-3.639690292922095782e+00
1.569787051486929652e+00
7.432173167854486451e+00
1.034011343229707691e+01
8.127878055791573075e+00
1.515062183318842237e+00
-6.233654282808707592e+00
-1.115289885053752705e+01
-1.072782025209337675e+01
-5.084136032683448825e+00
3.321643596291850464e+00
1.109885947590027655e+01
1.546828301936925243e+01
1.517916020465013816e+01
1.060690069725183271e+01
3.343251535608278147e+00
-4.328636994774418767e+00
-9.949810871727780892e+00
-1.151628676746368285e+01
-8.274221574085839137e+00
-1.374625020135575637e+00
6.179233516574632823e+00
1.065799924805438970e+01
9.499947888390284589e+00
2.960705552997167089e+00
-5.637709471662033955e+00
-1.152495783580540056e+01
-1.124071012184801432e+01
-4.897553827130724180e+00
3.599581359591686791e+00
8.751603781435441931e+00
6.877411795042277731e+00
-1.392410990215982691e+00
-1.124420162411985302e+01
-1.652235840114011722e+01
-1.358324400729242853e+01
-3.700439508872224614e+00
7.596726847403137306e+00
1.391032376722506925e+01
1.194498476383108532e+01
3.497773965135761998e+00
-5.822745933556713105e+00
-1.028716676944045361e+01
-7.696603030538298640e+00
-5.967758458519352160e-01
5.683636663866691308e+00
6.769595738414333042e+00
2.188508894631759905e+00
-4.435699899818034808e+00
-7.990583552268036627e+00
-5.428588048413085509e+00
2.173688267879471780e+00
1.038798234358196915e+01
1.440184516163890116e+01
1.209034657881538344e+01
5.148011975293525389e+00
-2.322102463361024327e+00
-6.606766070228952792e+00
-6.579039809116176585e+00
-3.911040682299200988e+00
-1.430709674041645396e+00
-1.015678022953717452e+00
-2.554817499322955321e+00
-4.526350354137961496e+00
-5.475140182646025977e+00
-5.099901570665124062e+00
-4.153572047824980906e+00
-3.432414113494249186e+00
-2.872832487955350622e+00
-1.601133687164701058e+00
1.116873137579046382e+00
4.912469936186690589e+00
8.269883182283543022e+00
9.546733778259707037e+00
8.249075519890663344e+00
5.457936610131272737e+00
2.965116032897606502e+00
1.774915506939900744e+00
1.242304416462886696e+00
-3.225030268930053623e-01
-3.958703318059546561e+00
-8.652270172296111284e+00
-1.154158409735284785e+01
-9.849462616453500630e+00
-3.214096934042735665e+00
5.434497940740738997e+00
1.138637533361064058e+01
1.121397259024797677e+01
5.247724925439876564e+00
-2.438397047309756260e+00
-6.724196367476142910e+00
-5.030840724973819178e+00
7.655969229568584389e-01
5.567870876584229300e+00
4.681448488385587581e+00
-2.691947574764517626e+00
-1.259523595529678985e+01
-1.876832577459639495e+01
-1.675143590675833849e+01
-6.818159336664521675e+00
6.234429320409336839e+00
1.618711303158828940e+01
1.916294649816871853e+01
1.550428025539264709e+01
8.708018097135388658e+00
2.511689712641231864e+00
-1.574006606930620666e+00
-4.557047198493410889e+00
-8.158735603651260604e+00
-1.260567960757328621e+01
-1.591831365391020725e+01
-1.529887529789061418e+01
-9.491754612525523882e+00
-1.910733402475703890e-01
8.693398125452670655e+00
1.343486955739577304e+01
1.279225759798299045e+01
8.543260660928901018e+00
3.936804856967815791e+00
1.315593203683307788e+00
7.161002217862416641e-01
4.080256213867126114e-01
-1.214713307857601343e+00
-4.009877995024671904e+00
-6.071056996421267726e+00
-5.326954290691602978e+00
-1.442122364560292525e+00
3.559499012574239174e+00
6.535097945106469020e+00
5.448851122310018447e+00
9.097964553852522229e-01
-4.160208478175102087e+00
-6.514524014469708746e+00
-4.781433744871814717e+00
-2.942033941494475169e-01
3.991001524546151202e+00
5.623085606629866895e+00
4.245977425105292191e+00
1.548536441757370152e+00
-2.545406445698734643e-01
-1.604077808135271344e-01
1.002232244687910612e+00
1.480177660032245601e+00
2.387285801896747439e-01
-2.003511751794874396e+00
-3.200357473546049825e+00
-1.577700501769980557e+00
2.796413986091522030e+00
7.689858874335435246e+00
9.964857857164016508e+00
7.615039872758329942e+00
1.208513638747590768e+00
-6.256191916860265323e+00
-1.102839938462122760e+01
-1.077320961534214661e+01
-5.892644242741257088e+00
7.777039745822873495e-01
5.663788674785593003e+00
6.491764510132784771e+00
3.474412267862210690e+00
-9.934443405390683823e-01
-3.879396624722536657e+00
-3.348930285285879105e+00
1.853887339674191725e-01
4.392960803809726755e+00
6.511498818232613672e+00
5.086364779244126666e+00
8.958985860158765746e-01
-3.531469724514714414e+00
-5.541275976028020800e+00
-4.105618036678666982e+00
-5.473672408394674171e-01
2.311057036824957223e+00
2.088960903348807907e+00
-1.399520413653396744e+00
-5.834006287793414458e+00
-7.859574738110656433e+00
-5.441345795070862579e+00
5.099393644993137631e-01
6.468247823894696324e+00
8.502100768411796849e+00
4.935919203858635029e+00
-2.382513501667067768e+00
-9.164237415194055103e+00
-1.143676612213946342e+01
-8.086496781310927418e+00
-1.408293733060172581e+00
4.698606733297257421e+00
7.533316300601949678e+00
7.300453672407283712e+00
6.456414686500322908e+00
7.246892560910002778e+00
9.430463139706413145e+00
1.011425961199861234e+01
6.026772140394475841e+00
-3.411099025108297322e+00
-1.466486331823059253e+01
-2.170726622733043953e+01
-1.984186070367033494e+01
-9.119897064088869243e+00
5.187418029776386774e+00
1.562730482729093673e+01
1.717868634963382135e+01
1.030196136383386296e+01
3.163497542624154057e-01
-6.431996051269295300e+00
-6.877433158600799956e+00
-2.972695021818261285e+00
2.992582450574029496e-01
-9.219054360578802232e-01
-6.179485699574236435e+00
-1.085451019117832949e+01
-9.580757326740091173e+00
-4.292683368094500906e-01
1.319978708062055617e+01
2.438655737062347839e+01
2.696648913412195725e+01
1.932774870274185730e+01
5.213866228393026603e+00
-8.814879416426688152e+00
-1.732553369086069139e+01
-1.866490583735764730e+01
-1.481757123294632628e+01
-9.095565057825163890e+00
-3.712400251203307633e+00
9.737781578759541201e-01
5.360450088116378353e+00
9.020642620402183454e+00
1.029886069653373859e+01
7.577379027416379031e+00
1.123047118206378148e+00
-6.232929313356709855e+00
-1.048038647676198210e+01
-9.082305213917821973e+00
-2.928193354777012036e+00
4.021789443995325897e+00
7.336408912974944130e+00
5.159090432716531893e+00
-5.286509116384205953e-01
-5.399244548921229736e+00
-5.968259064759228849e+00
-2.142869136397975272e+00
2.753926250224480121e+00
4.500098178273384875e+00
1.162226212585290241e+00
-5.410026983525792588e+00
-1.088056099158917789e+01
-1.154041902741699843e+01
-6.936110371896635485e+00
-1.047967930213111742e-01
4.695095186643408525e+00
5.030783843621567719e+00
1.876475690223504911e+00
-1.359140951969468158e+00
-1.527462720721834755e+00
1.909555110360925845e+00
6.592730138012112384e+00
9.151400863344113290e+00
7.747784261317579357e+00
3.349844480638721311e+00
-1.143935853949186399e+00
-3.139692036418357812e+00
-2.170146734540586930e+00
5.019966908189082977e-02
1.246770604338139465e+00
4.859135815855304408e-01
-1.194348923413024677e+00
-1.881606397737452419e+00
-6.336409020108038082e-01
1.532312157992155255e+00
2.406636618783657866e+00
5.416219286184161819e-01
-3.229436716226047110e+00
-6.086392456422826669e+00
-5.300766868554776856e+00
-5.767573857076859767e-01
5.246009033883170858e+00
7.911892954037554659e+00
4.836687617005078543e+00
-2.666698261353666055e+00
-9.812832615164904126e+00
-1.137486008433254625e+01
-5.345166606482854910e+00
5.354170546741464420e+00
1.445180615928780909e+01
1.627708015328187230e+01
9.463970109040181100e+00
-2.108120784447051310e+00
-1.179675259975367752e+01
-1.443190262210091035e+01
-9.460105411085939053e+00
-9.473589910217214971e-01
5.423142665392825634e+00
6.190943450672214965e+00
2.159333589443859669e+00
-2.628781031658732115e+00
-4.059848911645863367e+00
-9.049274242228961818e-01
4.507278648928132014e+00
8.231229742319195353e+00
7.705951558476662022e+00
3.582602656477047454e+00
-8.986996216987552799e-01
-2.422935616593427710e+00
-9.090690988656147109e-02
3.940390525052636761e+00
6.086255127809166332e+00
3.990764703117468670e+00
-1.731218376683449467e+00
-7.885982092318274184e+00
-1.088001907331195106e+01
-9.092771360564956495e+00
-3.799240683704264931e+00
1.885386467486380946e+00
5.152246463690744349e+00
5.167073145817136393e+00
3.177192640203491791e+00
1.190253900885043903e+00
3.647944759140566706e-01
3.333295314553668121e-01
-1.497887801240270211e-01
-1.890974117397801191e+00
-4.388804261718784794e+00
-6.103678015579999006e+00
-5.621968144319416716e+00
-2.779015501395549759e+00
1.129641520373722008e+00
4.190573078100282345e+00
5.112011905101093490e+00
3.948727643277920585e+00
1.846437239199138602e+00
1.004033004880187097e-01
-7.044530453564658012e-01
-8.578727122780818171e-01
-9.874794706760696705e-01
-1.366020333013675980e+00
-1.670123359629990034e+00
-1.359786497833283647e+00
-2.994634019454248675e-01
9.591301950523389852e-01
1.513981042385082132e+00
8.174964684657306524e-01
-8.236150655223375416e-01
-2.373233160724058433e+00
-2.742687730789780343e+00
-1.519154125958802393e+00
7.786763483643570627e-01
3.061588327137278576e+00
4.330750805163797068e+00
4.149711446567015294e+00
2.664987037623471000e+00
3.117321167200948206e-01
-2.440913693402742890e+00
-5.085414415706792646e+00
-6.929257714704105453e+00
-7.126428566860930403e+00
-5.065915866025955339e+00
-9.202353369139277817e-01
4.107561911732316773e+00
8.174103183504717762e+00
9.693841658557273533e+00
8.178552351369145157e+00
4.427739060948653993e+00
-6.463793639111692357e-02
-4.026664384659356166e+00
-6.942212747333640799e+00
-8.829153413716413823e+00
-9.553254635887217461e+00
-8.411542951222443776e+00
-4.531045700135141630e+00
2.091301816294521831e+00
9.763419402332612407e+00
1.538020468564462817e+01
1.596473016966982250e+01
1.060481278298965435e+01
1.425060932451720941e+00
-7.273630701002718801e+00
-1.135865946301448126e+01
-9.257688486154011187e+00
-2.826214048041403970e+00
3.902726333033343487e+00
7.251015181867670023e+00
6.015472727658186969e+00
1.816527156441751334e+00
-2.400392285046164087e+00
-4.500413935772885843e+00
-4.368593748364380858e+00
-3.437838609823852476e+00
-3.102090648459306266e+00
-3.398051619656782485e+00
-3.040369566824624670e+00
-7.449572742304573225e-01
3.304725495313119765e+00
7.143848601026514089e+00
8.255487167855802610e+00
5.480413625014801227e+00
1.320164583371714606e-01
-4.630982632280532307e+00
-5.833738028453714364e+00
-2.703449859757677931e+00
2.773481911076603801e+00
7.167758787104645535e+00
7.868171618672912260e+00
4.705598344208540951e+00
-1.415813983135079113e-01
-3.788049320064765801e+00
-4.587655118563950474e+00
-3.026463163080680641e+00
-1.062449273438425879e+00
-5.540728085775212808e-01
-1.992012371329284548e+00
-4.381834823349157304e+00
-6.181536385232122122e+00
-6.440654626921608283e+00
-5.270069842485479938e+00
-3.426151233972528409e+00
-1.532147133709222953e+00
3.206000495057952371e-01
2.284392333510688822e+00
4.147520297025356406e+00
5.091487740476912549e+00
4.179593531520527705e+00
1.261660582194295444e+00
-2.478815295615007575e+00
-4.929996921062775428e+00
-4.293765816790546808e+00
-3.555117214292278227e-01
5.145325578737304895e+00
9.391266368934005015e+00
1.009343805719699638e+01
6.799337452309940133e+00
1.078636120793977859e+00
-4.472832138857411266e+00
-7.708326684765681058e+00
-7.945645571572834243e+00
-5.988579085860784801e+00
-3.322713973467142701e+00
-1.141602165393306390e+00
1.651841474335382642e-01
8.658885215792275769e-01
1.362268344619284921e+00
1.752454118417267281e+00
1.776497090889112895e+00
1.110851888473973093e+00
-2.526606793644396998e-01
-1.818480858790926025e+00
-2.715658798683674213e+00
-2.095772733145833566e+00
3.636127653312418717e-01
4.075697595444099264e+00
7.523062391379920832e+00
8.762820061031193930e+00
6.391827172473826479e+00
5.655454903969545644e-01
-6.572459600887521347e+00
-1.156157132824915834e+01
-1.132906359236587868e+01
-5.113531048018080227e+00
4.603267462636656759e+00
1.299535183537543404e+01
1.540032499526411591e+01
1.008758258737637625e+01
-4.491724189670527334e-01
-1.066113137100896502e+01
-1.504738779336204146e+01
-1.135973177215579000e+01
-1.907265594597919112e+00
7.882030840657771265e+00
1.272901008510210730e+01
1.051703230741653705e+01
3.191792479208734434e+00
-4.857033280787074858e+00
-9.674654164697523484e+00
-9.908209451399468293e+00
-6.971378862782805719e+00
-3.427591785487833498e+00
-1.016341544894479032e+00
2.069643091031636573e-01
1.197139166826062695e+00
2.549331190002130931e+00
3.740589379428170158e+00
3.644751122328448112e+00
1.803972468235595095e+00
-7.683938459081980366e-01
-2.113212873675170300e+00
-8.888653861307194148e-01
2.295761597667863363e+00
5.003475435057493037e+00
4.670601687272060154e+00
6.959218040586335752e-01
-4.737712893659777436e+00
-7.925889064299441955e+00
-6.241142667557005197e+00
-2.122295375913414439e-01
6.527229448944378731e+00
9.546098358820984231e+00
6.642847789888411292e+00
-5.406269357974869960e-01
-7.506121812204410659e+00
-9.847771400434336186e+00
-6.135289918505565154e+00
1.237852487919131050e+00
7.760715548832733290e+00
9.803640587378387394e+00
6.814266879619017558e+00
1.289768959976958174e+00
-3.260439640224118918e+00
-4.765634148288230065e+00
-3.707324296653176088e+00
-2.251166899543155075e+00
-2.241471681645056169e+00
-3.667925915262546965e+00
-4.745549812210750673e+00
-3.467073119769175094e+00
6.191870782180131094e-01
5.782632941881266753e+00
9.123195071667293377e+00
8.503133854236095246e+00
4.032042437338573926e+00
-1.917601941085318007e+00
-6.154979332608654374e+00
-6.598355569489974926e+00
-3.448510244757731158e+00
1.072304033731375617e+00
4.162067597884730574e+00
4.121373551621591247e+00
1.283339719737606632e+00
-2.278404253624095599e+00
-4.013755659408040799e+00
-2.384980431640523424e+00
2.224323972442178832e+00
7.641889361152522042e+00
1.100606045584060055e+01
1.027456957292023887e+01
5.363664472479348966e+00
-1.711177084520288716e+00
-7.829793269011588563e+00
-1.040893421441201383e+01
-8.781864529700687427e+00
-4.486028713132856005e+00
-2.427705563840654723e-01
1.763600017207030968e+00
1.202246147715550162e+00
-3.797863904188603090e-01
-8.540684810281262695e-01
7.853924130971411399e-01
3.565671532247861375e+00
5.213591308173848304e+00
3.932964296948872729e+00
-3.075382787261737860e-02
-4.287058479133095013e+00
-5.880281003166407672e+00
-3.494476754251181205e+00
1.348904468636907161e+00
5.109017310807005607e+00
4.632853799629765845e+00
-4.938474415124609607e-01
-7.374801692495930538e+00
-1.154735716907104504e+01
-9.942292901253763304e+00
-3.046464226922948271e+00
5.251228702126887526e+00
1.007709582472623921e+01
8.653738539031941457e+00
2.012108781577606642e+00
-5.738350801873334461e+00
-1.000939537845963834e+01
-8.459615506165505394e+00
-2.165962203347104875e+00
5.289890965911632215e+00
1.000333060772361016e+01
9.755634258839855022e+00
4.804903884699528227e+00
-2.632896007313705766e+00
-9.566158617557585231e+00
-1.334975969751186575e+01
-1.244024664359593402e+01
-6.853485526477356871e+00
1.631977413894184492e+00
9.769620201034792117e+00
1.395078398592478486e+01
1.198062696316442377e+01
4.654121635843233129e+00
-4.067951247571717666e+00
-8.893307559313742061e+00
-6.327301272356214312e+00
2.780558010944572001e+00
1.315816410656168678e+01
1.797803525561672799e+01
1.313749072366776893e+01
2.181832560214598260e-01
-1.400702310471047696e+01
-2.148257405276354248e+01
-1.783047773998715257e+01
-5.153858754642788753e+00
9.208094661652452828e+00
1.721508576128405821e+01
1.500796431159355393e+01
4.990977688828255765e+00
-6.117797692418697864e+00
-1.180266290341441149e+01
-9.753059464227813891e+00
-2.804390333155550419e+00
3.518807069612968963e+00
4.911975593675572682e+00
9.278047217910112554e-01
-5.240375462219631686e+00
-9.308397396958840275e+00
-8.759109037050521351e+00
-4.069043795069606340e+00
2.205440675305712084e+00
7.414728925583784047e+00
1.025754845007983285e+01
1.080984529966314867e+01
9.567968686168377701e+00
6.668465122944355450e+00
2.073688108751376546e+00
-3.554751169751419138e+00
-8.348006186719295840e+00
-9.912609510005651714e+00
-6.961410266504846511e+00
-6.540153245067330534e-01
5.615622359667574059e+00
8.166966696589028629e+00
5.507019726907460999e+00
-4.668481830484156880e-01
-5.567905916791229259e+00
-6.124265976624025498e+00
-1.579511657082088183e+00
4.985518203582778973e+00
8.871944377073319288e+00
6.979736032278522906e+00
-9.525390697571189946e-03
-8.023079708112600628e+00
-1.230414634395396689e+01
-1.056002594006105966e+01
-4.384229359192294062e+00
1.982393741078692928e+00
4.622708622249398047e+00
2.544886015720329908e+00
-1.863189412349967267e+00
-4.751965446708343421e+00
-3.666606216063961199e+00
6.987360824522299563e-01
5.055843033878945292e+00
5.946671514390235558e+00
2.301418512946275641e+00
-3.669744656550874673e+00
-7.879639589253692122e+00
-7.114947162862812036e+00
-1.281554137029361495e+00
6.362782866339891541e+00
1.116208286072002487e+01
9.954410052464318426e+00
3.065464947326643319e+00
-5.841595685506208113e+00
-1.194301638471317695e+01
-1.208652036017295117e+01
-6.537276204272945535e+00
1.386986777832605267e+00
7.486479078967403389e+00
9.243380598408025506e+00
7.164429436417043107e+00
4.101096895600250924e+00
3.058224008506319702e+00
4.980306852793416006e+00
8.020001592966861992e+00
8.819364431261085713e+00
4.982875790646478009e+00
-2.926913407898609876e+00
-1.129888279540307039e+01
-1.549557444988522015e+01
-1.276994550210524437e+01
-4.180731445396188128e+00
5.821103805941504561e+00
1.197207021671335880e+01
1.133719520810275938e+01
4.995499132298837353e+00
-2.814463789338340405e+00
-7.496381369883621026e+00
-6.963642728008195171e+00
-2.680260424845293699e+00
1.732807240794336012e+00
3.245191731366141585e+00
1.528030738398949095e+00
-1.053102368765706842e+00
-1.484957722751530262e+00
1.373143910597373285e+00
5.703851268954856835e+00
7.936358870436695412e+00
5.408785929729883257e+00
-1.442418187467693569e+00
-9.005796311253915221e+00
-1.269172979849833816e+01
-9.952109363822559729e+00
-2.072397905799142404e+00
6.488955967486730536e+00
1.078586019752400915e+01
8.344407340670837669e+00
5.387917624632907465e-01
-8.364268170938252922e+00
-1.373532985256327521e+01
-1.305267216152818399e+01
-6.929523819008775121e+00
1.625080063312530854e+00
8.973462351549112981e+00
1.251753154232944709e+01
1.151426135858954503e+01
6.969488447281955601e+00
9.897400904527848819e-01
-4.022551712831643478e+00
-6.163462721344472151e+00
-4.737109707128921876e+00
-6.651266491837721784e-01
3.755823159888534768e+00
5.912578900416296079e+00
4.372897090731067138e+00
-6.480889261749001040e-02
-4.619327945291239246e+00
-6.173762515882998514e+00
-3.395113930947685876e+00
2.128808796949033244e+00
6.693478460582582557e+00
6.875944643661939359e+00
1.964101349415452891e+00
-5.327699166690467614e+00
-1.049904054266850473e+01
-1.023425525813901160e+01
-4.657230779912431728e+00
2.743194827872637021e+00
7.493329813177374454e+00
7.130968721304670410e+00
2.681919474531555103e+00
-2.385083776275410905e+00
-4.844722019144247938e+00
-3.957444977174865208e+00
-1.586083305589879533e+00
-2.156797594858637090e-01
-5.916378976993765804e-01
-1.008546975597975459e+00
1.062467968399928075e+00
6.295891096826166766e+00
1.209222459338865718e+01
1.389200418035960638e+01
8.556163274371266780e+00
-2.669201953851842113e+00
-1.408010484027045273e+01
-1.882889028059444669e+01
-1.355174534904045025e+01
-1.026118207907410262e+00
1.124790675378318028e+01
1.581552811910063028e+01
1.019458821031900442e+01
-1.476910100351152888e+00
-1.127960973644657727e+01
-1.289015400259395072e+01
-5.751039853687788472e+00
4.836080287129272293e+00
1.163880914983735870e+01
1.054608860419358507e+01
3.143425893708142738e+00
-4.879089301295338466e+00
-8.106190117917574156e+00
-5.233424499918790218e+00
4.022801805105145068e-01
3.775651935911078283e+00
2.183113751671845293e+00
-2.789227588099135513e+00
-6.739105329732650418e+00
-6.063132828621637493e+00
-8.115090911167706089e-01
5.423052360030527375e+00
8.395097737326702614e+00
6.505388013200497532e+00
1.874896836510996589e+00
-1.608865079156944322e+00
-1.624880812214296144e+00
6.293907328476375795e-01
1.508517334344915639e+00
-1.812922534076946146e+00
-8.544769375922555810e+00
-1.435079130614176357e+01
-1.444416248744633968e+01
-7.415149812136151652e+00
3.226678592576122995e+00
1.117180911560514467e+01
1.167514011013788355e+01
4.956156064669325012e+00
-3.943220348121306174e+00
-8.796074008396576716e+00
-6.639851703777544856e+00
2.697835122554299581e-01
6.420818585250637867e+00
7.372803159489690117e+00
3.119352484764216449e+00
-2.072622011366056505e+00
-3.171732756032973999e+00
1.521977391590374262e+00
8.898512635921754566e+00
1.334204743480358069e+01
1.104142435746399364e+01
2.967086708043489729e+00
-5.797927887247428913e+00
-9.862771417551082109e+00
-7.532118293288984745e+00
-1.924050133416896458e+00
1.634228966640135061e+00
-1.237296099633353741e-01
-5.812345098575130820e+00
-1.050497797174160475e+01
-9.671686917342173118e+00
-2.852657799698356200e+00
5.824544696014441136e+00
1.071347027777177985e+01
8.928038824097114912e+00
2.503440478055373841e+00
-3.243382843124274384e+00
-3.870110163569557837e+00
7.670586338739140420e-01
6.495023217454415132e+00
8.210938442027147843e+00
3.996860940969653164e+00
-3.294584949135725083e+00
-8.253443710906481101e+00
-7.192386083467912528e+00
-1.103932001607643487e+00
5.085094300300213810e+00
6.431480699607293516e+00
1.996749175565033951e+00
-4.253981228452172303e+00
-6.507544789506731320e+00
-1.833445802660387702e+00
7.094836658166532750e+00
1.353837992200132057e+01
1.152264391895202422e+01
4.355365677039548800e-01
-1.405405831644490533e+01
-2.353216434520219025e+01
-2.234294049590218378e+01
-1.116815348054732837e+01
3.734259731665070969e+00
1.486051112677222719e+01
1.810629858907203626e+01
1.451134169969065901e+01
8.285554623092032500e+00
3.112628432288768288e+00
-2.161324536438520294e-01
-3.190702609196032213e+00
-6.957510237443402801e+00
-1.029492760458675349e+01
-1.017399038276036549e+01
-4.551316672491631188e+00
5.031138242637002378e+00
1.351007189818930598e+01
1.541255766388870718e+01
8.841092377246445366e+00
-2.771239112017044981e+00
-1.269685260542388505e+01
-1.542392228084040262e+01
-1.035613796183367796e+01
-1.948759482743294580e+00
3.794619684040683616e+00
3.770982849222221489e+00
-2.203512914377122600e-01
-3.381399964390540802e+00
-2.114647879467631331e+00
2.888547914797312099e+00
7.176718839605591427e+00
6.287562619230698147e+00
-2.990840270976384829e-01
-8.266593540811134844e+00
-1.151722034831202812e+01
-6.915174662571363484e+00
2.996283755914804114e+00
1.156708915676890115e+01
1.287834656761451768e+01
6.229679304997682188e+00
-3.194125120904399928e+00
-8.107759804587878705e+00
-4.595727083078847919e+00
4.845955401637227489e+00
1.304409630658472885e+01
1.343034491721031287e+01
4.958060307441126469e+00
-7.012856007786026247e+00
-1.453105205375000608e+01
-1.274341134114787621e+01
-3.269332319969529443e+00
7.164230655562276340e+00
1.171252922226077331e+01
8.270104718574724956e+00
6.408132323343878056e-01
-4.700534414508050318e+00
-3.687938598155079184e+00
2.267384740019493972e+00
7.460189356109477643e+00
6.343428263429531810e+00
-2.126019768771514329e+00
-1.345182181789222220e+01
-2.056939747790739048e+01
-1.861520318846549316e+01
-8.112256606307022722e+00
5.508412915571283541e+00
1.546028096221467507e+01
1.761415488194899837e+01
1.235747763042799718e+01
3.488779068647696491e+00
-4.565894303906645746e+00
-9.079371682683371247e+00
-9.581000544198584379e+00
-6.935390959936979627e+00
-2.243512881178650442e+00
3.420118171452932287e+00
8.555276335609676153e+00
1.104463014745576466e+01
8.979432627492027308e+00
2.177404012240244935e+00
-6.866479188442923487e+00
-1.372699040081002053e+01
-1.441615469779483583e+01
-7.937927221803102285e+00
2.779482543550442664e+00
1.238664117419038391e+01
1.618402182879313855e+01
1.277889144055810888e+01
4.632573326724443774e+00
-3.729028825079355514e+00
-8.512179234492100122e+00
-8.597477348690775401e+00
-5.554301948984177173e+00
-2.075106408002699521e+00
-1.471846715712311626e-01
-1.719758810453750897e-01
-1.311932694414619238e+00
-2.429898742169092074e+00
-2.776950278090841273e+00
-2.092116094032745011e+00
-4.127401852518328695e-01
1.949292301760301438e+00
4.210586194210004685e+00
5.114464611283410456e+00
3.521374905893880580e+00
-5.928439424510749678e-01
-5.530932293975181935e+00
-8.443502799027884365e+00
-7.041812034369935525e+00
-1.387644598195552526e+00
5.658427621661127560e+00
9.964426369764455060e+00
8.805482770472998766e+00
