-8.626763632508801294e+00
-1.318583846459739384e+01
-1.064162934826072515e+01
-2.687016636233436451e+00
5.957310941492395706e+00
1.024185863632562388e+01
7.700132718586731428e+00
-1.440513118907473800e-01
-8.704320341809546946e+00
-1.303468423338941129e+01
-1.069358794748903208e+01
-3.076519719205481174e+00
5.533563479064326884e+00
1.056703321329157852e+01
9.814699294912536232e+00
4.539394618028637751e+00
-1.543323723063722230e+00
-4.690585359750340189e+00
-3.409878527659757630e+00
8.032302669703699216e-01
4.640057386844344656e+00
5.228884969264248284e+00
1.987518183830563334e+00
-3.076745908056362389e+00
-6.742363491523656549e+00
-6.680400332561299948e+00
-2.925094389232857583e+00
2.200531443848769086e+00
5.597968983949931143e+00
5.334886619650342610e+00
1.777103356369766907e+00
-2.763580021136830212e+00
-5.575509012111457885e+00
-5.256891715596990089e+00
-2.500169052170739370e+00
5.052998120266696258e-01
1.610022992010984311e+00
1.509635411105123559e-01
-2.634967762630035626e+00
-4.483450213999469192e+00
-3.671363325824403834e+00
-2.368583485919427689e-01
3.968461240548461610e+00
6.450905473806264112e+00
5.712035384842859109e+00
2.262870761427728805e+00
-1.690316355696214634e+00
-3.721389274499467437e+00
-2.853252379887482260e+00
-2.682794150660522403e-01
1.495854129046029435e+00
3.982058515624874451e-01
-3.450160422083348610e+00
-7.546098425811305965e+00
-8.504543805949007051e+00
-4.448652757283382719e+00
3.309650472438362634e+00
1.057515197036109100e+01
1.260926931200267376e+01
7.169362468139597766e+00
-3.694908456697904242e+00
-1.438584044850281529e+01
-1.878447441209867463e+01
-1.381460179000311683e+01
-1.368619912925591819e+00
1.262611918680386935e+01
2.146675635806242610e+01
2.129790436775146745e+01
1.295797118549886484e+01
1.079125443259388195e+00
-8.802456060479672217e+00
-1.322529418130250356e+01
-1.211534624728127163e+01
-7.926381899796188790e+00
-3.537345209015503755e+00
-4.826505699446508313e-01
1.407134003171569336e+00
3.046699904367542455e+00
4.845592943704500222e+00
6.235515800401215891e+00
6.261429270424942573e+00
4.596630387149022390e+00
2.018981938223832984e+00
-1.092790969070900342e-01
-9.317941528345982105e-01
-8.143276231448545177e-01
-1.026371674548918866e+00
-2.586990669423298250e+00
-5.205577705770409125e+00
-7.237413115832488586e+00
-6.796891602895354545e+00
-3.229580378987500389e+00
2.203995794909491490e+00
7.026079604639208220e+00
9.161164652944798092e+00
8.281566060445200605e+00
5.858128778039625395e+00
3.874133450835495651e+00
3.200235547227196164e+00
2.914957912107289939e+00
1.141764033723253302e+00
-3.211402122841040541e+00
-9.169600477782736903e+00
-1.393661590456149035e+01
-1.461018067527827036e+01
-1.018205878872622350e+01
-2.375917678207647654e+00
5.309630766791732626e+00
9.696673430073559530e+00
9.706401511544132887e+00
6.643805617268656150e+00
2.939894596049737796e+00
4.096503262167031645e-01
-6.639829077124360657e-01
-1.070431118937307913e+00
-1.428500746591195414e+00
-1.357654644310302139e+00
1.495928366669613263e-01
3.453563855517489234e+00
7.258112355265864402e+00
8.940875586377089235e+00
6.262337617057939454e+00
-7.001519339818103038e-01
-8.934962275758360661e+00
-1.393356868894976763e+01
-1.244963959928471198e+01
-4.779781254129202850e+00
5.067888020273999317e+00
1.159945090951759283e+01
1.111713545843850426e+01
3.966573900161584731e+00
-5.689904329713227682e+00
-1.240276578824539655e+01
-1.263082119581132190e+01
-6.620399658859501990e+00
2.065568746397954847e+00
8.866068727521016157e+00
1.081093884191744436e+01
7.839258411587113784e+00
2.297478135886914519e+00
-2.755812782981381659e+00
-5.234587438703554696e+00
-4.779237488983422821e+00
-2.440733150871019941e+00
1.920732409866335866e-01
1.784666552432597975e+00
1.657297797494176272e+00
-1.339586172817267551e-01
-2.850485921984331483e+00
-5.231413673382078855e+00
-5.888321404446848817e+00
-3.966968218738873730e+00
1.977448470348818210e-01
4.921787556036073319e+00
7.829224630220975811e+00
7.122852653270546064e+00
2.744750648498393453e+00
-3.371184613945511277e+00
-8.240596192048382562e+00
-9.463933792152868563e+00
-6.556158049260860210e+00
-1.142755912985629951e+00
4.063658101543541790e+00
6.803614291328843322e+00
6.350201965933917059e+00
3.557702332150764146e+00
5.958102108741586411e-02
-2.687089013657182335e+00
-3.885917328145521932e+00
-3.318083594682383453e+00
-1.090065080268951991e+00
2.357508946002644823e+00
5.980131299261474354e+00
8.062566142593237117e+00
6.826728820031425116e+00
1.634750432646479013e+00
-5.984841728257149995e+00
-1.246041797068397905e+01
-1.381343227667466778e+01
-8.075657331727324362e+00
3.032064871258282501e+00
1.447472032223753580e+01
2.043589635769991730e+01
1.764597381447610047e+01
7.450750755151808846e+00
-4.784973054608492760e+00
-1.269968471769194807e+01
-1.257467810603136549e+01
-5.354850420293150393e+00
4.158452163139375379e+00
1.034761163089640412e+01
1.007865361729132125e+01
4.232718233481403303e+00
-3.308595391542138664e+00
-8.338976747696497327e+00
-8.825107315614440395e+00
-5.712043583038238559e+00
-1.790869771297096680e+00
3.465458197529721618e-01
-1.819373888218654978e-01
-2.421291567872344341e+00
-4.614903473342586437e+00
-5.455474912558210931e+00
-4.673411748647727570e+00
-2.766259816729108145e+00
-3.536125071311639889e-01
2.200405083088756264e+00
4.659143332897523138e+00
6.584744115123955410e+00
7.299414198260489428e+00
6.309340909261528019e+00
3.851944067574240904e+00
1.006334033857418486e+00
-8.887352293095630573e-01
-1.165303505236539472e+00
-3.784490318151159105e-01
4.503845224509706036e-02
-1.093195322945898607e+00
-3.706760609908226645e+00
-6.267285364553848659e+00
-6.781543887922072855e+00
-4.271156371967665955e+00
3.268577704775685877e-01
4.572256153086905250e+00
6.050310366636224124e+00
3.984352938522903287e+00
-2.103459974363242613e-01
-3.848746582642177838e+00
-4.746075263081007911e+00
-2.604682670075655349e+00
9.293564161951239910e-01
3.524995110689265410e+00
3.793417527671684830e+00
2.114498336815346935e+00
1.276295109417142637e-01
-6.458268282021057960e-01
3.749603395913062021e-02
1.072467528727147901e+00
1.032254806417275406e+00
-5.475694952791144710e-01
-2.658187214917472119e+00
-3.509043840412149340e+00
-1.921193964626642714e+00
1.630718640159183996e+00
5.142562669818193655e+00
6.336775302783372865e+00
4.187896533861361625e+00
-3.472674796322448021e-01
-4.899955867159958345e+00
-7.161947004223634394e+00
-6.264564396929340084e+00
-3.180125652086947863e+00
3.674921868375585765e-02
1.582909449685059755e+00
9.241298556676881271e-01
-1.082059121342647146e+00
-2.890842189650473237e+00
-3.236262052148375368e+00
-1.750949364515701490e+00
1.014604182418044509e+00
4.004242616713803216e+00
6.147772446103924260e+00
6.696285503399010075e+00
5.390713545057212563e+00
2.551823694236485807e+00
-9.109781439459436747e-01
-3.703399912145814099e+00
-4.656731290457068795e+00
-3.395185060701181090e+00
-7.509477730777510684e-01
1.483265584961969807e+00
1.512538098907502793e+00
-1.267388235930319906e+00
-5.616124244425446221e+00
-8.890319541416868532e+00
-8.476108489571172910e+00
-3.419329806320948073e+00
4.764256293105684215e+00
1.267626598847683894e+01
1.674768650089747979e+01
1.509579921871254804e+01
8.453751564615808789e+00
-3.187775199818316807e-01
-7.774010817531337381e+00
-1.151704138104932085e+01
-1.105659102121814996e+01
-7.561348603652546352e+00
-2.901137632544305234e+00
1.321942320471646060e+00
4.231282066084544269e+00
5.576527117232149777e+00
5.410497660448795543e+00
3.905935065019702890e+00
1.409763482939580204e+00
-1.453774522674111003e+00
-3.872759900129080002e+00
-5.166157801584386533e+00
-5.110354455203351520e+00
-3.992921954021906750e+00
-2.321431360538064759e+00
-4.199309230202319387e-01
1.725797580681994958e+00
4.199997246191862210e+00
6.668087409005873489e+00
8.129682134843097430e+00
7.274038286920010421e+00
3.359813620256851152e+00
-2.929947270923948466e+00
-9.338402225252771416e+00
-1.290726076293401547e+01
-1.152342096083856937e+01
-5.267563526984258893e+00
3.311384449893186144e+00
1.030022765166971865e+01
1.238998030181712018e+01
8.638560282878945173e+00
1.022685963190876457e+00
-6.561423625330633058e+00
-1.031619991075494980e+01
-8.481269481337790239e+00
-2.157640191590258105e+00
5.378433759081119092e+00
1.043762525404661545e+01
1.077232394808884841e+01
6.558490195226487351e+00
7.471771271884586341e-02
-5.629344373948055313e+00
-8.282246020323833946e+00
-7.337394891405816466e+00
-3.913885730596727619e+00
8.204413800261378675e-02
3.050460407030636478e+00
4.373629419045246713e+00
4.380826758565807388e+00
3.778239063977091750e+00
3.023400271444163678e+00
2.085228375924534916e+00
7.019815871435743926e-01
-1.131335775657908993e+00
-2.881772262822403619e+00
-3.678306869558137571e+00
-2.894921800620099628e+00
-7.031601857877664008e-01
1.842994831188805582e+00
3.325482812570899060e+00
2.794283356015958564e+00
3.760777956565539704e-01
-2.760537795207857137e+00
-5.086527657300573324e+00
-5.609067509624506620e+00
-4.402846664613994321e+00
-2.441969883709498301e+00
-8.734564204196773041e-01
-2.473985599269031832e-01
-2.319779554327047189e-01
1.198257551626466522e-02
1.090357246448750095e+00
2.815489558599300945e+00
4.237864094732962883e+00
4.260174138024094503e+00
2.416572360788317830e+00
-7.139664968396339795e-01
-3.743654639713771992e+00
-5.217647056961862262e+00
-4.403555473682481569e+00
-1.665442794767925339e+00
1.760794680699197645e+00
4.413777842240407701e+00
5.288535285842289824e+00
4.210380261702439064e+00
1.779703609046850321e+00
-9.970756397036736329e-01
-3.158461229391666958e+00
-4.117112064002517613e+00
-3.772197128644283470e+00
-2.417356617452965484e+00
-5.246011276775597310e-01
1.484493684049550621e+00
3.368156527042418080e+00
5.024602074945081931e+00
6.309284094565196455e+00
6.851281572432227129e+00
6.062464894792261916e+00
3.443710977577652876e+00
-9.244521798988447614e-01
-6.030557934675339737e+00
-1.006991783083658731e+01
-1.117644025556998066e+01
-8.448693721555452285e+00
-2.672653101801966358e+00
3.797297555314778528e+00
8.088138952352432298e+00
8.286695160111110070e+00
4.502889942607650298e+00
-1.151870803427677892e+00
-5.714748875864096966e+00
-6.997794340702684579e+00
-4.729488821716054225e+00
-5.460134052924681125e-01
3.115001681108354958e+00
4.491726199835601285e+00
3.427825431005289136e+00
1.235897281153457428e+00
-3.185105274355933824e-01
-1.910775813585541272e-01
1.357050589910933081e+00
3.057457727900537936e+00
3.515119713182751848e+00
2.048061536801449201e+00
-1.010649647267797935e+00
-4.615802178302641501e+00
-7.592175672581475965e+00
-9.081660135774365372e+00
-8.665994846397204299e+00
-6.286028832216491224e+00
-2.207338345131941715e+00
2.861422165587753419e+00
7.657928450817380828e+00
1.055441837747945932e+01
1.017685318367071901e+01
6.226359818694245263e+00
-1.297889535122531690e-02
-5.950800718158397729e+00
-8.806463925869733700e+00
-7.067383510109048750e+00
-1.470863511216276009e+00
5.148908404874338984e+00
9.207005954713684659e+00
8.258813691209152097e+00
2.403925292804708569e+00
-5.629084145680552709e+00
-1.184310209282540072e+01
-1.308076830757675424e+01
-8.722804767563093975e+00
-1.011357734189790136e+00
6.203805199934886438e+00
9.591953744384863256e+00
8.119630173907985693e+00
3.455582997976280435e+00
-1.207088199614347213e+00
-3.165646743847225331e+00
-1.805387662024001694e+00
1.202905498576988919e+00
3.191131640182744533e+00
2.391748321034588010e+00
-8.280669417000217081e-01
-4.225658943913643384e+00
-5.257412322643826741e+00
-2.888594762260467075e+00
1.616514906803163010e+00
5.488926566112258598e+00
6.303082198473409115e+00
3.606658642416566085e+00
-7.983706584364025360e-01
-4.113617616162310142e+00
-4.450197746223032880e+00
-2.041224319261021325e+00
1.071894296086689069e+00
2.607618261397369075e+00
1.697229762417288956e+00
-5.811017374533360424e-01
-2.137997791982993334e+00
-1.526669715894875212e+00
9.612990709353249619e-01
3.585125904413804854e+00
4.575303835661508778e+00
3.549039885407011763e+00
1.786239810575367404e+00
1.128914815009823824e+00
2.371438107440104304e+00
4.453039974597269079e+00
5.173379358669861539e+00
2.955691058266167737e+00
-1.697188899900573755e+00
-6.259092245086423922e+00
-7.841783599619928324e+00
-5.301856931975886589e+00
-2.120436828855645217e-01
4.107981019916798537e+00
4.875007750249110927e+00
1.797403235547621936e+00
-2.750036182443586608e+00
-5.489859670239732203e+00
-4.654643979269569520e+00
-1.249904100908928228e+00
1.792471132932382805e+00
1.947716284819041022e+00
-8.469925215147158237e-01
-4.010385154837252664e+00
-4.216438547115552993e+00
-5.443466110976347139e-03
6.849505616185004087e+00
1.231018799398707841e+01
1.276427150663067778e+01
7.544410427048836354e+00
-5.340296213105419909e-01
-7.021582806648710928e+00
-8.772911752575698330e+00
-5.916072559556928567e+00
-1.514793919802463362e+00
7.532850040535947755e-01
-8.072202434159667650e-01
-4.871944243989891454e+00
-8.262444047310124162e+00
-8.360128688780246620e+00
-4.970169746965805047e+00
-3.257805999497329630e-01
2.667176694244890456e+00
2.575294034729599613e+00
3.848970885466121983e-01
-1.391577276450469913e+00
-7.230453175153123135e-01
2.332407715941863025e+00
5.594962771452006933e+00
6.311885508147300428e+00
3.164052917502718998e+00
-2.687508933426360880e+00
-8.228411118986702633e+00
-1.044426347471596728e+01
-8.157020476508117568e+00
-2.676227197894007759e+00
3.074878021120192262e+00
6.323612982331998644e+00
5.981828020189873030e+00
3.078481056752376155e+00
-4.305778504768387194e-02
-1.180226065960132464e+00
4.898880118679255213e-01
4.028440068343151381e+00
7.324730240344370813e+00
8.275010863277501016e+00
5.924556624608324107e+00
1.015920259000904657e+00
-4.313508131863601491e+00
-7.547776082700580425e+00
-7.047740746785531307e+00
-2.927978207852040882e+00
2.919319646314817884e+00
7.721879806551003256e+00
9.220937764891354860e+00
6.826323898284413438e+00
1.887443956479955887e+00
-3.085416431650317204e+00
-5.808186761968970657e+00
-5.418364045132394224e+00
-2.804770357191744612e+00
6.485093670577812830e-02
1.353817513296789565e+00
3.594361928689533414e-01
-2.236768984782266934e+00
-4.907929931831483295e+00
-6.185460755600876936e+00
-5.375279544382419949e+00
-2.760696769664505723e+00
6.738231350910017792e-01
3.733565123501342953e+00
5.459788525433112660e+00
5.414217419959495459e+00
3.791974458967854567e+00
1.351971095470432704e+00
-8.752999694559746580e-01
-2.073960219912545089e+00
-2.118848058026705505e+00
-1.710868526849749660e+00
-1.952308272846737358e+00
-3.509915486406268492e+00
-5.900262024662344729e+00
-7.497644495848493129e+00
-6.453235098949010151e+00
-2.042621516577398211e+00
4.483477394885152734e+00
1.028019214677671123e+01
1.246590425181465989e+01
9.926549122338832021e+00
4.136822954504452809e+00
-1.659253521621006033e+00
-4.456283415233355250e+00
-3.361922288049939755e+00
-4.765648942868644378e-02
2.547756792266930859e+00
2.349407831211014486e+00
-4.077466978595813418e-01
-3.448043140817189656e+00
-4.219761219474249536e+00
-1.839318069527682287e+00
2.225821418256985762e+00
5.228556105997505199e+00
5.146588594800245886e+00
2.108055742696277601e+00
-1.816186516554173513e+00
-4.251211536445148376e+00
-4.291586223768494079e+00
-3.027072966700096401e+00
-2.429394182115659273e+00
-3.513985880336540024e+00
-5.289344232112652477e+00
-5.413907157866125530e+00
-2.133601103926167308e+00
3.989763933576572441e+00
9.983328068533921851e+00
1.223979266386913523e+01
8.975603343310966764e+00
1.597671292004409604e+00
-6.060963926067891805e+00
-1.014705168389525447e+01
-9.152998900362426582e+00
-4.599746334044510832e+00
3.606201446935851651e-01
3.297956995047954809e+00
4.029950780559918400e+00
4.231270094708174057e+00
5.546922630852545666e+00
7.802569827120447776e+00
8.834971237935054234e+00
6.193198619693751183e+00
-5.536498304020038841e-01
-8.757590300103448300e+00
-1.391254382968440773e+01
-1.251262609526308012e+01
-4.608562234811960145e+00
5.814415517549154089e+00
1.307871999822052267e+01
1.329825313449300239e+01
6.809203809673423535e+00
-2.092160379441746265e+00
-7.951636355594116523e+00
-7.645725578049085591e+00
-2.260844686349489763e+00
3.826886407331781648e+00
5.979470121573909225e+00
2.368179834552865071e+00
-4.931430451401538129e+00
-1.145371433640134207e+01
-1.334748463664212892e+01
-9.819457534062591364e+00
-3.438972542825721845e+00
1.773389095269170879e+00
3.074168749994115934e+00
6.764156154128837528e-01
-2.679202212199503386e+00
-3.842841510147067208e+00
-1.521095467762510367e+00
2.879205827047131017e+00
6.354761373772999100e+00
6.518765638149586650e+00
3.339955526883114256e+00
-8.097791232108615400e-01
-2.818216509236245670e+00
-1.032773909022049130e+00
3.541922847468372826e+00
7.885952822100430915e+00
9.004400466606984565e+00
5.956658211660469604e+00
4.757759739124094445e-01
-4.239972628816496503e+00
-5.710094151529711226e+00
-3.800428022121943972e+00
-6.631371860459569501e-01
9.505969261427154038e-01
-2.160765784779149490e-01
-2.950173894539245723e+00
-4.452261835698939407e+00
-2.489001732562007518e+00
2.716700913646684423e+00
8.262713185595750076e+00
1.028558470618011533e+01
6.533593759841315851e+00
-1.929259117408166802e+00
-1.107445333856803416e+01
-1.614914639964134579e+01
-1.439880531920048412e+01
-6.576605665853930915e+00
3.624964517574875700e+00
1.173545861578134009e+01
1.483537328257120969e+01
1.268812520297431590e+01
7.237793304765864022e+00
1.111222531149287818e+00
-3.757793650123812057e+00
-6.620299245417129441e+00
-7.557358683692456225e+00
-6.895626298213787919e+00
-4.968505664146240619e+00
-2.281884570847962035e+00
3.242408360717083937e-01
1.915907757705344938e+00
2.045900799370882872e+00
1.160821784512729327e+00
3.404613655453319621e-01
4.188338278679464843e-01
1.157278873846191880e+00
1.257457426448040261e+00
-5.885502412013218221e-01
-4.309154729766747849e+00
-7.886616288883129933e+00
-8.327861190370043687e+00
-3.752804212335125733e+00
4.817538558214724098e+00
1.342376253621208093e+01
1.723782087250072692e+01
1.357792400532331989e+01
3.870685531192490814e+00
-6.899041716134117763e+00
-1.307682468329279324e+01
-1.177063966439662579e+01
-4.582055075469052774e+00
3.519671523817914593e+00
7.435283210506439033e+00
5.137494995710959245e+00
-1.244255691826521959e+00
-7.068887274758383299e+00
-8.341229092149271551e+00
-4.235633292738432587e+00
2.601522600556771536e+00
7.980202561987140619e+00
8.881877332658675073e+00
5.158295697981575501e+00
-7.199219217753174416e-01
-5.425575825531957719e+00
-6.722423206075822222e+00
-4.400818281001239285e+00
1.057403132799092926e-01
4.829000735932336141e+00
8.223269960452507021e+00
9.496564482212896507e+00
8.461855752626583183e+00
5.352644737970357447e+00
8.475328234500665303e-01
-3.860301807739603852e+00
-7.286893744946580931e+00
-8.267577789709564584e+00
-6.615792726635463694e+00
-3.305423337634498804e+00
6.804684681555250858e-02
2.240380290116765760e+00
2.976982831549049635e+00
3.007375941623836813e+00
3.266204094359338228e+00
4.050330140604583740e+00
4.756220009645304003e+00
4.382542985787083900e+00
2.363725413721701862e+00
-9.474327587107080895e-01
-4.507763073700782996e+00
-7.274676896403670767e+00
-8.746290039880493694e+00
-8.927038760435218379e+00
-7.865799453502552829e+00
-5.341906761069542320e+00
-1.146060561000317612e+00
4.205411465254657699e+00
9.037276421361255530e+00
1.102556181354236919e+01
8.593297933381757403e+00
2.284025050179225858e+00
-5.033603663888736257e+00
-9.582934481803102145e+00
-8.972117920536321733e+00
-3.821546912258191320e+00
2.514499722860574771e+00
6.088468030654380136e+00
4.953647664333608702e+00
3.971086539065846743e-01
-4.080327063875792248e+00
-5.309214468237828832e+00
-2.673299390186460567e+00
1.602517202494825987e+00
4.264924380767901368e+00
3.540187165867304309e+00
4.247812900490183230e-01
-2.203589810669654980e+00
-1.933614647903328931e+00
1.215940269440710209e+00
4.752043207898418942e+00
5.620120731792406232e+00
2.586130688992595239e+00
-2.763172156258685508e+00
-7.171788493518528540e+00
-8.109386460939123964e+00
-5.542831503152256367e+00
-1.732089709391372967e+00
7.233289878269880679e-01
9.722472298416833247e-01
4.285898247286691887e-01
1.301106752606863148e+00
4.365360964680770728e+00
7.881252701937718541e+00
8.688568986391281612e+00
4.753141146718598442e+00
-2.822189232948827176e+00
-1.002887915045076639e+01
-1.247114434323173882e+01
-8.426482362289293704e+00
-1.845562586808235928e-01
7.397787401072948299e+00
1.014096738619496563e+01
7.257132247612301690e+00
1.595241912778754934e+00
-2.680749978592497751e+00
-3.178711932649647132e+00
-8.116474321833810901e-01
1.294405702839640737e+00
5.518013260101894968e-01
-2.899694844420926287e+00
-6.300350762923279113e+00
-6.570014855062540349e+00
-2.945779297147098852e+00
2.187491504740797676e+00
5.015738514677419602e+00
3.291315724392682274e+00
-1.723032870125584815e+00
-5.950044928505933584e+00
-5.427901721074642083e+00
6.622623434155394673e-01
9.145351060120653131e+00
1.487211679737503367e+01
1.418742904539621819e+01
7.359208474222318941e+00
-1.741455704214596167e+00
-8.393142068857731175e+00
-1.014511807399407672e+01
-8.062124529792136229e+00
-5.332212973189164096e+00
-4.470141581675266096e+00
-5.342268304972120241e+00
-5.512059701597464390e+00
-2.553827259869713373e+00
3.558831959867482908e+00
9.941116286213066644e+00
1.265919277782785102e+01
9.619150796383385327e+00
2.304938913287721824e+00
-5.000054609118602222e+00
-8.027594979939152608e+00
-5.392164770148517583e+00
5.248374667408303162e-01
5.288175145773552188e+00
5.487643848319467388e+00
1.018761820817335018e+00
-4.977269130924331542e+00
-8.375192674780103985e+00
-6.877718837911996452e+00
-1.438330772016019665e+00
4.573912901178264434e+00
7.735620821621797205e+00
6.743086860889302869e+00
2.960622421554044870e+00
-8.536547532216446355e-01
-2.575886260905396519e+00
-2.022044335415450256e+00
-7.109862767437328257e-01
-4.290617917579545582e-01
-1.751847470611465063e+00
-3.603626770600786955e+00
-4.108487463218310154e+00
-2.052380211954329070e+00
2.111337864659938113e+00
6.405135211796707750e+00
8.499181009057826586e+00
7.124290510871360560e+00
2.835131565371344031e+00
-2.303691852556775554e+00
-5.861853403193999945e+00
-6.318841397745028843e+00
-3.771616893254428060e+00
2.443674224382671456e-01
3.645350892511055374e+00
4.887385198400179043e+00
3.692242878055096433e+00
1.070552687320091234e+00
-1.338653394920357842e+00
-2.252053577366233128e+00
-1.513728358290735265e+00
-2.011593530343283032e-01
5.027902017891877628e-02
-1.832896443825138277e+00
-5.459266363526905863e+00
-8.912678275381827220e+00
-9.717364918889654035e+00
-6.367863743717958158e+00
4.831735609427036948e-01
8.004240195309291650e+00
1.251770306779221364e+01
1.152600737490890026e+01
5.254453807080468941e+00
-3.276154755701491617e+00
-9.795577993503570724e+00
-1.110748969723256963e+01
-6.837265304433562285e+00
4.321291614657689628e-01
6.705947182999766554e+00
8.862325063292255223e+00
6.313134310111143677e+00
1.105774129391433824e+00
-3.487836812277074650e+00
-4.950554229684760443e+00
-2.862657611160568827e+00
1.104358752870801430e+00
4.381172792030374907e+00
5.045170647373819151e+00
2.797613401006888267e+00
-1.069028546814048131e+00
-4.507476128678732152e+00
-5.762199315251817389e+00
-4.086644714926768174e+00
6.691185001019572809e-02
5.269622611189832995e+00
9.556469173115166527e+00
1.099793739411526161e+01
8.390990425216308779e+00
1.945006694185727802e+00
-6.382817779966978300e+00
-1.331446107477365715e+01
-1.555545780220678154e+01
-1.151266292050853579e+01
-2.484640643892329415e+00
7.560107039717388844e+00
1.379179258391987872e+01
1.308595997120767152e+01
5.883128895143554082e+00
-3.877677602282699976e+00
-1.088133725556129683e+01
-1.145164940216765004e+01
-5.652927409211595311e+00
2.835156965740644797e+00
9.011157873116708572e+00
9.577258113317553168e+00
4.793346216005038407e+00
-1.967101628616059195e+00
-6.573203469730583670e+00
-6.784362675033854373e+00
-3.444048054712898210e+00
4.724479265354680768e-01
2.161045843246633069e+00
9.618797871796683774e-01
-1.363192109790880346e+00
-2.152574786134979323e+00
1.957568561795930417e-02
4.181247775939487710e+00
7.609940265922195302e+00
7.791876029181550756e+00
4.253647266219485523e+00
-1.053706301280951330e+00
-5.071001128944205405e+00
-5.681045404920635811e+00
-3.037644098541288695e+00
7.123362091904514859e-01
3.023618082196310120e+00
2.664490536086675743e+00
3.478194404182139987e-01
-2.055087602171141725e+00
-3.007858409770655328e+00
-2.347782317966986554e+00
-1.147891212292603047e+00
-6.297745176705813464e-01
-1.068223130450981717e+00
-1.576486976935730588e+00
-9.193399564153087455e-01
1.328891213300204655e+00
4.236133702303074955e+00
6.046604937823880199e+00
5.421810980572515426e+00
2.458843025886157996e+00
-1.287056029711079130e+00
-3.812849707266127375e+00
-3.995403207725219286e+00
-2.305288847717744893e+00
-4.315039235255484495e-01
-1.088055404756239630e-01
-1.957591641637620228e+00
-5.078649970922242574e+00
-7.598033342308219140e+00
-7.754787461161392059e+00
-4.865017393654694544e+00
3.233463661971652803e-01
5.964884372977214966e+00
9.892272186204651874e+00
1.048426050779355378e+01
7.336599991163636147e+00
1.525459484532621257e+00
-4.687867978211389897e+00
-8.732362442366708777e+00
-8.930143760029984890e+00
-5.462251923499736428e+00
-4.556452515694231487e-01
3.079917701521947215e+00
3.022954453448932988e+00
-4.266300725911811309e-01
-4.681220909443613465e+00
-6.313158202246440531e+00
-3.352927217694017692e+00
3.182324643512080886e+00
9.685495966291320258e+00
1.218261301661348028e+01
8.967439045459205005e+00
1.826807499710209726e+00
-5.075886913056326222e+00
-7.964164750594759923e+00
-5.950876524263700063e+00
-1.495149673645356003e+00
1.533326762628484108e+00
7.877214631818140189e-01
-2.782382760187909199e+00
-5.655364604476601720e+00
-4.460250964819267416e+00
1.309578874541172944e+00
8.637521832751833273e+00
1.293332960265431453e+01
1.121252875758571754e+01
4.198154848572259290e+00
-4.179775330752616647e+00
-9.492664566667054160e+00
-9.720101775385753484e+00
-6.251025279002051072e+00
-2.364433595608587346e+00
-5.001548719830717360e-01
-5.087046813092391817e-01
-2.256117733780843571e-01
2.186566578894823643e+00
6.145879805612193714e+00
8.670675464394321352e+00
6.684857717470222838e+00
-1.370547504427896968e-01
-8.346208490439071426e+00
-1.262422585382711482e+01
-9.483522183292096841e+00
-1.029155340789247308e-01
9.945504929421558060e+00
1.416708645764455454e+01
9.544119662923741032e+00
-1.213905835617903106e+00
-1.125103377141313032e+01
-1.400767894601451147e+01
-7.537618479690658901e+00
4.226936712090644477e+00
1.408726014517861280e+01
1.624729564064529441e+01
9.888106564292090894e+00
-6.401094754883263072e-01
-8.922069016911555295e+00
-1.061680388804616548e+01
-5.872753663917206879e+00
1.349097813267769563e+00
6.240521028242354440e+00
6.201161858788523773e+00
2.030522864476480560e+00
-3.180438234342966908e+00
-6.322577122048198106e+00
-6.034271757212684051e+00
-2.986967823502122421e+00
1.064629902787778803e+00
4.466637091177998897e+00
6.250958136114378227e+00
6.045022459302684226e+00
3.826737220316845267e+00
-1.144125478752644476e-02
-4.379119170485049395e+00
-7.516727455970119820e+00
-7.714473976039355030e+00
-4.442797590017118381e+00
9.473605769710744529e-01
5.689229051595283693e+00
7.161811322764643606e+00
4.578228395284908103e+00
-4.172772025098138160e-01
-4.773494988189924904e+00
-6.044181227195841721e+00
-3.992725147778018790e+00
-6.444412920787655485e-01
1.248305658680955998e+00
2.106324218054689279e-01
-2.928138728989789552e+00
-5.695666049629981131e+00
-5.793477424444134272e+00
-2.723599902938014239e+00
1.918294832922991855e+00
5.602108794771256228e+00
6.550090999874321085e+00
4.736888319932147873e+00
1.609964042518332139e+00
-1.074869098992273120e+00
-2.334842005434673240e+00
-2.224569528105026173e+00
-1.313836613507910478e+00
-2.839636587274263491e-02
1.519465718900423923e+00
3.164156412321806222e+00
4.311307078151637384e+00
4.110859981507513083e+00
2.184177196044772895e+00
-7.208153711491642746e-01
-2.876810569551047969e+00
-2.663902231195395931e+00
1.075273078290086559e-01
3.707239796355588535e+00
5.401118767694311984e+00
3.294000316411291429e+00
-2.177914510778916402e+00
-8.255862082242224176e+00
-1.148918979621593017e+01
-9.917644505549077394e+00
-4.293539553695717714e+00
2.495723766531692256e+00
7.345759897095338609e+00
8.789543985023094308e+00
7.506442689723691331e+00
5.284187289792737552e+00
3.414252664978292273e+00
1.859406768822584155e+00
-1.973571160172009620e-01
-3.020605141788388348e+00
-5.492931227930371918e+00
-5.663012442244315992e+00
-2.354436273369898025e+00
3.476725967077080259e+00
8.891986511002738069e+00
1.075337142070108243e+01
7.920527306863725414e+00
2.176724173394742223e+00
-2.946130775457461493e+00
-4.689396022912169393e+00
-3.081360308386110081e+00
-8.679481633981961375e-01
-1.308902099984398104e+00
-5.437381940896475641e+00
-1.088860763198583470e+01
-1.332365621373453024e+01
-9.558484262809335164e+00
-1.699901094015372482e-01
1.038430525639874169e+01
1.637427098139675508e+01
1.442530231497289783e+01
5.699208888714466070e+00
-4.853219429295215548e+00
-1.162751193235125768e+01
-1.174188350800151603e+01
-6.440979053931889631e+00
2.236003348783461575e-01
4.295522534975289020e+00
4.295795018622015071e+00
1.565873420312357212e+00
-1.348439409150689272e+00
-2.810624672624675302e+00
-3.065154702258690023e+00
-3.485225805474007288e+00
-4.917325967803451547e+00
-6.601798253260702687e+00
-6.603573787806919171e+00
-3.423391342171834495e+00
2.511289761257050390e+00
8.710405956275266703e+00
1.204845097388758823e+01
1.077944080319290165e+01
5.718139095370482927e+00
-2.345242911345044590e-01
-3.875695179226040565e+00
-3.578219778419799102e+00
-6.911276010790123880e-02
4.256144751439307150e+00
6.870433490070634086e+00
6.451092552908066935e+00
3.286865544466563982e+00
-1.236269272545188702e+00
-5.502105428585057467e+00
-8.288838480844427536e+00
-8.953007467189127766e+00
-7.378483856682006348e+00
-3.967361041986635861e+00
3.011315904753527617e-01
3.979172219477950634e+00
5.631683642244869503e+00
4.564548668968065215e+00
1.339534153339838607e+00
-2.380782928941348242e+00
-4.702619381128797293e+00
-4.595614033305603918e+00
-2.493208397165446399e+00
2.973324581252101417e-02
1.304169101956687227e+00
6.359384061608726046e-01
-1.312857708375863020e+00
-3.043678170445279996e+00
-3.230433130625219196e+00
-1.508934964330211237e+00
1.434822745219008766e+00
4.416819373546422511e+00
6.458053764760055770e+00
7.141492764111222691e+00
6.494847395875317453e+00
4.678441511114486140e+00
1.862861747169927806e+00
-1.579624141771569068e+00
-4.819675666364171107e+00
-6.640625837134969345e+00
-5.982967683659582647e+00
-2.679796720993770087e+00
2.161917675619518420e+00
6.522541632518843002e+00
8.468681825040135891e+00
7.212291087158820169e+00
3.558879081292832147e+00
-5.562489825143959177e-01
-3.165351288231307958e+00
-3.332318884922438329e+00
-1.570956500788995180e+00
5.644716396085349697e-01
1.404136864413967567e+00
4.864694320315587905e-02
-3.224623720928035731e+00
-7.148980654081843689e+00
-1.006460643656545528e+01
-1.061791894922797397e+01
-8.302058389988317799e+00
-3.677644455271544821e+00
1.798956552990290003e+00
6.319357577282325167e+00
8.476846073191934394e+00
7.911732926742854666e+00
5.486785927751640202e+00
2.816107993345143168e+00
1.343983036120123709e+00
1.504309699816431589e+00
2.514935029037549619e+00
2.985683822296462786e+00
1.957898353914359735e+00
-3.524529532494148354e-01
-2.673098933606762539e+00
-3.614697815344483089e+00
-2.762472081942564106e+00
-1.083548987911145733e+00
-2.754691847695543983e-01
-1.469517643815561936e+00
-4.234905152217808499e+00
-6.678352124946812296e+00
-6.666637632679300651e+00
-3.360708563359400713e+00
2.032637243076094613e+00
6.874164754857504889e+00
8.698060199001222514e+00
6.730142319135463680e+00
2.299549529495912736e+00
-2.089482758985003574e+00
-4.329427486666816094e+00
-3.834033603878834295e+00
-1.532363147858249341e+00
1.082083605949303751e+00
3.007036557976245028e+00
4.095603585601409691e+00
4.596027950472377555e+00
4.451021174293603444e+00
3.116938483043205643e+00
1.571980371865115966e-01
-3.895819216510968630e+00
-7.276234570951481295e+00
-7.796945009433398965e+00
-4.346457735796363409e+00
1.992961847477312531e+00
8.162491144552427969e+00
1.075489635747729977e+01
8.089176849082251763e+00
1.349315299419396208e+00
-6.037675085114859286e+00
-1.043581412127369923e+01
-1.013365874848528136e+01
-6.198758911761483859e+00
-1.553896462301076253e+00
1.026772572428489516e+00
6.273878154742417168e-01
-1.479456578790990573e+00
-2.966324258394975821e+00
-2.155305946300578146e+00
8.861336449062003906e-01
4.502185182793848384e+00
6.601460547716430760e+00
5.940988502392407611e+00
2.736812077035608581e+00
-1.624567982676214051e+00
-5.395386316486204592e+00
-7.214621369890497959e+00
-6.460098516488709919e+00
-3.262384171497920704e+00
1.582045329465598060e+00
6.696012809049731729e+00
1.034120682873790287e+01
1.094732511884831005e+01
7.869877203999859461e+00
1.958650575507117075e+00
-4.555761925883231811e+00
-9.003219253101583774e+00
-9.619012726524562851e+00
-6.502962744875716794e+00
-1.561961787926486434e+00
2.572239328564787098e+00
3.994747798698306873e+00
2.463366937213761876e+00
-6.987778971849503140e-01
-3.557151464445978739e+00
-4.680559069240533887e+00
-3.726042846831075561e+00
-1.275158964269822892e+00
1.754509337971599692e+00
4.595041533951622625e+00
6.723243681238921354e+00
7.701175899204740993e+00
7.120760477989649395e+00
4.849567301386093376e+00
1.396626193837433139e+00
-2.013779005447821291e+00
-3.915676807973010209e+00
-3.433177968950356096e+00
-9.163134088301070346e-01
2.128401212770086204e+00
3.858787614006436328e+00
3.171511863166029954e+00
3.301281259329604811e-01
-3.248089144191964373e+00
-5.856188955398229368e+00
-6.401861435768349651e+00
-4.793032094271300281e+00
-1.696744467336756212e+00
1.970801630365252244e+00
5.359530552146837934e+00
7.652228972522045147e+00
7.948220323713609758e+00
5.457509817299009747e+00
9.183292490878880443e-02
-6.948780969003489183e+00
-1.321054568009956753e+01
-1.593541146429073407e+01
-1.353640970884372052e+01
-6.685718238803961100e+00
1.801618879154819552e+00
8.373195523764637827e+00
1.063650367330373570e+01
8.564569652606747852e+00
4.253463096376945529e+00
4.403244859879451578e-01
-1.188005342913426521e+00
-7.765694443160998661e-01
2.476473600902169003e-01
5.175415446953793852e-01
-1.986435213239780562e-01
-9.613506046168278640e-01
-5.958453854045553388e-01
1.207282028008330954e+00
3.519260599661707456e+00
4.811893804298234656e+00
4.087207406990984282e+00
1.606730291466820670e+00
-1.332705121344876398e+00
-3.368391957403353842e+00
-4.002853551949877797e+00
-3.773083961353350890e+00
-3.569303087040421207e+00
-3.709853738831934589e+00
-3.576941461220587648e+00
-2.158854785170178037e+00
9.095552719267703257e-01
4.665747062397273659e+00
7.133527772572675119e+00
6.528154103069901737e+00
2.547383984028226855e+00
-3.183443393789958442e+00
-7.889551789187068565e+00
-9.187927941975200241e+00
-6.413399037261022784e+00
-9.118590159530577388e-01
4.815151098467168822e+00
8.499059893790589015e+00
9.149338028761452080e+00
7.217922268666187691e+00
3.985580587293605426e+00
7.347247221209334267e-01
-1.735636679684547490e+00
-3.091792158199207385e+00
-3.205981130619781183e+00
-2.037489865576993964e+00
2.014682860041594470e-01
2.805038445093402721e+00
4.617721436291013504e+00
4.527215747519639955e+00
2.178868258230989507e+00
-1.585680822489404340e+00
-4.974764765022518631e+00
-6.166368386831758031e+00
-4.413122758720592564e+00
-6.451358445128996255e-01
2.879373094411526335e+00
3.774798172938407692e+00
9.443731854629260347e-01
-4.612412136331912826e+00
-1.013491741134993340e+01
-1.248776170763581561e+01
-9.891210502090579837e+00
-3.035225664174253879e+00
5.103615753570306168e+00
1.073152324727899654e+01
1.124410345664316857e+01
6.661586542707889969e+00
-3.523162087109221741e-01
-5.950441015010753176e+00
-7.233798045137184829e+00
-3.818827344583425543e+00
2.084354147834479143e+00
7.107199241887069974e+00
8.754896366552124221e+00
6.750670742992338269e+00
2.878309235222911155e+00
-4.739876889041154673e-01
-1.988837613300355578e+00
-2.116908029959352788e+00
-2.341816979207842486e+00
-3.641477154846240794e+00
-5.404101690670959357e+00
-5.739174226752429497e+00
-3.052977678278169460e+00
2.286726328231186045e+00
7.581439108581122355e+00
9.256970152019693643e+00
5.316428671844303011e+00
-2.903619045328337034e+00
-1.105664222934193042e+01
-1.421591962454645675e+01
-9.950773816891466339e+00
-3.360209966214999788e-02
1.042188648032515275e+01
1.592243558219869115e+01
1.380126036644543142e+01
5.658649450509939172e+00
-3.796726050781594086e+00
-9.654281805234408154e+00
-9.555744213922920949e+00
-4.649719264050874656e+00
1.605800213361407103e+00
5.758406479213606488e+00
6.213642880968089699e+00
3.606175543311239018e+00
-1.889275588852412646e-01
-3.432871798898655236e+00
-5.301151907958860932e+00
-5.762489789284567010e+00
-5.011168657353657352e+00
-3.132882648399164527e+00
-2.908379968594956289e-01
2.874217017280991993e+00
5.184330671842063865e+00
5.456570387636892505e+00
3.310349519612912239e+00
-3.897926764411097089e-01
-3.879097589239320687e+00
-5.460597657316688114e+00
-4.453386710654434921e+00
-1.495348459485742909e+00
1.939623470155800833e+00
4.398957584726508330e+00
5.088866879105564678e+00
3.983513271952483947e+00
1.558713541772101419e+00
-1.474503410424345518e+00
-4.240422281568375418e+00
-5.732240485679724884e+00
-5.103001518063308595e+00
-2.241183500752123248e+00
1.780681747366980261e+00
4.945943304894409920e+00
5.379467166690746538e+00
2.706773731246464365e+00
-1.335929666256034487e+00
-3.743411996560702892e+00
-2.234494136581437473e+00
2.891187134662604130e+00
8.474360088551463832e+00
1.028429847095607563e+01
5.880254398589245923e+00
-3.385168861608805813e+00
-1.276096216962486452e+01
-1.686268008979498134e+01
-1.309023713309581360e+01
-3.404017696680155858e+00
6.811049663810714527e+00
1.209934386514953175e+01
1.028231655253732590e+01
3.580534848558742489e+00
-3.160170625656295584e+00
-5.815890787625613179e+00
-3.563168027357769052e+00
1.000453021255457209e+00
4.076931989588382876e+00
3.486207614216238149e+00
4.772467180354372784e-02
-3.329738403742486419e+00
-3.992073597621213388e+00
-1.492541023246050536e+00
2.237456982060138877e+00
4.471773198008980543e+00
3.716479683076185925e+00
6.631021764423538079e-01
-2.513588055094706064e+00
-3.816490037855244211e+00
-2.723243219631168444e+00
-2.372644851936446253e-01
2.128399019449178642e+00
3.466067160133922354e+00
3.800844440455243500e+00
3.543763770344697583e+00
2.767856405098997996e+00
1.097616098627685499e+00
-1.646495732369981813e+00
-4.699387588036057828e+00
-6.359325323954345244e+00
-5.014095348990234235e+00
-5.185390985148510268e-01
5.203389596036654297e+00
9.003679018404248779e+00
8.400800160255670335e+00
3.252040469477295304e+00
-4.002416214318097687e+00
-9.758624453528089049e+00
-1.138717988982848262e+01
-8.651885933950900665e+00
-3.525438052677451140e+00
1.314108301826269587e+00
4.135740514314939276e+00
4.825117904307045791e+00
4.309153865499331104e+00
3.442282148431925481e+00
2.365206086414748832e+00
7.975701375044019770e-01
-1.162354176346142021e+00
-2.614726908909217329e+00
-2.339403284280785478e+00
1.420354791494513602e-01
3.848117612961810874e+00
6.698432029620254191e+00
6.832757555810717420e+00
3.942020981901642074e+00
-4.306981530752596043e-01
-3.909846286491145406e+00
-4.899847854548495363e+00
-3.591259041661283291e+00
-1.627108928634867002e+00
-7.371251964152140124e-01
-1.436268004794305719e+00
-2.791918710058946651e+00
-3.373165523132497956e+00
-2.534371914996974784e+00
-9.375348127215024086e-01
1.170132678387298952e-01
-4.361784791606454492e-02
-7.287088126215675032e-01
-3.837708218269368365e-01
2.010149362958362218e+00
5.784382990529084445e+00
8.712016767873262069e+00
8.468057742844292690e+00
4.382515505512738940e+00
-1.859674140767414663e+00
-7.168712761751187657e+00
-9.004701296766985052e+00
-6.927490257319371736e+00
-2.650232478994269059e+00
1.343537626409312180e+00
3.486022418079018248e+00
3.830685818935696041e+00
3.366203335171896516e+00
2.697455214324118167e+00
1.352779446214622983e+00
-1.608592478419533789e+00
-6.204122712544054785e+00
-1.065841281625677262e+01
-1.205697271962583628e+01
-8.303796795765194361e+00
8.488112383330914668e-03
9.350215468794136342e+00
1.507545920279774876e+01
1.422028100928270966e+01
7.374072640959447256e+00
-1.703202423677463662e+00
-8.467060519117808326e+00
-1.031407172806884809e+01
-7.791560001432881855e+00
-3.599791193540066381e+00
-3.212350898254965337e-01
1.331391511968139429e+00
2.491211198333392662e+00
4.549748597825722385e+00
7.455379266196857202e+00
9.390278990688400995e+00
8.157236701441389570e+00
3.177945662842711627e+00
-3.554111617002916113e+00
-8.460904334021392970e+00
-8.706691733320678139e+00
-4.195625254981059093e+00
2.241820863097031769e+00
6.652686052740760303e+00
6.502365057147355465e+00
2.202618199884981642e+00
-3.348526262514658569e+00
-6.765828729246356588e+00
