8.077700773318101657e-01
-8.717412061734239881e-01
-2.313563314915088931e+00
-2.646674369145164185e+00
-1.852688675260874884e+00
-7.224014416415531770e-01
-1.469503845820485655e-01
-3.265228270298486390e-01
-5.597108052905954700e-01
1.780668887276629087e-01
2.297418333353676179e+00
5.049284036125786024e+00
6.858236639177841099e+00
6.362562305898513237e+00
3.430090347123905481e+00
-6.071725629403545987e-01
-3.715187240150410020e+00
-4.417440335298686627e+00
-2.691408860718315754e+00
1.001829652960459782e-01
2.160633793271407477e+00
2.403156352867702683e+00
1.004413028762820126e+00
-9.465134650278368422e-01
-2.353534489210334701e+00
-2.859085786117626427e+00
-2.903879401136349792e+00
-3.143962306771953319e+00
-3.765740527105840840e+00
-4.285425804412990480e+00
-3.993506551314119690e+00
-2.655733867621467681e+00
-8.515879307758444927e-01
3.900192611479643690e-01
4.208499441487770221e-01
-3.892250126210829997e-01
-7.825878132287988898e-01
4.707842048811941016e-01
3.486564450502204426e+00
6.841785807700754951e+00
8.253173314779143510e+00
6.032705918575416604e+00
3.895423393112151800e-01
-6.348811118307745360e+00
-1.086978499240234619e+01
-1.074797156641762541e+01
-5.911785308151505269e+00
1.236161871205943452e+00
7.159929874529355587e+00
9.188332904770692977e+00
6.952216381628722353e+00
2.404532269616634466e+00
-1.532303102793233673e+00
-2.793153968022064948e+00
-1.313447095001917031e+00
1.180121339498823030e+00
2.502038712876487381e+00
1.522272162978113297e+00
-1.145415671738600594e+00
-3.688683858927179759e+00
-4.436547881400809246e+00
-3.036313592861905164e+00
-6.581521595584927109e-01
8.846978638264518802e-01
4.548655510307645922e-01
-1.591266232584743534e+00
-3.661890828801058095e+00
-4.074995156499845450e+00
-2.273809312164410290e+00
7.545363651231073998e-01
3.161457078393882014e+00
3.543424948199461966e+00
1.946376305649077487e+00
-1.542340238086865600e-01
-9.006864918713722856e-01
6.003119484564095609e-01
3.583988744903102486e+00
6.092614917997511093e+00
6.295224552412297392e+00
3.753405935961528606e+00
-2.461737075650235473e-01
-3.525800033086798013e+00
-4.440375546320257882e+00
-2.909167547483062499e+00
-3.583620562810362342e-01
1.353722773996296258e+00
1.248644334674928968e+00
-1.515601634330032699e-01
-1.314285201603906383e+00
-9.174150373026913607e-01
1.095407562862846129e+00
3.395047352421008302e+00
4.178365007478788584e+00
2.469463228382474007e+00
-1.109815890814143335e+00
-4.651495466256566402e+00
-6.156980856452477724e+00
-4.815191548885467299e+00
-1.516282781914766620e+00
1.720557297736912794e+00
3.006855225040490076e+00
1.709957671443731009e+00
-1.243443381157661953e+00
-4.006624520630908570e+00
-4.924543415649234923e+00
-3.414269984329726615e+00
-1.436516308330428870e-01
3.474009398511984870e+00
6.058369316161472895e+00
6.838684962077541840e+00
5.794424691934155547e+00
3.445422426630931234e+00
5.423252628418127053e-01
-2.153816496476680165e+00
-3.988919521125228851e+00
-4.524882187213995266e+00
-3.689061340514446563e+00
-1.880722430533567469e+00
1.157719165926999194e-01
1.467956429062499346e+00
1.739456789705266626e+00
1.157122713006003778e+00
4.763308107272428149e-01
4.736099923753146479e-01
1.376067333652730262e+00
2.630032238942761058e+00
3.219458759757536370e+00
2.373475243666106405e+00
2.017823768808613139e-01
-2.209229342944819763e+00
-3.382363151923260869e+00
-2.399863526322283835e+00
3.896058398672894718e-01
3.419059418229553060e+00
4.765714334203702940e+00
3.350271377777286119e+00
-2.758736224570482731e-01
-4.107730989761387619e+00
-5.806285739014003688e+00
-4.130880310204638306e+00
1.958397062338481653e-01
4.776572037665445691e+00
6.880059218463677517e+00
5.065341125459358551e+00
1.015855101844995723e-01
-5.412027056402648029e+00
-8.536883742579577827e+00
-7.711060179354442212e+00
-3.645902883565430574e+00
1.148417350308362339e+00
3.911498230216602590e+00
3.291100873943186844e+00
8.920081459490214471e-02
-3.336463539617462892e+00
-4.593279096761745173e+00
-2.711797559994993279e+00
1.358040882299781593e+00
5.451958826366556821e+00
7.559126230470901930e+00
6.936555691227350273e+00
4.305440702543288367e+00
1.135746680431887423e+00
-1.371145778841085017e+00
-2.868834472396291524e+00
-3.695291011664812331e+00
-4.222205889756518005e+00
-4.341166433339942898e+00
-3.538708507024566075e+00
-1.491636339417395263e+00
1.344721022317191483e+00
3.715050918122669188e+00
4.242371138456523028e+00
2.376938803394599731e+00
-1.076438690077219373e+00
-4.293696830859359714e+00
-5.474730083627614263e+00
-3.930378859095668975e+00
-4.984759389501857152e-01
2.977663362907944311e+00
4.748227703761918050e+00
4.110255094734592163e+00
1.635489815819982429e+00
-1.382109184445879935e+00
-3.794842701984599387e+00
-5.168342937171814810e+00
-5.720353952051488555e+00
-5.794941605896638315e+00
-5.358628141698074110e+00
-3.940634921133566060e+00
-1.064378429994412567e+00
3.173379898281235345e+00
7.840310875917453792e+00
1.146590472254330706e+01
1.275000790422393493e+01
1.125177275191962600e+01
7.637356413435837155e+00
3.339931819133543200e+00
-1.650003492635976343e-01
-2.057877463707350252e+00
-2.474128546998096478e+00
-2.269302784115880378e+00
-2.408598987277992265e+00
-3.335447780300530241e+00
-4.683196840174824516e+00
-5.512868198183552337e+00
-4.967045298881263449e+00
-2.964433096843500870e+00
-4.752888343474389043e-01
8.943476729744197495e-01
-1.253546294393363958e-01
-3.485784275943067279e+00
-7.506120387548329553e+00
-9.597608017193174135e+00
-7.757284623515707800e+00
-1.976042505020491724e+00
5.398992909741322066e+00
1.076224055251476841e+01
1.129779517468548633e+01
6.757875399624882817e+00
-2.139613731982906719e-01
-5.550755687762226387e+00
-6.194991487718222167e+00
-1.974053619931030568e+00
4.313356043744444257e+00
8.689822506361293719e+00
8.513349588995671624e+00
4.062508602578422057e+00
-1.831421224016955618e+00
-5.797120343050474744e+00
-6.157872457294333302e+00
-3.851836720615856358e+00
-1.466340743007448211e+00
-1.163568589097119688e+00
-3.039740865781961343e+00
-5.099695945891258297e+00
-4.823435775774923329e+00
-1.141260622251594636e+00
4.637473516586004152e+00
9.603274591193638798e+00
1.114352413818025234e+01
8.587931565825360991e+00
3.477004510442252894e+00
-1.625204749860395204e+00
-4.811610567547298878e+00
-5.777335631857977383e+00
-5.463912697409481822e+00
-4.872749980332508279e+00
-4.113366127486361989e+00
-2.468503371063009766e+00
6.391413158375081061e-01
4.666498628951809557e+00
7.871860202162615394e+00
8.323064316335450741e+00
5.277629229351128437e+00
-1.239085845085390325e-01
-5.421669079387522849e+00
-8.287772590735164258e+00
-7.839854183278193389e+00
-4.923343141398472511e+00
-1.270271026551859972e+00
1.727309025948079668e+00
3.678626288118688414e+00
4.886065851935752491e+00
5.501091683460254345e+00
5.013393681393370827e+00
2.620155850521308061e+00
-1.788113184273149248e+00
-6.908476981526330718e+00
-1.034754494974406214e+01
-9.967805896489087658e+00
-5.378727116261943664e+00
1.542621029636652263e+00
7.594661441522102763e+00
1.010821843818026977e+01
8.483348367118457745e+00
4.373886247315055265e+00
4.386440807000946407e-01
-1.421712163916514005e+00
-1.108244977592862224e+00
1.615993467910858961e-03
3.731246269468402321e-01
-4.404413101704492961e-01
-1.555894298308267309e+00
-1.627313632625739137e+00
-7.043173320103840451e-02
2.348230532556415895e+00
4.018748903903070158e+00
3.687688560089079193e+00
1.420340895792656433e+00
-1.404830753122126463e+00
-3.054117410851172387e+00
-2.627691942825453708e+00
-6.198377745899021907e-01
1.508595383180252103e+00
2.373169782974133390e+00
1.545887472262094331e+00
-3.141342099077493177e-01
-2.069753435238800066e+00
-2.922965553765200841e+00
-2.837206483822637626e+00
-2.341378844242549828e+00
-1.981831605972210086e+00
-1.903092646328553128e+00
-1.850733634791457138e+00
-1.503357574273350705e+00
-7.916353546379893968e-01
6.487585382780701460e-02
7.807368922209303452e-01
1.232281641407185990e+00
1.462907077605977380e+00
1.484546857117876151e+00
1.117719558006951441e+00
9.800329321440126584e-02
-1.576088402986227432e+00
-3.349509934447283399e+00
-4.203005931580312549e+00
-3.199970023232527438e+00
-1.835786980681626268e-01
3.866067829767592556e+00
7.137756330229917623e+00
7.860508820870418134e+00
5.262781660824563446e+00
6.592001352056708896e-02
-5.770183903158787153e+00
-9.907038631128216366e+00
-1.064779913797372934e+01
-7.646007381574584372e+00
-2.036052021978456139e+00
4.012393872401837314e+00
8.121271727350084291e+00
8.630380925643015289e+00
5.313813113423731416e+00
-4.079833899983875689e-01
-5.946615250323649349e+00
-8.643800514626642340e+00
-7.070459450563074455e+00
-1.871540874241247376e+00
4.397904367567370798e+00
8.510272803792041429e+00
8.296594306953474884e+00
3.904222198707053337e+00
-2.203127921855758675e+00
-6.577658882455062361e+00
-6.711143681608120914e+00
-2.422292106101962439e+00
4.101517006826394862e+00
9.587974844896818283e+00
1.147190840280484991e+01
9.131796346551292132e+00
3.941501057885441028e+00
-1.711370205465243322e+00
-5.707229011978093958e+00
-7.017383347763400891e+00
-5.770739393024819641e+00
-2.812665164383312710e+00
7.710399982911427808e-01
3.887766456932684633e+00
5.517887676916766182e+00
4.905193355642053277e+00
1.951942858696136707e+00
-2.428640587768049919e+00
-6.413470802449328545e+00
-8.011828670389814278e+00
-6.151881164394475299e+00
-1.449116650370998238e+00
3.922824222594491150e+00
7.306480270039274139e+00
6.999310678236376759e+00
3.201244122322814967e+00
-2.098497759501077198e+00
-6.210191605261872638e+00
-7.146610392599292538e+00
-4.551860834302761560e+00
2.730811891704680860e-01
5.123989170860155262e+00
7.930306624021591588e+00
7.571120145629899767e+00
4.216088457440320347e+00
-8.026263765737664535e-01
-5.472039827908463216e+00
-7.819959562925340002e+00
-6.728718263800397281e+00
-2.563917614601801898e+00
2.757446150944291574e+00
6.499827995577918571e+00
6.460629772969798346e+00
2.273558033896936337e+00
-4.163780196841470271e+00
-9.565612168675400540e+00
-1.106513354155581297e+01
-7.900199964103334693e+00
-1.886416335645426656e+00
3.692985751178896603e+00
6.109503687465313249e+00
4.811099660725568050e+00
1.574081064884341519e+00
-8.861163853235700660e-01
-8.522064457568861995e-01
1.271901400006131055e+00
3.414892485851510173e+00
3.491125733026199995e+00
1.021246962313163920e+00
-2.461957806819152772e+00
-4.499358230738711661e+00
-3.473311232846076457e+00
2.236238525785682052e-01
4.430940264890376845e+00
6.650327894365084092e+00
5.617747125983747480e+00
1.948315877758204362e+00
-2.471864846183989162e+00
-5.763927991281098784e+00
-7.032803057301292071e+00
-6.446122628553546896e+00
-4.598884068633262601e+00
-1.879752017143186738e+00
1.570235278439117366e+00
5.349512503493317084e+00
8.355098133248672454e+00
9.029670883609840715e+00
6.326211820260231988e+00
7.204445817413867026e-01
-5.601426061501021181e+00
-9.734701442165739849e+00
-9.704218422125251209e+00
-5.681291659255283122e+00
9.998505831964810131e-02
4.719263242788028556e+00
6.326884222671030678e+00
5.106074897170296722e+00
2.840988034734297063e+00
1.479761358532548865e+00
1.758294452415384512e+00
2.836596295458654104e+00
3.113223017254092895e+00
1.530849553523708995e+00
-1.608797167657734395e+00
-4.863557178278057336e+00
-6.651783197102287382e+00
-6.250040130067750610e+00
-4.099521736418845208e+00
-1.326089175528611719e+00
1.035627026960058927e+00
2.496720780726394473e+00
3.009546357375500136e+00
2.587595290567631157e+00
1.139060036480356475e+00
-1.268257006448455293e+00
-3.983506230790616165e+00
-5.717999492820280416e+00
-5.144267939796840494e+00
-1.862328105175044879e+00
2.982885412534317382e+00
7.039123670525611054e+00
8.012045340219993150e+00
5.118307475740953905e+00
-2.561903186854667114e-01
-5.221162003149364850e+00
-7.029956353201277430e+00
-4.691808563740940130e+00
4.748443187341315763e-01
5.687159559612690707e+00
8.376588875532947398e+00
7.627854509549857553e+00
4.514297385235541249e+00
1.218274183563156754e+00
-4.086996792811872226e-01
8.995565309337627546e-02
1.687029359448112498e+00
2.688291697327522378e+00
1.849785017756601979e+00
-8.966849032863377644e-01
-4.462695843673622598e+00
-7.240817797298097602e+00
-7.930569407246789382e+00
-6.125091796090156748e+00
-2.448006900431616728e+00
1.729076631765762428e+00
4.822362126665812987e+00
5.630832500950134545e+00
3.808128913137659666e+00
4.454401961668286170e-02
-4.154857900593812658e+00
-7.071743924105566848e+00
-7.532261004284405814e+00
-5.456318694978684825e+00
-1.882338150507755437e+00
1.585827248237143383e+00
3.623430641160457100e+00
3.840681469998636466e+00
2.870671338894888791e+00
1.859138797844912983e+00
1.698515352484296859e+00
2.495736825263077829e+00
3.588215351456173430e+00
4.050969169186723562e+00
3.326933660230964485e+00
1.565859916551704423e+00
-5.135930477848605902e-01
-2.095990670359396901e+00
-2.734665166943397452e+00
-2.518842062143087368e+00
-1.883793782161367947e+00
-1.244154418168720744e+00
-7.174466936456279642e-01
-1.077808064394706333e-01
8.683851016054563443e-01
2.279344470192802063e+00
3.791817042380811298e+00
4.717718053551189783e+00
4.291258242784332211e+00
2.069422016373114293e+00
-1.715552241975284442e+00
-6.037873231508259053e+00
-9.326150926360780247e+00
-1.006841513168837920e+01
-7.563292910999435570e+00
-2.443915531620752368e+00
3.388127250460468254e+00
7.529565501202231559e+00
8.249157653964473980e+00
5.452605945995923520e+00
8.303251735609713524e-01
-3.010868035111652574e+00
-4.017825553479659639e+00
-1.913022743560010230e+00
1.616348533746978067e+00
3.957085967034949192e+00
3.251911889985588999e+00
-3.246814568938942713e-01
-4.554491458505854240e+00
-6.511667076849548152e+00
-4.449944229113730110e+00
9.623799243894570754e-01
6.896844823619559861e+00
1.001061623683295032e+01
8.476889103282667648e+00
3.112926972472156883e+00
-3.127962560576946771e+00
-6.990432381032485765e+00
-6.909151996100902693e+00
-3.885222469813531809e+00
-6.967347975551081429e-01
2.334085932952623121e-02
-2.425241379334629244e+00
-6.327726895971967913e+00
-8.687214139627075227e+00
-7.224624208706898365e+00
-1.936385972054091464e+00
4.803038293125050373e+00
9.656117335598413121e+00
1.033991996551222847e+01
6.961170833564797711e+00
1.845127080885799575e+00
-1.989670252569332609e+00
-2.709423903306835690e+00
-7.088571586607553821e-01
1.796261235919013544e+00
2.312041848245667719e+00
-2.632844269819505367e-01
-4.883196714283657869e+00
-8.945228425922120863e+00
-9.832772569116665196e+00
-6.466923453228355712e+00
2.216780709736809740e-02
6.841252720259876519e+00
1.094511063037671939e+01
1.053435166444912952e+01
5.889526749575377806e+00
-8.115719035167462403e-01
-6.538028749115555982e+00
-8.789680414417500032e+00
-6.701029233862365153e+00
-1.401420324033795239e+00
4.515325741670629611e+00
8.193040903498200578e+00
7.869124038361169582e+00
3.752374366821692231e+00
-2.046310342355478262e+00
-6.569726119549716081e+00
-7.568167258133438047e+00
-4.724709400762701961e+00
1.737162498055611071e-01
4.285412015565979615e+00
5.415142948690265357e+00
3.346570620462180568e+00
-5.131827028969448978e-02
-2.061817083495759206e+00
-9.471074348886041605e-01
2.819361628248184815e+00
6.758784482462825594e+00
7.951863199521743475e+00
4.973648943886827212e+00
-1.067229293632264930e+00
-7.086188475482349425e+00
-9.837989085252726085e+00
-7.832908387245261395e+00
-2.152927469052094533e+00
4.285995488446143753e+00
8.467132527568509204e+00
8.858218008018436507e+00
5.917308757798000585e+00
1.394575090452209398e+00
-2.898889889567487721e+00
-5.953198592617201079e+00
-7.588340019136547099e+00
-7.896190410674322813e+00
-6.759467760719159557e+00
-3.934887928540556246e+00
3.941183210185417174e-01
5.171510681466256365e+00
8.676918811887405880e+00
9.409554538000399759e+00
7.072049798512592744e+00
2.905364049233789991e+00
-9.567851636629828294e-01
-2.739116627665418413e+00
-2.049342760950689790e+00
9.300244269670132624e-03
1.677136913119328998e+00
1.707999874427215126e+00
6.227554503491550264e-02
-2.280752418735480624e+00
-4.132816009054585571e+00
-4.861844422085101591e+00
-4.579091961715962888e+00
-3.741023527667427739e+00
-2.627813762304811895e+00
-1.195631124489688446e+00
5.995526173676417603e-01
2.379175030833158289e+00
3.316092781478479967e+00
2.658803599897126446e+00
4.363660010175292037e-01
-2.273546351796697618e+00
-3.859854225290070939e+00
-3.215771872767747119e+00
-5.738956414332422318e-01
2.514615718407657408e+00
4.119961874694710424e+00
3.179823863820662400e+00
1.937816506035215935e-01
-3.109320019996624218e+00
-4.878977835617055447e+00
-4.246182509006561467e+00
-1.699880942065051803e+00
1.413997811303778329e+00
3.794651723850348546e+00
4.807768136973416873e+00
4.480008850080714922e+00
3.080149161801532198e+00
8.041694749219951976e-01
-2.111452223316371057e+00
-5.018990386680610705e+00
-6.738224687496518150e+00
-6.039377744536837511e+00
-2.538965077788523761e+00
2.663038384508831680e+00
7.242454145457804415e+00
8.846443634505599007e+00
6.528549441699822431e+00
1.436552240403127012e+00
-3.797904729892604525e+00
-6.632095460671145304e+00
-6.117091277956416384e+00
-3.330635954527769726e+00
-4.813008713855431164e-01
6.452823175679219814e-01
-2.015233073730167690e-01
-1.793643052491802115e+00
-2.499246100121477632e+00
-1.511941730635065317e+00
6.642626892356882085e-01
2.741698358129889268e+00
3.677004876673705791e+00
3.366546036825427635e+00
2.522276568138637654e+00
1.937433221600875388e+00
1.819011327097109554e+00
1.740026398190199108e+00
1.186334150157437595e+00
1.481742958489948858e-01
-8.161201684293474257e-01
-1.123637706623126009e+00
-8.188512720882854534e-01
-6.854333862886151651e-01
-1.606369584946556905e+00
-3.639642644562623097e+00
-5.619387394881838027e+00
-5.765642887917850956e+00
-2.997260676760451936e+00
1.996326340373853370e+00
6.818252101494177708e+00
8.690748978406276137e+00
6.233666986352837114e+00
4.795799075066708994e-01
-5.622481154862024155e+00
-8.934666181669278728e+00
-7.959137310087443851e+00
-3.582052381329977386e+00
1.681558745897802742e+00
5.328389806323738043e+00
6.238774428032611397e+00
4.933302140173148054e+00
2.745879054045028855e+00
7.103011042588839308e-01
-9.508510348455215810e-01
-2.447102987200101332e+00
-3.642689553597215912e+00
-3.700900092007916697e+00
-1.592232493474817101e+00
2.863652565766530600e+00
8.291502474709391279e+00
1.211439183916112405e+01
1.194005562465578052e+01
7.140047692212272423e+00
-4.750223727408151575e-01
-7.461201743149427301e+00
-1.064189169779947086e+01
-8.964065490273203096e+00
-4.141769190119191535e+00
3.559138509556101226e-01
1.398857910057442311e+00
-1.870728454429710252e+00
-7.426045310031771152e+00
-1.145625132073783448e+01
-1.057964950697853723e+01
-3.923346751471277649e+00
6.125138959544552897e+00
1.497717837446343836e+01
1.820807687761012517e+01
1.398100147665459581e+01
4.189419687081521460e+00
-6.386812628756775467e+00
-1.255085757366817489e+01
-1.148441018466157004e+01
-4.302317426732477301e+00
4.578487503633876798e+00
9.971902171805659520e+00
8.925460637114266405e+00
2.409351993626895005e+00
-5.359482347964819482e+00
-9.575317051783727607e+00
-7.841360156232482836e+00
-1.611383804561182576e+00
4.848901599235340143e+00
7.299577478757424132e+00
4.294972199606200469e+00
-1.942417193822481458e+00
-7.097404555466659382e+00
-7.693240431906502863e+00
-3.385049095513939843e+00
2.908463236175262701e+00
7.053692992863184408e+00
6.466390813651001324e+00
1.697853047424560557e+00
-4.153144104369864920e+00
-7.650408240907647262e+00
-7.220550371638119636e+00
-3.846083945529479742e+00
5.743098647695799031e-02
2.566146497439778962e+00
3.477895766616240447e+00
4.013142275021580829e+00
5.393748008211817435e+00
7.550095539191245209e+00
9.026226553699814303e+00
8.136812857174071212e+00
4.410442942691932267e+00
-8.633445107137680541e-01
-5.431187357799569959e+00
-7.587175461669104060e+00
-7.215478018779599267e+00
-5.586597713961917400e+00
-4.149800229573121335e+00
-3.364855959930266316e+00
-2.546400348611328468e+00
-8.144407837812823736e-01
1.719398103606267769e+00
3.642578663845976283e+00
3.215077457509238457e+00
-7.290702125867687400e-02
-4.654442435436572545e+00
-7.603852409606197682e+00
-6.579712101492046550e+00
-1.623540652548103314e+00
4.585653511504682811e+00
8.360396853040356291e+00
7.463057693664953973e+00
2.663164152646525729e+00
-2.751462640979175589e+00
-5.204685288582714620e+00
-3.240028582003071200e+00
1.589261295726118517e+00
5.945214876089140787e+00
7.117549351742940011e+00
4.864170982987154446e+00
1.382340561693464309e+00
-4.906332246663083207e-01
5.407052545858507253e-01
3.291312114741288042e+00
5.062626598072185402e+00
3.750479273375761480e+00
-4.995406775785351527e-01
-5.317681039953471966e+00
-7.783633862420386684e+00
-6.505325635736283196e+00
-2.586119302511128204e+00
1.198825050269520576e+00
2.386822625648886920e+00
5.234752313665014256e-01
-2.631093773679281433e+00
-4.484284938605285653e+00
-3.541528750968565564e+00
-4.845185025625236008e-01
2.357722801814845504e+00
2.739516304913484301e+00
1.842808355099057049e-01
-3.568550015636262618e+00
-5.672513355670662172e+00
-4.086915290915344556e+00
9.893897221526279928e-01
7.107841870199537837e+00
1.098498020152319654e+01
1.043811128641270258e+01
5.645447413559920413e+00
-1.000492138981537327e+00
-6.295242336466158051e+00
-7.998815910649962113e+00
-5.950433333686030224e+00
-1.948063666801002736e+00
1.430115807815354190e+00
2.307953510528065522e+00
4.507043759098428026e-01
-2.792177897925020247e+00
-5.392760050381185444e+00
-5.803220692072883935e+00
-3.712386176898913703e+00
-5.931580235407662993e-02
3.578379318278495980e+00
5.786593914003410610e+00
5.861872624816541588e+00
3.909604311093178630e+00
6.062397141639184195e-01
-3.112690288525229221e+00
-6.258440766864104887e+00
-7.908771847572147351e+00
-7.383161184503900465e+00
-4.539562782650508055e+00
-5.035317685004336852e-02
4.623350482745187229e+00
7.735851608951303859e+00
8.090411857152755459e+00
5.735516976087759566e+00
2.025831849423888276e+00
-1.100142237053477468e+00
-2.242546239034957534e+00
-1.348685406948116228e+00
3.546953649689795207e-01
1.287905471771960242e+00
6.696008066800236413e-01
-9.340749528201812701e-01
-2.079856486747078126e+00
-1.608703991962723290e+00
3.693034247987624918e-01
2.442938944524507328e+00
2.907372577097377953e+00
1.100927482618111242e+00
-1.941166800064702436e+00
-4.076198808433196596e+00
-3.542101793289455181e+00
-3.019927635171947289e-01
3.754670939295623455e+00
5.971446784962084031e+00
4.690431921246723590e+00
4.146461121441727959e-01
-4.442241900272929200e+00
-7.056185007275569632e+00
-5.931906668961520523e+00
-1.741871568172701057e+00
3.216956443931902054e+00
6.487090767681795711e+00
6.819431205744704627e+00
4.618537526271584426e+00
1.358001334920320824e+00
-1.453931375448246577e+00
-3.009264616770492395e+00
-3.275344761895824242e+00
-2.612005602786059200e+00
-1.403886952562274582e+00
3.543013434132213924e-03
1.177310239504251399e+00
1.608336275402548310e+00
1.018445732111115554e+00
-2.615589270142320011e-01
-1.271088296418074082e+00
-9.665836947918775568e-01
9.520556281595224934e-01
3.573091820157057619e+00
5.148182177496718026e+00
4.192125017456811875e+00
5.825636912265124145e-01
-4.164879252756561456e+00
-7.727859850562477817e+00
-8.388809851617491375e+00
-6.047102262179977039e+00
-2.126901631697136974e+00
1.508976124954646281e+00
3.794876277862827774e+00
4.924859122991786187e+00
5.760916850509807396e+00
6.759560401515123829e+00
7.369658272249048458e+00
6.448357752970905743e+00
3.371547921850931218e+00
-1.109855941396296952e+00
-5.068184344230006744e+00
-6.620575160585608465e+00
-5.283088792072940798e+00
-2.385004391460225914e+00
-1.502672892603394983e-01
-8.598934817115638785e-02
-1.891183777605904837e+00
-3.736906371656416592e+00
-3.725648335932033373e+00
-1.416059702105915141e+00
1.772702503976744781e+00
3.609546552897516580e+00
2.758773150064085744e+00
-1.711054441332597875e-01
-3.057700718995394862e+00
-3.855973509751301265e+00
-2.133297695016882933e+00
6.276334300824042423e-01
2.184155090260388121e+00
1.253015327212556596e+00
-1.522766035377359994e+00
-4.080109695797869307e+00
-4.495041794949974800e+00
-2.380411929096811097e+00
9.315689676792947571e-01
3.504963783631577900e+00
4.289485741378831207e+00
3.801644186369532274e+00
3.492006170210188110e+00
4.351842571501276069e+00
5.913899840236505057e+00
6.481289859345817028e+00
4.441874935906871436e+00
-3.342796833822136993e-01
-6.095621579691418823e+00
-1.014374112294678376e+01
-1.045763557248292663e+01
-6.891803481563290923e+00
-1.188763657901131809e+00
4.091869384019782174e+00
6.931802459311931841e+00
6.657329830494177259e+00
3.881681521448255623e+00
-9.627531778322540035e-02
-3.895876687467350052e+00
-6.375966071917165578e+00
-6.784174518995311765e+00
-4.967297069623837658e+00
-1.630050137365327778e+00
1.683125982089844097e+00
3.188188998490767645e+00
1.903364595054003683e+00
-1.524980864072991604e+00
-4.945111324867062841e+00
-5.932524966032020508e+00
-3.432248687796943365e+00
1.352546046850298556e+00
5.591227551968535714e+00
6.677046972221865495e+00
4.041995931264638742e+00
-4.002394183094097890e-01
-3.574548067419313302e+00
-3.413874783301915627e+00
-2.918184500631557654e-01
3.351309979088401114e+00
4.905020152514803833e+00
3.557779989624065831e+00
8.256856194941400995e-01
-7.564063816086357139e-01
2.640363270962440279e-01
3.044320558017376221e+00
5.109183172664031325e+00
4.380243151374628496e+00
9.449558108008500046e-01
-2.893726984877401875e+00
-4.389800922232054425e+00
-2.567365527112996926e+00
9.219155611125224858e-01
3.063111681099949912e+00
1.931298016566548315e+00
-1.619132062111140469e+00
-4.467307053638672976e+00
-3.671083216979739383e+00
1.011568321014989724e+00
6.567896182640446945e+00
8.750172192662365234e+00
5.274728211618222140e+00
-2.215521225215440815e+00
-9.031054262188346726e+00
-1.066847901089513861e+01
-6.087138128149150340e+00
1.416820858078572165e+00
6.479147371102749631e+00
5.505750441444933863e+00
-6.904046490926449842e-01
-7.393647555326491982e+00
-9.305003005785852821e+00
-4.313283645788350107e+00
4.961300903960434994e+00
1.291176687476118445e+01
1.469350276491635654e+01
9.334476182462354998e+00
1.294333784291263889e-01
-7.759975081394471452e+00
-1.065396655908399737e+01
-8.327944738730504781e+00
-3.482091748704005951e+00
5.552057876556347749e-01
2.030662771751973850e+00
1.378335350521396885e+00
1.518739970684999108e-01
-5.409116445165867981e-01
-7.472851298392413355e-01
-1.105483235571172340e+00
-1.758339868247641213e+00
-1.899852792212376684e+00
-4.550177936211943219e-01
2.705901624791390958e+00
6.182778422765725423e+00
7.777283449455183018e+00
6.095338857876565264e+00
1.749690706098003812e+00
-2.896003148555883033e+00
-5.371500009496814165e+00
-4.912814386891239060e+00
-3.004917397340509222e+00
-2.155596943434910706e+00
-3.794004688282064386e+00
-6.933214269039103428e+00
-8.714559698503194340e+00
-6.526717713707484769e+00
-1.494203079267224510e-01
7.720000433273168206e+00
1.304135000024953683e+01
1.304347257318601017e+01
8.032403614795400770e+00
1.129339765865948753e+00
-3.839030588224222829e+00
-4.781591524533933324e+00
-2.437506015130780579e+00
5.119353264125821035e-01
1.522321123724556857e+00
-9.581935709490374542e-02
-2.962448681682376961e+00
-4.874137854924135205e+00
-4.439982200596595874e+00
-1.902256481561614532e+00
1.301220263704307101e+00
3.689617200922216789e+00
4.626278502956548522e+00
4.342638112983467025e+00
3.301568824234760058e+00
1.625600207275233799e+00
-8.476613162183801453e-01
-3.976296751717168121e+00
-6.833345483280181654e+00
-7.932589933359627921e+00
-6.153288680791839660e+00
-1.703657708776427970e+00
3.675474524551428868e+00
7.548259723598772730e+00
8.166726418117356445e+00
5.475318644389426836e+00
1.069121779923143833e+00
-2.825217677426467233e+00
-4.623642783918102239e+00
-4.096118913211979518e+00
-2.180625184519206172e+00
-2.091418362151351296e-01
8.351661483854881940e-01
6.111190053039614600e-01
-6.967021028992448350e-01
-2.575831824428567174e+00
-4.243993602848110669e+00
-4.679937003083503910e+00
-2.917719361089190500e+00
1.315483154528081844e+00
6.981647885970144074e+00
1.174342444114691197e+01
1.293548348849685681e+01
9.129250024472515435e+00
1.323003276209954393e+00
-7.181189725196159834e+00
-1.238790164278832506e+01
-1.185450364466282380e+01
-6.174434816432743389e+00
1.313795302796844755e+00
6.483738439508780260e+00
6.835202520777381885e+00
2.845040377682949817e+00
-2.558803196170243766e+00
-5.974588416777630862e+00
-5.614597599206443412e+00
-2.180754981616797039e+00
1.902312688179141453e+00
4.220727797259799630e+00
3.840476380389190147e+00
1.604953627825078444e+00
-7.529256745212939972e-01
-1.907878738290679221e+00
-1.714745553420599311e+00
-1.023659988093446493e+00
-8.285012968347027495e-01
-1.451195661331174058e+00
-2.327788122337379306e+00
-2.461807459470630732e+00
-1.154491793324774473e+00
1.489756896466028380e+00
4.553470091649773899e+00
6.727913110803619645e+00
6.905834583715787289e+00
4.687946723643082514e+00
6.429186442010379476e-01
-3.769479674778049016e+00
-6.661699008019120960e+00
-6.512311935139688757e+00
-3.022377147661031493e+00
2.431406480045665841e+00
7.172448953071072886e+00
8.461889880741633618e+00
5.051054546713515059e+00
-1.867281717219944515e+00
-9.031323178683543063e+00
-1.277882817707485152e+01
-1.111772913323510359e+01
-4.930567256894696548e+00
2.502953458689067823e+00
7.432585520684837022e+00
7.822124786056718904e+00
4.406924666456432327e+00
-2.147285588974445769e-02
-2.565951279874447710e+00
-2.063070176214821139e+00
4.047122827604334172e-01
2.570168758713735180e+00
2.755194501136972729e+00
1.044510692003716823e+00
-9.453933456470933194e-01
-1.436357995470729954e+00
9.853399075978386268e-02
2.559272308983409960e+00
4.132572445766873770e+00
3.748323849813374409e+00
1.922169411774919290e+00
3.121713994586392538e-01
3.234818307670103144e-01
1.854111831397638799e+00
3.203627652137167381e+00
2.304537765914052461e+00
-1.581326147112274150e+00
-6.971200194125620975e+00
-1.082715794834031442e+01
-1.043878682892391296e+01
-5.289470515480488189e+00
2.378857688024841099e+00
8.749005076249158463e+00
1.064926677603220995e+01
7.412315879749932002e+00
1.208920862533733320e+00
-4.320886017292783876e+00
-6.246202249978445309e+00
-3.977771786903248064e+00
5.922426149304393928e-01
4.420787472273875807e+00
5.205822309504560153e+00
2.668114489509620046e+00
-1.480094757575574516e+00
-4.735188087492426590e+00
-5.347681149470805195e+00
-3.267314722743893007e+00
1.007799512397319908e-02
2.496843341109127312e+00
2.960604757688856559e+00
1.604663437429520778e+00
-1.842787675367158762e-01
-8.122383531291779146e-01
4.475717761366726499e-01
2.941351442590222742e+00
4.993426313504544467e+00
4.927026191722449155e+00
2.141661933890230074e+00
-2.403220173047925456e+00
-6.613642898226296474e+00
-8.382525942924541340e+00
-6.776163071870208832e+00
-2.597364809206661018e+00
2.014600714344770171e+00
4.729956088245873325e+00
4.267891354100208368e+00
1.028940367876872486e+00
-3.211653913506382629e+00
-6.324792552606864682e+00
-6.938547631358524370e+00
-5.013457233871072560e+00
-1.631887770870066312e+00
1.756206537978445059e+00
4.101098003180766227e+00
5.087475491705421682e+00
4.947540804917765378e+00
4.028758166020621090e+00
2.506764966755263391e+00
4.458947772679326960e-01
-1.911967904510298411e+00
-3.949207128049895488e+00
-4.812967376705440614e+00
-3.864498450374088456e+00
-1.142722338623151979e+00
2.499601642114640754e+00
5.721514600150692686e+00
7.308191299746427561e+00
6.716175865782363807e+00
4.254230251611560654e+00
8.531126204857173434e-01
-2.377853858926788799e+00
-4.537925216661692573e+00
-5.119638569286452778e+00
-4.033640535136830962e+00
-1.603819193308389845e+00
1.414222770717233679e+00
3.889210264064026923e+00
4.600309204663515672e+00
2.777492859166384775e+00
-1.328588080576922792e+00
-6.237268570247060495e+00
-9.682020015574227756e+00
-9.639779017142432238e+00
-5.460780089667975012e+00
1.563399122595390267e+00
8.623414770476966140e+00
1.268790663369070337e+01
1.201022439975974798e+01
7.005572235131738879e+00
-1.316718340392131203e-02
-6.093204515220302930e+00
-9.158428258914986131e+00
-8.908747500308676237e+00
-6.627014915733009381e+00
-4.108399998504562944e+00
-2.462017157664627920e+00
-1.568781206500429626e+00
-4.968164422806038427e-01
1.495238796187341901e+00
4.139807267545097424e+00
6.158405397504239431e+00
6.116884650490372444e+00
3.545629210247883023e+00
-4.972176607085521116e-01
-3.892209941176955290e+00
-4.723331715390746588e+00
-2.530338600264876892e+00
1.306534022186618849e+00
4.361580572535362244e+00
4.670830702467106299e+00
1.992023368589931565e+00
-2.005897503315878350e+00
-4.762971528554975187e+00
-4.416709402113125016e+00
-9.574749645161122480e-01
3.758365934016490773e+00
7.109301377089610519e+00
7.209382317243987259e+00
3.901027723347655574e+00
-1.279565832641556211e+00
-6.016346361550536592e+00
-8.372708341112048203e+00
-7.546867836779136418e+00
-3.960837734278730871e+00
1.128888604317225708e+00
6.125719683740783239e+00
9.470105358373658078e+00
9.948277181680515113e+00
7.077841595650611772e+00
1.530396120806204685e+00
-4.730158698711703025e+00
-8.969454275135731791e+00
-8.899042478780962995e+00
-4.059779385987435596e+00
3.505587760182510060e+00
9.942172067546719560e+00
1.150739377877283864e+01
6.736516880357378056e+00
-2.477914930528753779e+00
-1.169690273455206508e+01
-1.631086794299491061e+01
-1.412780202451318168e+01
-6.599426032820598920e+00
2.099822702510701689e+00
7.596277025897979485e+00
7.882781837009138037e+00
4.337767347570881782e+00
5.976576800717092741e-01
4.916957693514445449e-02
3.566292821022624793e+00
8.923318109793260788e+00
1.222038390567094979e+01
1.038723602603073459e+01
3.192096991910752024e+00
-6.457893637848794555e+00
-1.406179852719578527e+01
-1.596340584505745142e+01
-1.127922412696935694e+01
-2.299520455499212801e+00
6.743165332176515037e+00
1.178319734484984949e+01
1.079900938623135787e+01
4.597627189315326213e+00
-3.737737103540041961e+00
-1.036004734905073832e+01
-1.239592261020527886e+01
-9.159581821945151248e+00
-2.359811344913455233e+00
4.762200029007179758e+00
8.983082561072489369e+00
8.636299166685008188e+00
4.396848612114295562e+00
-1.119547307518561352e+00
-4.789910747792147205e+00
-4.715424705114978465e+00
-1.284339526375549934e+00
3.081298547999786308e+00
5.396274888336843212e+00
3.952035331752643543e+00
-5.929541492515253420e-01
-5.568597012367804133e+00
-7.904286144409853776e+00
-6.009058775031646427e+00
-7.499112658258821895e-01
5.078556155304222663e+00
8.445011430637800132e+00
7.859288238518685965e+00
4.137501724294128991e+00
-2.689237102377766142e-01
-2.882760888738215677e+00
-2.690765636996570009e+00
-5.990609483018158876e-01
1.345540156931532394e+00
1.378088154356504225e+00
-8.621801423167262390e-01
-4.182702704393324922e+00
-6.667490162117324815e+00
-6.888443994184378028e+00
-4.730068528197366007e+00
-1.375334766471756343e+00
1.453500036770299264e+00
2.488577565461017826e+00
1.569985832039804796e+00
-3.518778884578772637e-01
-1.792743242777165014e+00
-1.540916785876276451e+00
7.124736554082584661e-01
4.193004235172066885e+00
7.367279675253652904e+00
8.621256518740896269e+00
7.006580461322623243e+00
2.734067812920879526e+00
-2.823034126725464166e+00
-7.657708898791026897e+00
-9.983928909424045983e+00
-9.028179108097283745e+00
-5.365773066974203864e+00
-6.216437419159985822e-01
3.315750743535768041e+00
5.158361353859213239e+00
4.718835446885517371e+00
2.823716858227398596e+00
7.489273357892535232e-01
-4.702516244186473182e-01
-4.856865226671527314e-01
3.385951252631354547e-01
1.247883523177854670e+00
1.534987313586458679e+00
8.735954490661385075e-01
-5.592709048607407141e-01
-2.162896515265425368e+00
-3.136472450399743206e+00
-2.786991676249756189e+00
-8.500349307133765464e-01
2.291014886531827166e+00
5.627217958692448008e+00
7.862995255642140968e+00
7.981456353569201134e+00
5.771265306066821310e+00
2.006199834741062116e+00
-1.872108095458411503e+00
-4.429575796897003315e+00
-4.905820061534919674e+00
-3.502091155841184911e+00
-1.160501213675044330e+00
9.811415462529740061e-01
2.105565985040414034e+00
1.936604092295965085e+00
6.510989319167694855e-01
-1.323409175826104844e+00
-3.430685726847143791e+00
-5.013043715300668168e+00
-5.398386804935481287e+00
-4.175149498405756887e+00
-1.559523239653324511e+00
1.457606077391493393e+00
3.463630276302748001e+00
3.419708652152786854e+00
1.426773828848524994e+00
-1.143462819064795077e+00
-2.414435969426009798e+00
-1.282293286331571913e+00
1.662573140180827025e+00
4.329588615315988598e+00
4.474683144068796636e+00
1.364057464493812599e+00
-3.446558266531674075e+00
-6.921424885540201188e+00
-6.550202922500055536e+00
-2.217514483255179414e+00
3.447989881318469951e+00
6.659555245362335008e+00
5.033537428533244373e+00
-6.308227030158330972e-01
-6.690341595291853238e+00
-9.026008998579465370e+00
-5.885177481571369995e+00
7.954147941666723787e-01
6.605792711406614615e+00
7.676197739148578947e+00
3.426496345979126446e+00
-2.914063436322075873e+00
-6.476700413184134142e+00
-4.178868268171191502e+00
2.970082204484350008e+00
1.034798534800457048e+01
1.274138148808753179e+01
7.884970022229966347e+00
-1.905004149883321229e+00
-1.114483014261126748e+01
-1.470410178467533768e+01
-1.105837800027880746e+01
-3.105519105071582686e+00
3.934505809928477760e+00
6.035510080784268538e+00
2.891939391458827391e+00
-2.184424651005167473e+00
-4.789261043711984911e+00
-2.539007623582692830e+00
3.357662611880583459e+00
9.036541529527600147e+00
1.064364596747253700e+01
6.851353149680168286e+00
-4.064440489414381519e-01
-7.294662361843278653e+00
-1.045104967216540892e+01
-8.770667431964191962e+00
-3.604916542819760927e+00
2.442078494922812482e+00
7.076478081251096341e+00
9.200831271610239170e+00
8.811369456848709092e+00
6.380895977375858230e+00
2.441405901984485816e+00
-2.325098778291120105e+00
-6.794584897823339631e+00
-9.469891063665155428e+00
-9.144190651730724539e+00
-5.777349977946518500e+00
-8.570467821220815186e-01
3.218334578368229337e+00
4.485728612668236970e+00
2.634857282097000208e+00
-7.640802017713612670e-01
-3.237944171596103260e+00
-2.972379713776240440e+00
7.436802052751834147e-02
4.220231224800148340e+00
7.177777241891421411e+00
7.444013095716186967e+00
5.054838184950952495e+00
1.319985319269165291e+00
-2.119988656046014608e+00
-4.184727004168369291e+00
-4.650930665738492564e+00
-3.857002912806902550e+00
-2.249366004600504176e+00
-1.981871678324758079e-01
1.865503475685979184e+00
3.307372563445935221e+00
3.471758380232233154e+00
2.164386750202435206e+00
2.421241017930131356e-02
-1.663076620626944280e+00
-1.749080133063558806e+00
-1.007389980464809542e-01
2.135018913986287181e+00
3.215525053180998238e+00
2.052743471072783876e+00
-8.659516047069958367e-01
-3.643504492724045196e+00
-4.227573192805130553e+00
-1.918433278822591515e+00
1.977918110701580856e+00
4.910641714254564860e+00
4.805835253016181419e+00
1.557300827391908893e+00
-2.801531556908871679e+00
-5.424051793275611821e+00
-4.583354280385838919e+00
-8.659860655847447797e-01
3.213177419362544640e+00
4.906936352158359327e+00
3.062542916326164821e+00
-1.166869231432829279e+00
-5.163631296273640814e+00
-6.595907893630454488e+00
-4.855824710410360012e+00
-1.268534263842714616e+00
1.934572197482712141e+00
3.061496337905847742e+00
1.841917990366950031e+00
-7.025319859419233426e-01
-3.092453858432004044e+00
-4.226812469624921853e+00
-3.717277425830960880e+00
-1.744485405993721816e+00
1.180152423018076879e+00
4.259719748626833891e+00
6.372333235295584153e+00
6.308677251765342220e+00
3.450566569096687797e+00
-1.463741145870526505e+00
-6.191859691491699458e+00
-7.919530889102636806e+00
-4.955796375907369544e+00
1.874155367662735605e+00
9.256951306719933825e+00
1.311901487017321344e+01
1.111341739561806463e+01
4.225584141468771371e+00
-3.704612971715350866e+00
-8.370221030323595102e+00
-7.746387296425819358e+00
-3.310046724189324330e+00
1.146703150554851280e+00
2.286135483370599353e+00
-4.055515201670226721e-01
-4.368040141797190579e+00
-6.015556161351641506e+00
-3.557793455045159092e+00
1.532955616602598159e+00
5.548397448501615870e+00
5.336396702163499484e+00
7.702799598337257692e-01
-5.002814905521489663e+00
-7.796560445492405123e+00
-5.486800516487233992e+00
3.393928585419389021e-01
5.471774794772607642e+00
6.156300326976333004e+00
1.904503744132037379e+00
-4.074338618708024384e+00
-7.184860447697342778e+00
-4.821846485290197215e+00
1.686219163694681722e+00
8.021980939536385691e+00
1.002569281346120533e+01
6.709489840342135025e+00
8.947237173129292120e-01
-2.999282668739828850e+00
-2.348524794089097867e+00
1.665968750231216156e+00
4.972188361066395501e+00
3.790398966715642359e+00
-2.294872964916055302e+00
-9.713843512677925673e+00
-1.328940637987724926e+01
-9.940729741658776319e+00
-1.033205443137814150e+00
8.350293702689631559e+00
1.273046552471018344e+01
9.811753460781609704e+00
1.841934631858332061e+00
-6.102557867280268056e+00
-9.579853482025441735e+00
-7.521766239294352729e+00
-2.442271172174140137e+00
1.781456930628705360e+00
2.748305019034714913e+00
9.131167833535640543e-01
