8.105489951036177754e-01
2.611971436207030095e+00
3.949756032400595807e+00
4.649163811393894008e+00
4.664787586310729317e+00
4.249176079661864947e+00
3.879201601492296092e+00
3.882856548218639681e+00
4.027411866102820426e+00
3.467774548916978894e+00
1.246865839882458360e+00
-2.894156160338109185e+00
-7.967567268442459216e+00
-1.195616901446413216e+01
-1.282113276871768726e+01
-9.747035701517063444e+00
-3.814145618646747948e+00
2.420038097799034560e+00
6.263866300787778840e+00
6.367843476446390483e+00
3.414604767614936254e+00
-4.151113136364310008e-01
-2.851571100908424139e+00
-2.903985059119188694e+00
-1.308572416373110725e+00
1.996668565216779823e-01
2.575507643084048448e-01
-1.073384765922740458e+00
-2.306693848306854200e+00
-1.594890816974811498e+00
1.864689898215518005e+00
7.052150257326991856e+00
1.153945862934689259e+01
1.287114035772779630e+01
1.003860380738438707e+01
4.103414212173698061e+00
-2.424631874295258172e+00
-7.042263986813814824e+00
-8.601237806427930010e+00
-7.711275111773327140e+00
-6.010237755890219802e+00
-4.873851534514555439e+00
-4.489012150672297530e+00
-3.923000089607483254e+00
-2.092425710988633725e+00
1.119373732420793521e+00
4.466020544656882585e+00
6.021697887880313793e+00
4.515396604261252556e+00
3.787689768219690833e-01
-4.282757944553734930e+00
-6.865659597247876889e+00
-5.859084514030023172e+00
-1.800952604172854965e+00
3.047498355120616065e+00
6.099900728058370802e+00
5.991342907305006626e+00
3.272986713644526979e+00
-1.354910932170154680e-01
-2.271622245047880906e+00
-2.282876842706243359e+00
-6.686653417850376702e-01
1.400083958840135256e+00
3.021417512150372353e+00
3.989302329485826526e+00
4.449044385601121476e+00
4.231360859859069734e+00
2.621763473860963423e+00
-1.051447876908382595e+00
-6.400737344452236854e+00
-1.145695397910369984e+01
-1.335479619313902511e+01
-1.005700259382231998e+01
-2.027493892320326285e+00
7.444661224802763044e+00
1.378972323800304345e+01
1.379196190421817292e+01
7.643582035860916335e+00
-1.028582868437339926e+00
-7.326363539056697682e+00
-8.099598998528010796e+00
-3.839479309895457604e+00
1.827763753196568697e+00
4.701810384943351906e+00
2.867283452602914728e+00
-2.107718887048235956e+00
-6.424779409294702148e+00
-6.830506897607403261e+00
-2.929570106207231017e+00
2.590256003664765494e+00
5.937873749953412883e+00
4.948224426735099435e+00
5.952975253824627222e-01
-3.774238121307550209e+00
-4.900261315208974011e+00
-1.972030387031247223e+00
2.797358519899773022e+00
5.773965321915246918e+00
4.518471878819406484e+00
-4.459926838927423809e-01
-5.941693872347437733e+00
-8.274920328385821477e+00
-5.707414747785088061e+00
4.099222257950945192e-01
6.538808105964241335e+00
9.202710953394209525e+00
7.063884055882094337e+00
1.546008652157892849e+00
-4.232022132576702234e+00
-7.367010926339537136e+00
-6.684368345790006494e+00
-3.054158241026349252e+00
1.427692886115721205e+00
4.686536894701380795e+00
5.579470078134106004e+00
4.126381701583665240e+00
1.210566134783331638e+00
-1.894343489880536469e+00
-3.933595826388776473e+00
-3.997101213283331234e+00
-1.812900325798068923e+00
2.054344750740711323e+00
6.283023419633394724e+00
9.267741398721835111e+00
9.840474398473762818e+00
7.849867721557748368e+00
4.220566791360512049e+00
4.256515340152671190e-01
-2.299394728284102296e+00
-3.501180712847830279e+00
-3.505992208412207045e+00
-2.974605917931739008e+00
-2.416050864705546530e+00
-2.016335202094309942e+00
-1.808585097391557595e+00
-1.897364299941552312e+00
-2.433202542295635595e+00
-3.326951944862775790e+00
-4.022479898635925366e+00
-3.682804178143215701e+00
-1.807123686886130454e+00
1.151579849434755998e+00
3.747878843042313335e+00
4.312794861480405473e+00
2.121762040227661128e+00
-1.871153728710372999e+00
-5.383248170131986754e+00
-6.155041422458490175e+00
-3.451057893096095341e+00
1.350818055039398002e+00
5.569721697509648628e+00
6.940802840680350805e+00
5.076670115983031195e+00
1.654842222498482895e+00
-7.919875676828015409e-01
-6.138275980019188838e-01
1.918013131985909503e+00
4.958708427387962914e+00
6.483155221453580808e+00
5.645220844428054718e+00
3.123139618917211813e+00
3.077199143105047163e-01
-1.905137145707923363e+00
-3.693700301328896707e+00
-5.811569825445520365e+00
-8.496004197848970207e+00
-1.079802392238398667e+01
-1.102743950378399163e+01
-8.074710856510135315e+00
-2.578105618318867531e+00
3.086881853786682672e+00
6.166208130311877866e+00
5.343872500758628519e+00
1.690724895669680761e+00
-2.013766295201392609e+00
-3.169046787491271999e+00
-1.123633704481257434e+00
2.441315779129607400e+00
4.783698658016080962e+00
4.091122190845618789e+00
7.432884640703765200e-01
-3.040937836818500273e+00
-4.856426414801906510e+00
-3.809890175374051502e+00
-1.024592634261579427e+00
1.354322841694086899e+00
1.836366317825384620e+00
6.591216760713354272e-01
-5.134781324314949824e-01
2.666413255634436652e-02
2.657376945068472107e+00
6.084874456770137385e+00
8.235500647228651161e+00
7.660184164033288390e+00
4.416081570438738169e+00
-1.275963220220608374e-01
-4.266989782758431993e+00
-6.906473319287193213e+00
-7.821642701415655985e+00
-7.255440115385115796e+00
-5.412196115712127664e+00
-2.397054454189250894e+00
1.384477084326380059e+00
4.889620006767266602e+00
6.712149637203983055e+00
5.965604504093942495e+00
3.118728234104135133e+00
-2.282591730813093855e-02
-1.414865087861640669e+00
-2.767371264477852533e-01
2.160543129536015350e+00
3.398109550892134845e+00
1.543781221298067052e+00
-3.008748809254044421e+00
-7.453397928221550117e+00
-8.317640620554525910e+00
-3.993692876153211557e+00
3.754352934067056058e+00
1.053874670144567105e+01
1.203602602658901333e+01
6.869316276876229921e+00
-2.310307127951809036e+00
-1.036770475042870210e+01
-1.287840772934841738e+01
-8.847931604249753335e+00
-1.155652585416674594e+00
5.498527327605211568e+00
7.662307770286989950e+00
5.108404620030284171e+00
4.854121611462154373e-01
-2.901603585930824458e+00
-3.452031179819026185e+00
-2.084498789547388764e+00
-1.075220823827022443e+00
-1.979637234817885894e+00
-4.307683457965213236e+00
-5.944007192439331178e+00
-4.907956471562942014e+00
-1.023718268349691485e+00
3.814965017147178727e+00
6.976073764165013458e+00
6.968145131066831865e+00
4.423333221724571551e+00
1.472366870130126237e+00
6.022270871810347925e-02
5.489514771262261617e-01
1.675713791701770594e+00
1.820252426624785480e+00
4.822759684106443512e-01
-1.282759566649213756e+00
-1.848249202918901046e+00
-5.998535750238349618e-01
1.258879241060872456e+00
1.486024060253275714e+00
-1.310257758277740159e+00
-6.144816944437165418e+00
-9.840510318858864736e+00
-9.052335059106340509e+00
-2.812210370108772395e+00
6.283329189931884606e+00
1.329691687220309504e+01
1.395929435771209093e+01
7.496671195406433341e+00
-2.686897514552655686e+00
-1.102976072044686262e+01
-1.324475656092562481e+01
-8.886310124387271969e+00
-1.363650381374184928e+00
4.530476112676977252e+00
5.815790535483571055e+00
3.050435639111949371e+00
-5.005572578514736470e-01
-1.506568024658509364e+00
9.670927232957953201e-01
4.942757335975318078e+00
7.233311903113794905e+00
5.993634950165344755e+00
2.157314607555198549e+00
-1.325196593017496483e+00
-1.847926737358299709e+00
7.164101866314992462e-01
3.787872849458620905e+00
4.009723232841927221e+00
-6.049206985041610807e-02
-6.540872370022580817e+00
-1.126465136548980439e+01
-1.065364556742813917e+01
-4.408851105789969971e+00
3.970578129489953589e+00
9.343816150612106242e+00
8.355959877843766037e+00
1.768318861653967566e+00
-5.977454257601995558e+00
-9.726295341071708123e+00
-7.093701880219488665e+00
-6.168469890410532841e-02
6.426186267693473120e+00
7.901026303104869974e+00
3.452127406538369137e+00
-3.677382590403193596e+00
-8.378425130747952920e+00
-7.234618707245754621e+00
-8.692139965478715702e-01
6.531240644631423287e+00
1.014137335150904562e+01
7.795824763799220847e+00
1.365674648587772655e+00
-4.695324913115530130e+00
-6.541644592885305087e+00
-3.576040313662889769e+00
1.308780614260843578e+00
3.996097207885953129e+00
2.241402597124724672e+00
-2.647058197091934684e+00
-6.753261754138947026e+00
-6.445762717975371814e+00
-1.144555359736122213e+00
6.031673296810799556e+00
1.024753901991790883e+01
8.232405721092870721e+00
6.190970661584414003e-01
-8.269695545479276433e+00
-1.307604767418072100e+01
-1.076944681784272362e+01
-2.545388778551536113e+00
6.917831250746003136e+00
1.230638412857313924e+01
1.079557800285093450e+01
3.560136897513365817e+00
-5.113307979251258573e+00
-1.040610492155547107e+01
-9.618336950503248772e+00
-3.412618753166819729e+00
4.851288759428858732e+00
1.108299557914599909e+01
1.253406193210899033e+01
8.940933738054425817e+00
2.354614823021284220e+00
-4.043642961155004656e+00
-7.467444944984931610e+00
-6.717044580214862393e+00
-2.601438828029044359e+00
2.526249595546453897e+00
5.917049377889753714e+00
5.776873751058319684e+00
2.190745092916702497e+00
-2.894149635243677299e+00
-6.712346141238581865e+00
-7.250295969825720555e+00
-4.446007465924716406e+00
-2.393607048153796324e-01
2.645245070887246808e+00
2.468960238928608497e+00
-3.525983801415788488e-01
-3.513427865106804937e+00
-4.406948320329684421e+00
-1.992945536841016718e+00
2.369925903569999548e+00
5.777040271436040264e+00
5.795008163589123740e+00
2.255913195790318237e+00
-2.471577648273824757e+00
-5.004889322632408266e+00
-3.262169836740023587e+00
2.038519964474877266e+00
7.777876200440223542e+00
1.049836663628757272e+01
8.714845196664992244e+00
3.858936139111417418e+00
-8.061435399738408059e-01
-2.528498306959788167e+00
-9.990236483198184914e-01
1.508906848848220461e+00
1.894404005759572795e+00
-1.376499422260211603e+00
-6.961124240061641544e+00
-1.138300524970469496e+01
-1.135002497162553148e+01
-6.059192436893477307e+00
2.099394618683438019e+00
8.926411714183645429e+00
1.095425274892715528e+01
7.463957622700990058e+00
7.070834225442350629e-01
-5.693987690063766038e+00
-9.001029066407822299e+00
-8.769256609958443249e+00
-6.604984587158333476e+00
-4.644282263639463615e+00
-3.945740285066029251e+00
-3.919193577203244239e+00
-3.073122015893591019e+00
-4.038855255362550079e-01
3.650309850963012082e+00
7.374685081591400682e+00
8.900356217944448645e+00
7.453189667716569211e+00
3.860506794337849712e+00
1.424376694137907684e-02
-2.284917676607785886e+00
-2.308778942712101490e+00
-6.192451038832286203e-01
1.492380480064040782e+00
2.854314195299933132e+00
2.964877369090410664e+00
1.979587649183660591e+00
3.187448065490865456e-01
-1.689731920827642675e+00
-3.847106484297126094e+00
-5.857776069821564846e+00
-7.154141588460873891e+00
-7.046482543007522636e+00
-5.174817046335668635e+00
-1.933236929180666586e+00
1.519041404905316917e+00
3.783832069096847217e+00
4.011943048442617510e+00
2.439267065958921510e+00
2.755462447462070363e-01
-1.032613601186249674e+00
-7.074598509644746125e-01
8.858244881264787374e-01
2.528864642324096579e+00
3.022025753711472085e+00
2.045359729739439913e+00
4.004367532283418241e-01
-5.623037361003668799e-01
4.634642491908297357e-02
1.919801709860097905e+00
3.656112641165757626e+00
3.687323748791277112e+00
1.429717388198243011e+00
-2.163180408479922878e+00
-5.100549316598195659e+00
-5.642828950524123144e+00
-3.524765580240938778e+00
-2.333499921540151956e-01
1.935486302844600104e+00
1.466288420375053470e+00
-1.224735069980100732e+00
-3.936283951557391525e+00
-4.129850576167728882e+00
-7.575812258019225531e-01
4.791943663151313260e+00
9.365667202981372341e+00
9.992583535099790026e+00
5.856595099612792232e+00
-1.038958486199933695e+00
-7.016950744123658268e+00
-8.974105143400706197e+00
-6.263428842488997894e+00
-9.749630287775521431e-01
3.542796759467472967e+00
4.890749539593326034e+00
3.054868161916575175e+00
1.400697339970973787e-01
-1.321292696391748622e+00
-2.267540956465239343e-01
2.399749244419839389e+00
4.318076026179404003e+00
3.856094309004350240e+00
1.216166703040312713e+00
-1.666578641798780014e+00
-2.596659494829829384e+00
-8.158499471474435216e-01
2.343178664924879584e+00
4.344648886387324715e+00
3.245826318374123609e+00
-8.891499884361037109e-01
-5.961028371144286631e+00
-9.191690951980248769e+00
-8.888609876652250108e+00
-5.399038069187350075e+00
-6.716762530838340517e-01
3.143607561799354855e+00
4.993360586930094769e+00
5.235077783102852322e+00
4.901126401468570926e+00
4.636436377512612061e+00
4.206743853616358386e+00
2.932097992977102496e+00
6.049945928077549162e-01
-1.954958036239043961e+00
-3.260338692161370400e+00
-2.223498546365208384e+00
8.816837937762449506e-01
4.352351807251634064e+00
6.024219329194765216e+00
4.640400341410909846e+00
6.769231097218186832e-01
-3.936972281669066653e+00
-6.987241788342073434e+00
-7.225625015492195047e+00
-4.911526728861620228e+00
-1.418152387143108761e+00
1.673669272715002210e+00
3.319907401241716460e+00
3.204405375298802205e+00
1.502629485319504798e+00
-1.360250761867174640e+00
-4.688578523704219236e+00
-7.380653464309983036e+00
-8.079935351442173896e+00
-5.821942289301927254e+00
-8.731866638242733458e-01
4.919703012773846140e+00
8.792012226905145056e+00
8.571557642729189297e+00
4.147890859355212179e+00
-2.161681014308642457e+00
-6.791104278656815652e+00
-7.043426290867785156e+00
-2.806867607567260947e+00
3.312227795406756492e+00
7.607470471813225110e+00
7.616685942366433260e+00
3.641256236717243411e+00
-1.569900151722473325e+00
-4.730470268599200168e+00
-4.191823142082376386e+00
-8.987962196027936557e-01
2.474309041968391298e+00
3.522416250800075588e+00
1.789076964030313910e+00
-1.043969711807510192e+00
-2.521227720396861383e+00
-1.282310633587649962e+00
1.935089082396740157e+00
4.851000425003647365e+00
5.298276289466549827e+00
2.741747421791366435e+00
-1.423277911736382295e+00
-4.944918910077673146e+00
-6.308128960809696650e+00
-5.657271359004895750e+00
-4.411224338635361342e+00
-3.939479687237810612e+00
-4.364675338240786573e+00
-4.435463204337637855e+00
-2.581708127737496028e+00
1.647116979546649596e+00
6.872260645893821795e+00
1.050447069965509961e+01
1.033271746033954841e+01
6.015346997450936151e+00
-5.505600208449353827e-01
-6.252381452006712692e+00
-8.523138068636313847e+00
-6.725557159280501907e+00
-2.335994395758126174e+00
2.089065997168122912e+00
4.428860609834439188e+00
4.047197085057928412e+00
1.831195167885757424e+00
-6.315125918882884548e-01
-2.092942288042789922e+00
-2.246219061188224675e+00
-1.631641720362195791e+00
-1.070518299971288556e+00
-1.085338602304609434e+00
-1.655735442797072299e+00
-2.357456311709328567e+00
-2.684412426153227837e+00
-2.312019695745998860e+00
-1.190049466062215622e+00
4.941675716580515854e-01
2.388913060404776800e+00
4.046654879415670258e+00
5.014305581894710429e+00
4.970686415054267115e+00
3.871185322232756132e+00
2.007497249486805746e+00
-7.928261938488168070e-02
-1.794808257554922015e+00
-2.680038147980623453e+00
-2.494803707413560723e+00
-1.205404874372323354e+00
1.023570978730611758e+00
3.758170526953368729e+00
6.207009383833331562e+00
7.300687822578567854e+00
6.080326855782740125e+00
2.301312580033576971e+00
-3.113316849711414758e+00
-8.197275221163559777e+00
-1.078729595452918311e+01
-9.731882172535115672e+00
-5.725836609628376372e+00
-1.115834960126647957e+00
1.389212065736969315e+00
4.100205197004861413e-01
-3.100489834446586102e+00
-6.317791245630304253e+00
-6.327400740437123972e+00
-2.145935011451128638e+00
4.391905662792960463e+00
9.610036963900220996e+00
1.033323537458599617e+01
6.094615200227972984e+00
-3.361808714032199497e-01
-4.612946800218617582e+00
-3.687743873182816934e+00
1.996892869469069520e+00
8.568670058634232589e+00
1.116398623006006474e+01
7.232657577576399710e+00
-1.504175582776447362e+00
-9.875771741257135972e+00
-1.248291873090544080e+01
-7.282544775215397337e+00
2.854529835352916933e+00
1.175236931502556459e+01
1.377219564540165564e+01
7.434620095258983596e+00
-3.556260285206957583e+00
-1.260333149801086350e+01
-1.437219373803254285e+01
-8.132569423042003365e+00
1.863035763533039457e+00
9.170286061062990157e+00
9.262513811788448237e+00
2.295458899927117713e+00
-7.189498439718023270e+00
-1.330336925688364147e+01
-1.251800325036432149e+01
-5.652066347399454571e+00
3.004092095253698247e+00
8.641841908185082133e+00
8.903185142359914650e+00
4.970739889266783784e+00
2.865338491367505069e-01
-1.987909014285671461e+00
-9.457895568970937639e-01
1.894141269098743807e+00
4.088252539793537643e+00
4.170775305847652881e+00
2.554954087614470737e+00
9.025065156243856634e-01
6.032474311438161818e-01
1.609358624672726279e+00
2.507830097885167753e+00
1.720940949178942025e+00
-1.131649359267299371e+00
-4.770671579977375565e+00
-7.057055326610874424e+00
-6.470901349990161755e+00
-3.196337912134399328e+00
9.597686108874317057e-01
3.744120829400914729e+00
3.896647579782484883e+00
1.875497244124750162e+00
-5.755327296435599482e-01
-1.656605287271008420e+00
-6.751695264794923546e-01
1.606055423391955506e+00
3.586521818932215222e+00
3.923791081224301536e+00
2.369052636773164799e+00
-1.473370570146527725e-01
-2.147307685413023304e+00
-2.495522914300463579e+00
-1.009374833154087270e+00
1.505071130039796090e+00
3.725644573982071162e+00
4.486455842553181306e+00
3.310923806011949910e+00
5.951536287084822074e-01
-2.594212738460374368e+00
-5.001445126463246460e+00
-5.744261023603661087e+00
-4.718411410111435167e+00
-2.640604315890199949e+00
-6.679113819871027591e-01
2.460736107385350091e-01
-8.993309156229295498e-02
-9.868669177647312329e-01
-1.321538648413743910e+00
-3.090207404662091983e-01
1.889706586330966775e+00
4.156471928662378801e+00
5.060162887827618583e+00
3.764642601279501566e+00
5.999045383187464608e-01
-3.098620924513474151e+00
-5.781679531732668131e+00
-6.569167563182919167e+00
-5.627663392672666021e+00
-3.822193359934853873e+00
-1.959246855873591819e+00
-2.322106687931491109e-01
1.698831457204309503e+00
4.084842220943624369e+00
6.480327598440546844e+00
7.738696668090820907e+00
6.742021713460622401e+00
3.382227468586538777e+00
-9.833797588379721288e-01
-4.087942352892870446e+00
-4.098087440489951661e+00
-8.927606064113200457e-01
3.639349565495512806e+00
6.607285716398298980e+00
5.877399113698165145e+00
1.475827152286637300e+00
-4.305965928996055680e+00
-8.231883627244949153e+00
-8.073998385055512372e+00
-3.981070984310548955e+00
1.593243876990180219e+00
5.354266178235729257e+00
5.116080126467905664e+00
1.061499264004837961e+00
-4.402722810503648887e+00
-8.046301609414033607e+00
-7.609541556583297783e+00
-2.979770121635480606e+00
3.821300049952344846e+00
9.710837653610006726e+00
1.202459578939269491e+01
9.655160173559275805e+00
3.399065129584411871e+00
-4.496453966778762634e+00
-1.127190925447627379e+01
-1.466677649582785570e+01
-1.366929228683196662e+01
-8.809710049860836278e+00
-1.932930487234589378e+00
4.485587234567120163e+00
8.270739445885082475e+00
8.384913825600317949e+00
5.307019806865349132e+00
7.474065720307754290e-01
-3.198085603563479040e+00
-5.046555340700382253e+00
-4.562511622839956260e+00
-2.696229146735880100e+00
-8.843502354835424129e-01
-1.390956636717928241e-01
-4.695915235515913944e-01
-9.683596488009810210e-01
-4.866428609849929865e-01
1.533552540295585853e+00
4.590116646448740845e+00
7.307941866151050903e+00
8.183009970121910115e+00
6.459660082987188190e+00
2.643116497302652412e+00
-1.647454221576569955e+00
-4.425812299944600348e+00
-4.314297833889841449e+00
-1.261322374442631844e+00
3.362313052360073939e+00
7.356867553143805694e+00
8.718144988175088983e+00
6.618709851160933688e+00
1.866116884157694944e+00
-3.420905320775216030e+00
-6.811542525883943711e+00
-6.779481178003454289e+00
-3.523338538574762424e+00
1.072255636000910117e+00
4.377894439541623051e+00
4.412967854007042057e+00
9.491863082032221399e-01
-4.313411267828828777e+00
-8.648430002122010407e+00
-9.815536332704974498e+00
-7.328464032247878457e+00
-2.724053900872580591e+00
1.357394309772419927e+00
2.757452988677672412e+00
1.101183633552459629e+00
-1.991277821797746483e+00
-3.937482748260439536e+00
-2.850751249108366636e+00
1.205895083786417299e+00
6.172823457339001507e+00
9.215409846159326790e+00
8.475554589756042034e+00
4.263244173298286199e+00
-1.070254986921845175e+00
-4.519906523145824195e+00
-4.228115208484947374e+00
-5.907376806748860787e-01
4.007685350906671218e+00
6.651600196470213611e+00
5.635193555854725034e+00
1.425071320024597910e+00
-3.704416312025057501e+00
-7.078285723822687281e+00
-7.165021875149698793e+00
-4.326144177511958233e+00
-3.935412995728644336e-01
2.553934523079865127e+00
3.386886068098729830e+00
2.372703696906511173e+00
7.054136467404110711e-01
-4.464838260928114533e-01
-6.842791344947242171e-01
-4.550428895563144449e-01
-5.107707815593758305e-01
-1.220668900364888732e+00
-2.253387377430724037e+00
-2.825056530262342935e+00
-2.281965856055085506e+00
-5.681399230068979733e-01
1.743865726731711918e+00
3.831169166565039141e+00
5.087700603801719623e+00
5.339929694033289209e+00
4.715378211300805589e+00
3.364779434655961854e+00
1.342671306271786991e+00
-1.220265420614231378e+00
-3.821590763194003593e+00
-5.509809747619119236e+00
-5.245368375002486871e+00
-2.570629152374137139e+00
1.854553832532422231e+00
6.309030091609470148e+00
8.771219110931943064e+00
8.007307485366915500e+00
4.320593285854984700e+00
-5.574059272800815368e-01
-4.431224264125099843e+00
-5.894091540073350899e+00
-5.083271301179170365e+00
-3.450039322600045200e+00
-2.693062452182815036e+00
-3.561364849509674357e+00
-5.330220425774642834e+00
-6.310566312488679941e+00
-5.056242535342557964e+00
-1.450828396622516614e+00
3.079258035300592500e+00
6.398015613354314013e+00
7.000254258995644463e+00
4.960755216272529466e+00
1.841916581885445492e+00
-3.899734356575964012e-01
-7.064274836762882703e-01
3.118811855402675026e-01
9.592698078485255575e-01
-2.661041011101181186e-01
-3.409560094497108285e+00
-6.797156747110710384e+00
-8.029554494032346668e+00
-5.629639027570028098e+00
-2.390828201790990981e-01
5.510265316715591055e+00
8.479821406663127448e+00
6.976742933010317671e+00
1.918641049282362676e+00
-3.598240350760323558e+00
-6.132875402618448213e+00
-4.025297811656020741e+00
1.519740689550065138e+00
7.095890333219298185e+00
9.120354712335068115e+00
5.983902481473320378e+00
-9.831316959328213478e-01
-8.291838020996863179e+00
-1.230944856810271659e+01
-1.127216070746948517e+01
-6.125880514544113531e+00
2.063791458810790846e-01
4.579755652911172703e+00
5.315528923360210101e+00
2.891700691802387091e+00
-6.110554223821289543e-01
-2.825621389953181239e+00
-2.356315081818924462e+00
6.593213132468229709e-01
4.828927888859896100e+00
8.315461891444728693e+00
9.698744320257855378e+00
8.519839634979424758e+00
5.369769528819400506e+00
1.569262251379340611e+00
-1.418113805315705855e+00
-2.639291771114779195e+00
-2.115345969860779274e+00
-8.583644642232249877e-01
-3.331935037497902874e-01
-1.559764621277323071e+00
-4.350884247441341834e+00
-7.226958781700418832e+00
-8.209833989582152824e+00
-6.117004264104524580e+00
-1.538605516403975138e+00
3.249304249754553897e+00
5.549726129094231908e+00
3.979859351222168051e+00
-4.669902224326338835e-01
-4.848720549747233655e+00
-6.057226164318511685e+00
-2.865946681056752432e+00
3.127570239769451810e+00
8.377411374433206603e+00
9.599562524967991450e+00
5.902920898168217967e+00
-5.724485626990010179e-01
-5.957699944555565175e+00
-7.058202955948355672e+00
-3.290144356006758919e+00
3.081262576434560252e+00
8.476804110990000751e+00
1.021804811524588885e+01
7.951723421727717067e+00
3.454066652216516431e+00
-8.542966889804759489e-01
-3.514774302942717199e+00
-4.644695886380958427e+00
-5.287540913575751844e+00
-6.189055810728921969e+00
-7.049420757467311560e+00
-6.831332391947892546e+00
-4.810140836521290986e+00
-1.446874505816296841e+00
1.688318064953923558e+00
2.947751611886984424e+00
1.821270928456034888e+00
-6.142245071496510445e-01
-2.397961976131445905e+00
-2.057652064619922783e+00
3.473144089898267395e-01
3.278544084189336516e+00
4.831130896907649408e+00
4.096501800761272349e+00
1.791779123389114936e+00
-2.863148646305750944e-01
-5.758249148509616555e-01
1.112403335238935975e+00
3.431168007006152099e+00
4.406738782136773835e+00
2.782955064576222881e+00
-1.106245219171984040e+00
-5.487576391531167275e+00
-8.183974206380167260e+00
-7.853556659932182882e+00
-4.688335855011392717e+00
-2.274984815042052633e-01
3.511277762472292174e+00
5.033355174160635492e+00
3.973474914936419022e+00
1.078878203734233487e+00
-2.305830996955610335e+00
-4.915405776051414044e+00
-6.059686749148066376e+00
-5.744469765252996574e+00
-4.431016936338547652e+00
-2.625787595255443918e+00
-5.716175166715120604e-01
1.753610663575968731e+00
4.328031518777571307e+00
6.708572826544344281e+00
7.945927107204238560e+00
7.010086602804040723e+00
3.572830281545862796e+00
-1.373494629566648584e+00
-5.635678802289682210e+00
-6.853184416613033569e+00
-3.962764683004081689e+00
1.847218775355346621e+00
7.484008563162785954e+00
9.613371812031596519e+00
6.716242456228610713e+00
1.970344605124887405e-01
-6.310663718382886422e+00
-9.135722174013221064e+00
-6.889498427628181432e+00
-1.359137541249758385e+00
3.680739479331785802e+00
4.978379742938875197e+00
1.937953413771458688e+00
-3.089868333803065692e+00
-6.543117859350516596e+00
-6.161430702734337572e+00
-2.483416818867383746e+00
1.714339454763609938e+00
3.571986692731200730e+00
2.271184230333653797e+00
-4.466790912489568832e-01
-1.727837500790254888e+00
9.991046564489880488e-02
4.137029391348754359e+00
7.489738184943056432e+00
7.395563160582341311e+00
3.315547598809500229e+00
-2.559013940878296367e+00
-6.752415318845772063e+00
-6.833469075688309857e+00
-2.947107502694061409e+00
2.485362182625397764e+00
6.554393744415012435e+00
7.748010565877020639e+00
6.594808780539755055e+00
4.770983938542066483e+00
3.561724310076953337e+00
2.963602861459193605e+00
2.063054148078349304e+00
2.102732240294609145e-01
-2.139102895073325517e+00
-3.701671521627816652e+00
-3.532771043846268721e+00
-2.029996497814613221e+00
-8.072279990217237078e-01
-1.417603927494821336e+00
-3.930368123248171752e+00
-6.597852109392952080e+00
-7.038731161593894115e+00
-4.125571863547611962e+00
8.994183497702405994e-01
5.062346116426633458e+00
5.707262100096661683e+00
2.476509385322241741e+00
-2.298970063736885727e+00
-5.179148444850261157e+00
-4.064532488746415595e+00
2.715976100521380054e-01
4.708769953000043529e+00
5.994879818516798409e+00
3.047739964244377209e+00
-2.301356213968001718e+00
-6.600194566111278860e+00
-7.109320307644120263e+00
-3.503227801974525768e+00
2.158934792096075306e+00
6.969422521474759158e+00
8.964441986842720311e+00
7.933926094297889087e+00
4.940539911490525071e+00
1.261156518745922384e+00
-2.255803579276295601e+00
-5.034587786511178109e+00
-6.313867668401494271e+00
-5.195339679678573575e+00
-1.451330521724883749e+00
3.578610642944317188e+00
7.067838773686869303e+00
6.205137447721373434e+00
3.277870903007871206e-01
-7.934066567688378591e+00
-1.371397942738045295e+01
-1.285826191937423246e+01
-4.905684305867269224e+00
6.094580733320984933e+00
1.380265095939461162e+01
1.358862060942399097e+01
5.653546050773766929e+00
-4.952359516756535740e+00
-1.156056191757527785e+01
-1.023348294287345794e+01
-2.274522296898680906e+00
6.801211140383929710e+00
1.107029200920019640e+01
8.106142272381246627e+00
3.245304157933008860e-01
-7.006646560229255805e+00
-9.510909625374345922e+00
-6.493642505438975476e+00
-9.357165856861824338e-01
3.030730101074700755e+00
3.118045072662114947e+00
1.615791317381261027e-01
-3.032249499155000638e+00
-4.104563559416535057e+00
-2.833120079264911606e+00
-8.693765977280396573e-01
3.082340459406529565e-02
-3.527546281735370326e-01
-6.130078253132373867e-01
7.977822432757823989e-01
3.856265142099033927e+00
6.610911774364463867e+00
6.632285051101422191e+00
3.162638926876369272e+00
-1.845728051997666430e+00
-4.836587274582404561e+00
-3.242792425160183178e+00
2.367433363659146472e+00
8.336924567305139533e+00
1.032439729859324373e+01
6.428249190690643822e+00
-1.255465898062040786e+00
-7.874180875572789340e+00
-9.082779416869437128e+00
-4.061168416150492178e+00
3.850550408796339141e+00
9.361030423403299494e+00
8.741377617921166632e+00
2.217421923853228449e+00
-6.346498631428251436e+00
-1.213767907143107116e+01
-1.251644505265198859e+01
-8.447662388634631370e+00
-3.420464159859736952e+00
-8.113915259972133143e-01
-1.627073800588873631e+00
-4.124052742175536856e+00
-5.369652008169699897e+00
-3.467832352120940875e+00
1.147812735434120990e+00
6.136587284695008471e+00
8.911699119639120426e+00
8.285522002708152201e+00
5.027032159203865369e+00
1.142065278898193093e+00
-1.445042173607121283e+00
-1.874350768166006320e+00
-4.876262220453554397e-01
1.716504620296415373e+00
3.753233771963231380e+00
4.998625315611359810e+00
5.166851963004626569e+00
4.179106358391687870e+00
2.164219873771847880e+00
-4.273583797009310459e-01
-2.818702519982549504e+00
-4.174761092029245724e+00
-4.044084785629136647e+00
-2.660821302731672944e+00
-8.455352008863534774e-01
4.641686649298027989e-01
7.326677795339735511e-01
3.712874791177483980e-02
-1.136830523693629802e+00
-2.293848899345864556e+00
-3.174850661699831988e+00
-3.683023194302035730e+00
-3.645459769617571677e+00
-2.739273651974017731e+00
-7.635723034177261948e-01
1.919660033022139611e+00
4.209507241504501174e+00
4.685075289514979424e+00
2.510044100979772708e+00
-1.744897136407864702e+00
-6.026748914076263119e+00
-7.731058252968981748e+00
-5.219856102307776524e+00
9.793383815463598818e-01
8.124080643761917742e+00
1.254453981710091526e+01
1.162812404314339076e+01
5.376866055019475787e+00
-3.404320186231629464e+00
-1.047151927205941213e+01
-1.235192810578228695e+01
-8.198017417548527419e+00
-2.644999393732183623e-01
7.264478507013706121e+00
1.047713181187959108e+01
7.793124979329237867e+00
7.869642332246140626e-01
-6.661318604334052651e+00
-1.044127295705065706e+01
-8.415012916247748720e+00
-1.572497850021863375e+00
6.491438905256799785e+00
1.151464158149181927e+01
1.088140773823761975e+01
5.045757034346888048e+00
-2.735209208613990306e+00
-8.226601994986507904e+00
-8.584810489140613399e+00
-3.929937038754989231e+00
2.777296725208439288e+00
7.481281282144820466e+00
7.386585796557456618e+00
2.557547425629076887e+00
-4.152630361336648868e+00
-8.775933975525671116e+00
-8.512577941889265531e+00
-3.303719171900155516e+00
4.175854319678451887e+00
1.004326682089445200e+01
1.133849967298071348e+01
7.559686895751299929e+00
8.012148659109490367e-01
-5.494652168692814698e+00
-8.416858779145897529e+00
-7.057361190777615256e+00
-2.824870893221206991e+00
1.494573541360724844e+00
3.366193292915386603e+00
1.926601937198150205e+00
-1.565727993106578175e+00
-4.489266564082311284e+00
-4.421430031857311427e+00
-6.491637747717202700e-01
5.237772054195916738e+00
1.007301099911966347e+01
1.083472781142377173e+01
6.433301862642479385e+00
-1.477536208092233183e+00
-9.212993905904513170e+00
-1.297236393516766029e+01
-1.089851868334644891e+01
-4.086532566435026048e+00
4.061048242786181817e+00
9.747871195074484518e+00
1.081489988499081001e+01
7.689189575766265605e+00
2.760889820898025704e+00
-1.296683797464574628e+00
-3.116583119568718807e+00
-3.140956918487218807e+00
-2.845855305056402162e+00
-3.379068923531995949e+00
-4.646312750309510520e+00
-5.472960461688719747e+00
-4.637535027262871701e+00
-1.940469441737216805e+00
1.510967405276771425e+00
3.997263240628063485e+00
4.317893993342118542e+00
2.519304472035902354e+00
-2.734978976640683457e-01
-2.717477737142070193e+00
-4.100556276495222363e+00
-4.548808497818321861e+00
-4.524324418080059473e+00
-4.133155030365005977e+00
-2.900967903176062013e+00
-2.566170537041227995e-01
3.667588531658031670e+00
7.637690716178918038e+00
9.782121113266068591e+00
8.714620048326844781e+00
4.554376756236591106e+00
-9.259587602937664474e-01
-5.217460713615930779e+00
-6.501475870725889727e+00
-4.657136748949769256e+00
-1.200396143286659445e+00
1.766166757683607758e+00
2.858932172378280789e+00
2.116132991539261710e+00
7.066158623202491995e-01
-5.028123024228114968e-02
3.785178548702744505e-01
1.464516921069499045e+00
2.100067172298796248e+00
1.413261825431299634e+00
-6.686191540758124052e-01
-3.426473849800562022e+00
-5.810275999257136448e+00
-6.967423997367615307e+00
-6.515250107798531864e+00
-4.515243438711990187e+00
-1.339402237434984766e+00
2.382347508460702645e+00
5.741308688900248036e+00
7.641803626126547400e+00
7.159740561756480659e+00
4.080422698414215787e+00
-7.232620159320564124e-01
-5.434812777204324874e+00
-8.044082481232662118e+00
-7.370840211364391159e+00
-3.771412084425280753e+00
9.505511360406815324e-01
4.461069100157379452e+00
5.160002438860561647e+00
3.064860201013325014e+00
-2.218067968280721391e-01
-2.468467568437150206e+00
-2.149194320347678211e+00
6.281267558060250611e-01
4.160919953496005519e+00
6.154736694682177323e+00
5.109098390761321440e+00
1.260260990638805367e+00
-3.500858945002195632e+00
-6.711525522837838764e+00
-6.782616263232414511e+00
-3.924835994443355069e+00
2.669915802021161078e-02
2.789142697222601885e+00
3.062710481692826114e+00
1.285852790802343382e+00
-7.826672864540058505e-01
-1.362764651178799635e+00
7.859075312605867669e-02
2.501180292769640712e+00
4.157958764920016925e+00
4.020783530166339048e+00
2.668028776975307714e+00
1.878705549068269809e+00
3.138206852483424125e+00
6.159554067909509989e+00
8.655375563792036431e+00
7.767918023199380073e+00
2.304499202472520381e+00
-5.843556745594499446e+00
-1.234478954910725079e+01
-1.300347306045381757e+01
-6.677579652537214194e+00
3.510517916572659658e+00
1.173194865235406859e+01
1.298343302073484828e+01
6.343445802042575465e+00
-4.274939705773368459e+00
-1.251393715607982671e+01
-1.362174051021231591e+01
-7.495513618170035919e+00
1.334263520512676937e+00
6.783463939994025083e+00
5.283565585357562711e+00
-1.902994216093673474e+00
-9.651246982368000715e+00
-1.250431522235009574e+01
-8.323040119251880142e+00
3.991484234831321753e-01
8.343061106310804220e+00
1.093754778058733024e+01
7.224594796940977837e+00
1.662537840387765531e-01
-5.607674036549176400e+00
-6.892070510036008457e+00
-3.708555874381953998e+00
1.229888960094772665e+00
4.737926074133588017e+00
5.331759395721308081e+00
3.875049854735476806e+00
2.472848588818452598e+00
2.657714356489234486e+00
4.278789253319851049e+00
5.806785685723162338e+00
5.638135581309927424e+00
3.301813078417153768e+00
-3.077918057938908714e-01
-3.703821054943777558e+00
-5.862655273823172308e+00
-6.736707688716673914e+00
-6.942464569040740052e+00
-7.024779620816635095e+00
-6.964931358807283424e+00
-6.293287973869006180e+00
-4.612336060066997590e+00
-2.022456934036648057e+00
8.966942271250528673e-01
3.458974914399515210e+00
5.212928376162568433e+00
5.967210980859682934e+00
5.586701103938365165e+00
3.905403550340552865e+00
9.792606734018325376e-01
-2.505213250608144371e+00
-5.147580547223099323e+00
-5.408087930127232212e+00
-2.629424140720931113e+00
2.207057675674864328e+00
6.690967388475407063e+00
8.242161976644588606e+00
5.701988759427555564e+00
1.813860741236112961e-01
-5.486800422781799469e+00
-8.399180404385354848e+00
-7.263643114553985036e+00
-3.014309328048987879e+00
1.974504429966557062e+00
5.429862312096069843e+00
6.370502425364670707e+00
5.220168050208652488e+00
3.004409548736124869e+00
4.595504898545156314e-01
-2.188790821046352697e+00
-4.729471821893986849e+00
-6.415065823912462051e+00
-6.097137301554742095e+00
-3.139314341643631323e+00
1.624240801377711652e+00
5.867728657634186717e+00
7.040481342539314014e+00
4.193797519856566680e+00
-1.007117112716090279e+00
-5.059598148586306188e+00
-4.896725733549124548e+00
-1.518409425308924199e-01
6.280869559138981373e+00
9.992385518906436559e+00
8.057669011826813943e+00
1.222914756929930125e+00
-6.343569414603961398e+00
-9.707913035688630288e+00
-6.488207234287052039e+00
1.449446768200870483e+00
9.129809378471312797e+00
1.171011745309887608e+01
7.638416324801109880e+00
-3.948295339939743576e-01
-7.309967282921446596e+00
-8.989198684268959738e+00
-4.858444654474688207e+00
1.955777188889558538e+00
6.855183618261271761e+00
6.776115043749025624e+00
1.975048098783372730e+00
-4.441384414587227880e+00
-8.717623922427975458e+00
-8.798576527346238407e+00
-5.334818042624410062e+00
-8.974475380555815285e-01
1.852033307347702218e+00
1.753236262593919736e+00
-4.210428450453347349e-01
-2.737280377501534634e+00
-3.391130403078030486e+00
-1.673326256938789225e+00
1.842465760229162530e+00
5.792900004931505364e+00
8.769701353893573526e+00
9.898484761450234259e+00
9.055263828925617986e+00
6.742321552401223883e+00
3.754325581064350992e+00
7.945013974157024705e-01
-1.792776789121425463e+00
-4.032357303274625160e+00
-6.045635665773104961e+00
-7.666397035103488022e+00
-8.266923028001514240e+00
-7.047062208863573929e+00
-3.713616480296904498e+00
9.061682648862712242e-01
4.888368814302833876e+00
6.102568595982240218e+00
3.558511536591160151e+00
-1.678752885887209167e+00
-6.779957593900082458e+00
-8.683985465397062953e+00
-6.002844874077540638e+00
-3.195561135488356186e-02
5.920435010118264785e+00
8.562113210766371552e+00
6.701245182662036726e+00
1.964153994779751944e+00
-2.383032295877713480e+00
-3.722192647478762773e+00
-1.888250050930258439e+00
7.912763063999279645e-01
1.267832838579875832e+00
-1.894940816561521579e+00
-7.296696262879459383e+00
-1.148737317363377741e+01
-1.125274828910587033e+01
-5.829407177960368003e+00
2.470287786396008212e+00
9.636833162005213893e+00
1.239413319079390696e+01
1.006208570752380815e+01
4.691809984232113706e+00
-4.732651856399452406e-01
-3.069634628190723191e+00
-2.845852812451095559e+00
-1.384460807909235536e+00
-7.109010616292186224e-01
-1.854216414312541916e+00
-4.292120513160019080e+00
-6.484206804948469127e+00
-6.959020299345270999e+00
-5.175709868702345062e+00
-1.700021923133497648e+00
2.223916349485500987e+00
5.291104378191686664e+00
6.582117679683068268e+00
5.758622428381085179e+00
3.128149120430903984e+00
-3.439367216605091482e-01
-3.173173161265868902e+00
-3.803945208969908620e+00
-1.336748833802054115e+00
3.805677887289298233e+00
9.756024580059005302e+00
1.388355530925461956e+01
1.404237547580118850e+01
9.721792983289367029e+00
2.406643092454781474e+00
-5.108597250556650593e+00
-1.008340849269885808e+01
-1.110676291151382777e+01
-8.605369364815368627e+00
-4.395091894765993601e+00
-6.361658443614108815e-01
1.183345389212713927e+00
7.483759325320638034e-01
-1.209434028476199519e+00
-3.441013403423010431e+00
-4.775854017031795351e+00
-4.544259966224394987e+00
-2.744225146187431630e+00
2.980138923588349087e-02
2.849508447678943401e+00
4.832443777353061520e+00
5.502652341102509226e+00
4.953014403023303203e+00
3.695795774125635536e+00
2.274793196839947740e+00
9.022693729607638158e-01
-5.939086420659951404e-01
-2.439907414883871972e+00
-4.447005275491090259e+00
-5.818876431311466924e+00
-5.496940266020652111e+00
-2.899747250825078559e+00
1.450447396871237249e+00
5.934718300344850483e+00
8.601368775392103316e+00
8.262053459643055930e+00
5.205640748717397237e+00
1.027528881297478769e+00
-2.338290913582869557e+00
-3.748671787843564474e+00
-3.402053566611469737e+00
-2.488351468385957777e+00
-2.246008034054030933e+00
-3.113405350576930797e+00
-4.528368471984309807e+00
-5.417148185293410023e+00
-4.933723935971390695e+00
-2.916441940637398478e+00
1.552076758252257660e-01
3.501836596430277559e+00
6.321213942256131091e+00
7.843152142269190108e+00
7.339001813288300369e+00
4.370901171511659022e+00
-6.979986105030792087e-01
-6.324651226390576753e+00
-1.007457957983133134e+01
-9.745277928157875635e+00
-4.807558282353650903e+00
2.816148159275051910e+00
9.397411936527714005e+00
1.135087378154881321e+01
7.394793297830860368e+00
-4.939814911323227031e-01
-8.088557361355775299e+00
-1.136998071979320102e+01
-8.903270483443799677e+00
-2.587986809313421510e+00
3.702485427383219729e+00
6.659349761658324596e+00
5.534402328408592808e+00
2.283387984169268137e+00
-1.349914536171555324e-01
-1.018824293814629689e-02
1.951147705076038630e+00
3.334936806542076138e+00
2.019474641059193054e+00
-2.049116212080665189e+00
-6.628016218529535486e+00
-8.672000672536320565e+00
-6.476716807250038066e+00
-9.417583020850588404e-01
4.932620902059676737e+00
7.952488073930887857e+00
6.725988782764498630e+00
2.427976582789149518e+00
-2.092916953096414012e+00
-4.170746561896576665e+00
-2.880622762926138503e+00
6.426446220536410348e-01
4.164144507237161008e+00
5.809081336888422875e+00
5.049081978922389524e+00
2.705146115325898659e+00
1.722161721825374858e-01
-1.483897132970938504e+00
-1.977077756469188152e+00
-1.654678279005855401e+00
-1.037228538095109398e+00
-4.533005359177299520e-01
1.258719655083057054e-02
3.369679267015494029e-01
3.778472161445998734e-01
-1.220441523473307366e-01
-1.351575555505500459e+00
-3.212408403754555053e+00
-5.224937379962234729e+00
-6.632258928701655343e+00
-6.670718339901718252e+00
-4.907291107702040911e+00
-1.512990856041868337e+00
2.663875050752631424e+00
6.321509584015368333e+00
8.206281747121680681e+00
7.699567284436227510e+00
5.171760585855300185e+00
1.840081875582030957e+00
-8.648927637166908822e-01
-2.079415411748423814e+00
-1.929818624960641271e+00
-1.287194149342047567e+00
-1.004104103540795601e+00
-1.195267962263530270e+00
-1.145173040970135947e+00
2.054758587790017632e-02
