3.293021144170246384e+00
1.213928175809373933e+01
1.802849692350491750e+01
1.644902345891667395e+01
7.015420460677425751e+00
-6.039873277188815948e+00
-1.632648413238027274e+01
-1.907775553095727972e+01
-1.379654009376161383e+01
-4.165821272499387717e+00
4.497309902577164564e+00
8.408571114292906046e+00
7.068218000462393569e+00
2.738997895714452735e+00
-1.594357022065767460e+00
-4.144074132851502057e+00
-4.860575678701772873e+00
-4.566911651548640094e+00
-3.726296501663220795e+00
-2.002510838988527553e+00
1.059729743496281129e+00
4.957342481174241478e+00
7.876750795536930028e+00
7.616810904366644763e+00
3.251819280809010948e+00
-3.726938571564835989e+00
-9.818652235414598195e+00
-1.143240246448895903e+01
-7.154344114525388321e+00
1.156213441963364730e+00
9.256940988742426768e+00
1.292196430029503418e+01
1.037846407012790984e+01
3.280699666743585041e+00
-4.338367384674845617e+00
-8.435979090319802864e+00
-7.187529959573547345e+00
-1.799487470168309899e+00
4.427402507596440273e+00
8.077103694406581269e+00
7.426351834247833850e+00
3.127510847469456401e+00
-2.431406580748693980e+00
-6.549581143567266395e+00
-7.568689502167124772e+00
-5.505844373386207913e+00
-1.791528396644118670e+00
1.605132934934646372e+00
3.161112148041753223e+00
2.436309166453821007e+00
1.247711861323432814e-01
-2.438186414892272502e+00
-4.030662112447587653e+00
-4.158363089631679443e+00
-3.192842868705441095e+00
-1.957587347025091962e+00
-1.029689332205588448e+00
-2.472164437965669315e-01
1.172771478757671071e+00
3.901520145411426554e+00
7.630982647003275332e+00
1.076386206568494330e+01
1.107335083717260460e+01
7.086406721142255449e+00
-6.605257501414787402e-01
-9.427002628601453438e+00
-1.547807674070744000e+01
-1.610874244795601840e+01
-1.125423686561565262e+01
-3.605758970076158754e+00
2.935890142293808847e+00
5.539460460617899429e+00
4.005004041051449803e+00
6.106544932216786403e-01
-1.604615847961468944e+00
-9.150683936296953869e-01
2.083296135934949334e+00
5.164152049701404401e+00
6.266781468936223121e+00
5.022075640541723729e+00
2.878173549588355140e+00
1.782706421202603142e+00
2.495665978175817479e+00
3.903180382448296903e+00
3.933066409263181740e+00
1.402249731146629763e+00
-2.676013017998837284e+00
-5.481120831785984748e+00
-4.372731700675549504e+00
9.012156158641293491e-01
7.479135585807812348e+00
1.090036976881105346e+01
8.022542674657941575e+00
-5.997317781388755709e-01
-1.059455623499312438e+01
-1.617467313808651141e+01
-1.361769556435307216e+01
-3.609287065040922116e+00
9.053076953627940071e+00
1.818580728095836108e+01
1.962630341540062773e+01
1.323889028842158133e+01
2.474193973621554576e+00
-7.935687068862146809e+00
-1.448605678142018327e+01
-1.610178901833888432e+01
-1.366047062696165959e+01
-8.671214553918408896e+00
-2.335908779501614685e+00
4.397033501103921438e+00
1.020464074939618015e+01
1.316265021235189892e+01
1.152154772316040798e+01
5.101712668717698129e+00
-3.832789916755662496e+00
-1.120663215049397365e+01
-1.321997281745701258e+01
-8.673020298291259422e+00
6.611542253503199795e-02
8.266658671790954926e+00
1.158327870934062886e+01
8.618160712905126530e+00
1.626405146987786488e+00
-5.089895398842712915e+00
-8.007159111515896655e+00
-6.530136530340365120e+00
-3.066504953270102085e+00
-1.068153091560650747e+00
-2.461020895954094900e+00
-6.256887061724794918e+00
-9.274901794003831412e+00
-8.427014233411966870e+00
-2.965551112710713255e+00
4.843490219985024936e+00
1.105821537058521642e+01
1.249482413764357247e+01
8.653332147114149109e+00
1.926545150425071018e+00
-3.955296567246890049e+00
-6.170303884204042077e+00
-4.308806212703212069e+00
-2.820591179855961306e-01
3.145778125270824788e+00
4.144658315504003099e+00
2.773873064598559424e+00
6.004324815306776308e-01
-6.170370449310647043e-01
-2.091192116118324451e-01
1.020759250529549522e+00
1.508753866596264537e+00
1.842253925939192349e-01
-2.640453945623679299e+00
-5.382564546974290209e+00
-6.248925882793544773e+00
-4.526678857712528981e+00
-1.198774980923253297e+00
1.601746543720051985e+00
2.009664257339746296e+00
-2.005381732488470403e-01
-3.256871724259368772e+00
-4.406717623467941713e+00
-1.760168268678888204e+00
4.209824826546327614e+00
1.056823480923269898e+01
1.344316444006621758e+01
1.034344889637274356e+01
1.851050783156293900e+00
-8.421082809275349135e+00
-1.566614563777020841e+01
-1.644887516551910522e+01
-1.047088895881357473e+01
-5.275021615411183973e-01
9.195687737179218502e+00
1.532527006210044540e+01
1.664688509729457877e+01
1.396073073390631514e+01
8.888060087618336880e+00
2.716419243346097190e+00
-3.860472088412922442e+00
-1.012987407934768136e+01
-1.469399166249340638e+01
-1.563429660912082220e+01
-1.165329210757537481e+01
-3.394644740458463872e+00
6.217900577146352248e+00
1.319146761028764026e+01
1.463779381669109192e+01
1.048151550875323146e+01
3.452040103914860047e+00
-2.738708683639324626e+00
-5.810146685287675083e+00
-6.205724566837202971e+00
-6.317418623576466885e+00
-8.210033656203657770e+00
-1.157351633616862152e+01
-1.354295172534452618e+01
-1.069122078882261206e+01
-1.855822105417964885e+00
1.028089514719242104e+01
2.018643463822238004e+01
2.261103061896288224e+01
1.587903891579271587e+01
3.145871080047617063e+00
-9.276337420503310227e+00
-1.549870636457470852e+01
-1.328614406710371831e+01
-4.969850310557870188e+00
4.361909576301318481e+00
1.005581631866414583e+01
1.037696928684521502e+01
6.858849880284821232e+00
2.620505660654597335e+00
4.316768984375851659e-02
-5.802954650513673096e-01
-6.878335987524859529e-01
-1.905189779699961949e+00
-4.580726092902080104e+00
-7.445764226617197501e+00
-8.541769375867929170e+00
-6.660245703954830176e+00
-2.259068457137396457e+00
2.740207986210267510e+00
6.089185141192595907e+00
6.523769503800433966e+00
4.446844574061894484e+00
1.614257455328144797e+00
4.735712594416852106e-02
8.040914017593827623e-01
3.292101048078539094e+00
5.522387536890656534e+00
5.227098593803749971e+00
1.297552453854858179e+00
-5.252307681493300962e+00
-1.145757784972795257e+01
-1.382242893103871495e+01
-1.035290833147574041e+01
-2.040760527155281334e+00
7.251063842827253580e+00
1.271027752038800074e+01
1.135762550411090643e+01
4.014568083216754069e+00
-4.924408291310125030e+00
-1.001016708336736372e+01
-8.121469497530007686e+00
-5.647639789732732396e-01
7.577251876757632232e+00
1.057637745224522163e+01
5.722375287154096490e+00
-4.864172926573326450e+00
-1.548154405686798718e+01
-2.034359973498940022e+01
-1.701476085939084726e+01
-7.564669229522104743e+00
3.163360046642499590e+00
1.079167829823697211e+01
1.383737250589679491e+01
1.376479956270788207e+01
1.293908305062605990e+01
1.229690332142997988e+01
1.063949668616081468e+01
6.060095813580748114e+00
-1.752818815879030989e+00
-1.035263236294811229e+01
-1.566472839814630724e+01
-1.473170434123315253e+01
-8.023096182684938071e+00
5.536210973968491711e-01
6.140567414864091411e+00
6.209235985926079948e+00
2.238000969047138522e+00
-1.505215686961849375e+00
-1.250175840244595715e+00
3.312388074472197186e+00
8.615956282901761298e+00
9.752637747496640586e+00
4.192423330341841670e+00
-6.000555708371637209e+00
-1.513400748538502505e+01
-1.748324059814605391e+01
-1.109959382091451552e+01
7.637546955833647289e-01
1.158536221706715175e+01
1.558142192825169481e+01
1.115547321405161441e+01
1.620140094368254680e+00
-7.116241977232062865e+00
-1.025242914427517427e+01
-6.791038338213651215e+00
3.206809593432901062e-01
6.409514470476649350e+00
8.025647305283394317e+00
4.753458043785218301e+00
-1.032349566779360739e+00
-5.997645234355821309e+00
-7.913031116123705466e+00
-6.681263134412773752e+00
-3.900979266044818594e+00
-1.498248748873748148e+00
-4.321862110342205021e-01
-2.728257741713698836e-01
2.031389491489015708e-01
1.902484244541963188e+00
4.573656282554803276e+00
6.809524794101737832e+00
6.930564586581565045e+00
4.216169568911728227e+00
-3.245401419608688887e-01
-4.249603327815505871e+00
-5.035869858040389779e+00
-1.757272421074740132e+00
3.994476168864251164e+00
8.712295702495268301e+00
8.954958343335244209e+00
3.586989480604345637e+00
-5.199935198560558192e+00
-1.293228504308610916e+01
-1.549185841089927962e+01
-1.170786898420819533e+01
-4.133296410141740651e+00
2.644022508522998027e+00
5.107266585334900633e+00
3.198258346903496196e+00
2.355774022843526438e-01
3.124904007745286094e-01
4.986478819971690513e+00
1.172003178333779161e+01
1.538897432091205886e+01
1.196440787638369585e+01
1.776089358713959676e+00
-1.011700405943764380e+01
-1.695917924490806783e+01
-1.478010779922234263e+01
-5.203273959697598094e+00
5.492115117083973708e+00
1.052975963250323410e+01
7.179292197651613527e+00
-1.486671363630175380e+00
-8.860838940541013287e+00
-9.493352710727656074e+00
-2.892403240509303863e+00
6.230369722600747728e+00
1.138687460375940397e+01
8.927032415987479652e+00
5.635104139479110152e-01
-7.916768328960491097e+00
-1.074137252262038444e+01
-6.095306552539893730e+00
2.807369151319984102e+00
1.011767299465865122e+01
1.136722877157688671e+01
6.260802264711818665e+00
-1.539523883972153229e+00
-7.199739823531092320e+00
-7.909553379547896945e+00
-4.291972962458844520e+00
6.569895869266064725e-01
3.967776472869995352e+00
4.537918610021494992e+00
3.235879876693630308e+00
1.579706201807781651e+00
3.350776408452940114e-01
-7.937104501639439258e-01
-2.310644353879368840e+00
-3.888858481640778741e+00
-4.240136698041943930e+00
-2.129646172095966516e+00
2.297486844597076860e+00
7.075085800102305811e+00
9.402512115801098247e+00
7.459332795398733396e+00
1.746171486852355681e+00
-5.048946558835988974e+00
-9.595409251375215831e+00
-9.816779972698155277e+00
-5.898726803195566859e+00
1.172356415482886938e-01
5.673049813203405733e+00
8.961838936075746886e+00
9.401628608645948404e+00
7.337896837261595806e+00
3.539093726899865011e+00
-1.022792198499931526e+00
-5.128197213036179924e+00
-7.422458088936357612e+00
-6.972735406093707233e+00
-4.008779742835121951e+00
-1.694150383013239558e-01
2.229155648543333701e+00
1.634980952994384840e+00
-1.565993942457204913e+00
-5.127276927568413356e+00
-6.418502066623871016e+00
-4.352230305002006361e+00
-3.283982611703941679e-01
2.634280949351374357e+00
2.089215493487992958e+00
-1.878663730211385774e+00
-6.430692299745683904e+00
-7.794079136288387666e+00
-3.923503360464179579e+00
3.878786425751246103e+00
1.158722957119004349e+01
1.494912593852543381e+01
1.215668179310378605e+01
4.892594813383555952e+00
-2.881079275935813477e+00
-7.449904333789271860e+00
-7.424058421680180153e+00
-4.071698975484874694e+00
4.541089540911685818e-02
2.923037144915010099e+00
4.088145385913694696e+00
4.201900629242732776e+00
3.926737425243552515e+00
3.175574998950698280e+00
1.378006126654503838e+00
-1.576341586021112740e+00
-4.678808227107932538e+00
-6.147693592887442549e+00
-4.623386255746706475e+00
-2.955074528836949543e-01
4.961218587052483642e+00
8.612950487273101530e+00
8.934550771395489477e+00
5.891067279964387282e+00
9.040386950790311182e-01
-4.160479333040765226e+00
-7.933891860648525807e+00
-9.800847579254856612e+00
-9.566891612476148055e+00
-7.162694571038035640e+00
-2.865111270416602185e+00
2.160708270697723421e+00
5.745454198774611498e+00
5.603913297111621006e+00
9.401827372581577080e-01
-6.380150939204259686e+00
-1.227762829149603796e+01
-1.269485179846156342e+01
-6.372034810645794245e+00
3.793179518549237628e+00
1.205363090140481930e+01
1.326243791508530734e+01
6.311238136323746417e+00
-4.826872436109969300e+00
-1.335812413579411029e+01
-1.390159368346856539e+01
-5.931598732787303874e+00
5.892510959451013441e+00
1.475628720218019474e+01
1.604509657719244231e+01
1.010238860174230702e+01
1.604938940482283360e+00
-3.879997221110381922e+00
-3.684646408526986772e+00
4.302996151485408705e-01
3.936109743724798715e+00
3.053140894490552260e+00
-2.443793140424508348e+00
-9.084170435650971598e+00
-1.222041865446999864e+01
-9.338093460090084008e+00
-1.817887518406945624e+00
6.010915818114145992e+00
9.766326124672936260e+00
7.811752750367105591e+00
2.099010327897032013e+00
-3.366201176089035574e+00
-5.248381267939505435e+00
-2.923637236556878349e+00
1.416674380219835827e+00
4.474205656958582189e+00
4.084953189809528595e+00
5.173792768672637044e-01
-3.881401847194014376e+00
-6.286713485701405091e+00
-5.131682238994728529e+00
-9.355261078484189419e-01
4.140084843719177066e+00
7.599401139346182887e+00
7.969566957626700088e+00
5.489601734204906158e+00
1.855559114698970280e+00
-7.638510799374416127e-01
-9.117144597415883789e-01
1.357272159954735491e+00
4.459954009059946323e+00
6.092671106424188743e+00
4.498750667175676732e+00
-4.521327969502000332e-01
-6.998515407914650766e+00
-1.227328991008781678e+01
-1.378386281458726970e+01
-1.077066484076264175e+01
-4.633582311387017150e+00
1.855824160436612580e+00
6.088816426336784104e+00
6.956586047591358124e+00
5.186308132895197431e+00
2.554160408628113554e+00
6.053980973820252132e-01
-2.031987331531911745e-01
-4.074412429306248362e-01
-7.117700075648691893e-01
-1.207771999159395593e+00
-1.315890893967628150e+00
-4.797595944967627535e-01
1.041878457595168506e+00
2.083289030182940760e+00
1.422158713435276445e+00
-1.022758697864861510e+00
-3.673662061011484958e+00
-4.091884621085625007e+00
-7.345063693766045176e-01
5.549698971901842803e+00
1.151867887879536845e+01
1.330951838724501002e+01
8.964614563280694171e+00
-5.046367403425122689e-04
-9.200493082448891968e+00
-1.393656353197640207e+01
-1.209720420015749553e+01
-5.455089203897364847e+00
1.567986825041436383e+00
4.875880976995567551e+00
3.393740415993491411e+00
-3.780637884476367727e-01
-2.343191008738804371e+00
6.524835508886003832e-02
5.833582151933960347e+00
1.089002256969171967e+01
1.090471642904209659e+01
4.451214543685075853e+00
-5.688645189318510376e+00
-1.404931308919516653e+01
-1.587154574523087724e+01
-1.010841335862131807e+01
-5.392237717943215713e-02
8.786144607250227168e+00
1.211525552764827296e+01
9.282910851163432397e+00
3.216150097790972495e+00
-1.920615950901112257e+00
-3.591345430305778574e+00
-2.296613743549189568e+00
-6.878651922065002200e-01
-1.216634428237508336e+00
-4.135786337773931010e+00
-7.310301228649524141e+00
-7.902910785519997816e+00
-4.617739253790213994e+00
1.187678950755986840e+00
6.337857897628760284e+00
7.992095003174758183e+00
5.537228395063980457e+00
8.731478502490013227e-01
-3.049583199009002765e+00
-4.308585314719897141e+00
-3.172899722544805901e+00
-1.560826850078639527e+00
-1.306820096969627532e+00
-2.630661975954959875e+00
-4.003627934599311544e+00
-3.497265285139024904e+00
-5.331999273256711191e-01
3.380377791679303190e+00
5.578707110190611829e+00
4.205460313229581359e+00
-2.531901811089740661e-01
-5.070795195023576341e+00
-7.041622561266671632e+00
-4.687028766156120518e+00
6.730756224443333879e-01
5.775094460031180432e+00
7.606979191426606945e+00
5.397674121663492919e+00
1.013455310735240866e+00
-2.468788444698210682e+00
-2.937406828600315212e+00
-5.984713186745398428e-01
2.411879901206623877e+00
3.767616658355830594e+00
2.681515634217647381e+00
3.274236631140809983e-01
-1.297753813774738418e+00
-1.114723842182574032e+00
1.107555395957079969e-01
4.251265682545436464e-01
-1.557934311788068626e+00
-5.201605387455026097e+00
-7.934364334902281435e+00
-6.992569270783882907e+00
-1.633709870068708270e+00
5.840983384792297173e+00
1.117732386073874196e+01
1.082162976091020035e+01
4.412983430286359088e+00
-4.627649222754840252e+00
-1.095578937760255300e+01
-1.052991445306026819e+01
-3.175543626028730415e+00
7.169251622719144734e+00
1.472091104500525383e+01
1.523456523942272867e+01
8.425664021674650783e+00
-2.008286745452013911e+00
-1.068176088603075158e+01
-1.364051758128993974e+01
-1.040179856581693052e+01
-3.794879651152037070e+00
2.097960496359827509e+00
4.469416795922620977e+00
3.197695971474955101e+00
3.992430187579198986e-01
-1.374147370014778602e+00
-9.681509812333827236e-01
7.429814838159984891e-01
1.763356941748685625e+00
6.859379930882376630e-01
-2.060467847349163328e+00
-4.349413786807877713e+00
-3.823707521006106891e+00
3.132686297965148192e-01
6.457725508701040340e+00
1.138740051212647053e+01
1.223891501543200810e+01
8.399155907904876983e+00
2.013805251225133208e+00
-3.307832909868181126e+00
-4.801686195651878819e+00
-2.351661997496274914e+00
1.454569321761032263e+00
3.112005988725180305e+00
6.604168588634085069e-01
-4.853222460569718955e+00
-9.956953092567539798e+00
-1.104846507490345786e+01
-6.877161102642578072e+00
4.823333728098935236e-01
6.862826535498266267e+00
8.643312807025049338e+00
5.032920434657494724e+00
-1.510613876743770234e+00
-6.951804989766435128e+00
-8.246237379693981850e+00
-5.066582870105493797e+00
3.745250994470872286e-01
5.081198891042164156e+00
7.222325862458779611e+00
6.895977583966910629e+00
5.361282205455443872e+00
3.600904530807554682e+00
1.528438198363645473e+00
-1.489276342588260471e+00
-5.326255433023924013e+00
-8.305779753252672037e+00
-7.890710973848356069e+00
-2.605563291330062370e+00
6.216758173485813721e+00
1.440245076728654361e+01
1.705061096928605835e+01
1.162990103543525322e+01
-3.538549260172274558e-03
-1.219420354013542074e+01
-1.853541623872080990e+01
-1.556317078404584642e+01
-4.793293503839342051e+00
8.153699119368960524e+00
1.673755971218350425e+01
1.699249517904633322e+01
9.297121828758740492e+00
-2.361670361062333967e+00
-1.282573780085091641e+01
-1.825770145080113238e+01
-1.738525020183337233e+01
-1.127437162567246176e+01
-2.327514344121020429e+00
6.653399335679289983e+00
1.303076636822668277e+01
1.478461190195602271e+01
1.116024844325831467e+01
3.329442623985396033e+00
-5.580418212481547791e+00
-1.159888091415854205e+01
-1.189112498726242251e+01
-6.483392382960874833e+00
1.518095678651799618e+00
7.613571215796034686e+00
8.580226448207977086e+00
4.402049636504278496e+00
-1.868962553146861438e+00
-6.246800209978748519e+00
-6.452388147789614337e+00
-3.207619782268904096e+00
6.765035279852209538e-01
2.637084415890206479e+00
2.287171229453276666e+00
1.443461023502747853e+00
2.262499089103394478e+00
5.010235740022372930e+00
7.343717993677859823e+00
5.863253534438500836e+00
-1.084556371723822910e+00
-1.145988103821643556e+01
-2.007832962809249366e+01
-2.155788013549438276e+01
-1.380398521422925029e+01
3.253048421774296095e-01
1.437886755384685955e+01
2.189640218246809766e+01
1.996027924577021651e+01
1.054008202724308418e+01
-1.038629120811088713e+00
-9.325086217195993399e+00
-1.156602488963838660e+01
-8.528732231621507509e+00
-3.200054976278071450e+00
1.431405256818293559e+00
3.968594909628356149e+00
4.761400388116308058e+00
4.926817239074376964e+00
5.208240735581752823e+00
5.500545171938014732e+00
5.179015305715399364e+00
3.756604286662080128e+00
1.289513118738606856e+00
-1.688953830271424428e+00
-4.500140898733500094e+00
-6.583092562745950005e+00
-7.556641211083976017e+00
-7.210125915530162466e+00
-5.593182376250270593e+00
-3.173873126035152037e+00
-8.341067316336640003e-01
4.745216204966105078e-01
2.840191988477482887e-01
-1.038405299389839609e+00
-2.497796646307363311e+00
-3.178971420788091251e+00
-2.936911407602781576e+00
-2.473216698131309066e+00
-2.644296636537761813e+00
-3.505523844530548772e+00
-3.922994988466349753e+00
-2.240387047641268392e+00
2.337976108036665224e+00
8.668910055237269319e+00
1.386516612646761182e+01
1.488202128209708164e+01
1.054549304667307297e+01
2.599621816073448777e+00
-5.095814270235465848e+00
-8.831409774280871261e+00
-7.322582755293894685e+00
-2.454230958122516348e+00
2.030458569185593198e+00
3.013271804013049948e+00
-2.803529095056511711e-02
-4.859724174749749714e+00
-8.153926745058500458e+00
-7.730556026340837050e+00
-3.816430581658546650e+00
1.435301901641491629e+00
5.626127754386949675e+00
7.643589473510767007e+00
7.945082562429097273e+00
7.564579721759071340e+00
6.837721187233321452e+00
5.018818328789598660e+00
1.168226252621261896e+00
-4.436617112088093506e+00
-9.657180536020543826e+00
-1.140143454882494289e+01
-7.660091006487785847e+00
7.431902192479307168e-01
1.008249872207624165e+01
1.564422842040972839e+01
1.451261079224128991e+01
7.400866448470409864e+00
-1.749741564242928149e+00
-8.208063276714186784e+00
-9.345031036984957851e+00
-6.067823908317511616e+00
-1.866814531876008765e+00
-1.759180156597771605e-01
-1.902800035782392207e+00
-4.862550296713099129e+00
-5.519899959791448651e+00
-1.817335873710596683e+00
4.937477993270089627e+00
1.055966239528082085e+01
1.067244255235410932e+01
3.857461853301069610e+00
-6.894348726307380382e+00
-1.557311275890262081e+01
-1.668089129749004584e+01
-8.739256374577287545e+00
4.493089115470406014e+00
1.598886712133932519e+01
1.950653805649017158e+01
1.328006483586135644e+01
1.070237309898593558e+00
-1.008287448197204661e+01
-1.402847047557765769e+01
-9.043894659982786521e+00
1.376040274883507664e+00
1.085481782243362403e+01
1.403932595945084216e+01
9.627086632592503079e+00
7.469455965814137954e-01
-7.323795269085312754e+00
-1.047060517811655522e+01
-7.949631134097462137e+00
-2.266133038686905188e+00
2.888084206040621549e+00
5.047996499820239791e+00
4.128548088537502991e+00
1.775671754842207406e+00
-3.062671025820276061e-01
-1.651630657229079091e+00
-3.019512841961921268e+00
-5.251390017956630629e+00
-8.073614556090165095e+00
-9.915723236986469402e+00
-8.961156897463595783e+00
-4.629377218781251635e+00
1.696073789609479077e+00
7.334008156761333552e+00
9.952388424388352917e+00
9.023712669075408144e+00
6.033695788409841221e+00
3.293740231964967791e+00
2.227743610051043710e+00
2.384406853715433705e+00
1.893939982022304402e+00
-9.602217882634824786e-01
-6.188174358668192099e+00
-1.168808099933179889e+01
-1.433031350527058478e+01
-1.186809835050552309e+01
-4.470376166657088035e+00
5.080008711812165956e+00
1.265759290362605505e+01
1.482480499032850929e+01
1.053691058975852535e+01
1.675591626195819472e+00
-7.802426762738739363e+00
-1.366191124812419133e+01
-1.330376499695564618e+01
-6.951728217736945936e+00
2.426749970317106708e+00
1.047826001938813256e+01
1.353305090453488546e+01
1.041570466817883123e+01
3.043984819913393647e+00
-4.590903756322214591e+00
-8.590688587945516375e+00
-7.265314259080258630e+00
-1.936195192761366979e+00
4.081631917482363647e+00
7.666892247385933779e+00
7.796667032898159988e+00
5.882738179636100462e+00
4.348765914148877698e+00
4.540435975990584794e+00
5.583572483964927891e+00
5.121007538635851120e+00
1.415996610905959407e+00
-4.819942277651689366e+00
-1.042518052323078059e+01
-1.183020608282832420e+01
-7.744277051797554101e+00
-4.365866625462641037e-01
5.532770130994268065e+00
6.402935147968499052e+00
1.937421101845868687e+00
-4.285032485127483248e+00
-7.377873882866527566e+00
-4.730901146187654227e+00
1.948237673475627929e+00
7.723326789308014639e+00
7.968638035470504200e+00
1.827737628873621123e+00
-6.965376142151050942e+00
-1.259008704412607571e+01
-1.123089452528229515e+01
-3.826292856849377699e+00
4.521845180066690340e+00
8.082171867441193314e+00
4.469011000918841958e+00
-3.734560387695217365e+00
-1.079178516922516096e+01
-1.171935034602504899e+01
-5.545488723800649389e+00
4.233453783940130499e+00
1.210485260952611597e+01
1.404467455110015273e+01
9.711461141133082009e+00
2.123670252122443980e+00
-4.564261808421857580e+00
-7.455314660596485510e+00
-6.008365801464911726e+00
-1.590792637889550720e+00
3.685438013201817409e+00
7.858405917189562828e+00
9.427751533609484369e+00
7.483624364297706499e+00
2.102183069274222049e+00
-5.145808236949009462e+00
-1.128367407155941393e+01
-1.313720709874277048e+01
-9.254153501703346052e+00
-1.235150457643252597e+00
6.766593412609446467e+00
1.042813271143778664e+01
8.068056365047425516e+00
1.853158299726626712e+00
-3.654451743628399640e+00
-4.727056105022404253e+00
-1.159729018234583187e+00
3.634580249921208761e+00
5.281817924127681252e+00
1.884531157065806539e+00
-4.418800331830528449e+00
-9.052499999603941916e+00
-8.585361074111540702e+00
-3.496426036161818907e+00
2.129309185845927654e+00
3.851746417863710192e+00
5.607318230800864001e-01
-4.397623533392504669e+00
-5.736170960614130898e+00
-5.759375271153448494e-01
8.782867422812525859e+00
1.604521382591945056e+01
1.544265669695604437e+01
6.285447052023860337e+00
-6.006109866659776308e+00
-1.342899816336932162e+01
-1.107560906000248124e+01
-8.012160005407136243e-01
9.930030059335441806e+00
1.330803079939052758e+01
6.759892062834307325e+00
-5.228153504864843981e+00
-1.438081183060270973e+01
-1.457491512577440318e+01
-6.089363973628271864e+00
4.882773538053818640e+00
1.094876294996441501e+01
8.843543463029533314e+00
1.428530773487714178e+00
-4.947781367519500151e+00
-5.506920544539543272e+00
-5.650765866439084739e-01
5.089611084838338684e+00
6.291540969980375486e+00
1.725781076362744137e+00
-5.045588963666873816e+00
-8.496091359431865442e+00
-5.609723543235452858e+00
1.650247834600065300e+00
7.821467704802827825e+00
8.188860511920546870e+00
2.453934744398520440e+00
-5.037220097280664000e+00
-8.662222010694765828e+00
-5.843752870470937388e+00
1.027660248850023272e+00
6.519890846126970452e+00
6.389977385439173041e+00
8.246364421098337782e-01
-5.779147536804171814e+00
-8.252235231996442266e+00
-4.605443381143688342e+00
2.532618968649325897e+00
8.011128932605952713e+00
8.075868271478926275e+00
3.072749598141120586e+00
-3.055595976534795533e+00
-5.940555221248446927e+00
-4.075833233102732045e+00
2.874062786874280739e-01
3.178754640750177884e+00
2.129360715872194110e+00
-1.993416782071421256e+00
-5.881945084535939117e+00
-6.545073250926504826e+00
-3.636858495128040936e+00
4.709929163142424491e-01
2.806832871888190528e+00
2.280098890418296165e+00
4.765073235533793250e-01
1.617538216598966017e-01
2.784172760107972877e+00
7.070461564823358636e+00
9.891230132163318700e+00
8.707626607748458980e+00
3.621499719996668532e+00
-2.623998103670150517e+00
-6.687566619242423016e+00
-7.069678057470113686e+00
-5.003791030998018030e+00
-3.129684452659112104e+00
-3.091554447811848405e+00
-4.082622108917123960e+00
-3.587853153511484816e+00
2.333144736808696607e-01
6.480699875135403687e+00
1.156865578010734019e+01
1.158729325819000167e+01
5.309122733343587974e+00
-4.446107235409760605e+00
-1.226435712334924233e+01
-1.354171222566948174e+01
-7.518430376628640666e+00
2.168073116878372453e+00
9.802428817413334272e+00
1.119995291471315824e+01
6.195641181690621835e+00
-1.543809320137079055e+00
-7.089260422938359341e+00
-7.379551655223901108e+00
-2.896910719506710308e+00
2.995114596247635319e+00
6.367643842757891193e+00
5.090183572172730209e+00
-1.466574092015946462e-01
-6.512769460627151119e+00
-1.075016628261981033e+01
-1.082631785867589613e+01
-6.735969486876776990e+00
-2.790404438484508365e-01
5.869314828443224386e+00
9.318093881259924771e+00
8.931587778759389806e+00
5.299115456806830160e+00
4.969810549953739276e-01
-2.861126581150324810e+00
-2.949335830516120804e+00
2.221117937941105014e-01
4.695211777084669080e+00
7.598159831657461893e+00
6.823259831429587585e+00
2.351171727795088096e+00
-3.647965882541467142e+00
-8.060434128035540269e+00
-8.660468136353877355e+00
-5.366618301349962650e+00
-1.511652833772147431e-01
4.259242812388495558e+00
5.973905357714459186e+00
4.798937062682826493e+00
1.954490512433769034e+00
-9.438435531766378173e-01
-2.814027623318110738e+00
-3.371418163600634621e+00
-2.791054012360731029e+00
-1.297332223204367585e+00
8.687373394312254415e-01
3.154043951108325583e+00
4.545790294231847106e+00
3.978102777496992370e+00
1.160742479829812712e+00
-2.833874912963163073e+00
-5.891323600944589955e+00
-6.118250610429165626e+00
-3.269390943054591325e+00
7.594567355416499410e-01
2.945244938111366118e+00
1.161655514281754176e+00
-4.124002846651757537e+00
-9.756017077470920285e+00
-1.166424740975967644e+01
-7.481151412954632818e+00
1.689469325569851632e+00
1.158123073893847810e+01
1.707081038873790746e+01
1.511305965870826107e+01
6.527394139224261593e+00
-4.425196745658457331e+00
-1.238432115968278246e+01
-1.375101377049320917e+01
-8.455319998356305433e+00
2.485961635770275180e-01
7.687782734935805884e+00
1.023294958867744420e+01
7.015502545759813913e+00
1.199226157255552927e-01
-6.696401302498401265e+00
-1.000721944885086501e+01
-8.420897984270142800e+00
-3.163295251505497063e+00
2.717436839371230040e+00
6.097518743535314201e+00
5.539773149524492624e+00
2.073677580612101945e+00
-1.511066103637918268e+00
-2.502611949701247784e+00
-1.292593823756618132e-01
3.792555042556521094e+00
5.976274393828854059e+00
3.942490927861646455e+00
-2.032147922292034004e+00
-8.715299095212692748e+00
-1.179963169554633318e+01
-8.748094005127425632e+00
-6.943681675988813140e-01
8.009369726944076007e+00
1.245440363046531118e+01
1.034113882967219311e+01
3.495197163221316128e+00
-3.360030193311906999e+00
-5.786808624506775800e+00
-2.598705354947556945e+00
3.443152238572065649e+00
7.672735447837390588e+00
6.838753606080905989e+00
1.345280735384818627e+00
-5.147899779125893360e+00
-8.416313655696436413e+00
-6.667695251960479297e+00
-1.684095023839166760e+00
2.653701644584894659e+00
3.295888155049890855e+00
2.112804820294534869e-01
-3.757020874348624861e+00
-5.190050827169427450e+00
-2.768926108558689148e+00
1.694458206822597512e+00
4.630549965668871337e+00
3.440756380947226134e+00
-1.463703557701197200e+00
-6.821832202859254402e+00
-8.752477162932262189e+00
-5.420513881956444457e+00
1.759783742679396301e+00
9.159391567123577715e+00
1.334795730625650023e+01
1.310540444436832530e+01
9.685320601204940871e+00
5.377169427388940548e+00
1.669887671264634221e+00
-1.506749953977035261e+00
-4.974612676030950809e+00
-8.777791299676080072e+00
-1.138854943039117629e+01
-1.051262185971160434e+01
-5.018929505633544785e+00
3.514694721314998827e+00
1.103938960395247548e+01
1.322452949115246845e+01
8.286944126937141775e+00
-1.482520828134652913e+00
-1.070788996845557151e+01
-1.400615761899285872e+01
-9.288889167655048240e+00
8.237238727233529012e-01
1.044442969744676653e+01
1.388838939012088147e+01
9.058765815755494444e+00
-1.315452567773405690e+00
-1.132050397274812426e+01
-1.534880056526170833e+01
-1.132069027455474952e+01
-1.741774299550524319e+00
7.946072935463066145e+00
1.263795149184253752e+01
1.046847306903556785e+01
3.657905755842758122e+00
-3.089802660674907386e+00
-5.559512389266325627e+00
-2.524365421607808635e+00
3.704928836775838619e+00
8.917854523617318563e+00
9.725003975152070268e+00
5.633892260696002907e+00
-7.891184773445067968e-01
-5.699674059845834861e+00
-6.495151057739054323e+00
-3.425677502204893532e+00
7.254738158189204533e-01
2.628849645369522037e+00
7.002259339118018788e-01
-3.849512329589729109e+00
-7.893002573175409431e+00
-8.558390354790502030e+00
-5.178244679198450662e+00
3.289615330156596684e-01
4.876908632815813327e+00
6.385478938272413529e+00
5.134427374119533205e+00
3.321996629297389703e+00
3.172018700307071448e+00
5.020116843490383118e+00
6.861612306562665964e+00
5.791507122002244046e+00
3.504384942277507520e-01
-7.956179192522855104e+00
-1.519534514280035253e+01
-1.739115627746697257e+01
-1.318581759224889360e+01
-4.913401646563891667e+00
2.746077028009015208e+00
5.702758422782206793e+00
3.026222320039419156e+00
-2.590316587047733599e+00
-6.774588479966586085e+00
-6.476299966346199533e+00
-1.955998151122029682e+00
3.579376428474185357e+00
6.378088483375050188e+00
4.848536963606116856e+00
6.514506969475333253e-01
-2.566365374338519523e+00
-1.859625787570818201e+00
2.842937452249943320e+00
8.632072513568589400e+00
1.164463887977078116e+01
9.771713434386189334e+00
4.121641072956229834e+00
-1.790305393655819532e+00
-4.530881151710161703e+00
-3.131908694903629886e+00
3.301431403551033927e-01
2.359280317095808766e+00
6.909746010469761668e-01
-3.949290913752895982e+00
-8.270375146191009108e+00
-8.759878222703742168e+00
-4.304317323894355951e+00
2.789787430612293395e+00
8.156889763078355671e+00
8.240669041089105917e+00
2.726680301493086045e+00
-5.134609698826322344e+00
-1.056381709570977279e+01
-1.029836396044585989e+01
-4.623908079150358397e+00
2.929018494675145856e+00
7.959280599657692967e+00
8.005539429462608325e+00
3.928239996386628796e+00
-9.656057705436998928e-01
-3.329764390683092934e+00
-2.002141627776288679e+00
1.443733252866998829e+00
4.070710538166474990e+00
3.783719650496444764e+00
7.712126141549549008e-01
-2.777551965175478532e+00
-4.363891078995274064e+00
-2.987609033449306395e+00
2.208195369123127083e-01
2.914678004527646138e+00
3.235077603921479916e+00
1.039429652239556745e+00
-2.170145113013752791e+00
-4.437679470984389418e+00
-4.691473181063642528e+00
-3.252466033863135042e+00
-1.263112897854850925e+00
3.619246331974745878e-01
1.556190404671085492e+00
2.832313318992418338e+00
4.460268259245822264e+00
5.907204743902956245e+00
6.115347117163405066e+00
4.442963152907853264e+00
1.461294829866587541e+00
-1.163754311197239932e+00
-1.764486014921855306e+00
3.233944887778839039e-02
2.839706435462085121e+00
4.345188783582963232e+00
2.926734919412529834e+00
-1.119871476070223082e+00
-5.685706318099914114e+00
-8.262257476821224245e+00
-7.653741883505332133e+00
-4.734358225502948159e+00
-1.702489305262277819e+00
-4.136850025398035591e-01
-1.064322944821316508e+00
-2.213207571371392568e+00
-2.084498395654023284e+00
-9.952591753193518187e-02
2.587224865943948959e+00
3.983771007120379348e+00
2.887159420159739032e+00
-5.342180789994921408e-02
-2.709419141563539135e+00
-3.036955479254940915e+00
-6.437068283993550022e-01
2.858734016320823024e+00
5.014766277932390715e+00
4.332397012920573331e+00
1.368527236537490310e+00
-1.731969863892823813e+00
-2.886963351813617074e+00
-1.653574490362265115e+00
4.732190260532834758e-01
1.265854075254443600e+00
-4.447214853742664231e-01
-3.751438546045110289e+00
-6.202025133718603200e+00
-5.500935728379062084e+00
-1.155121274950875243e+00
5.094324526406493803e+00
1.031526128396988184e+01
1.213298436180626183e+01
1.000015827046773964e+01
5.247053681440910999e+00
6.797443427831906249e-02
-3.739034693585116198e+00
-5.470301745078421263e+00
-5.403411658140568008e+00
-4.226532391665373645e+00
-2.555412229605725560e+00
-8.122616424389618173e-01
6.627923148457097735e-01
1.556011427926789148e+00
1.693006505060111522e+00
1.164218531560276437e+00
2.523879127828936308e-01
-8.244393764172648353e-01
-2.083346989583622744e+00
-3.607161433225142488e+00
-5.121532054579852833e+00
-5.761774920330948291e+00
-4.450985650812661731e+00
-8.153129393045168705e-01
4.039346891590344768e+00
7.703147826569628265e+00
7.811745400962575303e+00
3.817420918620309855e+00
-2.147022804915746264e+00
-6.227365146475039914e+00
-5.283876131967563339e+00
7.700054899218227167e-01
8.491606738637084817e+00
1.290436511444517897e+01
1.079498715070841541e+01
3.049481352819157109e+00
-5.730576960811882614e+00
-1.022772168081254307e+01
-8.005419477898843894e+00
-1.156523542095348134e+00
5.209008231397026734e+00
6.574676177013618172e+00
2.121554188677711394e+00
-4.909341329291307510e+00
-9.790089224371609333e+00
-9.815139507815837661e+00
-6.072797627955521804e+00
-2.181217526956041652e+00
-1.075596185946674055e+00
-2.479001604630476141e+00
-3.165933540851567418e+00
1.008131509411249738e-01
7.295150284279718456e+00
1.428654467824847174e+01
1.543172596377724304e+01
7.904652883544837749e+00
-5.477111652923509766e+00
-1.730304255546368708e+01
-2.012315719560263005e+01
-1.149602633626115100e+01
4.019746885848740625e+00
1.746043873234528121e+01
2.099812113476167497e+01
1.274176839857834409e+01
-2.347129352121199553e+00
-1.586209264388965323e+01
-2.120901642144841048e+01
-1.717600525076340290e+01
-7.708370158892460466e+00
1.460182154310954328e+00
6.626458378781963532e+00
7.752234801601618486e+00
7.198801496995429261e+00
7.045473244850769312e+00
7.305739839941873370e+00
6.333412817726449262e+00
2.800333336483123770e+00
-2.609089174378769194e+00
-7.284308895234048009e+00
-8.500113545253389802e+00
-5.464152477029394994e+00
5.487147319877516694e-02
4.997621310006585382e+00
7.144791844036237016e+00
6.440373884799782900e+00
4.565305129648861815e+00
3.260725453630234583e+00
2.868992791882850835e+00
2.293582310073973840e+00
3.369975436752402631e-01
-2.798612213233489854e+00
-5.209651037320620404e+00
-4.561286121231915125e+00
6.657646187250065850e-03
6.845359784315082408e+00
1.251950140214127494e+01
1.385416454001516229e+01
9.890019441912691889e+00
2.419479720212256879e+00
-5.176297381735491143e+00
-9.897686519988404541e+00
-1.058145213100991455e+01
-8.059023499910200172e+00
-4.226877337277480606e+00
-8.810619903837432210e-01
9.458425389428428698e-01
1.023884501942080361e+00
-2.825649129219709454e-01
-2.125379374092724927e+00
-3.253473833283571981e+00
-2.405068547469531026e+00
8.816785893957554965e-01
5.503130638885072479e+00
8.852374187955218687e+00
8.101029055808975698e+00
2.146592104814533997e+00
-7.093927973174717572e+00
-1.520917334473019267e+01
-1.765350638843001008e+01
-1.257537993965369694e+01
-2.203675113823305054e+00
8.288446144351038214e+00
1.381587423820566052e+01
1.232568619872904137e+01
5.700062724148301285e+00
-1.885785060402802582e+00
-6.843288899064086550e+00
-8.167312457649609669e+00
-7.228162262858879750e+00
-5.817336706052190998e+00
-4.264387483920489608e+00
-1.297548827579394271e+00
4.219795146237455441e+00
1.124005173733841190e+01
1.617336837339644262e+01
1.496464567089933162e+01
6.313720801020796358e+00
-6.448136837964133505e+00
-1.661356792992324927e+01
-1.806455321329214314e+01
-9.404814440772492290e+00
4.677962445612457110e+00
1.600542268284605996e+01
1.792031921547054907e+01
9.432274042992007779e+00
-4.268743690167678295e+00
-1.524243094537347432e+01
-1.781761974208036392e+01
-1.184599200527792284e+01
-2.165904194230246382e+00
5.083621861850827983e+00
6.572273593381057211e+00
3.504090792241821628e+00
2.183994267609268292e-02
-2.599067335986794403e-01
3.046508856249557695e+00
7.044646051571763046e+00
7.973826388502068596e+00
4.174542083892806232e+00
-2.590786295111075610e+00
-8.333246289550167774e+00
-9.583212178278699866e+00
-5.702720818009452408e+00
7.770688660312453644e-01
5.878278443782924967e+00
6.678499487030907567e+00
2.952977587689474603e+00
-2.932097637760413100e+00
-7.567662253498655289e+00
-8.395522005299991264e+00
-4.888374788091450540e+00
1.407841700726435219e+00
7.723257209111377364e+00
1.126711448932065451e+01
1.033054797978972950e+01
5.014146774910199333e+00
-2.631358688797594159e+00
-9.246168549616587740e+00
-1.157831695702066632e+01
-8.211248725486708366e+00
-6.899850632978232756e-01
6.845815787192109703e+00
9.698944332755628395e+00
5.400569224746353925e+00
-4.417768819364091826e+00
-1.445619282326429378e+01
-1.856480382068235713e+01
-1.344321816909288181e+01
-9.349353997856786336e-01
1.269178085992398941e+01
2.025541473895631839e+01
1.790960856842173854e+01
7.477322390882537917e+00
-4.660801442530625671e+00
-1.148649999432583257e+01
-9.620493844866594202e+00
-1.253682226523821441e+00
7.463927756711859374e+00
1.048883570532724363e+01
5.751745310524162491e+00
-3.647782590136235736e+00
-1.161080283909886290e+01
-1.306728508777573516e+01
-7.197047011029336971e+00
2.211099629730734595e+00
9.380538386613800128e+00
1.031839121024294492e+01
5.230593248895726077e+00
-1.926096320395839445e+00
-6.304569893851354578e+00
-5.411278473316195381e+00
-5.467523606725561702e-01
4.423940293851948979e+00
5.980869581308241756e+00
3.435952486542403150e+00
-7.346644675243454436e-01
-2.879932970261281255e+00
-1.004977704391420090e+00
3.617160261208839600e+00
7.234692319189178100e+00
6.276957477104761374e+00
1.738759958228786040e-02
-8.651954465799725824e+00
-1.492128622757806689e+01
-1.511036764916664232e+01
-9.006195929734500893e+00
6.313957460710239999e-02
7.410822609768263902e+00
9.905350248424186432e+00
7.670781060622197778e+00
3.556580562929211098e+00
9.339190025205947876e-01
1.459357516246267306e+00
4.306765963501272942e+00
7.185235147606658046e+00
8.162981392453339424e+00
6.863937775016379028e+00
4.267223492546214025e+00
1.527879205131824403e+00
-1.018153593970208881e+00
-3.776756032309000588e+00
-6.887552799797380665e+00
-9.327462157825515021e+00
-9.157682472385442196e+00
-4.987301370173673476e+00
2.415669260718793510e+00
9.792503687545060842e+00
1.295416516046665478e+01
9.409435167190533633e+00
2.732352634239507694e-01
-1.001552845007089587e+01
-1.618057366405281172e+01
-1.524370382698011461e+01
-8.233895270903623498e+00
6.576303549165944951e-01
6.851742672057794081e+00
8.165395249224681962e+00
5.770039922663425358e+00
2.853611458574029314e+00
2.128800565264800326e+00
4.021310059618357080e+00
6.703440617458061190e+00
7.701553251840890013e+00
5.720748311396208763e+00
1.366032898175434163e+00
-3.549996968492260319e+00
-7.321836859250080209e+00
-9.178813603063041171e+00
-9.144111754265939140e+00
-7.383084249348160988e+00
-3.897951703659908063e+00
1.046024558165042251e+00
6.250718500346974515e+00
9.583372686392912954e+00
9.062901906619899250e+00
4.412180530335814588e+00
-2.212550767775841809e+00
-7.199765341592139656e+00
-7.762805263654321664e+00
-3.941286830044123946e+00
1.284488820172052570e+00
4.073287619134323023e+00
2.591493941924517763e+00
-1.500587173300836685e+00
-4.217612085923530429e+00
-2.354177705953008015e+00
3.778139870710474746e+00
1.017082942056309136e+01
1.183786663028244845e+01
6.537412705932121426e+00
-3.299999813287811889e+00
-1.201134884598633690e+01
