5.312169586296962898e+00
9.482571562938306720e-01
-5.227195993326758661e+00
-1.083849989015067017e+01
-1.344228852112504669e+01
-1.185295631365876190e+01
-6.835291618026518634e+00
-7.339698166301693583e-01
3.770832892198447972e+00
5.076595176488103434e+00
3.432614155399046130e+00
6.409285564520872391e-01
-1.119851482887826100e+00
-6.362542853003908538e-01
1.638288811366243269e+00
3.939407231040741753e+00
4.379839113685082275e+00
2.229304773363926628e+00
-1.522630491598636393e+00
-4.697375558842024290e+00
-5.248552560263475719e+00
-2.560911609967760683e+00
2.096136467676259496e+00
6.269503351984377026e+00
7.760064516818845348e+00
5.902073573006338947e+00
1.881141783563498038e+00
-2.096033432538365382e+00
-4.220471988329483004e+00
-4.146916350494888270e+00
-3.012792932154245484e+00
-2.434752206907923266e+00
-3.213012868497184815e+00
-4.677558885937873612e+00
-5.160658621013558545e+00
-3.279369941828682578e+00
8.830930622756392179e-01
5.570604000722517490e+00
8.335184754879779945e+00
7.586884953466135784e+00
3.672107178136866601e+00
-1.265874045911884682e+00
-4.575083616278204701e+00
-4.688693205799384423e+00
-1.985862636520677516e+00
1.605247970019885839e+00
3.930363544793228581e+00
3.928161899849265559e+00
2.084195336371035712e+00
-1.817929504991130374e-01
-1.639150168065129920e+00
-2.016869245018313883e+00
-1.902729304347574812e+00
-1.963676595076161213e+00
-2.206095064451060850e+00
-1.933630391281966565e+00
-4.645335739524996121e-01
1.991695355044685645e+00
4.096945859819018487e+00
4.134736125457401990e+00
1.312938397128792456e+00
-3.338112656569550030e+00
-7.257469305595906306e+00
-7.822938848032949366e+00
-4.107484262382465445e+00
2.281247490861932459e+00
7.956650584827189121e+00
9.734306720233703913e+00
6.606137703982748910e+00
4.108767240702251300e-01
-5.281326764405831042e+00
-7.384824770979765418e+00
-5.192153845525172784e+00
-7.212172753793792968e-01
2.696185204518211975e+00
2.643440623980712445e+00
-8.011301947345357277e-01
-5.154479217413660663e+00
-7.198482036732303690e+00
-5.108175639034300275e+00
3.542591451481129639e-01
6.327102036908052618e+00
9.654182742203344603e+00
8.809670686235030246e+00
4.721560426010469769e+00
3.790578177348613576e-02
-2.604514579189929790e+00
-2.156233094467506550e+00
3.906178311044066209e-01
2.845862243857035789e+00
3.303138737877819864e+00
1.265746823913551200e+00
-2.239030107383391144e+00
-5.487044579472159178e+00
-7.160894457694688242e+00
-6.982079707237572208e+00
-5.551422261041514261e+00
-3.666582457511711191e+00
-1.709883721428494763e+00
4.409964047600190007e-01
2.985230249036296524e+00
5.672680014957347971e+00
7.662609978094664598e+00
7.937567635483254946e+00
6.001941114128158006e+00
2.357989287616052643e+00
-1.610762736239129911e+00
-4.315050711848609666e+00
-4.783506734544475947e+00
-3.133986545676595625e+00
-4.354433946520985810e-01
1.908054036160757860e+00
2.855816488798569530e+00
2.133947350017715294e+00
2.099227962676250003e-01
-2.027996646858699847e+00
-3.645652243295673500e+00
-3.935666294944222265e+00
-2.584501809996334831e+00
2.034766081724208586e-01
3.633412089757164676e+00
6.419451498260039912e+00
7.178364933520007263e+00
5.067604251877869892e+00
3.761186111662770948e-01
-5.332090584536237188e+00
-9.753751877251168878e+00
-1.090232862747065568e+01
-8.152160089218188688e+00
-2.655742712424722818e+00
3.171934976552011953e+00
6.869432039523976741e+00
7.179146749608589673e+00
4.624185759067165336e+00
1.095398602116512521e+00
-1.283707068095222947e+00
-1.334343251082584780e+00
6.276341491230826852e-01
3.130571770148698363e+00
4.500750223513992232e+00
3.827832355096540073e+00
1.395048815081885607e+00
-1.603835442387765431e+00
-3.810894650883301260e+00
-4.435314353947789279e+00
-3.566762239867953266e+00
-1.959744411031229205e+00
-4.881328744827607702e-01
3.756116627670136321e-01
7.600286240136897575e-01
1.185522217422613434e+00
2.094413676864443019e+00
3.413873807655265047e+00
4.437152379785093359e+00
4.147189208835950325e+00
1.857362657510467141e+00
-2.176441081940611699e+00
-6.578579081389011485e+00
-9.339597192532281156e+00
-8.825303219199641447e+00
-4.798478386423190578e+00
1.183036683698621694e+00
6.363345519252482596e+00
8.186079279045369361e+00
5.752042436813719739e+00
4.453545006424266539e-01
-4.749304853739853449e+00
-6.931210390260192256e+00
-4.989960026425317885e+00
-2.622500633014697158e-01
4.320527545735871833e+00
6.091061965045128090e+00
4.324408989757459132e+00
6.299181725566134205e-01
-2.213982037270446845e+00
-2.201760211626190067e+00
5.085721564112495319e-01
3.726327595255577663e+00
4.804879784837737589e+00
2.568021832451356179e+00
-1.782830542442204846e+00
-5.456574777372912521e+00
-6.036582102795073901e+00
-3.242389113564082770e+00
7.893963800904941763e-01
2.964182734342989178e+00
1.448943150183376494e+00
-2.908859232240576631e+00
-7.014273812230840122e+00
-7.588957583617011338e+00
-3.487955185124845592e+00
3.335719541879690553e+00
8.939104425894392136e+00
9.887597776497734969e+00
5.500693422061275761e+00
-1.652699642993504359e+00
-7.350038891500389582e+00
-8.358160598718033185e+00
-4.401460263189324706e+00
1.794511019525333317e+00
6.349518995166441471e+00
6.708592485589057297e+00
3.144185291128103632e+00
-1.620058491543824974e+00
-4.306036348658995649e+00
-3.188348194625415299e+00
9.397875285629607722e-01
5.458134581220536852e+00
7.681664937687217254e+00
6.477051731423630443e+00
2.732988134434311434e+00
-1.471655553739813937e+00
-4.298855678497243815e+00
-5.174205389874636296e+00
-4.791893714306212360e+00
-4.256664376829897734e+00
-4.096003306815081402e+00
-3.890269512473265134e+00
-2.755610642068410776e+00
-2.680603772297129872e-01
2.904758484207693225e+00
5.186360836607296854e+00
5.029729347191696398e+00
2.008190644409832082e+00
-2.685081842119204865e+00
-6.719857880470891942e+00
-7.868823118537735084e+00
-5.292398831482156396e+00
-1.001489625758953395e-01
5.171667407008079920e+00
7.901153156505411168e+00
6.799937352375074795e+00
2.617954487446442435e+00
-2.262053365685980033e+00
-5.119156985860607634e+00
-4.366316668626053499e+00
-3.952157593272243030e-01
4.659145488858601247e+00
8.089658260543895807e+00
8.069537639067579704e+00
4.590445167417128935e+00
-6.071050458906173120e-01
-5.034660541102734754e+00
-6.799556292643317512e+00
-5.537685815249131949e+00
-2.449041740448727911e+00
5.168376127690215149e-01
1.798541114337744329e+00
1.010463651343552982e+00
-1.032774027731619082e+00
-2.978987989928121749e+00
-3.804642560997014034e+00
-3.325276808541715479e+00
-2.077088526489539788e+00
-7.410474429142686059e-01
4.184466499066923362e-01
1.671100662469723552e+00
3.415506381080786191e+00
5.581857035501553099e+00
7.348416971802951281e+00
7.480363933664261999e+00
5.150181717978776774e+00
7.040679795196886914e-01
-4.210380965125013475e+00
-7.372870483878931402e+00
-7.224805598338241097e+00
-3.864042361797530134e+00
8.761867548500077429e-01
4.407989022448605354e+00
4.893086606791428927e+00
2.350094428893309217e+00
-1.363623664428854632e+00
-3.738354507434712204e+00
-3.250111068724426566e+00
-3.995760577849066797e-01
2.559105774012854884e+00
3.082258230026100332e+00
8.166858300484491906e-02
-5.191486598176843437e+00
-9.751897400494097923e+00
-1.065197719773600582e+01
-6.823226132974843594e+00
1.893963631958990312e-01
7.088480735715313230e+00
1.075068852832696642e+01
1.000691380343908321e+01
6.169967191303626031e+00
2.026509138082004835e+00
7.750766641193562734e-04
6.993974948418405502e-01
2.739771622434701737e+00
3.879392132368563395e+00
2.613373425176969800e+00
-8.411757947009834702e-01
-4.768536918078853937e+00
-7.132833662752933179e+00
-6.851085295733440717e+00
-4.327716818664335996e+00
-1.005159707819138992e+00
1.628234914626006669e+00
2.837760415149290338e+00
2.776119317718348967e+00
2.036998630951687872e+00
1.115727705927753277e+00
2.204799881518356708e-01
-5.221535276170279349e-01
-8.074509702736766270e-01
-2.119586187350618323e-01
1.393460918209447064e+00
3.444752215893150726e+00
4.758536026856323709e+00
4.197367056749938818e+00
1.528602442514058524e+00
-2.180080676561197528e+00
-5.030364828445907932e+00
-5.410771523083576895e+00
-3.026047547978455210e+00
8.930751993707541914e-01
4.369737451945753470e+00
5.906561947673739432e+00
5.291821763427464909e+00
3.450613363721125815e+00
1.541128556188886556e+00
6.556669672613457678e-02
-1.285643079227765329e+00
-2.976122108249441567e+00
-4.786565815638649468e+00
-5.627991505704933672e+00
-4.314843904032042765e+00
-7.602843792251035016e-01
3.427353111715970790e+00
5.637316844213619227e+00
3.963211091070635295e+00
-1.235455904153222706e+00
-7.154626833901509109e+00
-1.010476458220793106e+01
-7.901539139432299130e+00
-1.470226490797083230e+00
5.533900665135092822e+00
8.962828672627201954e+00
6.831292412667580471e+00
6.021128339927988016e-01
-5.785303983301673725e+00
-8.490226129437145275e+00
-6.203689880954260438e+00
-8.216617721777432770e-01
4.011328766400430013e+00
5.390916526333301206e+00
2.932920688140948862e+00
-1.292895305815316309e+00
-4.448114183054515891e+00
-4.893023112783605022e+00
-3.029215906108184697e+00
-5.657816465348319834e-01
1.033682816291018991e+00
1.623877270600772471e+00
2.166579085651916259e+00
3.526103253109074132e+00
5.372398418297990474e+00
6.185818518732835614e+00
4.435920457114084670e+00
1.380344896063112614e-02
-5.271410970801267304e+00
-8.641757712027333227e+00
-8.145482782760080198e+00
-4.015649772487401847e+00
1.413290273582911816e+00
5.201274610249337016e+00
5.663459524257337563e+00
3.305632798568663322e+00
2.409819472627178771e-01
-1.404927766271618195e+00
-9.112402524140748028e-01
7.740605229851602598e-01
1.990974254210702732e+00
1.721929584376484801e+00
3.020106394302719544e-01
-9.861832236178893485e-01
-1.026017491147909633e+00
2.226319033639128087e-01
1.704122782496809263e+00
2.099561241112400278e+00
8.289659745329127638e-01
-1.534799852413048171e+00
-3.696189506899483224e+00
-4.520382142190114472e+00
-3.694706804870150574e+00
-1.750186053169599187e+00
4.373850194331933561e-01
2.186755855271807381e+00
3.192999481298947728e+00
3.351744522687202466e+00
2.556255229453253008e+00
7.666559502687524397e-01
-1.692544589053191384e+00
-3.965297883934569612e+00
-4.950822934614215853e+00
-3.977036519156226468e+00
-1.379259191260006290e+00
1.542252725777712552e+00
3.287380328806149610e+00
3.157901350999973822e+00
1.747008980114305388e+00
4.915178470392363996e-01
5.668138769162218704e-01
1.949076348668697278e+00
3.396782673787616336e+00
3.424081618895846280e+00
1.553021889796785349e+00
-1.141154787601825982e+00
-2.688781048188537248e+00
-1.675083919090828433e+00
1.577740121403504059e+00
5.019004051471083194e+00
6.148045022393659131e+00
3.705154417020136925e+00
-1.410573625565935352e+00
-6.647177008303922996e+00
-9.375176472447307674e+00
-8.444158299070803508e+00
-4.698042283164426181e+00
-2.124094320798581847e-01
3.087054916309921015e+00
4.422270185998015357e+00
4.190507199453332277e+00
3.230924782566578113e+00
2.067014272999831093e+00
7.370522829366734641e-01
-7.882981393566728112e-01
-2.146956165555503837e+00
-2.636968243279747881e+00
-1.808299463771062321e+00
-5.082387691364972926e-02
1.456800165320767393e+00
1.557990408300131246e+00
1.040850862422604273e-01
-1.742737236388881339e+00
-2.287637155665859900e+00
-6.786407506765674835e-01
2.197368259090963338e+00
4.135339529403920800e+00
3.211275116044808087e+00
-5.692354486418063075e-01
-4.899947230664251308e+00
-6.562861706080753699e+00
-3.735785369621333896e+00
2.432295208474821724e+00
8.247623406766283694e+00
9.789613952665355612e+00
5.602863749474377819e+00
-2.134434817658026340e+00
-8.875257103559652805e+00
-1.061761265843840363e+01
-6.495286477128144220e+00
7.327913329124289277e-01
6.611582119027342941e+00
7.966059424931676958e+00
4.849962766975677297e+00
1.723671200327436814e-01
-2.611056165592657408e+00
-1.999455931395558217e+00
6.608526330654704850e-01
2.450139446120815467e+00
1.267534336680507634e+00
-2.487400176589878331e+00
-6.184282810849105694e+00
-6.938641155886765333e+00
-3.791196621601831573e+00
1.529453723472975701e+00
5.798839642675558181e+00
6.536904798699194608e+00
3.654792469352821094e+00
-6.456330628528564874e-01
-3.564550877479485180e+00
-3.693620820631929647e+00
-1.858639288855663319e+00
-2.788512205208560912e-01
-7.561404173412695773e-01
-3.273051043484085376e+00
-6.007708616192199536e+00
-6.693439374924979646e+00
-4.284823029706744890e+00
2.705338180006326976e-01
4.651708423266545545e+00
6.669507104569714073e+00
5.584146931001170877e+00
2.393133748848804476e+00
-9.694770932426255428e-01
-2.856544852008001456e+00
-2.721048990113820842e+00
-1.112027712214952002e+00
9.315807092085806040e-01
2.535039595139607194e+00
3.271444029163153022e+00
3.065371700210855366e+00
2.007863924848854786e+00
3.366727059498237917e-01
-1.446961551383607603e+00
-2.578824962316214275e+00
-2.340477119655487215e+00
-5.627678902714992049e-01
2.055604107671874736e+00
4.156886899078910957e+00
4.447873530834993261e+00
2.516250023608509245e+00
-8.149413538561365300e-01
-3.876188622892337676e+00
-5.071134331352666891e+00
-3.758199652466818641e+00
-5.628810058366418012e-01
3.020262104696674221e+00
5.428756046251240974e+00
5.737243264556934008e+00
3.927140812185010432e+00
7.206399476437157503e-01
-2.782051137380945782e+00
-5.435188385899655472e+00
-6.301835132319462573e+00
-4.910233292208908473e+00
-1.528668175276061802e+00
2.707858326080502032e+00
6.067193748402857523e+00
6.954061221500142054e+00
4.811672759322457971e+00
6.293843244275347804e-01
-3.396771085084223873e+00
-5.009119438602342989e+00
-3.222279801471484628e+00
9.999938288824929966e-01
5.230691643489072007e+00
7.001082512997101936e+00
5.291441969064475614e+00
1.136630663025766985e+00
-3.051814090380536193e+00
-5.005515687165899230e+00
-3.967239890028387173e+00
-1.030188612004082405e+00
1.723492908276070601e+00
2.653513549071204736e+00
1.578920615119900450e+00
-2.719366312040213396e-01
-1.274028478345157867e+00
-6.241995588922897298e-01
1.092037764665057864e+00
2.349703403767974041e+00
1.794604063778629133e+00
-7.789688657954059181e-01
-4.248710675717992657e+00
-6.873422356047537818e+00
-7.378158874052087590e+00
-5.683702647956010878e+00
-2.836120698945620688e+00
-2.551822793520774901e-01
1.142421324054104570e+00
1.363077878963974143e+00
1.085973514419088737e+00
1.007898988642287552e+00
1.300327990818932911e+00
1.564338759917526467e+00
1.272823583488919219e+00
3.237155908266590720e-01
-7.487202559822531134e-01
-1.098418288034906931e+00
-2.160844736705153091e-01
1.572850143670013301e+00
3.164773852146232080e+00
3.325402430170992574e+00
1.542839501490893994e+00
-1.486621959889983469e+00
-4.121593011927695116e+00
-4.701890621903770828e+00
-2.601841622584433189e+00
1.258938823274494911e+00
4.822431168041333649e+00
6.033213048414792112e+00
4.053602387498397519e+00
-1.884561379894468258e-01
-4.475157090502795754e+00
-6.532511338167723558e+00
-5.289114373132037805e+00
-1.416861498755154880e+00
3.134886423925113519e+00
6.277191573731971452e+00
6.871378918395609325e+00
5.143427966810031116e+00
2.280147483194295166e+00
-4.072077994337637286e-01
-2.154159429525455138e+00
-2.872643859128352517e+00
-2.816346952021039574e+00
-2.186962757558659654e+00
-1.048896701991166358e+00
4.242015209837596279e-01
1.693257814184032650e+00
1.954196150877701932e+00
6.520127120519951802e-01
-1.946448420723658534e+00
-4.632851242228003485e+00
-5.832223608390201264e+00
-4.587530638353611856e+00
-1.290132749617696861e+00
2.414622493670864678e+00
4.573367353405179081e+00
4.131848003505108835e+00
1.586283142394063761e+00
-1.379580804221467005e+00
-3.025773501698757251e+00
-2.668197186853508818e+00
-1.006747621735677001e+00
5.206335197571659856e-01
8.457261749796125549e-01
1.662534253453221145e-02
-9.368983286297509760e-01
-8.645025341535437224e-01
6.016759257444531661e-01
2.777865842211270753e+00
4.451641973895696935e+00
4.748262841410392454e+00
3.667973832918293375e+00
1.935110127525240475e+00
3.712126972026683625e-01
-6.416253928646258320e-01
-1.185051406293605725e+00
-1.393291867243037441e+00
-1.092867714310124194e+00
7.014404398528606421e-02
2.060499467565262588e+00
3.983900861069594956e+00
4.304908023787128890e+00
1.826459654123132825e+00
-3.193043602414806781e+00
-8.702329514983700776e+00
-1.178385577786175631e+01
-1.041535462161741776e+01
-4.915637238385911267e+00
2.008093283846055677e+00
6.798497094688427111e+00
7.236495303097660425e+00
3.818403424833379134e+00
-6.402705883394044228e-01
-2.926112919729790818e+00
-1.560099723755924650e+00
2.318438766544952845e+00
5.884020334717408929e+00
6.655141841227567134e+00
4.156154274480408972e+00
6.837076838003985912e-02
-3.136292782602298157e+00
-3.990739468676122836e+00
-2.918422880829154131e+00
-1.621610934217141864e+00
-1.541606733009674546e+00
-2.640325846426478940e+00
-3.456003368911529705e+00
-2.366085255441487956e+00
9.554960088691815123e-01
5.048797110473502769e+00
7.560791383785457676e+00
6.876059626970124405e+00
3.279282533865745641e+00
-1.204302337070699780e+00
-4.162734392402515304e+00
-4.355734601873967549e+00
-2.380856510542242344e+00
-4.653890322806231161e-02
1.001008068448092869e+00
3.613763285578224238e-01
-1.061231687890041631e+00
-1.946133582643309934e+00
-1.627991724638396143e+00
-5.311096005811650755e-01
2.932213881876095662e-01
7.834279518139936060e-02
-1.050102272409699999e+00
-2.225817253388284289e+00
-2.582722880840830015e+00
-1.965574199161398194e+00
-1.048693475718863732e+00
-7.857286285067500708e-01
-1.627134553669270511e+00
-3.098587798524857106e+00
-4.046356390420474014e+00
-3.371980633578679498e+00
-7.591427037467757266e-01
3.062090758626154319e+00
6.645626797759838666e+00
8.535013694259879102e+00
7.957958804384891671e+00
5.181867232560017023e+00
1.389062885235531120e+00
-1.869363288526744604e+00
-3.418469903322119308e+00
-3.067980074191410722e+00
-1.737106683776798555e+00
-9.195648701658925006e-01
-1.677598574073969839e+00
-3.744256746644136769e+00
-5.424096441310494399e+00
-4.597104445833023689e+00
-3.699377236204612895e-01
5.727069503495045844e+00
1.006721865151778417e+01
8.966138620687461369e+00
1.355866515707297104e+00
-9.727487779670431323e+00
-1.819650759704340004e+01
-1.828240457536766783e+01
-8.292350549862444353e+00
7.760517228264116163e+00
2.202944519235654752e+01
2.731888191955238554e+01
2.141072388718709973e+01
8.359291968374851223e+00
-4.209354854248897659e+00
-1.005609453811517362e+01
-8.197493584785549459e+00
-3.032606854355243797e+00
-6.820181304041195158e-01
-4.201036401143138477e+00
-1.117486562864482558e+01
-1.551021948186211752e+01
-1.216888254476066678e+01
-1.361367138690964929e+00
1.099754717885405597e+01
1.710734888134020792e+01
1.276276302910787130e+01
5.585222820733721782e-01
-1.160056417388822858e+01
-1.577668470253641964e+01
-9.410671088758610026e+00
2.943761466381578540e+00
1.280066380312030994e+01
1.360229508282776756e+01
5.147623008236863029e+00
-6.464469862367602460e+00
-1.322240344054628913e+01
-1.073122385964643755e+01
-9.989084338078182412e-01
9.328984411271902033e+00
1.381411295958905860e+01
1.058091009487985090e+01
3.156240075329073136e+00
-2.557775302630241221e+00
-2.745937360704558294e+00
1.730122971146785815e+00
6.356098299558472497e+00
6.609720503612765086e+00
1.387691188175731227e+00
-6.280566340354408084e+00
-1.157925640054510374e+01
-1.139691267013294684e+01
-6.345202708717137874e+00
3.260360828252006904e-02
4.028845980377177227e+00
4.295877699059446719e+00
2.298202382403694344e+00
6.042135474605940804e-01
5.982985331101278170e-01
1.507073988803703468e+00
1.429011914109367121e+00
-6.343689921890904859e-01
-3.556485876567593962e+00
-4.787249636196324154e+00
-2.478968092452937810e+00
2.687137155338815475e+00
7.547569496964908531e+00
8.527923421500567258e+00
4.294264007731001698e+00
-2.994634582798943345e+00
-8.860653075984103566e+00
-9.391059685249564026e+00
-3.874064013988657962e+00
4.624853245474020547e+00
1.113779644085665943e+01
1.185784280460249107e+01
6.390828645867495439e+00
-2.173203494856196016e+00
-9.257265371801411291e+00
-1.147517972516780915e+01
-8.340147276311171254e+00
-2.151068946081980737e+00
3.599353762803693790e+00
6.168539875652818694e+00
4.768598532639973797e+00
5.899573999867040452e-01
-4.077062054580675721e+00
-6.994178233216181262e+00
-6.863007428208667271e+00
-3.708651416382667598e+00
1.240945107805365266e+00
6.076919915531814098e+00
8.973943271768408891e+00
8.944299703945109314e+00
6.249583750768377577e+00
2.217896716586025718e+00
-1.490231435786260494e+00
-3.764176735298568666e+00
-4.524228022959254858e+00
-4.488554276522624065e+00
-4.413333689117163061e+00
-4.395110478677384691e+00
-3.797939064216898863e+00
-1.894212167261847490e+00
1.271518808764463770e+00
4.517159566060691134e+00
6.050066796618664533e+00
4.613953723150869379e+00
4.748876587754429224e-01
-4.487835876775339017e+00
-7.731919177050910363e+00
-7.479104957382856966e+00
-3.731350256813922073e+00
1.731189594284834987e+00
6.317539745301860243e+00
7.940472078389470667e+00
5.948761540385923752e+00
1.286779743126933884e+00
-4.031570684301550855e+00
-7.768598776300346564e+00
-8.281428389757284236e+00
-5.123146986088199739e+00
6.832769808792149568e-01
6.840480446462855468e+00
1.056217219002075325e+01
9.825283388443498467e+00
4.566062826918924955e+00
-2.933016567833401478e+00
-8.953797587899554600e+00
-1.028732166210761179e+01
-6.161889300956630677e+00
1.105932901231415189e+00
7.332167311455260794e+00
8.949488343477547403e+00
5.215361641505241508e+00
-1.333451494281884031e+00
-6.546749551759031505e+00
-7.372583531787758382e+00
-3.789566348656950634e+00
1.349751720733495031e+00
4.419623534951837129e+00
3.557733195182726682e+00
-1.534318519915100487e-01
-3.643585573221681084e+00
-4.174697693750475835e+00
-1.289149459043654300e+00
3.010413672195577206e+00
5.885484598785903465e+00
5.783720028086220211e+00
3.437707555757700817e+00
1.046420794416343281e+00
3.741888272309101815e-01
1.320410190879502732e+00
2.097615253376740263e+00
8.495772079370318419e-01
-2.619478500069261528e+00
-6.434096158228260087e+00
-7.945988112581241047e+00
-5.770304363711273865e+00
-9.745368315964535455e-01
3.542823401012171747e+00
5.064754815872611893e+00
2.968001652884958208e+00
-8.890840876380081692e-01
-3.574867702416218762e+00
-3.212638160165639967e+00
-2.406284697964099495e-01
3.084380102617371389e+00
4.477538360953196239e+00
3.295418946023141338e+00
8.319155685454844296e-01
-8.953805240876782090e-01
-8.279354336484010535e-01
3.420721895988890759e-01
8.708618217099447500e-01
-4.610728088917929179e-01
-3.207990187084261979e+00
-5.502321575918177388e+00
-5.511127446800097474e+00
-2.950895240679326292e+00
5.611465116471386905e-01
2.640410380865255036e+00
1.913420125700776353e+00
-9.136227311463798184e-01
-3.523754671264024640e+00
-3.664134763002118156e+00
-7.939409725251529437e-01
3.494964205319988082e+00
6.564449609598525193e+00
6.507696572638478116e+00
3.347161882656267018e+00
-1.129920863119052932e+00
-4.664109238753601616e+00
-5.942773054711814495e+00
-5.166144751114390310e+00
-3.505530866092960718e+00
-2.025293634501780904e+00
-9.478402828446412798e-01
2.420869902884499325e-01
2.065557497905605278e+00
4.362285268192463761e+00
6.212034395149586885e+00
6.501097394013596542e+00
4.677147977417500435e+00
1.146549419630510158e+00
-2.908654692948351439e+00
-6.092875572345201718e+00
-7.350118154749711863e+00
-6.256322317739479999e+00
-3.061587965739179573e+00
1.382038844470351746e+00
5.762096693265528202e+00
8.613442785674205737e+00
8.859268581772880680e+00
6.412965690989173240e+00
2.435693788151199080e+00
-1.096758136366519976e+00
-2.445606676320175588e+00
-1.196616967690099953e+00
1.375559628938302748e+00
3.039307856111067352e+00
2.062021054886267635e+00
-1.555483208013671792e+00
-5.947873022671444687e+00
-8.520727553731042292e+00
-7.628065399079908104e+00
-3.658736413270157861e+00
1.211401977191773005e+00
4.420881872931746059e+00
4.605626321586106187e+00
2.302943515217223514e+00
-6.232080094167424811e-01
-2.330106267176990542e+00
-2.127776596123703623e+00
-6.638909148106419966e-01
8.138827858204578103e-01
1.444156486842723019e+00
1.239473477059489515e+00
8.221522958074093390e-01
7.696920706108985044e-01
1.168687675492669165e+00
1.692130404014946077e+00
2.008445453167430284e+00
2.062890409644137613e+00
1.961793721085995701e+00
1.633228519345711005e+00
7.002437388322653167e-01
-1.182594050258823914e+00
-3.761275196465568627e+00
-5.945738803227479607e+00
-6.295123442730307772e+00
-4.021623470620726337e+00
2.219263656180788802e-01
4.481560346916475090e+00
6.634578198247336189e+00
5.782082287220843497e+00
2.870614731130197494e+00
1.645251689259108474e-02
-1.022042511303685730e+00
-8.923856007471343832e-02
1.369971435603373200e+00
1.574531561109639322e+00
-5.949615517632278472e-02
-2.365990923234872145e+00
-3.359606374794099626e+00
-1.955262661752928066e+00
9.209227059990252595e-01
2.828842126933253098e+00
1.672989429470627121e+00
-2.466270636934034144e+00
-7.025651101931394749e+00
-8.588156211770844095e+00
-5.364739668028069453e+00
1.307740540873127078e+00
7.662337786826015851e+00
1.000673489002818251e+01
7.270482879841440038e+00
1.728539290901235592e+00
-2.660381750052262184e+00
-3.101782233765912000e+00
9.241072551403606283e-02
3.893631019373226643e+00
4.961282852692965761e+00
2.231860685100591102e+00
-2.272591501671008984e+00
-5.027646759145738997e+00
-3.769843124655818833e+00
6.785429736013564028e-01
4.939957352743609142e+00
5.598834846645225127e+00
1.820048179344726513e+00
-3.915455055426287245e+00
-7.543141634894134029e+00
-6.357192967164367658e+00
-9.997083557764402384e-01
4.960143945538197485e+00
7.536527713819939578e+00
5.088531188842743802e+00
-6.475988434110810932e-01
-5.929515687764416398e+00
-7.701607322992816584e+00
-5.624968308918984583e+00
-2.037090525187357670e+00
-5.006032849281694119e-03
-1.004094100243827281e+00
-3.930188252443840291e+00
-6.073726590464287867e+00
-5.216719354474772530e+00
-1.256083446962499295e+00
3.783672385841102770e+00
7.234468883205137146e+00
7.586487395257712762e+00
5.313735117827984133e+00
2.261964502882230832e+00
2.147166985719501930e-01
-2.426540817994640165e-01
1.832741308004333103e-01
3.180045435140439469e-01
-5.102392407027249721e-01
-2.089406128732861134e+00
-3.677209223186888032e+00
-4.635319522264272685e+00
-4.767525162998206056e+00
-4.171795824256095742e+00
-2.908265413788995613e+00
-9.247131773949306410e-01
1.639676927364222658e+00
4.108755859488307571e+00
5.357937894296354031e+00
4.465338999605156900e+00
1.502311914273922522e+00
-2.215046547603823690e+00
-4.769326964360670829e+00
-4.842947091558012396e+00
-2.630218913508277634e+00
2.606217323162468569e-01
1.916885859124948688e+00
1.465906115114206543e+00
-3.395635626387354389e-01
-1.743631562556897219e+00
-1.354271465806788255e+00
7.832351770774144128e-01
3.225885922045081955e+00
4.249031227025132473e+00
3.170056888246149285e+00
8.531536558617200949e-01
-9.876405526357114883e-01
-1.128158875920288073e+00
2.416328563329962487e-01
1.730095121575668582e+00
1.908028421430675747e+00
4.825522548604181949e-01
-1.466153812228469189e+00
-2.378988942884673552e+00
-1.523361410407862548e+00
3.530768933886004879e-01
1.575335917725274593e+00
8.913763373135559220e-01
-1.445864560565163215e+00
-3.749924407848069574e+00
-4.122042381023968360e+00
-1.911900160198234833e+00
1.703617812243700236e+00
4.487411776674524511e+00
4.697234791619923300e+00
2.276408004668503793e+00
-1.183078930184449318e+00
-3.627490755485109908e+00
-3.944435821317473501e+00
-2.536503415082230983e+00
-7.192021086573487931e-01
4.650659136525582271e-01
1.000241095052855744e+00
1.618532004606434649e+00
2.799779030834643745e+00
3.999461072929081595e+00
3.889474560456358088e+00
1.532032496825206147e+00
-2.457254697984058378e+00
-5.834135987193183936e+00
-6.044579786003344779e+00
-2.123863380294356062e+00
4.231450074216510870e+00
9.372784986470648505e+00
9.907910639341560355e+00
4.990519803900891560e+00
-2.904386611731924805e+00
-9.350880752129294038e+00
-1.066439018332623156e+01
-6.169484495253677814e+00
1.434651895539702071e+00
7.814359375006160846e+00
9.662153882692663842e+00
6.544876619992307631e+00
8.394444343622327054e-01
-4.021133097700070991e+00
-5.698272323034190734e+00
-4.090096612978751267e+00
-8.990671476872662549e-01
1.821357909881285986e+00
2.990067033905350335e+00
2.824229466172786029e+00
2.158956491114745191e+00
1.495700656704575415e+00
6.073574791111469029e-01
-1.031126475392980524e+00
-3.439032515865125816e+00
-5.713308985367408610e+00
-6.434172701104698078e+00
-4.649611643051300369e+00
-7.040760095700613341e-01
3.749849526268436151e+00
6.640047736995295935e+00
6.699471628552753799e+00
4.217472575753887121e+00
8.303095013046286610e-01
-1.493023901232453765e+00
-1.603114226314128032e+00
2.500530521325293742e-01
2.706536379171758711e+00
4.191886447164355545e+00
3.822721999570347862e+00
1.801450587630164080e+00
-8.436390995004969806e-01
-2.916590154947789060e+00
-3.676591023263642732e+00
-3.099383455315287694e+00
-1.720814635567688766e+00
-2.452475970129378013e-01
8.178922976185944993e-01
1.308658251433969522e+00
1.339582553282050448e+00
1.095104599608477169e+00
6.587317444314679804e-01
-2.633116688697101360e-02
-1.053376843912425365e+00
-2.388403538145133620e+00
-3.770531005261894997e+00
-4.764393315987744515e+00
-4.953441955661419982e+00
-4.160101925346892493e+00
-2.545190649549567308e+00
-5.119404199469599348e-01
1.519964552882691500e+00
3.299844734160914950e+00
4.743526810929264315e+00
5.748798994918071337e+00
6.008314879774515838e+00
5.043350375713251843e+00
2.528987766312355223e+00
-1.277069993133714387e+00
-5.351257136732058939e+00
-8.218101859916847829e+00
-8.680296558256507922e+00
-6.540009924507408812e+00
-2.805789359513581438e+00
8.295324428431629649e-01
2.960441783549293326e+00
3.263667429375721518e+00
2.569433017292579446e+00
2.148253141809588485e+00
2.714290532834869207e+00
3.868061400402460936e+00
4.396744962416553548e+00
3.222135061345039020e+00
2.945914505767719405e-01
-3.245539090999387088e+00
-5.779160807032138969e+00
-6.274270637032229203e+00
-4.912939497266333611e+00
-2.816860445056399875e+00
-1.104956614561360517e+00
-4.215510730697547004e-02
1.027524488231184030e+00
2.897370063693919029e+00
5.507080841195993948e+00
7.611183804229615824e+00
7.499356210237641207e+00
4.323323714050596678e+00
-9.710558106857462013e-01
-5.915683970738021102e+00
-7.955802634620932068e+00
-6.113791669781447169e+00
-1.692206538162396079e+00
2.548251356591197059e+00
4.217531500171782355e+00
2.861773782640804953e+00
1.500098795692678122e-01
-1.454426488446071808e+00
-5.709847989406671154e-01
2.052792168289975905e+00
4.110047913240356010e+00
3.513008929251889345e+00
6.891506908783329166e-02
-4.210472606046090860e+00
-6.445624102634129216e+00
-4.942921349478691440e+00
-4.868991821076504856e-01
4.086645979695730624e+00
5.773139966795207911e+00
3.432165058758015697e+00
-1.446260267482110784e+00
-5.764955685861390400e+00
-6.901311489030519830e+00
-4.397256122596329142e+00
-1.199252471230211059e-01
3.147290081067546375e+00
3.637541081436354240e+00
1.697994204804618157e+00
-6.591086919245218168e-01
-1.348623126442977327e+00
2.348950437374139888e-01
2.803064442259342037e+00
4.150067543930490821e+00
2.788199822141854689e+00
-9.216358387858194501e-01
-4.922279437030594451e+00
-6.775087118649238960e+00
-5.241361071878838374e+00
-1.091176044181237259e+00
3.358201225635204956e+00
5.644247519264201429e+00
4.605494975346104525e+00
1.003514367123183426e+00
-2.998094347729419074e+00
-5.123983404982437762e+00
-4.258835089814738240e+00
-9.851248204622335969e-01
2.862369553403424582e+00
5.310576656654117933e+00
5.366473265998473963e+00
3.507877484322190043e+00
1.288417547397502805e+00
3.048903017732684795e-01
1.144339515316400435e+00
2.955532529549404153e+00
3.941544469242349358e+00
2.520147187268706013e+00
-1.541827793829739779e+00
-6.759774194981059026e+00
-1.064394735929890601e+01
-1.113532177662004585e+01
-7.898266575393343203e+00
-2.618978699506466779e+00
1.956975735571274022e+00
3.700685112058574422e+00
2.431274822996092322e+00
9.669865606244165690e-03
-9.202907882351540891e-01
1.240818352997454799e+00
5.851038190473463629e+00
1.028510479281051282e+01
1.153370781115994426e+01
8.143757942817002160e+00
1.259010099229708857e+00
-5.911877845202059945e+00
-9.876801580287962068e+00
-8.801415953384076118e+00
-3.466672141524818507e+00
3.248230164011469689e+00
7.953568901433987648e+00
8.444006925849299350e+00
4.611499654206381749e+00
-1.748359874302781503e+00
-7.933789953530665073e+00
-1.152542770143315387e+01
-1.124929540168880493e+01
-7.303341534692586734e+00
-1.188435370760983822e+00
4.831396237602017862e+00
8.515352317210362898e+00
8.501999982549262924e+00
4.936184471978663169e+00
-4.813409404045171369e-01
-5.187473805020209383e+00
-6.962263524814031435e+00
-5.043226053978262513e+00
-5.008496823270296439e-01
4.381443180759555744e+00
7.370628847825710039e+00
7.427237817441424639e+00
5.058121258260860564e+00
1.754165505682961257e+00
-1.005973840081107795e+00
-2.480112180045855652e+00
-2.712296698841090592e+00
-2.073694681704713272e+00
-8.271803225721923170e-01
8.753271931965321828e-01
2.640584268810834523e+00
3.612302663280971604e+00
2.807323746832072420e+00
-7.691418691475715441e-02
-4.012875297420316123e+00
-6.846125893906838122e+00
-6.484602758467564954e+00
-2.397173136647913427e+00
3.667050455335511217e+00
8.434384342349188657e+00
9.032377823613394696e+00
4.877586230784894283e+00
-1.786423643134091410e+00
-7.166440110884617631e+00
-8.240514777028966620e+00
-4.605180095131854223e+00
1.365325086013061240e+00
6.109755527654254337e+00
7.102747144904206777e+00
4.225752013617992908e+00
-5.158528562243827054e-01
-4.537178516305955256e+00
-6.272685793715118585e+00
-5.753422009570622997e+00
-3.988270802441284069e+00
-1.895784051789736413e+00
2.460345816288148080e-01
2.464386912522733564e+00
4.369084957442762374e+00
4.914381399355621127e+00
3.068437653805748067e+00
-1.076558824634133105e+00
-5.770848071513722921e+00
-8.347271631007481929e+00
-6.929774168465440809e+00
-1.912414478069893953e+00
3.998851062763881803e+00
7.410372612895805844e+00
6.489209360554353268e+00
2.223009237134033533e+00
-2.286532472094766177e+00
-4.047975000695257286e+00
-2.315332719038035947e+00
9.557641630733253457e-01
2.691762790176182030e+00
1.143069598877196835e+00
-2.679628312799657408e+00
-5.709857099485780019e+00
-5.185146910040794310e+00
-8.829298541439474235e-01
4.510987641310315155e+00
7.269776476267894694e+00
5.396607622489654865e+00
2.284557656928078995e-01
-4.389173576809776378e+00
-4.835108123437468208e+00
-3.926540738472770187e-01
6.095949965068983900e+00
1.012938866825221318e+01
8.679513190200129458e+00
2.332836499292537447e+00
-5.076441669948804858e+00
-9.068617476810718614e+00
-7.510868225972134660e+00
-1.925516616423976757e+00
3.718681489860188094e+00
5.784982035942565659e+00
3.334169197625751480e+00
-1.500965352236384831e+00
-5.231704377964871533e+00
-5.475738102826997356e+00
-2.424757308627972563e+00
1.576974384574651999e+00
3.849449510918383499e+00
3.192902633423792658e+00
4.749582764241226940e-01
-2.236686181870640056e+00
-3.192813039769273331e+00
-2.007073421222866028e+00
3.822591534844040351e-01
2.580913781844532906e+00
3.660067113431658470e+00
3.494351306226492593e+00
2.465394533162180490e+00
9.774776926455144288e-01
-7.401991204756450671e-01
-2.456444243747921696e+00
-3.701902536982134340e+00
-3.841707650233181948e+00
-2.498451968797360312e+00
2.029631416465804694e-02
2.715573029932325966e+00
4.418930252116065382e+00
4.499644049223235243e+00
3.224739112750543590e+00
1.489219256331237862e+00
1.288452140949210012e-01
-6.404643539516519102e-01
-1.223812172132507037e+00
-2.123538773907970079e+00
-3.361796553381952712e+00
-4.361335240248659595e+00
-4.402111577331011105e+00
-3.269001871985795393e+00
-1.520236176802711947e+00
-1.058726724369118688e-01
3.850459698004160547e-01
2.263795643819226933e-01
3.479335148456239590e-01
1.526148626889855864e+00
3.597452860692100796e+00
5.360497977868584840e+00
5.333090790679530180e+00
2.858013203496432730e+00
-1.265555318094689019e+00
-5.143516257066453434e+00
-6.941633576452489685e+00
-6.038677669321768526e+00
-3.365386163615626369e+00
-6.993646090639591417e-01
5.623652460768664429e-01
2.698949842396590193e-01
-5.655518021808034757e-01
-6.852031292104084903e-01
4.007686266732801705e-01
2.059464791360643865e+00
3.078812386778035037e+00
2.655436278332543587e+00
1.050299998885813046e+00
-5.911392047700303465e-01
-1.108914709964986756e+00
-2.164884860521453236e-01
1.276988390572542986e+00
2.089571527981404220e+00
1.476615974304291701e+00
-1.280104955643310838e-01
-1.339233892193000486e+00
-7.950089528416978135e-01
1.784635062051853183e+00
5.198110159671530894e+00
7.340344533922019465e+00
6.436754548060498848e+00
2.182558667533138319e+00
-3.914581749093663632e+00
-9.214265148706832775e+00
-1.127503524685324443e+01
-9.107020640545515633e+00
-3.677528460772858665e+00
2.577494930061644318e+00
6.956432238382019406e+00
7.778287757315164974e+00
5.109822458985274984e+00
6.020663614177961254e-01
-3.434113692071644852e+00
-5.207438431611278951e+00
-4.269172939256741905e+00
-1.582112954001140936e+00
1.144462356956564175e+00
2.440476191269907780e+00
1.818092548439295575e+00
-1.138953280566475934e-01
-2.156756818498775541e+00
-3.277542170403129340e+00
-3.132821954128639508e+00
-2.083070091044529892e+00
-7.835519263545109858e-01
2.963443634008299243e-01
1.081864631256247433e+00
1.740123240739131383e+00
2.366305536615293192e+00
2.810033802306099115e+00
2.788072499603020837e+00
2.161278775126720397e+00
1.104780039869438069e+00
-2.819189982032344055e-04
-8.631971025252225260e-01
-1.486680799440421197e+00
-2.057458922543575319e+00
-2.590506997201800665e+00
-2.662228956780601674e+00
-1.566340448777145511e+00
1.094523406080627703e+00
4.780712839743528342e+00
7.908395072885642918e+00
8.538259967952935625e+00
5.562201419881235509e+00
-3.634984361712163548e-01
-6.850594306222220986e+00
-1.091681152764129692e+01
-1.062354924904446918e+01
-6.211357830912605849e+00
6.698652055889597889e-03
4.958433411843308214e+00
6.524419160891145708e+00
4.597050489844942689e+00
8.861548788842605884e-01
-2.302483130253743404e+00
-3.456681773245919409e+00
-2.535206804763702859e+00
-6.173839126870468430e-01
1.070746636764006832e+00
1.985721491360959767e+00
2.398156715502727465e+00
2.858779596456274774e+00
3.528063699057295555e+00
3.947084869626624304e+00
3.426247164642381104e+00
1.713399592561991813e+00
-6.244765921066157688e-01
-2.447758820702206961e+00
-2.770952678250401924e+00
-1.446605228357832118e+00
6.960911973474223080e-01
2.366681989112992213e+00
2.622950399493057638e+00
1.414927183056328364e+00
-4.908678238372798930e-01
-2.111881865848421302e+00
-2.916033409434724888e+00
-3.073695956736287371e+00
-3.138370404854183171e+00
-3.428519118204334859e+00
-3.609892911981986696e+00
-2.841093788689749378e+00
-4.369475806047198319e-01
3.396741923992906642e+00
7.317723626321515518e+00
9.381524645208365598e+00
8.141972714922104615e+00
3.680344705061641797e+00
-2.131760654272037758e+00
-6.440154861627704008e+00
-6.947440377035593251e+00
-3.328276773081643825e+00
2.377475801946722811e+00
6.767009357543783743e+00
7.012801465359090436e+00
2.631626418336586504e+00
-4.037548320991341200e+00
-9.066527000930928892e+00
-9.253295680924903621e+00
-4.145576415614104171e+00
3.523905550044305279e+00
9.359675988507756728e+00
9.918409554094218095e+00
4.806853448983462229e+00
-3.075590009978601103e+00
-9.327642718679676648e+00
-1.073703152155234086e+01
-7.150866968565523507e+00
-1.352782756972967348e+00
2.899725794242038912e+00
3.318728396599998298e+00
3.878781235309113340e-01
-3.255023107916852787e+00
-4.793536964265807221e+00
-3.120389644424142350e+00
6.343954307151941086e-01
4.149743038256989536e+00
5.617283445483704618e+00
4.810552843416104452e+00
2.840271387685775917e+00
9.908130729352269128e-01
-2.908511414908440118e-01
-1.421015922427439460e+00
-2.810029906925237242e+00
-4.008273824330821355e+00
-3.790503367924041189e+00
-1.268548589776318236e+00
2.875001602350894636e+00
6.234068382141470188e+00
6.064320593630464273e+00
1.393685731495653890e+00
-5.739527732607033528e+00
-1.110127796374280607e+01
-1.087512018242528455e+01
-4.389388866580237192e+00
5.033225034730540060e+00
1.192724602714615756e+01
1.216892246827225321e+01
5.765591557854705229e+00
-3.033065715930639783e+00
-8.495020608817462460e+00
-7.224355812361856977e+00
-4.369753725254672538e-01
6.882808389934965021e+00
9.378178480912358950e+00
4.943725814198323576e+00
-3.883916688745320034e+00
-1.166297954973400053e+01
-1.365522101155800172e+01
-8.826507090914025966e+00
-2.793165234375267758e-01
7.010468539614866934e+00
9.464820866493994345e+00
6.946753152594148162e+00
2.351048526852938192e+00
-7.231146324708761508e-01
-4.508520752212054061e-01
2.259774983417042193e+00
4.775129116980211919e+00
4.769439257587002601e+00
1.777429721718111644e+00
-2.697265031756932885e+00
-6.356565621671951050e+00
-7.570658218331368872e+00
-6.133674256157739535e+00
-3.007293982481035854e+00
4.964134951026184517e-01
3.387894423704948199e+00
5.158985676505409401e+00
5.590801122242144316e+00
