-3.144777597608660713e+00
1.027570094345966911e+00
4.400798215416452663e+00
5.817907407597025404e+00
5.061554772800230140e+00
3.000750347387132866e+00
1.229878540374090612e+00
1.228924301736169733e+00
3.394900616381006930e+00
6.527846350559864952e+00
8.251051446061303807e+00
6.341804908351214465e+00
2.989310951776262826e-01
-7.867884545191670576e+00
-1.433458746319009514e+01
-1.547303286127892363e+01
-1.007545911916222181e+01
-3.759734918157890959e-01
8.935824027853342955e+00
1.327704796601201842e+01
1.080487629331166843e+01
3.464267255148249625e+00
-4.260297828467724202e+00
-8.130061431201585975e+00
-6.697665590921703327e+00
-1.980650640289794318e+00
2.130780944516307063e+00
2.616269337232148384e+00
-6.487420089845146176e-01
-4.928657753205710534e+00
-6.638957252886918070e+00
-3.900061872580391054e+00
2.134019583042013668e+00
8.050705143471661884e+00
1.046625316526004568e+01
8.219185393206904777e+00
2.992997878609528595e+00
-1.965873280103900722e+00
-4.050344455539505617e+00
-2.864382025121896991e+00
-1.571964927446712901e-01
1.676245314915549844e+00
1.341925060264991920e+00
-6.151442822329600268e-01
-2.501287225348017174e+00
-2.934080001530576354e+00
-1.895808088154800508e+00
-5.992824404772933988e-01
-3.489776264752881829e-01
-1.360162489312414902e+00
-2.506093456044233836e+00
-2.212441281518947811e+00
2.004260587376269775e-01
3.802161373260733779e+00
6.579310693270372212e+00
6.868802601121399398e+00
4.640411205528389260e+00
1.631894429754106479e+00
1.594275969455515307e-01
1.410650907236045803e+00
4.452841666244045093e+00
6.726780223640640877e+00
5.760090385308656025e+00
9.536487874160415323e-01
-5.800262449729336467e+00
-1.114039021185038258e+01
-1.226549010245952687e+01
-8.652730227650655692e+00
-2.353198789570861482e+00
3.302922034467311807e+00
5.721654289082973577e+00
4.476144531303230423e+00
1.285324331205695447e+00
-1.341956929103709228e+00
-1.821768984681535697e+00
-4.242521037983572052e-01
1.132830204795344686e+00
1.054542534869133075e+00
-1.186157518191241600e+00
-4.440073005065393374e+00
-6.642054935160045304e+00
-6.180257009938567414e+00
-2.943844347197235312e+00
1.613738486950457407e+00
5.375007440293328109e+00
6.784578542981499538e+00
5.615809982333201944e+00
2.869664363030824727e+00
-1.316578220109554387e-03
-1.950606523637406831e+00
-2.731539388378667610e+00
-2.692389047618764408e+00
-2.278342130795872666e+00
-1.695368969872461440e+00
-9.700755381073548067e-01
-2.549031843940763875e-01
-1.022506857971672289e-03
-7.374515829840067038e-01
-2.561008292565083444e+00
-4.757266727978342935e+00
-5.962808407861452054e+00
-4.913400747919809852e+00
-1.354067746184115073e+00
3.526267079245069436e+00
7.534771136948219095e+00
8.626200902629584277e+00
6.094816332587566166e+00
1.049713881566393781e+00
-4.158694815647095311e+00
-7.226493024110032692e+00
-7.103804933546126854e+00
-4.391514833656708916e+00
-7.430589228269663948e-01
2.260082444304440941e+00
3.980017871310932431e+00
4.798086931997550764e+00
5.450892493194851696e+00
6.208981759488009899e+00
6.557553759056837350e+00
5.623709726581187951e+00
3.004730797475456239e+00
-6.709574222069727423e-01
-3.932072005156312500e+00
-5.325176092936302119e+00
-4.354998811531464398e+00
-1.825420399458587806e+00
6.825278735249837858e-01
1.841880950922442084e+00
1.398781836624881869e+00
2.119683850889379495e-01
-4.890321130521926296e-01
-6.446639768996498265e-02
1.068504249118126692e+00
1.800036266768223925e+00
1.239125963889974535e+00
-5.224391344714623964e-01
-2.383779930149184434e+00
-2.991093297245950744e+00
-1.735677309748486330e+00
7.403679944242509414e-01
2.920384159919827027e+00
3.425953066094254762e+00
1.956689632379886579e+00
-5.076177875921312754e-01
-2.384389950516600187e+00
-2.563716111154605848e+00
-1.125009012078190596e+00
7.950682410374039222e-01
1.861859156732403875e+00
1.494982391079847872e+00
2.315784946482716267e-01
-7.390102772486224492e-01
-5.039785497166477946e-01
8.733801089399481077e-01
2.394493561830792316e+00
2.867975410536584668e+00
1.801329763870077816e+00
-2.153574356900866960e-01
-1.915823315679378691e+00
-2.258545747244499857e+00
-1.167591860398340176e+00
4.227927641514737100e-01
1.249182019414328604e+00
6.287749649160880860e-01
-1.063001158338130248e+00
-2.692114059499724821e+00
-3.220176574139878234e+00
-2.482066842369767823e+00
-1.303967718920667984e+00
-8.554572111678635515e-01
-1.696772045210105162e+00
-3.231819198917865510e+00
-4.017954521397557599e+00
-2.781324647487163571e+00
5.434630376733127211e-01
4.508539010993650287e+00
6.887890207288315025e+00
6.056055074049262466e+00
2.133487222315161524e+00
-2.896908466431187268e+00
-6.274045964496011152e+00
-6.132645901312343106e+00
-2.721528185183905713e+00
1.657971258877846576e+00
4.044217343812440468e+00
2.729778546553732532e+00
-1.506451235348988282e+00
-5.703135143032460164e+00
-6.486249787590101512e+00
-2.287715076945459280e+00
5.374162915237344684e+00
1.245733491002862436e+01
1.461548815032861626e+01
9.831315891094428494e+00
-1.355588303232817537e-01
-1.046808596469886155e+01
-1.589021286967612667e+01
-1.368250145471025192e+01
-5.315599888060976497e+00
4.340473922987820643e+00
9.834674884580064003e+00
8.329537873615988630e+00
1.243024508311263654e+00
-6.679093440700867745e+00
-1.030704760671515530e+01
-7.276928823503491905e+00
6.037361305247199716e-01
8.556397676404460029e+00
1.185728013909974443e+01
8.758326743022989191e+00
1.460328202312460855e+00
-5.432519939201622350e+00
-7.917786447349980605e+00
-5.080388113491070001e+00
5.322871702444587072e-01
4.809165578483358239e+00
4.906668883770842982e+00
1.094252731162492331e+00
-3.581613224350157498e+00
-5.503588317903475691e+00
-2.995277628862310415e+00
2.576847885713726249e+00
7.801886866164107204e+00
9.551203955058943151e+00
6.985898770570367233e+00
1.898553524776526835e+00
-2.731135183343894823e+00
-4.832689444068904550e+00
-4.467249960326257430e+00
-3.370398736024669439e+00
-3.283591053519387515e+00
-4.423554010306364859e+00
-5.288642618795667438e+00
-3.950223766430532635e+00
1.790363698911336954e-01
5.502067305337388525e+00
9.054750164999287421e+00
8.480909047031609305e+00
3.768005745408085527e+00
-2.536980346214621207e+00
-6.857240153000983440e+00
-6.851557330909940902e+00
-2.878149246360145241e+00
2.324826031666876958e+00
5.489392266497043593e+00
4.913160496204525884e+00
1.400818834529512724e+00
-2.496074269822107450e+00
-4.306595528511055981e+00
-3.225817498515394455e+00
-4.185733107090643390e-01
2.033955750427855591e+00
2.684242030601696083e+00
1.645847906739471789e+00
3.205711028797386675e-01
2.379132032027465038e-01
1.902877173357953700e+00
4.449002738240378285e+00
6.256542863221015160e+00
6.026994640433200878e+00
3.569675041009785055e+00
-1.494012924012504406e-01
-3.609882694178180529e+00
-5.532626597811517222e+00
-5.412897852540716315e+00
-3.610191300005694437e+00
-1.091403088782375796e+00
9.808287409879212770e-01
1.682239752347398420e+00
7.067299196515699489e-01
-1.426314396041263421e+00
-3.513368566254709169e+00
-4.243126332307861404e+00
-3.010032901156162843e+00
-4.723709275128151752e-01
1.644974402931155044e+00
1.583073893846511648e+00
-1.137315115252875763e+00
-5.048521057330241035e+00
-7.372521209763053029e+00
-5.766719788448346762e+00
-1.040213305273649524e-01
7.011563682162200273e+00
1.157244416197942982e+01
1.065473433829845362e+01
4.454264087051756249e+00
-3.598570460049856035e+00
-8.891407975174326239e+00
-8.583823672061003052e+00
-3.474800233804226313e+00
2.551847540155463001e+00
5.198012745688662228e+00
2.730853485660406754e+00
-2.808417809475816540e+00
-7.046826239214269094e+00
-6.394697577932436872e+00
-6.529057458994591556e-01
6.738730032919727719e+00
1.101246244401363938e+01
9.336785741687132045e+00
2.752552864132663313e+00
-4.560766381136393655e+00
-8.150318822005306885e+00
-6.269474936682701838e+00
-9.185411587437448677e-01
3.703707734362863047e+00
4.172991951197454696e+00
1.369241462240804452e-01
-5.594958095341890925e+00
-9.095788539773160153e+00
-7.968319598935196701e+00
-2.764471207288861976e+00
3.655921212925251851e+00
8.169238316712501558e+00
9.287502830910471019e+00
7.658069864349489997e+00
5.060797645368269926e+00
2.888489767246641193e+00
1.325034985520050945e+00
-2.795227172259728832e-01
-2.357419940147724713e+00
-4.416284636438000177e+00
-5.320540337647432949e+00
-4.307535155209240685e+00
-1.826817361336029011e+00
5.873702176482866744e-01
1.402319686933096499e+00
3.020385505536840043e-01
-1.469055681921481948e+00
-1.994798559326603771e+00
-2.036630345798449149e-01
3.131611020649334609e+00
5.733645356893374512e+00
5.355707024429945839e+00
1.468420217375057124e+00
-4.112359490713755505e+00
-8.165983016931662064e+00
-8.013475262170459246e+00
-3.218980349499178661e+00
4.043399699277294701e+00
1.017212046281122539e+01
1.211141286461795374e+01
8.924689792890140083e+00
2.116985966807162889e+00
-5.329492898422953040e+00
-1.051664892306078869e+01
-1.188955838340980620e+01
-9.634257710900756777e+00
-5.228146012141149157e+00
-5.724364565270374516e-01
2.800506831122612006e+00
4.161578668098949052e+00
3.636773940509200109e+00
1.991550267114958528e+00
2.700575436882848290e-01
-6.185198196238338442e-01
-2.647139029389414810e-01
1.059429865716258412e+00
2.513034195146809147e+00
3.086115676875472502e+00
2.117287784655493166e+00
-3.299382078782807093e-01
-3.433133295982714994e+00
-5.941052993397007320e+00
-6.704238284679200355e+00
-5.161085539487089591e+00
-1.584459583657235271e+00
2.983954118808594735e+00
7.071313882507816118e+00
9.274640408006382231e+00
8.776000749654858879e+00
5.692190761785396624e+00
1.086082631731121850e+00
-3.434681610667309481e+00
-6.408379715098506679e+00
-7.173527023913585765e+00
-6.111047109341940953e+00
-4.296794158810834041e+00
-2.754988186485235691e+00
-1.800368764833782720e+00
-9.408678023274834601e-01
5.599222557267069522e-01
2.858548172338083226e+00
5.097237482008105225e+00
5.787829594511686437e+00
3.852933088116161642e+00
-3.826106056835967273e-01
-5.030237239498201340e+00
-7.573358358189707040e+00
-6.390305289640245689e+00
-1.868274802140932778e+00
3.696361222294736848e+00
7.431989564053421482e+00
7.631150384050859437e+00
4.756542175880621670e+00
1.045949774721383063e+00
-1.010327770913528767e+00
-2.882532112726425844e-01
2.330320544222991952e+00
4.678510292410688720e+00
4.832667754873542165e+00
2.377621065287697899e+00
-1.417873242192075001e+00
-4.544169501411115419e+00
-5.577874268281387771e+00
-4.463701385841208236e+00
-2.291375903777055356e+00
-3.572034122347890195e-01
7.300983575731510022e-01
1.263859536210328205e+00
1.914341427083662950e+00
2.968091703014627214e+00
3.969828806442761149e+00
4.042910453543307803e+00
2.616140488387207697e+00
-2.326967827973425162e-02
-2.782619962419571102e+00
-4.391187952083384971e+00
-4.157030814454638623e+00
-2.342213756678552805e+00
5.521733150826618752e-02
1.910803298423439545e+00
2.550682048961356863e+00
1.968849177002262474e+00
6.528215599898894439e-01
-7.656080954817185980e-01
-1.782589371057871297e+00
-2.116729564769701089e+00
-1.696488544426106193e+00
-6.542821259142886925e-01
6.515256085738201364e-01
1.673986886383138417e+00
1.860164557860931600e+00
9.409232405604885940e-01
-8.454203944537864723e-01
-2.781777590233543762e+00
-3.994665441305129683e+00
-3.908297342316147116e+00
-2.561007125234737725e+00
-5.882145191687666586e-01
1.119789649471331527e+00
1.884747840048647927e+00
1.574046134674484287e+00
6.384981820544329834e-01
-1.416673574857926221e-01
-6.548202535398817137e-02
1.110313436874164950e+00
2.983540929603582637e+00
4.606725667065979302e+00
4.880074757377515837e+00
3.116978694650588189e+00
-4.675763788987643554e-01
-4.643450544574514893e+00
-7.601144181892461660e+00
-7.819404294699629610e+00
-4.935246252385535826e+00
-8.271310038563761680e-02
4.591821794610691398e+00
7.036905708699762840e+00
6.390438693298593265e+00
3.376281064784923736e+00
-2.583713146028534524e-01
-2.885844989561986651e+00
-3.934882703737477616e+00
-3.980262443735141265e+00
-3.968164922048674104e+00
-4.219001358990423611e+00
-4.037954022151877709e+00
-2.305897816032193681e+00
1.364488068597339065e+00
5.842113092121681284e+00
8.811614390711499212e+00
8.174664510013965213e+00
3.611735468204723798e+00
-2.847508286026783075e+00
-7.794107719481412566e+00
-8.435001312954323538e+00
-4.331448396934314715e+00
2.293489250179141514e+00
7.910727813939388398e+00
9.812205209506064563e+00
7.608176822838933262e+00
3.161215418323099158e+00
-8.757845301281196315e-01
-2.812264716909192330e+00
-2.746193313516128942e+00
-2.007511570747170015e+00
-1.803456186475146605e+00
-2.192483556641688480e+00
-2.175352135431574574e+00
-7.645434675859704710e-01
1.894857840023522533e+00
4.322702178434626674e+00
4.662169629349653732e+00
2.109755100643793568e+00
-2.287487572618191134e+00
-6.143068407351308657e+00
-7.265874833517091957e+00
-5.156370944257733235e+00
-1.388352373300061338e+00
1.430015919484140863e+00
1.421876134625415622e+00
-1.275735700811359452e+00
-4.592365021965414407e+00
-5.913363182504804527e+00
-3.840540612550978672e+00
8.457036426405625251e-01
5.641432408346572558e+00
7.872955114800136656e+00
6.339018473242966856e+00
2.015737886639561882e+00
-2.573443174728398120e+00
-4.885628159202077825e+00
-3.832361922055956160e+00
-3.369545371485320739e-01
3.298024899824499645e+00
4.782126439623551661e+00
3.149156592029434432e+00
-7.528387669889833322e-01
-4.828723392150497062e+00
-6.981829366695418315e+00
-6.285856436874273534e+00
-3.401034863237628159e+00
-2.150070260459724381e-02
2.263124944553796425e+00
2.944177486926470078e+00
2.766552507803325067e+00
2.991195265879768250e+00
4.277188531629642299e+00
6.016452891703162109e+00
6.676072785333434290e+00
4.984711829682403561e+00
1.123765079658826327e+00
-3.033751999408500932e+00
-4.989543993946736755e+00
-3.382281860399307671e+00
7.965725221152630819e-01
4.549186106629477422e+00
4.764452573234645882e+00
4.804941180530941658e-01
-6.094260155722644789e+00
-1.070489677082992763e+01
-9.769312263698820331e+00
-2.937151432007058638e+00
6.321326518339301259e+00
1.266873730530271303e+01
1.223357633065364247e+01
5.137477017926816103e+00
-4.510423646380385065e+00
-1.119944148133942186e+01
-1.147508955962884691e+01
-5.963560382081703359e+00
1.343710319014209897e+00
5.955031904490851957e+00
5.848205048491508684e+00
2.510764057961186957e+00
-5.433240128551066750e-01
-5.659249803347825569e-01
2.409481633865417471e+00
5.749900132815261244e+00
6.358615577494701299e+00
3.100962420709017842e+00
-2.289588770687352781e+00
-6.448791847733971849e+00
-6.791517019394779808e+00
-3.307632417084510390e+00
1.516098300572048974e+00
4.492696187418070863e+00
3.877661418287068784e+00
3.459223340769000954e-01
-3.743723985753231620e+00
-6.071850588360220513e+00
-5.735136691677526599e+00
-3.388253300040645399e+00
-3.185274876436330338e-01
2.593417090925956625e+00
5.153957036329614994e+00
7.304018108938784337e+00
8.450688911700545702e+00
7.496146154925281913e+00
3.706960626153440685e+00
-2.278955928272449416e+00
-8.279181247117545439e+00
-1.161301410484522378e+01
-1.075722550288198320e+01
-6.412580596149829226e+00
-1.121197368179037479e+00
2.374313529856377780e+00
2.879399778010705457e+00
1.346264659100088190e+00
-8.114104226370377759e-02
1.888300345551078008e-01
2.008152975222704306e+00
3.746480803604585574e+00
3.742310012434171718e+00
1.765989494970591878e+00
-6.857854234713871566e-01
-1.516601732313184403e+00
2.931345325016782577e-01
3.772033618428397350e+00
6.536476405082725982e+00
6.447378357575695773e+00
3.112203906452213786e+00
-1.866676872145208943e+00
-6.033813102622972657e+00
-7.717207657551861999e+00
-6.952366885687099263e+00
-5.101912261085618461e+00
-3.602752308786612900e+00
-2.892573337497138297e+00
-2.323922089168886984e+00
-1.010648012693962539e+00
1.206456337730542616e+00
3.530582915948273115e+00
4.894111900971550355e+00
4.924691617431184554e+00
4.302231646398547049e+00
4.134440290037873389e+00
4.841347142217353294e+00
5.521448770238143844e+00
4.447724737111908411e+00
4.414372032096141041e-01
-5.891485382541890914e+00
-1.207465577253222122e+01
-1.503643358613076586e+01
-1.294944922183235825e+01
-6.393553546615905248e+00
1.939345655733839990e+00
8.764997636542089410e+00
1.190690804606102127e+01
1.110853691470916971e+01
7.617507506893273828e+00
3.085024257711063811e+00
-1.310257743452130974e+00
-4.977858301606699953e+00
-7.471587167176814148e+00
-8.149721060295533448e+00
-6.420985493764643337e+00
-2.423573583808907195e+00
2.526275308803476172e+00
6.297820936477902976e+00
7.066358497663850713e+00
4.463210579787581622e+00
-1.058698130420226979e-01
-4.279281068045684755e+00
-6.167055109749339792e+00
-5.399688468907949179e+00
-3.094874504977088492e+00
-8.517551167181054428e-01
4.089375022297979667e-01
8.851338576468874564e-01
1.366034471508248416e+00
2.281842845551586674e+00
3.194288025925025476e+00
3.184727026585457477e+00
1.804519074890141184e+00
-2.667355943851531519e-01
-1.513293533218275311e+00
-7.101979255267519830e-01
1.963973869687881235e+00
4.762705773510727880e+00
5.419042321239698978e+00
2.736372589608100370e+00
-2.419278074068575091e+00
-7.494713324908396146e+00
-9.798580418908926504e+00
-8.184302399938585992e+00
-3.725826721941252195e+00
1.042028752129440683e+00
3.750707389306247030e+00
3.569034138442448434e+00
1.453933124976962921e+00
-7.467456855955443285e-01
-1.592422813427017525e+00
-8.356251165450861995e-01
7.234592741750489608e-01
2.015469775883698578e+00
2.431322770629662511e+00
2.009067616475309848e+00
1.113886647572907451e+00
4.376633789552486498e-02
-1.052768547571452551e+00
-1.954121920238192089e+00
-2.194250149301530506e+00
-1.267704610145229394e+00
8.544154037662190504e-01
3.354904921006800045e+00
4.810462173383242224e+00
4.056426751397679276e+00
1.126488319329479015e+00
-2.481183207632328802e+00
-4.564858420729377642e+00
-3.615158954915123957e+00
8.577845547762841250e-02
4.481843134900425518e+00
6.960807559582144144e+00
6.004008060410421344e+00
2.157154242651795339e+00
-2.347911008996356408e+00
-5.063958284636195017e+00
-4.880972229399293205e+00
-2.608894646576400245e+00
-2.364505174307809376e-01
5.577930571472832222e-01
-4.316594237088391961e-01
-1.898600409249811882e+00
-2.081766298819533123e+00
-1.162660450528119060e-01
3.292353171530485234e+00
6.321712907345417243e+00
7.252397777986787197e+00
5.578879305616107231e+00
2.264955085208130825e+00
-9.636565633733199521e-01
-2.730586461638329965e+00
-2.741154277686887131e+00
-1.694500795693699491e+00
-5.542254617213213663e-01
2.083312082136025145e-01
8.299621423473169113e-01
1.820692114014180296e+00
3.278459875953600555e+00
4.540350700803998940e+00
4.496905780642091344e+00
2.390232323198868247e+00
-1.466229581536225623e+00
-5.596728032652976026e+00
-8.051480128213558629e+00
-7.504785938126383726e+00
-4.096981415660979842e+00
5.248285000696990554e-01
4.045367456876022061e+00
4.747882002183152039e+00
2.484348076744361311e+00
-1.227483741841940867e+00
-4.067166211211695526e+00
-4.266083314732700416e+00
-1.680757905873125235e+00
2.056923421680018294e+00
4.445426078696724126e+00
3.595523894191623437e+00
-5.577132764441473656e-01
-6.050085640491164263e+00
-9.876263607411445378e+00
-9.659893343621817507e+00
-5.060294410429116319e+00
1.924391167062206698e+00
7.982712886749968817e+00
1.028939262341303085e+01
8.046915895063733615e+00
2.868228484392283395e+00
-2.220135488206726126e+00
-4.549587384807292523e+00
-3.288570880486316739e+00
2.438950990196695479e-01
3.569804511221040144e+00
4.676674226731967643e+00
3.227743906036818267e+00
6.091142379918148553e-01
-1.160863880598858922e+00
-8.915714301459403135e-01
9.455667860575911465e-01
2.568243367804406319e+00
2.173879725051486744e+00
-7.156924838066713868e-01
-4.785935479768949286e+00
-7.685329314769324682e+00
-7.527867971745483722e+00
-4.149780978162012524e+00
7.271611590921117640e-01
4.555891762048553950e+00
5.561376362968662335e+00
3.820802357811861949e+00
1.108840676915941792e+00
-3.842242750795005768e-01
4.107212201729659728e-01
2.704591872005330799e+00
4.431094653919330995e+00
3.759427175727273696e+00
4.924374457031213126e-01
-3.648299129723228784e+00
-6.103814662717574890e+00
-5.228847182052159148e+00
-1.513838718435549069e+00
2.608704035026107704e+00
4.317064124703970940e+00
2.310565427051262333e+00
-2.218455772882458987e+00
-6.261041790535935014e+00
-6.931897594737448820e+00
-3.417905819139733126e+00
2.368461412481801531e+00
6.905850071896622033e+00
7.263619015597697626e+00
2.976021179715455212e+00
-3.614439916708395373e+00
-8.760175808269156761e+00
-9.557833238004411314e+00
-5.632824780428083322e+00
7.457144015174272944e-01
6.104081798309851870e+00
7.795146765145314127e+00
5.381540214339281647e+00
6.384583017617921907e-01
-3.662235482952388210e+00
-5.344789503782963358e+00
-3.876510630835154902e+00
-4.116062933197448537e-01
3.000182592866555975e+00
4.491467500104953103e+00
3.205961076532387377e+00
-3.931400700919909230e-01
-4.740277890595431920e+00
-7.782982831434352988e+00
-7.822206686399272080e+00
-4.332421842383514132e+00
1.586253706815722087e+00
7.464471450479396530e+00
1.050740604002439404e+01
9.035990528905273322e+00
3.550281250294324842e+00
-3.316273073979162156e+00
-8.105601000947913803e+00
-8.450428568630233173e+00
-4.448975611222735438e+00
1.408616850284187150e+00
5.775458175450728149e+00
6.483418553530367667e+00
3.754724091901294969e+00
-1.882421486987433390e-01
-2.789167436051589011e+00
-2.893339132619965337e+00
-1.332300298228208391e+00
-1.046163406788347405e-02
-2.630783961604363230e-01
-1.778835825743821264e+00
-2.914101715787310809e+00
-2.125096873588039337e+00
6.422037799069575392e-01
3.742556152696423943e+00
5.014629163751129326e+00
3.454759024466680373e+00
5.606981109139730357e-02
-2.888965237305213929e+00
-3.520131229095447623e+00
-1.829057645746686944e+00
3.766897050281959869e-01
9.822195496547533322e-01
-6.227121786662470626e-01
-2.898836575493906498e+00
-3.285099651019617983e+00
-3.072447185789379809e-01
4.969148861883481594e+00
9.371438543073868033e+00
9.766406732346897712e+00
5.397491864389253102e+00
-1.355085823655125310e+00
-6.457352378615702548e+00
-6.955243993955738446e+00
-2.996979492793387045e+00
2.340243332657763187e+00
5.303761971081883075e+00
4.146335676333585241e+00
2.654846707865128885e-01
-3.012318976827784489e+00
-3.050726331008623671e+00
7.176681007157437175e-02
3.663426006492505937e+00
4.554088717675518261e+00
1.618703052667342934e+00
-3.253417411736461595e+00
-6.505003102402083570e+00
-5.571081741392755582e+00
-8.471183905961972016e-01
4.524207351914917297e+00
6.894879429533850690e+00
4.710321605390785926e+00
-4.553421783527350497e-01
-5.151135134051984643e+00
-6.592094757489658896e+00
-4.562655400332316979e+00
-1.294580761487540865e+00
4.851759945814059227e-01
-2.504231546655985019e-01
-2.116636362979388064e+00
-2.613999759590230454e+00
-3.650931005605522195e-01
3.526492220181412396e+00
6.134855912910134990e+00
4.948930862118984919e+00
-1.170043898379935499e-02
-5.867627049139326090e+00
-8.687554564405001400e+00
-6.180297971743597962e+00
6.640603812074581391e-01
8.167565181862014967e+00
1.235922816765794963e+01
1.146185046260515961e+01
6.756803678840537231e+00
1.346748776758050603e+00
-2.139976737173574506e+00
-3.176823069805708499e+00
-3.193868041791296797e+00
-3.956406044784078979e+00
-5.858249015867029286e+00
-7.500405515219254582e+00
-6.856351316297183196e+00
-3.063747925940467631e+00
2.599646440679657999e+00
7.355653731334323098e+00
8.734396040087641921e+00
6.218697914483937161e+00
1.525861682772430061e+00
-2.643553944937181210e+00
-4.435723932575777795e+00
-3.918176336629466849e+00
-2.683635741012790454e+00
-2.384848106296629133e+00
-3.368118018454953511e+00
-4.437105302371540994e+00
-3.883189876828065490e+00
-9.615137082933036261e-01
3.319893084660074933e+00
6.699904284399980980e+00
7.109664603343844647e+00
4.060240511954975595e+00
-9.581700187568655824e-01
-5.297136071123670575e+00
-6.629678783150756871e+00
-4.178385327487029066e+00
9.577084129082323871e-01
6.425018652901520078e+00
9.733228669543560585e+00
9.292029885509114351e+00
4.992723411835825686e+00
-1.760491266602712157e+00
-8.507629258837182462e+00
-1.257371549231860186e+01
-1.211888195118200073e+01
-7.056438687920854491e+00
6.414709319094220596e-01
7.613207865073679415e+00
1.064835356195566618e+01
8.396451321015799607e+00
2.239863302561708736e+00
-4.343886098379260652e+00
-7.728691407738899954e+00
-6.297644551362839849e+00
-1.442726750285148185e+00
3.323612639966734505e+00
4.665624543734351093e+00
1.665035611981922958e+00
-3.508436046881992620e+00
-7.015947570696681623e+00
-5.966116140763366715e+00
-4.742875002056301525e-01
6.274430279596735716e+00
1.006924780120499641e+01
8.482944247606537758e+00
2.536546253675316276e+00
-3.948742048772647451e+00
-6.909402499699942801e+00
-4.777257507642902468e+00
4.862303831184287550e-01
4.790523768806972171e+00
4.803500371729565899e+00
3.303094948749470960e-01
-5.487978652212272657e+00
-8.334724573488133004e+00
-5.773126951477683733e+00
9.214559485098241520e-01
7.466417252243973124e+00
9.399162493405551544e+00
5.137085226909733571e+00
-2.821001455189163565e+00
-9.416295284390326259e+00
-1.030517428471320684e+01
-4.722159179869809265e+00
3.978810633441265843e+00
1.047250166974469998e+01
1.087973482189689278e+01
5.202957373759693915e+00
-2.794037392761506311e+00
-8.121901203975220085e+00
-7.787943266883148752e+00
-2.573471934668527084e+00
3.737882481314663163e+00
7.053406360948000220e+00
5.704806577033108894e+00
1.392884351290259115e+00
-2.205937224831518773e+00
-2.120218063622630211e+00
1.826378914542297061e+00
6.915504109002986510e+00
9.419343764441929778e+00
7.123775845051527611e+00
7.733420088228224465e-01
-6.471058122185866068e+00
-1.109497878596504883e+01
-1.136640623535818051e+01
-8.152954151434473218e+00
-4.013982188985789179e+00
-1.341748298645352833e+00
-8.827739534895195916e-01
-1.575449957034742443e+00
-1.646455014476673862e+00
-5.557980822132657650e-02
2.757615460627184323e+00
5.268634705975267174e+00
6.003498713265228659e+00
4.546674652895078772e+00
1.747996821175609838e+00
-9.068027208356216340e-01
-2.225760556618726405e+00
-1.895990488228372239e+00
-4.394956087923505006e-01
1.260443598253021324e+00
2.434713758523916471e+00
2.629215397557866041e+00
1.680175392026832748e+00
-3.076267146336988390e-01
-2.865232405379420477e+00
-5.092650800489415985e+00
-5.879717139530224124e+00
-4.476929006324765759e+00
-1.111377518461363678e+00
2.855926336759733619e+00
5.521562101694583724e+00
5.536350356751851720e+00
3.006155970244638542e+00
-4.842999242436969443e-01
-2.846180478851747075e+00
-2.853262287263146124e+00
-9.492247478893405255e-01
1.111162030883766416e+00
1.565471808864879799e+00
-4.213759629635105419e-02
-2.514113614356600301e+00
-3.903363117707260965e+00
-3.010708406838908058e+00
-3.421354748247340538e-01
2.234287051953427472e+00
2.917232276289433823e+00
1.419468184598886795e+00
-7.024908283032280654e-01
-1.168808690530817485e+00
1.222308824232094526e+00
5.453719063980313919e+00
8.734537585561103157e+00
8.323400795856858991e+00
3.489612314613967925e+00
-3.789066614665047350e+00
-9.939084359832829563e+00
-1.199299375422168978e+01
-9.389703311837685362e+00
-4.167369213985848475e+00
5.256163792137185098e-01
2.516977826900147708e+00
1.847922170758137472e+00
3.833660888309768922e-01
1.998971338384475382e-01
1.987430051399428077e+00
4.603307407126163930e+00
6.013807800516262070e+00
4.847073111857563177e+00
1.400267383552786793e+00
-2.575663905334159232e+00
-5.061932060541435519e+00
-5.013914953441210187e+00
-2.809232891470739624e+00
2.731868518065263540e-01
2.998746106900840758e+00
4.788824251017238076e+00
5.640385282975440617e+00
5.626934995148153540e+00
4.576400943837448665e+00
2.284369835106205393e+00
-9.424785826473197625e-01
-3.999973431096494725e+00
-5.392580970894165660e+00
-4.184570678016804379e+00
-8.150653314541638217e-01
2.921463799102180126e+00
4.864426184896971428e+00
3.846568894393648463e+00
4.894225126936389003e-01
-3.150647528974345413e+00
-4.874955585224557630e+00
-3.703368169251402442e+00
-3.981071837835566951e-01
3.147026454322423561e+00
5.157725643619277989e+00
4.981927575952768805e+00
3.220584730821855590e+00
1.045048426999752200e+00
-6.783831627548426724e-01
-1.800982775424420534e+00
-2.647629909915765634e+00
-3.469127466527043513e+00
-4.129392802749141111e+00
-4.275738093261907125e+00
-3.762885839668608234e+00
-2.868947738036238704e+00
-2.055891872121726305e+00
-1.487250991291732216e+00
-7.944699265155723555e-01
5.980930567772891893e-01
2.793322944869335522e+00
4.991257714881668583e+00
5.810979331686680460e+00
4.278845716058596871e+00
7.760726817688725632e-01
-2.875835903869687904e+00
-4.446397813207411787e+00
-2.829760627701566555e+00
1.028752044754750683e+00
4.596441147766605617e+00
5.411979151849795500e+00
2.817124782654438331e+00
-1.509072512850644587e+00
-4.677906112706509134e+00
-4.634197863501237968e+00
-1.650459536008991535e+00
1.847276028549718063e+00
3.042853111776148367e+00
8.199512077166892787e-01
-3.361630515325908064e+00
-6.477956797151424695e+00
-6.125696172711890597e+00
-2.280567862496649667e+00
2.673031973746959444e+00
5.669179018141315751e+00
5.162704124583651577e+00
2.165264897001407896e+00
-6.532315379942551514e-01
-1.105281919809800506e+00
7.748182878111653515e-01
2.748601819335049878e+00
2.176230912683226659e+00
-1.746255906778662048e+00
-7.050996296064035995e+00
-1.017530407053421726e+01
-8.492709285691178778e+00
-2.381527651366075471e+00
4.730520481779105779e+00
8.496052420684883089e+00
6.541964331929561283e+00
1.328495685812011162e-01
-6.571763744791104145e+00
-9.195193009943579909e+00
-5.968438439441055010e+00
1.164367587839567175e+00
7.841781159820031988e+00
1.006435654711595440e+01
6.620966257088544360e+00
-3.368203760082707499e-01
-6.786507437273265886e+00
-9.295051809320574066e+00
-6.868492721793153954e+00
-1.179953885563723048e+00
4.713240923037935737e+00
8.172868243004677069e+00
8.194696163533761180e+00
5.505113353545861621e+00
1.777415334609316666e+00
-1.365923321262505707e+00
-2.992838610657208687e+00
-2.974548874672843901e+00
-1.751497826474202268e+00
-1.362852465209002384e-02
1.569228174872063120e+00
2.557989363672517502e+00
2.886154069126640298e+00
2.849870270797410843e+00
2.870470376700558823e+00
3.107231056484374143e+00
3.183876435602376986e+00
2.308970256901805573e+00
-1.717485493953299081e-01
-4.111813239444268575e+00
-8.296131569965444541e+00
-1.088807854063691138e+01
-1.042927531063788038e+01
-6.789285789986109876e+00
-1.410810388352070621e+00
3.384749464375873540e+00
5.646719366745355906e+00
4.831994193462739062e+00
1.995339908609672142e+00
-9.417314334521869057e-01
-2.330398553869240885e+00
-1.618578260078677555e+00
5.787735028315829089e-01
3.062065661179691034e+00
4.789350430008794568e+00
5.294306322639259044e+00
4.634980317705691633e+00
3.092441407952087662e+00
9.479060906830540922e-01
-1.514971647046939873e+00
-3.901896520252316147e+00
-5.712250416182917512e+00
-6.532978691403730664e+00
-6.272625525123193491e+00
-5.205788787536733686e+00
-3.753381057917831498e+00
-2.175872275319211901e+00
-4.623915860434539837e-01
1.462921883557485980e+00
3.399454549170998874e+00
4.745809966817045478e+00
4.799126525782220654e+00
3.312997764029566916e+00
8.632553554117325945e-01
-1.353504244746519980e+00
-2.239300313836368961e+00
-1.533223023313854405e+00
1.721309844088936281e-02
1.241964099453820802e+00
1.480566097330105801e+00
1.125721654986953535e+00
1.296879951815318899e+00
2.839548257645785334e+00
5.427287638474201259e+00
7.540131868627065970e+00
7.454320586419390438e+00
4.567880512495938738e+00
4.611457241393557283e-02
-3.788064741334375984e+00
-4.964842056195704068e+00
-3.209504621043171912e+00
-1.182993701825070243e-01
1.986478348415802841e+00
1.688026721590809798e+00
-6.118006948308689630e-01
-3.151998058187146512e+00
-4.239906322292908314e+00
-3.500326159916364865e+00
-1.967887842311023316e+00
-1.000289812861159033e+00
-9.729375807913953622e-01
-9.181558184234447362e-01
5.047500197866607863e-01
3.479763630134412811e+00
6.305166255214704307e+00
6.303974696209120765e+00
1.912649901965023602e+00
-5.592754336244327718e+00
-1.222791369634739311e+01
-1.353202369211958356e+01
-7.553144598728268377e+00
3.486794719420015731e+00
1.416188237478847967e+01
1.898175211699195586e+01
1.569118023754485591e+01
6.545456005716223657e+00
-3.265132779192531309e+00
-8.929444084956207561e+00
-8.814973483980747204e+00
-4.953825052064331658e+00
-1.102016470568560891e+00
6.730880440436737278e-02
-1.391636915037504085e+00
-3.234870010982285216e+00
-3.102895307323650265e+00
-4.257412869653478538e-01
3.258233946319584629e+00
5.655357851769127642e+00
5.531868721967493130e+00
3.516525136551579500e+00
1.328978304010319800e+00
1.851362923782275960e-01
-2.217649342504994792e-01
-1.287669370854304773e+00
-3.982549328798960175e+00
-7.572705249005417194e+00
-9.766093780109166289e+00
-8.335197976471555137e+00
-3.032359833746544275e+00
3.739997589196752070e+00
8.189714609882409846e+00
7.573455484445853259e+00
2.124594578993660665e+00
-4.929831169590928042e+00
-9.341693618722466397e+00
-8.490320258338481807e+00
-2.938873749184222284e+00
4.079776323189931553e+00
8.792870015984131982e+00
9.139258866020542271e+00
5.703493463312555356e+00
9.179515665959423476e-01
-2.690520991766610859e+00
-3.923666766190034849e+00
-3.165124027868784218e+00
-1.581784362787105991e+00
-9.713225006604075951e-02
1.063192832440330360e+00
2.074686150763513481e+00
2.934437662699037386e+00
3.222484809521282578e+00
2.429639897311828722e+00
5.221459791294407182e-01
-1.810082561939318824e+00
-3.496111201275633018e+00
-3.776317701288648188e+00
-2.701715179371506181e+00
-1.057765600999944544e+00
2.012757502466119286e-01
5.492450549422787098e-01
8.425657161679753204e-02
-7.341866613788508023e-01
-1.488536789698984286e+00
-1.974156076427928896e+00
-2.057066398093541082e+00
-1.483801564783220339e+00
3.059535420868875200e-02
2.408854096711334325e+00
4.870627670737723847e+00
6.092563744138576709e+00
4.963359910483636561e+00
1.483486344360170683e+00
-2.906157987198676018e+00
-5.977341047021067055e+00
-6.049072168464501686e+00
-3.119931642397328897e+00
1.048005596735039902e+00
4.040458011842929409e+00
4.369660486487967788e+00
2.408149919772381242e+00
-1.869308267349045760e-03
-9.814556644592957735e-01
-2.885963203783192821e-02
1.644525569067564419e+00
2.112296010484808750e+00
3.113473622173571487e-01
-3.005897163749938095e+00
-5.693761715353561570e+00
-5.727085112842630110e+00
-2.695437588689898245e+00
1.829863526453598510e+00
5.329417393202204423e+00
6.008916281460095377e+00
3.895455209242009609e+00
6.005823729866479610e-01
-1.992245228044219774e+00
-3.067612721581441271e+00
-3.227694268027182289e+00
-3.647016997205589917e+00
-4.785220635122522381e+00
-5.764571896276956764e+00
-4.989850674960571553e+00
-1.579499594138248142e+00
3.529753229712658147e+00
7.782252247462432493e+00
8.542788842085101919e+00
4.973297202069442591e+00
-1.111476391537589592e+00
-6.140982233827433134e+00
-6.972173194921362338e+00
-2.959056482281985367e+00
3.492375073902636018e+00
8.324784739981055282e+00
8.341277398009840027e+00
3.234713007383416716e+00
-4.169663580413654813e+00
-9.623864713540932314e+00
-1.004164422516470978e+01
-5.334809886027614745e+00
1.631093146456608300e+00
6.896402213355987243e+00
7.880753570278749898e+00
4.906528750109355741e+00
8.328606200178380048e-01
-9.343208448247402043e-01
1.235217686163712747e+00
6.039984930536674845e+00
1.001796951932522184e+01
9.781693256674241610e+00
4.308408030160149949e+00
-4.190575063405463929e+00
-1.142823359993690424e+01
-1.355952279805604022e+01
-9.510047383532336696e+00
-1.653500375483394347e+00
5.604355409063462190e+00
8.459055188256888513e+00
5.910933451518044279e+00
1.753462074988374475e-01
-4.900953933912011173e+00
-6.336019841045804846e+00
-3.786064695025473714e+00
5.038933659474240656e-01
3.421920947840622951e+00
3.128778787077938883e+00
1.512643596212812636e-01
-3.231466812488517526e+00
-4.747715418745233507e+00
-3.713588612855295512e+00
-1.326182984590140501e+00
4.353917227145078783e-01
3.816394170226017346e-01
-1.053772787326285210e+00
-2.300502955297341501e+00
-2.000478956979042877e+00
-1.171342932402594794e-01
2.064365830201355223e+00
3.010324922341740983e+00
2.196100521102423375e+00
5.279902017440921691e-01
-4.060620748663426038e-01
3.544526741982537699e-01
2.335874535313119171e+00
3.982962864190899843e+00
3.892713156900151628e+00
1.938535464212486126e+00
-6.205623668070638921e-01
-2.132745056387380433e+00
-1.843026701968162540e+00
-4.342661468347078779e-01
6.128420611716138833e-01
2.993147111656551118e-01
-1.050917378376766909e+00
-2.110999824406886383e+00
-1.781255546216825802e+00
-2.815693212555356872e-01
8.822368664364926838e-01
1.561708402653245731e-01
-2.585508325267325880e+00
-5.597090598198303013e+00
-6.379578423056333492e+00
-3.630068180275612733e+00
1.483459577783939665e+00
5.845677299099957480e+00
6.513554227588955747e+00
2.946418819569296410e+00
-2.361161868118411444e+00
-5.463893613256807669e+00
-3.750064483858879694e+00
2.056317635052746340e+00
8.184430375691766457e+00
1.029276782995334649e+01
6.441582377365589807e+00
-1.518678488860938591e+00
-9.115875602203583838e+00
-1.215418300305094057e+01
-9.329232932698891645e+00
-2.818204006524329230e+00
3.413105644493606761e+00
6.261764526385406704e+00
5.230961962805750431e+00
2.215676819694825994e+00
-2.359033189329786673e-01
-7.387625782466251678e-01
3.260028681091495240e-01
1.623843388115650876e+00
2.196784812057732683e+00
2.150832584455938168e+00
2.237129861023932964e+00
2.863589634254894989e+00
3.525835977960496415e+00
3.205610483714753656e+00
1.374223272674512053e+00
-1.334000043302985272e+00
-3.447394036294949338e+00
-3.774724292891517674e+00
-2.381783754852684343e+00
-5.610904466456945183e-01
2.373343227895058360e-01
-3.610646462727069017e-01
-1.329260825580178995e+00
-1.164494176456275731e+00
6.641833642209961086e-01
2.998708051537924746e+00
3.737730705028455169e+00
1.580513021929613737e+00
-2.610935439528337731e+00
-6.051980545252362731e+00
-5.906433311083779003e+00
-1.487195045731657839e+00
4.914466506750605035e+00
9.351897386376885279e+00
8.879408964912054003e+00
3.655715239029157182e+00
-3.073142960647652799e+00
-7.161995883347503700e+00
-6.379236835690746510e+00
-1.827838272203672787e+00
3.014884789590864589e+00
4.872195599913829334e+00
2.929095517673131699e+00
-8.476944686428877773e-01
-3.446322893994010261e+00
-3.168859262713159097e+00
-7.764836693323109440e-01
1.389319321000216378e+00
1.495895993182593475e+00
-2.319021669540034802e-01
-1.775548894854084514e+00
-1.171574166502837855e+00
1.599316810314546311e+00
4.300963803373956118e+00
4.080557772154494778e+00
-1.603091865183374765e-01
-6.548169893842074707e+00
-1.124593868205576008e+01
-1.106273937783726069e+01
-5.767707569492898756e+00
1.638043345678552143e+00
6.945330500269464302e+00
7.599336961150112479e+00
4.313957113348248384e+00
2.885072402772830835e-01
-1.326928374181003623e+00
2.227707125112001751e-01
2.898132108133597118e+00
3.659762842799742621e+00
1.027516547929645974e+00
-3.596422184338791794e+00
-6.879796179656146649e+00
-6.076115698739008586e+00
-1.188036561284059989e+00
4.883019002567502653e+00
8.347142810043411743e+00
7.216042775834489831e+00
2.680224351899783475e+00
-1.839963287497484501e+00
-3.252530892280559804e+00
-1.057703674109384817e+00
2.354147065507680381e+00
3.577629088862410711e+00
8.433997672480495478e-01
-4.517857100510260793e+00
-8.890388215279740436e+00
-8.904325504751724907e+00
-3.886742791960573484e+00
3.501568848844569981e+00
8.896530433313078134e+00
9.014209832982730930e+00
3.718605324851725236e+00
-3.952809891079244409e+00
-9.729096094217682733e+00
-1.066838611007218418e+01
-6.706814714098906727e+00
-3.518872123601859414e-01
5.066183878237897176e+00
7.328377741438377946e+00
6.262234211894250890e+00
3.316505252188818975e+00
3.340300543875063255e-01
-1.526865111461322755e+00
-2.089863729304445528e+00
-1.733302274118160069e+00
-8.023264150314370902e-01
5.928076098686243522e-01
2.300621624158121215e+00
3.762344049403138158e+00
4.048633979580564812e+00
2.440193651765511618e+00
-8.279982210436821477e-01
-4.299690512387345898e+00
-5.903351943043213979e+00
-4.210077322572244540e+00
4.339376793908564789e-01
5.743077046472945923e+00
8.598531149311945398e+00
6.890723222671013559e+00
9.827510205892182604e-01
-6.212967608522892426e+00
-1.075391042250682716e+01
-9.969057126289030180e+00
-4.146497315227842151e+00
3.504867608242854260e+00
8.696689134052817849e+00
8.626625604875048481e+00
3.668998201932142322e+00
-2.907455479075987448e+00
-7.047330626687324795e+00
-6.498064027317566271e+00
-2.194016870481902970e+00
2.478052605696509314e+00
4.039317969853804868e+00
1.312078517240907072e+00
-3.780277297459715857e+00
-7.551349501832451239e+00
-7.102964708497558455e+00
-2.322641343757417154e+00
4.055526183084111835e+00
8.353339606589996080e+00
8.460700041447317687e+00
5.179313891808612347e+00
1.462200550750543560e+00
1.291446598695467074e-01
1.740906887015001070e+00
4.202870291643106881e+00
4.410274969210457918e+00
7.438047479235692094e-01
-5.432505529283081280e+00
-1.043801575479994170e+01
-1.072742133370578799e+01
