-8.567240451441875848e+00
-3.623095773085432736e+00
2.866041072651641208e+00
6.822406988445670173e+00
6.277839779819273325e+00
2.297882811941541981e+00
-2.179904092138533755e+00
-4.570714614733118353e+00
-4.281411915196798645e+00
-2.704655220578322083e+00
-1.795201418774296620e+00
-2.450447746944148353e+00
-3.922363308976285268e+00
-4.587552238541740657e+00
-3.345934921296542797e+00
-5.114389026074659395e-01
2.450229958047598355e+00
4.043998172989827999e+00
3.806487584933390345e+00
2.517258160255980481e+00
1.492163069806049069e+00
1.585169638963968675e+00
2.660461817151361874e+00
3.834689182636463300e+00
4.169698307643837865e+00
3.233252248003822604e+00
1.195177262046113853e+00
-1.410111251934456522e+00
-3.898045003636847916e+00
-5.462879278114769477e+00
-5.225051918310931853e+00
-2.606255533237301858e+00
1.999197805545237960e+00
6.791563783991998449e+00
9.035935879544544136e+00
6.563048786554301017e+00
-4.796534934494309788e-01
-8.946887920307755593e+00
-1.397683957955549694e+01
-1.183515795670041193e+01
-2.624367309411834270e+00
9.104663478532970089e+00
1.663809027986020794e+01
1.513805933431551409e+01
4.909342962224564566e+00
-8.377124594455468198e+00
-1.690092219834511056e+01
-1.545221869723725483e+01
-4.707963726976792884e+00
9.127010604723842846e+00
1.811826573672389173e+01
1.740203393949870758e+01
7.935420403459264804e+00
-4.444598711231066979e+00
-1.285329991364497637e+01
-1.348150588984777265e+01
-7.420640057241306486e+00
6.999119062383147849e-01
6.023313304851837913e+00
6.382984649645108810e+00
3.048401148921679127e+00
-8.160667317665948328e-01
-2.582497395328283929e+00
-1.729603862533015679e+00
3.172396541897232192e-01
1.617678430264022138e+00
1.180690863322325868e+00
-5.542698348753468673e-01
-2.339529716572497087e+00
-3.159937518953598534e+00
-2.859476907164508308e+00
-2.011322132693467601e+00
-1.322303052562424641e+00
-1.128923419716758580e+00
-1.315905295604523628e+00
-1.562112320798699550e+00
-1.590577577799476394e+00
-1.219724419711745833e+00
-2.935738851305154107e-01
1.298318252180818089e+00
3.439877358152343412e+00
5.621650553339152978e+00
7.038165806933838198e+00
6.993780271687392691e+00
5.353221993086407338e+00
2.667502897084582880e+00
-1.604322887101028439e-01
-2.415463941181340335e+00
-3.868961361851186886e+00
-4.600582226738237246e+00
-4.560537921341944134e+00
-3.373598236012473439e+00
-6.996775629224610826e-01
3.081505596605511155e+00
6.528544712989734933e+00
7.679631994688035590e+00
5.328838849592177240e+00
1.572347601013275309e-01
-5.281292074495424593e+00
-7.995357451011716243e+00
-6.580198842341899557e+00
-2.369443200886006462e+00
1.299793072189737053e+00
1.402110073493056053e+00
-2.446510626802813171e+00
-7.409697971352642298e+00
-9.232832109618161809e+00
-5.326154028957025055e+00
3.034586066876860944e+00
1.109308460511485350e+01
1.353555431357094818e+01
8.074824964047893516e+00
-2.759168669673045748e+00
-1.293567019880638824e+01
-1.656529476895315511e+01
-1.150454671680134311e+01
-5.937718030374217193e-01
1.019387676539798804e+01
1.538269024611402713e+01
1.303647717799311856e+01
5.415394303556656297e+00
-2.863622704156286503e+00
-7.708610912693178108e+00
-7.606242422599555297e+00
-3.826810000299451620e+00
8.985597838001606608e-01
4.069307377278748916e+00
4.444056344557469451e+00
2.141807696650238846e+00
-1.776983175638599199e+00
-5.755110121292989156e+00
-8.096030591007888688e+00
-7.445344754172308122e+00
-3.483280111607166774e+00
2.533091045342109826e+00
7.988464475149791078e+00
1.014353020089159685e+01
7.830916095938132315e+00
2.457157384000077105e+00
-2.613939781569050602e+00
-4.153633609067346910e+00
-1.320372806373472541e+00
3.574140504637608462e+00
6.522069022521250758e+00
4.644847360229333866e+00
-1.578867679986966976e+00
-8.373422772495171529e+00
-1.113575656784636969e+01
-7.665156438727790622e+00
1.480637140911293947e-01
7.462135595474060246e+00
9.736641844983100924e+00
5.835938438260052763e+00
-1.221680351722783886e+00
-6.418286173313423326e+00
-6.272336481343694814e+00
-1.247747817834230943e+00
4.659808145389236600e+00
6.834808087286305067e+00
3.360321938262522679e+00
-3.603207671561515557e+00
-9.316009162070583827e+00
-9.738086188260925979e+00
-4.287632096213419786e+00
3.788653814910703410e+00
9.599563790728129931e+00
9.784198182908781405e+00
4.541905807697787623e+00
-2.722198897617990276e+00
-7.726586356961424151e+00
-7.971057998330484118e+00
-4.029464523198470260e+00
1.170122835587232846e+00
4.393619683123074715e+00
4.065213864078639716e+00
9.836271998765039326e-01
-2.456733969742273871e+00
-3.874059050594316211e+00
-2.304375471073000448e+00
1.348575536416516618e+00
4.940103863086427793e+00
6.339353187197745321e+00
4.616769094697739995e+00
5.753208346291536213e-01
-3.622768874931671768e+00
-5.561161627690978548e+00
-3.878119109513628260e+00
8.970442858763014726e-01
6.482835501312113280e+00
9.980660883811685480e+00
9.445211606917224501e+00
4.997104729302006554e+00
-1.224920847767891230e+00
-6.299810207798532957e+00
-8.211763935072292853e+00
-6.924631725601965826e+00
-4.158301019050291814e+00
-2.053840671724787015e+00
-1.679571673210178639e+00
-2.429962442903920383e+00
-2.708751872954671569e+00
-1.337091579063114377e+00
1.408629836453218154e+00
3.935724827156030337e+00
4.551470672073085311e+00
2.818951675268377866e+00
-1.053592987523230273e-02
-1.856539481015469395e+00
-1.336831276900103616e+00
1.186983473999100758e+00
3.846791375619984077e+00
4.623849930108433703e+00
2.812677692114204486e+00
-4.967869454428864850e-01
-3.260940162694046851e+00
-3.990164323907575028e+00
-2.776182695450467808e+00
-1.083158402758349403e+00
-5.051122871919664359e-01
-1.477573732241070692e+00
-2.945150885910155836e+00
-3.230856087800478171e+00
-1.419250257991452546e+00
1.827684183489286962e+00
4.662150504835434361e+00
5.362936304931987586e+00
3.580974261718656404e+00
5.833306805946841811e-01
-1.683640554366987230e+00
-2.010884752040336565e+00
-7.741851638713095340e-01
4.053872800374863083e-01
-6.901546697149230081e-02
-2.499712167522401884e+00
-5.544001539081729213e+00
-7.043435101374566187e+00
-5.467839158779046471e+00
-9.969052106598574881e-01
4.477187446957945127e+00
8.420460729151624690e+00
9.113021249942596214e+00
6.592909793292777820e+00
2.547850646066029068e+00
-7.290166997626426060e-01
-1.666298725572450845e+00
-2.527057577764074137e-01
2.059655040270541804e+00
3.285388095702010069e+00
2.111678104128562161e+00
-1.306792425584297757e+00
-5.402581519727778669e+00
-8.056947445043800116e+00
-7.771503386233607813e+00
-4.479802700964491180e+00
4.574978826009531430e-01
5.040969926426947190e+00
7.697600781494718269e+00
7.963181933546485958e+00
6.404644858405794672e+00
3.943041292195141878e+00
1.153501724765661596e+00
-1.902850615199029649e+00
-5.221241386566248366e+00
-8.232592662911983439e+00
-9.681077321365897603e+00
-8.295989454934286300e+00
-3.866777829391781829e+00
2.135571734773910713e+00
7.058826353047901847e+00
8.569123133915752533e+00
6.195715427964007205e+00
1.767068580652971121e+00
-1.730903070055615167e+00
-2.201330747189291781e+00
4.352367392050149331e-02
2.460577376967731933e+00
2.146616444475238694e+00
-1.879744081728802918e+00
-7.671258175346176600e+00
-1.146927344557517969e+01
-1.026485951024537258e+01
-4.014971866006955104e+00
4.110629772084207545e+00
9.706562672703912042e+00
9.990303146477055307e+00
5.549698706535190595e+00
-2.210104359460270673e-01
-3.539252073672627397e+00
-2.747154905121454771e+00
8.330688405692728837e-01
4.174777874457885396e+00
4.862165604070893821e+00
2.679805362697943671e+00
-6.058096358987021812e-01
-2.899936186221227619e+00
-3.425898317648089719e+00
-3.051293562693509376e+00
-3.152141843974810342e+00
-4.102712120059630152e+00
-4.763082347784612480e+00
-3.458073643917426665e+00
3.620706085695907239e-01
5.228950524849366843e+00
8.408816925181284319e+00
7.838721753179008545e+00
3.762876543946148011e+00
-1.265202558705800673e+00
-4.113073380412196833e+00
-3.272148505233934301e+00
1.251326699159180933e-01
3.237642185512208837e+00
3.668578117830185281e+00
1.190175747913138515e+00
-2.239562091781770015e+00
-4.096247413384087821e+00
-3.219202505952881044e+00
-5.554019679047337288e-01
1.767073162727181845e+00
2.172523126485415457e+00
7.292721520505707211e-01
-1.222122643347605786e+00
-2.444505590478970980e+00
-2.883110568161778353e+00
-3.460064637662921161e+00
-4.791857180444660358e+00
-6.077194357873384689e+00
-5.352432113709244099e+00
-1.147341307024892121e+00
5.754294666477036913e+00
1.207380363189830241e+01
1.387708576107110758e+01
9.362519033302097782e+00
5.080758707938524132e-01
-7.863744582290122409e+00
-1.116917020186525811e+01
-8.161244800994786885e+00
-1.747703527574153926e+00
3.164047822799334053e+00
3.271422221712066758e+00
-7.360544279794634104e-01
-4.819846133415632394e+00
-4.817077400624689254e+00
1.795095214895006119e-01
6.885138844353046572e+00
1.012443781100549067e+01
6.718769025270830753e+00
-1.934637417263552983e+00
-1.056809177614155004e+01
-1.359997133148257831e+01
-9.000861386415278886e+00
3.103387364713507957e-01
8.520992931548814653e+00
1.091976097742927543e+01
6.972998234124794692e+00
3.695520743748030856e-01
-3.846176010609261287e+00
-2.883925829608783076e+00
2.009007365415093282e+00
6.713124576007027500e+00
7.327749778625016752e+00
2.897188115639970363e+00
-4.075414373366223586e+00
-9.480206305489950580e+00
-1.034042154718480333e+01
-6.529577835668271213e+00
-4.847875745127112612e-01
4.599033804761890387e+00
6.699185591604024381e+00
5.807253452556857987e+00
3.421204507564831410e+00
1.333326938621415492e+00
6.120939821875663878e-01
1.272068310890460907e+00
2.545520556431725812e+00
3.386332842617285177e+00
2.936309194391097943e+00
8.921317997001820821e-01
-2.254561629128489120e+00
-5.259419472128429085e+00
-6.629086186596115482e+00
-5.492293996361563124e+00
-2.329383719549959153e+00
1.083678195053747517e+00
2.729568988163972421e+00
1.821563320861744106e+00
-4.122612526996871085e-01
-1.437012255904450697e+00
6.541135556127937178e-01
5.326784750761135889e+00
9.437251079452249058e+00
9.176477124385186812e+00
2.968275310488122543e+00
-6.797121529584400079e+00
-1.473267178258671706e+01
-1.579669988462441310e+01
-8.827983790505303574e+00
2.295136851637600728e+00
1.092528727613458450e+01
1.196816833883343811e+01
5.298021525089914974e+00
-4.180887365188205251e+00
-9.943499692734743434e+00
-8.345349627018158856e+00
-1.021313965218783926e+00
6.505866048461061979e+00
8.941263552282796567e+00
5.018247297599314649e+00
-1.781911338660632893e+00
-6.040253608662238705e+00
-4.563790417266566202e+00
1.243668749133876039e+00
6.551442001154549999e+00
6.867893295612626403e+00
1.511869778818855981e+00
-5.840632979694296623e+00
-9.921592437889874105e+00
-7.827995843411986066e+00
-1.177625403069818555e+00
5.133413914740218686e+00
6.591786337553815933e+00
2.372211758430638806e+00
-4.164329503637979712e+00
-8.077642353874512793e+00
-6.535752625856886766e+00
-8.123284200481282191e-01
4.829529611961506319e+00
6.423605998232853054e+00
3.231016742620475224e+00
-1.851910025688810801e+00
-4.612819282726613679e+00
-2.735670709810264167e+00
2.518279243023535230e+00
7.348743605022365344e+00
8.298041877405065492e+00
4.778922054654365148e+00
-5.866797814272322054e-01
-3.963809687611213217e+00
-3.080826515010534727e+00
1.236933458397009744e+00
5.777932042284346537e+00
7.242275197406978116e+00
4.419976922289875709e+00
-1.201685692121324145e+00
-6.612079107535223876e+00
-9.215127900223967217e+00
-8.170985982368552669e+00
-4.436794006244930699e+00
1.790535101936508999e-01
4.060863989283996389e+00
6.252402273528844034e+00
6.343463563584924358e+00
4.261403450053093067e+00
3.643353847514378963e-01
-4.268957497150463354e+00
-7.842856934981170092e+00
-8.497637200395860901e+00
-5.392303588628603706e+00
5.134503627839401840e-01
6.672450969977443691e+00
1.021840534323609440e+01
9.570928870088490470e+00
5.340560631694986071e+00
-8.540310388765148808e-02
-4.019898836889763238e+00
-5.050397845392060603e+00
-3.704063671095690680e+00
-1.837504254413135696e+00
-1.238774125218461197e+00
-2.406900165964406479e+00
-4.284654079263663817e+00
-5.046843794267192429e+00
-3.372996166953782460e+00
6.150988128511872821e-01
5.297564900386186437e+00
8.373842086993603218e+00
8.069082770448218866e+00
4.088943067072091431e+00
-2.140682484999131052e+00
-8.050661502957577653e+00
-1.105913629330069448e+01
-9.754498058653844339e+00
-4.590206940708706718e+00
2.264102780401572979e+00
7.898719197575461592e+00
1.002959392242187775e+01
8.066079917433615520e+00
3.300638919300983076e+00
-1.893263799258826818e+00
-5.388603921420672016e+00
-6.365196833181228087e+00
-5.481157112429118961e+00
-4.117466770191966496e+00
-3.270559138178405156e+00
-2.881671977999962664e+00
-2.050059855765758776e+00
7.587461568959374958e-02
3.424882372212159520e+00
6.813365631924681587e+00
8.592666443054691072e+00
7.677604808457472174e+00
4.247046305368380459e+00
-3.274383419444465426e-01
-4.216032983985585680e+00
-6.007316772693070739e+00
-5.215598716880541552e+00
-2.265346731353117704e+00
1.830474209711305145e+00
5.795272590281693503e+00
8.320337004930916436e+00
8.339758424380853796e+00
5.469759031184742604e+00
4.551599703642006389e-01
-4.791801629695448206e+00
-7.883552747139567884e+00
-7.214976703249353029e+00
-3.074156764900733751e+00
2.228688794768384440e+00
5.524667012381611286e+00
4.668271152018823145e+00
-4.530671504168770625e-02
-5.932933082275738457e+00
-9.522847999410497977e+00
-8.713205378149321945e+00
-4.072570565125972486e+00
1.585483717766785094e+00
5.054139446672362368e+00
4.750383410585642174e+00
1.564257534900585611e+00
-1.939595089813726414e+00
-3.305059227389203436e+00
-1.682084713063190629e+00
1.904105589637173912e+00
5.499485362704379376e+00
7.536375662036582490e+00
7.557982779446363431e+00
6.006616848374735973e+00
3.512457850322236119e+00
4.291703872889991445e-01
-3.007534393111348070e+00
-6.196859356532224972e+00
-8.022659172792653948e+00
-7.404649912299636760e+00
-4.226633969485016351e+00
1.636089857439095852e-01
3.488847795815509745e+00
3.932430895758921796e+00
1.445669514577350823e+00
-2.052263349957077931e+00
-3.875014776612996314e+00
-2.421732279147992273e+00
1.624480175879224220e+00
5.666746630757828029e+00
6.949122005050563544e+00
4.497651780900199903e+00
-1.262827755233411064e-01
-3.823756550775744500e+00
-4.046715717371561105e+00
-5.526725128249231345e-01
4.367282793514951855e+00
7.334360699726095945e+00
6.033257892613331563e+00
6.728347928875555439e-01
-6.133393211157260438e+00
-1.091633579805271381e+01
-1.132021581751969919e+01
-7.323816367578626974e+00
-1.099084024366265400e+00
4.277264350457365083e+00
6.457544324180428674e+00
4.934020108217326062e+00
1.135396603423164619e+00
-2.444261957533809149e+00
-3.605956411107267279e+00
-1.630059727042120654e+00
2.299104387071908562e+00
5.688450456748424422e+00
6.125453492764231456e+00
2.768261511585824675e+00
-2.938313708387245704e+00
-7.882102340882925162e+00
-9.047934438780716349e+00
-5.448708928492382420e+00
1.029920749488622223e+00
6.577054709031989077e+00
7.770102219350571993e+00
3.832118992428236837e+00
-2.707664013039646544e+00
-7.530697187146622618e+00
-7.336909600425929767e+00
-2.092773874387564348e+00
4.853508618640726802e+00
8.952904672834641531e+00
7.498862766502033317e+00
1.454307035737340659e+00
-5.208466248482600314e+00
-8.201451401181591550e+00
-5.773084633997600079e+00
2.502624721253805529e-01
5.896831074752877377e+00
7.860152691945249792e+00
5.654619246261018084e+00
1.632407820187132153e+00
-1.018140705439653626e+00
-7.148314717694306264e-01
1.459061772798829315e+00
2.793471382412917148e+00
1.207375145813152972e+00
-3.037277268789456919e+00
-7.452158498465980330e+00
-9.138717585894967854e+00
-6.902414667677275517e+00
-2.089026862504451021e+00
2.424215946324737025e+00
4.263718757217899835e+00
3.092854962511751626e+00
5.791748564397696253e-01
-1.045290083973221762e+00
-6.509366357282555526e-01
1.139170675287984658e+00
2.686174937088432912e+00
2.749976124908005914e+00
1.425281997295668512e+00
-7.649695720961774414e-02
-5.120972158104426519e-01
3.854137655626907466e-01
1.774237575069598227e+00
2.475843271122446509e+00
1.945637551955424760e+00
6.302262070593673826e-01
-5.314271811851378757e-01
-9.683408962133911446e-01
-9.226874163521866512e-01
-1.097331605581842950e+00
-1.842119220217035114e+00
-2.640046954700232540e+00
-2.418646800791678153e+00
-5.048323616993831697e-01
2.549576179387886832e+00
5.017666362009669534e+00
5.020024129158675130e+00
1.847986591686120228e+00
-3.368627012186607317e+00
-8.172717273973207242e+00
-1.016610787369365987e+01
-8.362760876107534713e+00
-3.653668821746641981e+00
1.833476348327554906e+00
5.966688525413125888e+00
7.618826983163357269e+00
6.920857234999013841e+00
4.809790265925753872e+00
2.344461111764626793e+00
2.578337223784556986e-01
-1.114161062052623885e+00
-1.707491616491738418e+00
-1.644812164837524904e+00
-1.241036415880837573e+00
-9.629822325653614179e-01
-1.223977910931039581e+00
-2.095217701504857644e+00
-3.178885538774159691e+00
-3.816368594342147258e+00
-3.528184394754072528e+00
-2.347374111696932886e+00
-7.554424353506594692e-01
7.430144261119934201e-01
2.035767071947926610e+00
3.409133713105855890e+00
5.091848669278173034e+00
6.731354780709243535e+00
7.342347604605466316e+00
5.927480857578043327e+00
2.378453673557949344e+00
-2.083909009687875180e+00
-5.428809417520658265e+00
-6.074025252752941029e+00
-4.014193193396285331e+00
-9.235409601316124650e-01
9.623277342731983985e-01
4.426608064174111234e-01
-1.760589879448536843e+00
-3.554903058287902873e+00
-3.130739966606690405e+00
-4.901126104517103954e-01
2.367467459282731834e+00
2.856546975202049143e+00
-1.591272534485180801e-01
-5.238431602261377051e+00
-9.086655407767620929e+00
-8.735228050180346315e+00
-3.668448189527039105e+00
3.647015475589941769e+00
9.268766019502354681e+00
1.030680754976747160e+01
6.723587428937896071e+00
1.183560806643061625e+00
-2.870819723746266927e+00
-3.499911838204273096e+00
-1.306828028114094487e+00
1.383467116683260834e+00
2.448721237725447253e+00
1.494336413714821399e+00
-1.158322935131552711e-01
-6.137404715570309310e-01
5.974669493680058174e-01
2.422521583029618952e+00
3.003169028670637619e+00
1.331381996031521409e+00
-1.759488003929380096e+00
-4.048016130144729274e+00
-3.526988126731610329e+00
3.028630914650065620e-02
4.716993359967672994e+00
7.647865805533857753e+00
6.830712400966866937e+00
2.469390719685829794e+00
-3.158424860905057585e+00
-7.107617701160984680e+00
-7.482397407617763285e+00
-4.380773338932697492e+00
4.020891527890080308e-01
4.546633093463252173e+00
6.428215619176677720e+00
5.703716906377831464e+00
3.129456055958822702e+00
-4.266141983149263073e-02
-2.633686452519670596e+00
-3.842920756363488177e+00
-3.347899958650278229e+00
-1.346286985770355216e+00
1.436676874952578231e+00
3.894216707418337808e+00
4.925982156807853229e+00
3.952470443341607798e+00
1.255973886568861442e+00
-2.115607892723247119e+00
-4.874266824673490817e+00
-6.133501871532089922e+00
-5.763915373119917085e+00
-4.270400072049210571e+00
-2.344428742617585382e+00
-4.525786008316134978e-01
1.264705942890324231e+00
2.800933916216334474e+00
4.053025945241587991e+00
4.794571242989293935e+00
4.860834257316287932e+00
4.325636619597870158e+00
3.448398527978008055e+00
2.403588790157943578e+00
1.057428629232898043e+00
-9.265773220797430820e-01
-3.646384590463475739e+00
-6.527089361979172111e+00
-8.339869262938890415e+00
-7.832293929130906385e+00
-4.630725044812914248e+00
2.367438685826692701e-01
4.681600024526324511e+00
6.665106169838928452e+00
5.398067130827062243e+00
1.817585540914787412e+00
-2.014025588495341967e+00
-4.200502087129757811e+00
-4.118371483823541901e+00
-2.601198513620215369e+00
-1.132242389336646227e+00
-6.852374315253110248e-01
-1.077098385325712560e+00
-1.276518754024092539e+00
-3.752689560701790161e-01
1.564145831002148324e+00
3.452985910124971358e+00
3.956461481958366555e+00
2.508146302588948551e+00
-2.164886986218637066e-01
-2.724326045314984679e+00
-3.706292014661110912e+00
-2.879345094615408218e+00
-1.079433600215295330e+00
4.070008684307587776e-01
7.340572901759335744e-01
-4.194302980183695073e-02
-1.199955627180298467e+00
-2.009329820378905840e+00
-2.237289236755856781e+00
-2.130056494919862153e+00
-1.965923979223975770e+00
-1.642795607476838171e+00
-7.170630886800659631e-01
1.100280783742552781e+00
3.416407997889741477e+00
5.113275107705186784e+00
4.956868399465694353e+00
2.502560410299709215e+00
-1.356988838136189646e+00
-4.677833966489602702e+00
-5.513599752449186653e+00
-3.116915404390442124e+00
1.469218300846181213e+00
5.846903446910864055e+00
7.522876287947960705e+00
5.291514870814573612e+00
-3.565427917919450351e-02
-5.961532360172064671e+00
-9.525112690701735829e+00
-8.782307582681283975e+00
-3.799666210262107491e+00
3.330111998891829295e+00
9.464447089167915550e+00
1.191821141535056228e+01
9.776061567193035984e+00
4.347820006494317546e+00
-1.506020947138980270e+00
-4.885811315710611780e+00
-4.430312861963514592e+00
-1.076718791686243293e+00
2.496987059487761229e+00
3.511511525747223139e+00
8.821477250245353119e-01
-3.950013527460874307e+00
-7.773049657160728820e+00
-7.603290835036844442e+00
-2.737903833322082203e+00
4.483720724012507652e+00
9.834730892849286477e+00
9.696607934942083062e+00
3.397902428241332373e+00
-6.111596854186997163e+00
-1.378408938322071897e+01
-1.535239500277557667e+01
-9.829781523669838705e+00
-8.850817957307954842e-02
8.844570205940780028e+00
1.271546226593828877e+01
1.038802904039838459e+01
4.209076051927421069e+00
-1.720488627558065975e+00
-4.170097487524738078e+00
-2.607228544566433825e+00
8.510348241189240603e-01
3.168344687737030263e+00
2.535165826494767849e+00
-5.138589651504916755e-01
-3.671805904319384251e+00
-4.608726835251258258e+00
-2.628904973759516484e+00
8.914284731211912227e-01
3.517701025673017234e+00
3.450898470247949934e+00
7.077588058132058269e-01
-2.991042767875059738e+00
-5.474663642541203856e+00
-5.589072575033327439e+00
-3.849964923298323960e+00
-1.875107857695959002e+00
-1.068829616464952448e+00
-1.544567737178369038e+00
-2.069322187758372067e+00
-1.058017814101562148e+00
2.117105118724698976e+00
6.466017679392525253e+00
9.872738024642590204e+00
1.042512608442369704e+01
7.673410668783069433e+00
2.952858805280539123e+00
-1.447415247387768611e+00
-3.698184055674822446e+00
-3.474683627592217938e+00
-1.963331945674365864e+00
-8.923057945709330641e-01
-1.302588871247112978e+00
-2.903817795480592157e+00
-4.397642711928358317e+00
-4.457945859562222779e+00
-2.635819900276277661e+00
4.131000476525333864e-01
3.438577593194559689e+00
5.378571455800669199e+00
5.831927932275219106e+00
4.974867257390415354e+00
3.158585842051455206e+00
6.478237992307884774e-01
-2.250885479306277581e+00
-4.865791967287218966e+00
-6.103764770053579980e+00
-4.947544642537712534e+00
-1.282809459602875624e+00
3.588468298214058994e+00
7.322657179431253383e+00
7.782039928216956781e+00
4.436126398434789841e+00
-1.065470872125629631e+00
-5.680573790933411971e+00
-6.748250401569936052e+00
-3.646128413324924544e+00
1.771221849678014992e+00
6.280422565648809297e+00
7.243076809408683481e+00
4.144183094184490379e+00
-1.242216903822758400e+00
-6.074333366563850589e+00
-8.160136285592960448e+00
-7.042601283225013553e+00
-3.874668629758325267e+00
-3.895408002361211430e-01
2.175560250782897054e+00
3.486305409732093796e+00
3.776829094581962920e+00
3.286449031254567998e+00
2.045569159362097267e+00
1.420412934072909916e-01
-1.919285644554700632e+00
-3.260772167816851752e+00
-3.177237953592794817e+00
-1.740155447971331260e+00
1.427271338308782056e-01
1.398505941621375648e+00
1.704293026500170782e+00
1.831313566556093786e+00
2.979745526356453844e+00
5.517242954687867851e+00
8.168547876189023782e+00
8.520518148606651465e+00
4.730281887460440871e+00
-2.735583607843310006e+00
-1.076293593781859848e+01
-1.520740929647018547e+01
-1.355992966198311933e+01
-6.804891794369294367e+00
1.004086740300246694e+00
5.364950105966315164e+00
4.405742508705873917e+00
1.982778043973406623e-01
-2.763534400511099776e+00
-9.522952336160830367e-01
5.354523352882186060e+00
1.193716677123703640e+01
1.346694581041157335e+01
7.400676167321007526e+00
-3.851184771688035191e+00
-1.414537931502111867e+01
-1.750393155998731132e+01
-1.204656286057954162e+01
-1.234623082236459002e+00
8.440646014728621083e+00
1.171833853991291363e+01
7.842381397150457012e+00
6.682860595784396729e-01
-4.319314587411699158e+00
-3.870401549087466364e+00
9.896249352853296877e-01
6.024788688997277930e+00
7.000129619084170862e+00
2.652749101853961733e+00
-4.615256849152595819e+00
-1.059970030603923874e+01
-1.218017489630757844e+01
-9.135715875660153529e+00
-3.782983592095420455e+00
9.942848831177677482e-01
3.681102005377832498e+00
4.648601631736351436e+00
5.132266637897807904e+00
5.755314855745598202e+00
5.903946224769041073e+00
4.415818376499209386e+00
8.904376497638679666e-01
-3.577823535620293427e+00
-6.928632390625185877e+00
-7.539545518593605777e+00
-5.385234585863051038e+00
-2.026597841772900033e+00
5.557003258715582650e-01
1.359045927237549689e+00
9.126055171313164349e-01
6.159763976914900407e-01
1.461308114880795817e+00
3.190346038649743310e+00
4.534587189122109230e+00
4.286743391803574887e+00
2.298799869203329127e+00
-3.897867860559173225e-01
-2.344336850205520406e+00
-2.752592829542232167e+00
-1.839933847584064086e+00
-4.176523864692149868e-01
9.422472420907285207e-01
2.314363482551010431e+00
4.033410663737564406e+00
5.903366704185532221e+00
6.830882841119191973e+00
5.409235510287921045e+00
1.147021781129719642e+00
-4.638254872065393997e+00
-9.151217102243967005e+00
-9.698635142954326938e+00
-5.535417153382733879e+00
1.356399308084460298e+00
7.246702168043681169e+00
8.870966773945598405e+00
5.447675621739434426e+00
-8.502941551690361699e-01
-6.286520028010245120e+00
-7.877430006045418764e+00
-5.112198882368669040e+00
-2.527847330212601440e-02
4.278507851299178100e+00
5.553909096632130726e+00
3.543367482692655113e+00
-2.593382695020967077e-01
-3.799091756613046211e+00
-5.653690314270580330e+00
-5.493724974442537601e+00
-3.756250115345093121e+00
-1.054667337060730237e+00
2.109703991235375664e+00
5.201074575974839576e+00
7.408743355836682198e+00
7.749557339980156279e+00
5.604925565306069224e+00
1.322130027936257779e+00
-3.651778270967445561e+00
-7.340958360586797404e+00
-8.233638536938471475e+00
-6.082496817115079502e+00
-2.014072493228265870e+00
2.087696210354460735e+00
4.507039004667001691e+00
4.394607970310000944e+00
1.949187430361885465e+00
-1.838307210379054091e+00
-5.605255588362073382e+00
-8.002827294129916780e+00
-8.032767962259882211e+00
-5.387084619356802939e+00
-7.147332298196023004e-01
4.420430503426720392e+00
8.081817054391958521e+00
8.880283825644523787e+00
6.780589955828665971e+00
3.215964040057690987e+00
2.969360377767408243e-01
-4.785749882967497149e-01
8.176496315043013663e-01
2.610993176487627299e+00
2.932714093978355585e+00
8.381208314733388232e-01
-2.864674236990141232e+00
-6.121531149983812092e+00
-7.044508026435827297e+00
-5.231826700705228816e+00
-2.041789701416469871e+00
3.894484026459162918e-01
6.859554515141697006e-01
-7.849413541533449834e-01
-2.201002824780872391e+00
-1.646092105346023127e+00
1.426126052730831262e+00
5.669201308301324183e+00
8.638773516775934525e+00
8.364927285922494349e+00
4.643008136183003565e+00
-7.946768095422965805e-01
-5.295008789136319116e+00
-6.796552729098388923e+00
-4.898299908282058190e+00
-9.149211048812375680e-01
2.979805226189430556e+00
4.917989701698449956e+00
4.156206607783916596e+00
1.225375854219168836e+00
-2.491706673181186105e+00
-5.426400205400728538e+00
-6.423290325663071343e+00
-5.105581271801310272e+00
-1.956094870294437182e+00
1.890247545635800108e+00
5.101378779267221830e+00
6.706358960007300141e+00
6.501602206819218743e+00
5.059621614824266089e+00
3.297629230748219342e+00
1.862041109155318175e+00
7.538275799662517151e-01
-5.152952822299039504e-01
-2.333746894781422831e+00
-4.429368870845409312e+00
-5.833241030253251580e+00
-5.494419476898516841e+00
-3.146376588814156161e+00
2.466642914326950264e-01
2.902206700156307217e+00
3.316492294607662039e+00
1.320221601517549193e+00
-1.687533705974056497e+00
-3.578311980493888100e+00
-2.897505261791494924e+00
1.157753882024452619e-01
3.617978987286386783e+00
5.337203445608403207e+00
4.062676980390985904e+00
4.534506640870490379e-01
-3.363996439040896291e+00
-5.124272534843411719e+00
-3.797422583289991493e+00
-1.475149087666356440e-01
3.806466531622927807e+00
6.001920260253448269e+00
5.433960608656434488e+00
2.544365570822742395e+00
-1.188895668750256096e+00
-4.088815428919381212e+00
-5.041589987283270347e+00
-3.871447798823766551e+00
-1.296310838786451702e+00
1.408701610531563508e+00
2.908616856746276014e+00
2.361879068748362620e+00
-1.273146900130621706e-01
-3.400223932742396649e+00
-5.678069014853549312e+00
-5.470814161557425948e+00
-2.518203666424757348e+00
1.858728364704354652e+00
5.368576988153873408e+00
6.087818182792430477e+00
3.719512971410049218e+00
-1.122343954978806124e-01
-2.848889884853126553e+00
-2.699502659771462643e+00
8.117880325042514666e-02
3.276953627794707558e+00
4.191113065691561168e+00
1.558183945870556197e+00
-3.447223151962333088e+00
-7.863937791933273580e+00
-8.871506020864991626e+00
-5.688626285069758204e+00
-1.285677912576204118e-01
4.581521976676519614e+00
5.903618309256724928e+00
3.569454341796152619e+00
-4.124801097568024377e-01
-3.251183931047875841e+00
-3.260449006732931476e+00
-8.215652170777012486e-01
2.159694763979366883e+00
3.773334571636238088e+00
3.416620681256850034e+00
1.964765367779283789e+00
7.983917346547082516e-01
5.588827627430705824e-01
6.592984312923693135e-01
-7.388559673291261731e-02
-2.183812432235910261e+00
-4.823471172478464020e+00
-6.139453446660516178e+00
-4.588040490204193134e+00
-2.184461353228752678e-01
5.069836006485743951e+00
8.562453212776352629e+00
8.386585202958592333e+00
4.661637248507371822e+00
-6.250771825967796902e-01
-4.892251586510862893e+00
-6.489040612683761644e+00
-5.463945775228480350e+00
-3.170085751712667488e+00
-1.130197488130461281e+00
-3.985763862868629825e-02
4.272683817421816244e-01
1.016160543197533572e+00
2.082335128527970092e+00
3.252321595858663095e+00
3.782543293815558982e+00
3.261315747202667037e+00
2.035712506410571443e+00
9.910925224304611980e-01
8.493471843732467441e-01
1.549125344662824366e+00
2.219691812755270277e+00
1.807089316751751218e+00
-9.085961820944477019e-02
-2.795962489182529431e+00
-4.861858413524285716e+00
-4.941662830746279766e+00
-2.644345695714366951e+00
1.170217818755492356e+00
4.827373487543017205e+00
6.712023649415526094e+00
6.052648518505368003e+00
3.201740659794453769e+00
-6.573351355311822797e-01
-4.126187026603457042e+00
-6.169962826276699452e+00
-6.414946079693232051e+00
-5.130325248005564553e+00
-3.007194372561222462e+00
-8.726411902353207184e-01
5.754651161714634533e-01
9.732337195730087487e-01
3.973077530922971001e-01
-6.749569776071018268e-01
-1.569838685484770124e+00
-1.724292763799038841e+00
-9.564395542468993039e-01
4.444934027102784291e-01
1.862785192828994907e+00
2.657270355113230842e+00
2.455850705380639099e+00
1.298989642939071487e+00
-4.108448825040113550e-01
-2.089679487247504852e+00
-3.175874459731834687e+00
-3.283271956141431858e+00
-2.288782892614070974e+00
-3.680653845464059160e-01
2.022967507118606179e+00
4.246165905117482708e+00
5.667886302253212882e+00
5.883744612209344638e+00
4.875634073264889956e+00
3.005206519937373422e+00
8.357481942963993493e-01
-1.116076354809196092e+00
-2.550840642509789369e+00
-3.391515074693011833e+00
-3.660648361458245237e+00
-3.359950126735261833e+00
-2.466860662954615258e+00
-1.049180396237987090e+00
6.183099682094925775e-01
2.070177476145213191e+00
2.832183089111394381e+00
2.658280369576908164e+00
1.650624049044756347e+00
1.703758187844038874e-01
-1.388963387369240854e+00
-2.781525784128199064e+00
-3.899629880937997228e+00
-4.604552717056552780e+00
-4.589385118106933170e+00
-3.468772163406320885e+00
-1.105898135409533189e+00
2.051296626109913479e+00
4.942271278592973438e+00
6.323648088633802899e+00
5.469757804728063277e+00
2.697999613260650964e+00
-6.872932121474953915e-01
-3.082475313307692311e+00
-3.507934943407058803e+00
-2.161556157532211753e+00
-2.067385222081861706e-01
1.083603583162074058e+00
1.235675802618299679e+00
8.729460178850160235e-01
1.152709679055970104e+00
2.719876015178070539e+00
4.955978133279238307e+00
6.155602348199039398e+00
4.632330541145029734e+00
6.084478076338095676e-02
-5.900089436251881203e+00
-1.026220102648207266e+01
-1.036934278391919406e+01
-5.580079376516236422e+00
2.117306461558342789e+00
9.029795631209626805e+00
1.173963625952157663e+01
8.975149548853060821e+00
2.256656277628157348e+00
-5.045353966076253194e+00
-9.629945701517522494e+00
-9.984933179293641103e+00
-6.914460368541461399e+00
-2.680563229170379369e+00
5.655764407910358615e-01
2.005181112262273135e+00
2.293563145139735582e+00
2.666625985589078152e+00
3.748569570895322389e+00
4.949298988918363840e+00
4.878935297735658594e+00
2.470307153890533236e+00
-2.004641074790417310e+00
-6.778192092904738786e+00
-9.469958408905814196e+00
-8.491197348894743868e+00
-4.087520694779175123e+00
1.660926551861422684e+00
5.928535367668358091e+00
6.703348244702237224e+00
3.907645921197485883e+00
-5.742070967310488605e-01
-3.979012287423000949e+00
-4.239578068943631983e+00
-1.157741094575815977e+00
3.482559148893197953e+00
6.920742291298079607e+00
6.979157208017868541e+00
3.308625268549862941e+00
-2.371711723512858860e+00
-7.176516411222979563e+00
-8.604911034417989768e+00
-5.886665052990858626e+00
-3.815634764096538234e-01
5.185035953418600130e+00
8.215295409836389950e+00
7.614473462641329959e+00
4.274491490975072416e+00
4.137051620462079971e-01
-1.805302676190560618e+00
-1.535182053422416315e+00
3.744016142290493843e-01
2.072525653829149661e+00
2.001092726895651541e+00
-6.527163987646411591e-02
-2.909314216507373096e+00
-4.748087174986037162e+00
-4.493412105601346518e+00
-2.529198837317539361e+00
-4.561081014301804348e-01
4.919039885637999099e-02
-1.502564291641854677e+00
-3.906855544012016068e+00
-4.922094961533985291e+00
-2.731570996486342384e+00
2.702766060108402257e+00
9.287379333923169611e+00
1.374499407857731725e+01
1.336949836801245972e+01
7.593677238061779633e+00
-1.531047720339604234e+00
-1.022822906127711207e+01
-1.479046928567986541e+01
-1.333657902695202502e+01
-6.655914901988853494e+00
2.230026445354944098e+00
9.514846085394665920e+00
1.233875869775475387e+01
1.000491372965260162e+01
4.162541847429309883e+00
-2.084398430339991393e+00
-5.716230502290747140e+00
-5.271586680051959739e+00
-1.551285640309026714e+00
2.828829217431434007e+00
4.872483587169563535e+00
2.923671723870481465e+00
-2.267780017332057696e+00
-7.817795228290277620e+00
-1.029306932630558435e+01
-7.784819244873966149e+00
-1.241838143324628607e+00
5.847691958805980583e+00
9.391357946664300016e+00
7.173738763036445754e+00
3.576873643661615532e-01
-7.025954621077500128e+00
-1.041881427547506256e+01
-7.532355959917382826e+00
1.492198209379449469e-01
8.169158678965114717e+00
1.177223449708247927e+01
8.807893479755371402e+00
1.035752178005647117e+00
-6.991619694865830681e+00
-1.074646516671713847e+01
-8.443615264830494738e+00
-1.958697062400650779e+00
4.550393007482694152e+00
7.326631048349245390e+00
5.226764309668753938e+00
1.067350485961060524e-01
-4.692048018455874825e+00
-6.582224689453367361e+00
-5.157727870484077215e+00
-1.978139993405956254e+00
9.043573189219519248e-01
2.454328824584508517e+00
3.091044941219793785e+00
3.864074751094217053e+00
5.170805406596507225e+00
6.142753804731448497e+00
5.255375461239198742e+00
1.707949801791376565e+00
-3.540743642601823726e+00
-7.993569931127362693e+00
-9.080329388979222927e+00
-5.894294142595679631e+00
4.356968632765467753e-02
5.597020730663672339e+00
7.908940780839824214e+00
6.116276465535778861e+00
1.743974374311656472e+00
-2.443533319203401000e+00
-4.295254944893128091e+00
-3.546081997820031528e+00
-1.689765575750628468e+00
-6.533525970973950159e-01
-1.303647231910765480e+00
-2.871810328084558606e+00
-3.656406460867958508e+00
-2.414489281704462087e+00
6.267916428870481393e-01
3.880889503816909780e+00
5.520297761526514080e+00
4.747887294144010006e+00
2.284574189097136721e+00
-2.486161775316315103e-01
-1.543825175469601962e+00
-1.481455015669956410e+00
-1.024452826283759777e+00
-1.258412092969533047e+00
-2.361966026009098663e+00
-3.341584006728622214e+00
-2.772787179106687372e+00
-5.625656135563539273e-03
4.091288223713618777e+00
7.464013424955600939e+00
8.119701616610310424e+00
5.444304224379609813e+00
6.715679857622629534e-01
-3.836025436962283486e+00
-6.012878467442464014e+00
-5.266470163616970623e+00
-2.648482213034421218e+00
1.946455882786304881e-02
1.395892216292611510e+00
1.368723785577653507e+00
8.430835634841902237e-01
8.191023936420809282e-01
1.498806558696240465e+00
2.091185453504244673e+00
1.439181523967123288e+00
-1.012773287519069587e+00
-4.624219150722118421e+00
-7.769052665518683121e+00
-8.717777643046446201e+00
-6.620121690236253187e+00
-1.989746545864632399e+00
3.549401645811998574e+00
8.037798369197030723e+00
1.001052651771406943e+01
8.992262095423843249e+00
5.536493344043972087e+00
9.251499400784037874e-01
-3.287441214058882011e+00
-5.762049571977867046e+00
-5.818660069824989733e+00
-3.724684834808454692e+00
-6.563734666344497315e-01
1.777300763294989538e+00
2.327599610321391843e+00
8.218541907636187638e-01
-1.669447773543807356e+00
-3.423726488938606316e+00
-3.134274693329902828e+00
-7.887495072958170539e-01
2.266189282669436977e+00
4.188438893982171507e+00
3.888605116550550189e+00
1.793185987456261454e+00
-4.575679715543113923e-01
-1.210754955520449538e+00
-5.355904073041645175e-02
1.824069898896662822e+00
2.488411758085176562e+00
7.689621553488033001e-01
-2.695899247352919748e+00
-5.717203865703780252e+00
-6.036456850394808171e+00
-3.018836146994233527e+00
1.689218215868347972e+00
5.109082673080213688e+00
4.914355610184335532e+00
1.089501795561103936e+00
-3.937347625547007901e+00
-6.850413391957768106e+00
-5.659701163314069916e+00
-1.046405716854270196e+00
4.105244889827593724e+00
6.675294281681414255e+00
5.409955909593563206e+00
1.701923254257666329e+00
-1.473509768546206189e+00
-1.695268778221637795e+00
1.201611059496599188e+00
5.034788853366318762e+00
6.823223605053748031e+00
4.867813400589928285e+00
-7.609461089129931910e-02
-5.299932249153770591e+00
-7.912479968029357380e+00
-6.643727966606300939e+00
-2.505233729246076901e+00
2.021175519656275288e+00
4.598699136870636472e+00
4.336968309601254568e+00
2.009293829067288151e+00
-7.658789095222449106e-01
-2.660676657116168631e+00
-3.292484241143522894e+00
-3.080501757550985431e+00
-2.604124273138014090e+00
-2.053865557043624612e+00
-1.173076392868773077e+00
3.639298552495049410e-01
2.521320547734235973e+00
4.779430027798174940e+00
6.383553687993547499e+00
6.734851824919034335e+00
5.638148155303850828e+00
3.300463172673163470e+00
1.910753648770748825e-01
-3.069583539983878673e+00
-5.751461803054088939e+00
-7.098051514695792541e+00
-6.563031034891373849e+00
-4.140942246068481936e+00
-5.519780717142084292e-01
2.950136602910305772e+00
5.137104671735076344e+00
5.422444929495913613e+00
4.124845049327336532e+00
2.182615806016579008e+00
5.133613344305776316e-01
-5.229965603976908239e-01
-1.181516910979423907e+00
-1.910051109078985121e+00
-2.824490637260782755e+00
-3.530396512933732023e+00
-3.443852681316972308e+00
-2.338945881357195500e+00
-6.465363781996846804e-01
7.757014740753011006e-01
1.242032352965331210e+00
7.258489201235597266e-01
-1.699558162185630938e-01
-7.421898157992607992e-01
-7.737439754020766225e-01
-6.697635898265554832e-01
-1.006006350901834656e+00
-1.864779194352830016e+00
-2.558606593611230107e+00
-2.063054963553779153e+00
1.063644649569897016e-01
3.263010707219066830e+00
5.745611471816115312e+00
5.924728863152371794e+00
3.354938497260275820e+00
-7.723000384904311622e-01
-4.262601493312601519e+00
-5.251556361304813514e+00
-3.334661985575301024e+00
2.676119921839723581e-01
3.579485267115342317e+00
5.121107356812107270e+00
4.670751984590189032e+00
3.093552728164481902e+00
1.505132945915687248e+00
4.794167840155623139e-01
-1.349950106318787979e-01
-7.883533190106672972e-01
-1.681231000658264030e+00
-2.601225025188850903e+00
-3.225526995311516210e+00
-3.507642185730954765e+00
-3.698102116192203415e+00
-3.939875516142945955e+00
-3.863181924740713757e+00
-2.702141312189135558e+00
-1.391104005339005578e-02
3.551379180914440603e+00
6.218577995187378527e+00
6.110751818079503295e+00
2.752210139968184865e+00
-2.117354306642059036e+00
-5.292873365462767765e+00
-4.191072610836961587e+00
1.086880059065458148e+00
7.319775481036126408e+00
9.972802307735552318e+00
6.248723172859613761e+00
-2.679659213605374291e+00
-1.196132922315205427e+01
-1.593270212460460655e+01
-1.177195983403910873e+01
-1.480850636789316610e+00
9.223731983970559156e+00
1.443909677482160347e+01
1.169178918488879049e+01
3.254343391409759256e+00
-5.610270999772746237e+00
-1.013967004895034485e+01
-8.860654800370095785e+00
-3.898239310598135887e+00
1.099546686960762631e+00
