-6.182843534228751992e+00
-6.591762830425091479e+00
-4.205355030166382235e+00
1.467658815639025782e-01
4.454511903806689155e+00
6.618910600330972116e+00
5.667313252699328174e+00
2.297857033895001955e+00
-1.593274341368446922e+00
-4.057131893887859775e+00
-4.135111869991917821e+00
-2.158982934016763444e+00
7.590680472889180797e-01
3.545643893338775055e+00
5.654211809266139532e+00
6.945233801636517157e+00
7.229883062657724402e+00
6.028852951125160509e+00
2.882281595637782523e+00
-1.984946558722810117e+00
-7.241733215074235730e+00
-1.079055085109008871e+01
-1.084015017496949085e+01
-7.072869172833054385e+00
-1.075471123094566828e+00
4.380872159352463768e+00
6.859478875368190565e+00
5.645179685159180671e+00
2.104337965631615681e+00
-1.226808791528445131e+00
-2.240872118212514863e+00
-5.189663920658547092e-01
2.531173917078608504e+00
4.689470230802503359e+00
4.380398468890945196e+00
1.624662597371568484e+00
-2.069929044410279584e+00
-4.714974869714339434e+00
-5.035802936457412393e+00
-3.110483783588498863e+00
-1.522740978427213898e-01
2.298851685071146456e+00
3.205347977372594137e+00
2.422013016898549420e+00
5.571012857420848396e-01
-1.459016484893121079e+00
-2.788277316191879684e+00
-2.927648137603925171e+00
-1.812058918824704046e+00
1.454279320488349181e-01
2.097656625472589020e+00
3.001630518708771955e+00
2.090578564809397744e+00
-5.969610948724656252e-01
-3.984383530938017337e+00
-6.306685295762036958e+00
-5.989335209542797855e+00
-2.601911233045834493e+00
2.720703348720121095e+00
7.734524319316145480e+00
1.022133245026672732e+01
9.143351099385494507e+00
5.119821523833063992e+00
-3.962675818035688025e-02
-4.396821523729637526e+00
-6.832041556179607511e+00
-7.308726490110506901e+00
-6.419426604121969859e+00
-4.693200083617275808e+00
-2.261273628867143781e+00
8.808127868827451135e-01
4.316359815830953295e+00
6.942755602480040089e+00
7.376798861605526447e+00
4.855885906849880307e+00
-3.722070993618320500e-03
-5.226149427369239930e+00
-8.402978018173469010e+00
-8.008751665176113477e+00
-4.270873606651377941e+00
9.751946891975391551e-01
5.348870357891656546e+00
7.214541004834948090e+00
6.399967675065657779e+00
3.978062560862520414e+00
1.388596858868836437e+00
-4.372063857123487107e-01
-1.400195931372750779e+00
-1.931865132784819750e+00
-2.442890066372661373e+00
-2.990054831479606268e+00
-3.350590554885264805e+00
-3.316941362203519983e+00
-2.875905571954246565e+00
-2.114340893653271269e+00
-1.005676946914444869e+00
6.280651121740945531e-01
2.856961939231219105e+00
5.297525279640009188e+00
7.064372320926390003e+00
7.214954423046299858e+00
5.450551484795645329e+00
2.522882155256602310e+00
-8.649173568672852142e-02
-1.120085410109882051e+00
-4.869235237352578793e-01
5.617737795435336912e-01
2.865559157338807283e-01
-2.175136852781573982e+00
-5.931234856787996002e+00
-8.700613271122080050e+00
-8.315424402725804853e+00
-4.370592147438346231e+00
1.197177947960428757e+00
5.154550432190923459e+00
5.056755715681569008e+00
9.826445192323247646e-01
-4.329684672781162647e+00
-7.150851785843602926e+00
-5.189115248222814003e+00
8.329156734032940879e-01
7.536771198711052833e+00
1.097908943185750275e+01
9.112380389497847233e+00
3.016303484128731505e+00
-3.860303155527105456e+00
-7.882860690953517491e+00
-7.378205936992943137e+00
-3.397671123127623094e+00
1.256650934619362392e+00
3.943487842151306655e+00
3.709781382518503534e+00
1.516962799894426839e+00
-7.775976188061957117e-01
-1.806267670636960920e+00
-1.445718857771637555e+00
-5.305237522747876522e-01
7.831877658971769796e-02
2.499199942198226387e-01
5.729640670345469422e-01
1.641873047412750308e+00
3.270042449587597932e+00
4.321141156987886589e+00
3.379444466721142515e+00
-1.619531976888413105e-01
-5.365285375780336707e+00
-9.947891772626183737e+00
-1.140802943398449187e+01
-8.461417903099929916e+00
-1.939886658252624851e+00
5.419165041472959743e+00
1.024761293453586397e+01
1.024281472195302811e+01
5.391579364301471777e+00
-1.944811980504915772e+00
-8.167392421389617851e+00
-1.023960555048506826e+01
-7.224202262302975797e+00
-7.393331879244469107e-01
5.929448382960430308e+00
9.597140507782844665e+00
8.857128700104023977e+00
4.723202252168209547e+00
-1.280428289247038109e-01
-3.049585021006268715e+00
-3.007874180621993077e+00
-1.070038390200676259e+00
5.022848908222612430e-01
-5.995527810429124305e-02
-2.709341048792029305e+00
-5.542572966770107357e+00
-6.107573414342107654e+00
-3.187706337903822629e+00
2.168883007268876728e+00
7.128784890157190191e+00
8.801978420474743103e+00
6.098461631998513433e+00
4.803169933176725248e-01
-4.899057546165012766e+00
-7.109890083590747700e+00
-5.175308295518420643e+00
-5.333131781265889604e-01
3.985465808049847958e+00
5.921314608386940570e+00
4.539488490653543096e+00
9.995650826160833446e-01
-2.596210658020029705e+00
-4.518594358400197741e+00
-4.233564126886657064e+00
-2.351642688437440842e+00
3.558916173627180157e-02
2.043094042519730369e+00
3.272793979942676401e+00
3.684317098046462569e+00
3.365955058914583908e+00
2.479866315694760459e+00
1.367167136257851912e+00
5.665264585738261083e-01
5.589282042717554910e-01
1.351642956562477682e+00
2.267051228283456510e+00
2.237745818403007902e+00
5.295739061178064144e-01
-2.586715961673756503e+00
-5.763140666520678579e+00
-7.274674052923963075e+00
-6.096441892960617892e+00
-2.633065579575797788e+00
1.436138458570832555e+00
4.134972172451917949e+00
4.353701347982020131e+00
2.432926313562585374e+00
-1.801533906932494267e-01
-1.902984460306186287e+00
-1.918079916544309871e+00
-4.353033111555242307e-01
1.723621362609637497e+00
3.763501846464659906e+00
5.241761585105349397e+00
5.912404627256845124e+00
5.395510709200590505e+00
3.150473188978715200e+00
-1.060569084267461548e+00
-6.544406276104274056e+00
-1.149306999330875456e+01
-1.362673973810147565e+01
-1.143288343147762198e+01
-5.235065084099367994e+00
2.692513395760177897e+00
9.177020749476632488e+00
1.179611462897238283e+01
1.012162263197577161e+01
5.794401721106615000e+00
1.422114636245685126e+00
-9.617489424611713744e-01
-9.105924180638975685e-01
4.994871035005858939e-01
1.621512286075319942e+00
1.355371750886046112e+00
-2.814383415973864544e-01
-2.369762038628386858e+00
-3.785417430275276551e+00
-3.840035735938417627e+00
-2.513702152699709202e+00
-3.021022024169208731e-01
2.060525875663482775e+00
3.794393678762352451e+00
4.196785834352043665e+00
2.837925923153357122e+00
-1.349437763392891121e-01
-3.789711116977042327e+00
-6.605579360677017675e+00
-7.173451016305925521e+00
-5.086036243319473016e+00
-1.414655781228475018e+00
1.695291663393850179e+00
2.227859832646589489e+00
-3.906081561505376776e-01
-4.757290495537331410e+00
-8.200333414009126187e+00
-8.378756254354875921e+00
-4.778453748938534140e+00
8.937956441947763064e-01
5.725806883278676374e+00
7.397154939562571307e+00
5.592384160160236206e+00
2.107545785267052274e+00
-4.036078600913726167e-01
-1.939958150185326913e-01
2.473531460245482094e+00
5.585846982774932634e+00
6.778613698325703929e+00
4.909116601619808229e+00
7.698881706485598553e-01
-3.469997987062491518e+00
-5.655504125468196364e+00
-4.924210072164928675e+00
-2.083304524953684567e+00
1.051866145417440501e+00
2.823536861084943617e+00
2.622946095884332252e+00
1.019210287450060148e+00
-8.041209855564458442e-01
-1.821362584982630928e+00
-1.646655457414955892e+00
-5.420333777591548330e-01
8.768804881140257468e-01
1.939802136521644016e+00
2.072459015419371831e+00
8.744949082658739492e-01
-1.722980802615178719e+00
-5.215097220604548944e+00
-8.410851072979689036e+00
-9.716362436751508014e+00
-7.850989467553560530e+00
-2.664765193449524006e+00
4.483595286963132587e+00
1.115674621562281033e+01
1.494961203102680969e+01
1.466497029846364697e+01
1.082918981134098679e+01
5.222073025443594751e+00
-2.472576945835158746e-01
-4.536346534054169766e+00
-7.661329891990122043e+00
-1.002328713636303803e+01
-1.148978191303424978e+01
-1.107660096362917557e+01
-7.628657620788523275e+00
-1.076093572289370304e+00
6.740224667412794801e+00
1.252584955559212787e+01
1.325970718682688876e+01
8.181123628862748021e+00
-3.529145533359238085e-01
-7.926057534125125592e+00
-1.056435387848977570e+01
-7.147646597791156964e+00
-1.194488688002339760e-01
6.067340044050430592e+00
7.817792762709662391e+00
4.686816172723163199e+00
-4.600621229469258888e-01
-3.543196102851755125e+00
-2.186485241055609485e+00
2.576884377469363052e+00
7.024147402191058376e+00
7.408958241005869638e+00
2.709278680519290994e+00
-4.495607471631233309e+00
-9.678518394774602740e+00
-9.431833355756205961e+00
-3.827796475311673330e+00
3.567715271397344345e+00
8.037799559591407572e+00
6.799242990291763711e+00
7.371686071674283802e-01
-6.321062316615787324e+00
-1.018902432625363375e+01
-8.936152366384199297e+00
-3.813376102154159675e+00
1.946323826780512745e+00
5.403066867871924472e+00
5.595549017248843349e+00
3.596787086552390988e+00
1.204628301369438770e+00
-5.111718336047186284e-01
-1.664823656992366452e+00
-2.838919768239015262e+00
-4.036432747206540661e+00
-4.368737665458413133e+00
-2.833024644028613981e+00
5.008886203924989289e-01
4.033238158099837989e+00
5.507518464043578810e+00
3.689209678784194146e+00
-4.625248381490457694e-01
-4.193911470168892208e+00
-4.823365827534860983e+00
-1.770721601843754822e+00
2.820808228309799492e+00
5.480716794507578982e+00
3.923104377665451725e+00
-1.148645185888989229e+00
-6.347641942037046903e+00
-7.913135573053889260e+00
-4.416011534866905563e+00
2.105967581623847007e+00
7.457248447283516768e+00
8.146823416476246749e+00
3.772534564928021084e+00
-2.767641413443273191e+00
-7.358327891527116194e+00
-7.511300324635806547e+00
-3.923287507730595536e+00
3.136963172044664461e-01
2.168176144316344978e+00
9.126428756458151437e-01
-1.502182572488591550e+00
-2.153602406681338621e+00
4.221606242203359560e-01
4.948868756380900180e+00
8.258153531495914024e+00
7.632104567475114898e+00
2.889930174141288610e+00
-3.332237087844784007e+00
-7.318887492092764901e+00
-6.772188757725947639e+00
-2.291892441294506533e+00
3.160986389208770397e+00
6.353146673799354716e+00
5.892394861233023917e+00
2.913974459073535250e+00
-1.319296458088381474e-02
-8.414811395585652942e-01
5.850128976026134353e-01
2.652180994604080855e+00
3.361389346948593371e+00
1.874843523381827914e+00
-8.983267748590031410e-01
-3.016966792439151224e+00
-2.920745822405702352e+00
-5.072965468049885907e-01
2.831073084263158623e+00
5.143167045034895857e+00
5.128152803655535052e+00
2.836254279562637315e+00
-4.870718303916072855e-01
-3.186815817185558508e+00
-4.070366487665802779e+00
-2.902223847989183536e+00
-3.770930735133134482e-01
2.283657900335669400e+00
3.864259878863433695e+00
3.618152758782538392e+00
1.544695985318991216e+00
-1.599878821789155747e+00
-4.596510153067436377e+00
-6.294308208016011541e+00
-6.155041001749556706e+00
-4.508479178331624482e+00
-2.332374074314968126e+00
-6.591020712557200678e-01
1.968065118327669283e-02
-4.936317669743528480e-02
-2.088669472444891761e-01
1.940342098484590383e-02
5.514470861481608477e-01
8.738162561938180861e-01
5.807511644336420531e-01
-1.477261240147992316e-01
-5.742906774809519721e-01
1.323785275135827555e-02
1.600308041627458655e+00
3.227568317351391158e+00
3.540267093851035440e+00
1.794328442522707512e+00
-1.409837962347099127e+00
-4.285301482819460439e+00
-4.925522898026084562e+00
-2.619995058374868790e+00
1.491903907014285879e+00
4.950938909383928888e+00
5.433111835786261778e+00
2.232643124201838081e+00
-3.177400368790927132e+00
-7.886292352791841154e+00
-9.157622969403966806e+00
-5.960189234763697996e+00
4.528542323189026497e-01
7.196984382050434448e+00
1.122166251649685087e+01
1.077510354369382917e+01
6.145409181434517087e+00
-5.993897968796860765e-01
-6.642111450601115408e+00
-9.674211307511473734e+00
-8.813785376245437675e+00
-4.829473413406838667e+00
3.607385535165379409e-01
4.639121692145843134e+00
6.624912727859904038e+00
6.155575124325432412e+00
4.108825252039455478e+00
1.725143847314149159e+00
-1.213527408937445928e-01
-1.242062091899209131e+00
-1.885454188381851859e+00
-2.196139235231011622e+00
-1.895873603032837140e+00
-5.295390134502870882e-01
1.874250274360394819e+00
4.317883018976241161e+00
5.105857173126940651e+00
2.915226174100183698e+00
-2.000100153320445884e+00
-7.443198942537188501e+00
-1.028037996295861944e+01
-8.384211795466198325e+00
-2.259639713994848975e+00
4.891775586520657804e+00
8.955001595313365925e+00
7.507978998879268673e+00
1.514329519248563294e+00
-5.151185174879680417e+00
-8.160693972417636388e+00
-5.578429772847714574e+00
8.556893179394318150e-01
6.926465067266339481e+00
8.824718307319551869e+00
5.707258703700746061e+00
1.455603668276379548e-01
-3.826637718298136814e+00
-3.638992080630856663e+00
3.151051588706987872e-02
3.884535243197525745e+00
4.529501074491281365e+00
1.043015139391695545e+00
-4.326850812261294976e+00
-7.803887079778050406e+00
-6.842444587625157837e+00
-1.973189524758186764e+00
3.588485755988186199e+00
6.239071396188590413e+00
4.485127168652415008e+00
-1.484703082034056765e-01
-4.373105579184736413e+00
-5.541164871826119054e+00
-3.411980946899334288e+00
-5.579048590594849755e-02
1.899648636047711614e+00
1.278725371142404699e+00
-8.745185955942946787e-01
-2.258765924049157547e+00
-1.187259790889834576e+00
2.074327412802558168e+00
5.470265775921938634e+00
6.630281399735940440e+00
4.532954325130539530e+00
1.742415921032995918e-01
-4.151563340683090964e+00
-6.359187750127174077e+00
-5.800051892055887670e+00
-3.461864700335972600e+00
-1.166777511271866796e+00
-4.182408490728413142e-01
-1.623712617372617295e+00
-4.022123120374295979e+00
-6.165615310536180615e+00
-6.591442029368350219e+00
-4.409459486728165345e+00
2.993358477126868422e-01
6.337324523711172830e+00
1.163042316228587580e+01
1.395735237980299814e+01
1.200755813320129306e+01
6.246779841032195968e+00
-1.042237574322851579e+00
-6.798745347091578850e+00
-8.839945834032654659e+00
-7.121533207144491229e+00
-3.701582295888665719e+00
-1.321019486078172989e+00
-1.505939894676270985e+00
-3.519780801300531170e+00
-4.957674439644057074e+00
-3.603414026794770297e+00
7.911970300880466489e-01
6.145814695446037312e+00
9.437101158650619936e+00
8.853409760068121415e+00
5.130086840345118304e+00
1.048533103189153826e+00
-5.633516416982902175e-01
1.134316493790146207e+00
4.426406651617524446e+00
6.355282684324168763e+00
4.924435949293070713e+00
5.545071275120632137e-01
-4.259931298256734777e+00
-6.779544995015054809e+00
-5.928331160126221633e+00
-2.876181607632472215e+00
4.275616174524252133e-02
1.138027917428336533e+00
4.658367999828852968e-01
-5.590085675717378910e-01
-5.943898301814403151e-01
4.212359452059957765e-01
1.305488784187425200e+00
8.459942640528559377e-01
-8.996438608559472749e-01
-2.413629860345013256e+00
-1.913943784237858159e+00
9.892298897817555225e-01
4.590268805600023150e+00
6.080822460676447605e+00
3.638073652823786475e+00
-1.951665195833176103e+00
-7.474269168145595721e+00
-9.320683846510815940e+00
-6.005657193922327330e+00
6.421472533122447590e-01
6.542601891119595336e+00
8.005092995574189629e+00
4.139578731834507863e+00
-2.610397613681442408e+00
-8.132781727001082928e+00
-9.311407540190288046e+00
-5.868941013572973375e+00
-2.405044848662447610e-01
4.253009995504871021e+00
5.550173851897081789e+00
3.875147988650388786e+00
1.141971274836853123e+00
-6.066584883309366072e-01
-5.286257800244770211e-01
7.469800751225859070e-01
1.857437488871685805e+00
1.733431990619878738e+00
1.814355054328529726e-01
-2.201643622138736323e+00
-4.477343821551466263e+00
-5.752836209988744010e+00
-5.360881588222372152e+00
-2.999288130049566625e+00
1.007385345726940606e+00
5.470044700245452418e+00
8.519827435451757580e+00
8.451457723575128256e+00
4.904421522918140042e+00
-4.414680324373672082e-01
-4.408161001489588671e+00
-4.091575334580004331e+00
1.115992325646648187e+00
8.659776420849340184e+00
1.395018817045741955e+01
1.302828004827471808e+01
5.166317629574926684e+00
-6.337878820729931917e+00
-1.584683715421821049e+01
-1.861441456997533450e+01
-1.356696150669621126e+01
-3.879445371820949617e+00
5.004828089147743242e+00
8.631853808267587524e+00
6.022971841474356047e+00
-8.435979284148198420e-02
-5.226492946209129187e+00
-6.036537358527782615e+00
-2.110870300926550147e+00
4.101030642712022889e+00
9.076266314775262245e+00
1.037987076470404624e+01
7.865155255739004758e+00
3.352859732759081446e+00
-7.631782403101716739e-01
-2.966785549485225992e+00
-3.258259453646322079e+00
-2.760089629068429140e+00
-2.726231950202319343e+00
-3.662418400632110771e+00
-5.068625866677050951e+00
-5.863654950521256737e+00
-5.152788623787420974e+00
-2.855197439564828965e+00
1.612019582158467079e-01
2.497893402636860660e+00
2.962404892089123720e+00
1.223362198995040506e+00
-1.978711978633190594e+00
-5.195203437929979629e+00
-7.016071918543479669e+00
-6.773100291298575826e+00
-4.786319433483726904e+00
-2.024347661449409586e+00
5.612648382166915972e-01
2.544651112754620748e+00
4.021625256692266781e+00
5.148376211411790138e+00
5.668454533385313354e+00
4.917189931772260714e+00
2.410188556062826226e+00
-1.415660131490028117e+00
-4.991376049766829581e+00
-6.315539699498645021e+00
-4.249211860424536802e+00
4.813273383282528073e-01
5.415961263138932225e+00
7.741443995996662331e+00
6.105310201732781827e+00
1.612424137870531293e+00
-2.788619191903725092e+00
-4.225720353322125256e+00
-1.859048087181023323e+00
2.504546566295030807e+00
5.623898712416558254e+00
5.062498818292446856e+00
9.006527377034028170e-01
-4.285442676198778500e+00
-7.164918815317636636e+00
-5.885590993817896965e+00
-1.242258924981248125e+00
3.986517503098041093e+00
6.980169995513002767e+00
6.667626268631790865e+00
4.133517514237206036e+00
1.485297728551518759e+00
1.600497290875396716e-01
-1.201305584519796188e-02
-3.432158863736621823e-01
-1.905936388386796576e+00
-4.413072028782794476e+00
-6.290481425672616922e+00
-5.895256264989848560e+00
-2.914063547019938305e+00
1.175573838565527662e+00
3.981609627442792121e+00
3.797285990388489907e+00
7.757693808387768897e-01
-3.140064889677122828e+00
-5.444893315501879272e+00
-4.581751179749243619e+00
-7.575029207562344880e-01
4.335969050435873662e+00
8.531621813898691897e+00
1.019557345800945214e+01
8.718511505488384827e+00
4.485174264441726955e+00
-1.358103804862322406e+00
-7.112303056642871546e+00
-1.080622786896866394e+01
-1.078144652946446413e+01
-6.552944276135976409e+00
5.345823344999973692e-01
7.504598471438634455e+00
1.103872884862368409e+01
9.300967799391749224e+00
3.163863504026276807e+00
-4.105737816046154620e+00
-8.691967888284136023e+00
-8.509150097540231883e+00
-4.412680172406893142e+00
5.072620330150583445e-01
3.089176864168267755e+00
2.226105634201365646e+00
-5.272119385369617994e-01
-2.263156395079543692e+00
-9.650424019768594208e-01
2.958046207899596602e+00
6.948625688018859492e+00
8.153749871502203206e+00
5.474592489234149539e+00
3.282550378190325358e-01
-4.377448838409128129e+00
-6.239752555649651811e+00
-4.851004514023567360e+00
-1.767335625660383158e+00
8.731568723188387615e-01
1.926497337529445630e+00
1.809933429865937304e+00
1.736657282213925013e+00
2.375446979843363948e+00
3.117910042358091438e+00
2.590159849824320570e+00
-1.304564640135474907e-02
-3.907899131996215303e+00
-6.944154978780452403e+00
-7.026994020329874857e+00
-3.716097238216977239e+00
1.232618029090330580e+00
4.880746504116880047e+00
5.033822374825171586e+00
1.745620462639398740e+00
-2.661741033995729477e+00
-5.088975811390847426e+00
-3.647664960132817935e+00
1.177923525032096075e+00
6.907147785084186253e+00
1.063193832809844430e+01
1.068665351808998665e+01
7.376055223139498906e+00
2.452688980003832064e+00
-2.119304934238342319e+00
-5.207258802034969492e+00
-6.747308821352913100e+00
-7.224097129756733793e+00
-6.956436467554856229e+00
-5.785085033306069491e+00
-3.358471595121795605e+00
2.747452846315112662e-01
4.276091168893858985e+00
7.175128957148699804e+00
7.531852437908135300e+00
4.731360538046750719e+00
-5.408444668977903103e-01
-6.418982643678980970e+00
-1.055168759243599297e+01
-1.108749749947917351e+01
-7.534236468205731896e+00
-1.102391851808982359e+00
5.676819962024009847e+00
9.972679754951345288e+00
9.914511924009280719e+00
5.506139364911327938e+00
-1.297368753519025475e+00
-7.462047712720328185e+00
-1.030558639451182579e+01
-8.760774059188683793e+00
-3.808082988527361934e+00
2.133784357133419629e+00
6.489164621676652089e+00
7.755711990589565730e+00
6.048026609774590945e+00
2.765966582200078516e+00
-3.009629368472431232e-01
-1.878663270345601433e+00
-1.683946934051190114e+00
-3.570924451471829686e-01
9.781131594995311485e-01
1.266831568894176918e+00
-4.272756858156645521e-03
-2.524567317386695375e+00
-5.163835941964573628e+00
-6.356506249558419697e+00
-4.842488964486372005e+00
-4.932987988758381626e-01
5.262567117150390494e+00
9.840040940823136850e+00
1.072198987503144885e+01
6.924951547531327023e+00
-1.943224246834789337e-01
-7.428487966666952325e+00
-1.137139300056486491e+01
-1.030253551251657207e+01
-5.132947691959393488e+00
1.210493615983248894e+00
5.574173566128354018e+00
6.373048732355224288e+00
4.243433194653289497e+00
1.223025526832089094e+00
-8.407394198083677495e-01
-1.461608858152548596e+00
-1.473242619308989809e+00
-1.955549974318935957e+00
-3.095259858082155091e+00
-3.944136401425480276e+00
-3.262190523225289684e+00
-7.143052155690432503e-01
2.626267764001312788e+00
4.958789281374070157e+00
5.124119332800182391e+00
3.550354665442879476e+00
1.946244580855292838e+00
1.904769203911635955e+00
3.498885469956933392e+00
5.039663472912551789e+00
4.302160333911266399e+00
3.516381488483186768e-01
-5.449422476570756402e+00
-1.012537232973794055e+01
-1.106152082043789342e+01
-7.838861242486068193e+00
-2.537245846943304350e+00
1.764154529510805425e+00
3.187790167164733290e+00
2.295512401040789019e+00
1.410764862861379587e+00
2.546396552528090940e+00
5.568976500995490575e+00
8.096849439267828075e+00
7.312119735321946479e+00
2.349880471343588795e+00
-4.613761431603554897e+00
-9.556194147840052722e+00
-9.359182114244351425e+00
-4.146451916847318842e+00
2.573389913281616703e+00
6.202482605923266945e+00
4.244807179952820420e+00
-1.869056116279814717e+00
-7.676732622294915487e+00
-8.741394840683604173e+00
-3.767884192619575856e+00
4.395674332589096345e+00
1.058199294342872676e+01
1.071143128405785561e+01
4.468944086952738814e+00
-4.518225096907074523e+00
-1.103728631022502071e+01
-1.152927620752288007e+01
-6.073112716875137096e+00
2.044652354056040622e+00
8.653078219825605544e+00
1.120795559644432693e+01
9.864603406922613615e+00
6.656520932941208279e+00
3.668297493084490490e+00
1.651993233957343765e+00
-7.371211413926825884e-04
-2.153061018002687454e+00
-4.750135544741755922e+00
-6.597080016374820666e+00
-6.269351129891916230e+00
-3.397539461720890497e+00
7.486201808096665244e-01
3.920852606026274501e+00
4.380259610011051130e+00
2.135608498125013632e+00
-1.006612036708127267e+00
-2.678481246244169167e+00
-1.636498130674850060e+00
1.293857833458844864e+00
3.717870391471166158e+00
3.322052181132088222e+00
-4.335484252376995418e-01
-5.756704973402948511e+00
-9.535020892672587678e+00
-9.302763012522770936e+00
-4.885474229234064047e+00
1.376203958867186383e+00
6.011741375929476661e+00
6.554251369377115388e+00
3.062788658800065900e+00
-1.943213286742329071e+00
-5.094139496698828040e+00
-4.288675925271161482e+00
3.360061104858935721e-02
5.256054421482430961e+00
8.305243926223099038e+00
7.579082743129304411e+00
3.838781026388950579e+00
-4.529014195428269218e-01
-2.820367721936215322e+00
-2.315055236413192219e+00
9.423325745396959885e-02
2.432062180539934726e+00
3.174523940498048535e+00
2.181926995325051521e+00
5.038374630395494602e-01
-6.622501436831528254e-01
-9.558294315247510831e-01
-9.849094373876070563e-01
-1.543497602659655854e+00
-2.633374696450629049e+00
-3.201622281114822499e+00
-1.936167096084292938e+00
1.439857688168949768e+00
5.447667907552985689e+00
7.452848380728838151e+00
5.356931067924089795e+00
-7.525843498159758838e-01
-8.242849834839173440e+00
-1.328927697630919802e+01
-1.315446380481744271e+01
-7.893232606798040507e+00
-3.205607382480817336e-01
5.746964389188126354e+00
7.786693641485979533e+00
5.876881369196416571e+00
2.229719470702484330e+00
-5.724043252671369153e-01
-1.300911927403882062e+00
-5.770251684463306718e-01
5.207322568235919769e-02
-4.132795065579430438e-01
-1.602931922627375716e+00
-2.199283998674788076e+00
-1.171931015402250420e+00
1.233927850760500045e+00
3.569411755400831332e+00
4.245359232106527436e+00
2.724372377550016822e+00
-9.674218821006602687e-02
-2.576715482573908478e+00
-3.500007795648207409e+00
-2.799600257750125998e+00
-1.336528804512633561e+00
-4.879536461997724395e-02
7.271618664850894032e-01
1.195095600237568112e+00
1.467728468989017099e+00
1.106081553263789985e+00
-5.636330516954255465e-01
-3.508992655033290831e+00
-6.307500145096864408e+00
-6.596486329155094808e+00
-2.676350307392353578e+00
4.791657560366116009e+00
1.243041993867029760e+01
1.579547026598600112e+01
1.221002905140568018e+01
2.887191287271319240e+00
-7.327435793515311602e+00
-1.272522532420682673e+01
-1.034083157207619763e+01
-1.970687036110040591e+00
6.872608262533766776e+00
1.048494989566166602e+01
6.652223657575882854e+00
-1.987145721429754763e+00
-9.797912266182942531e+00
-1.191489790421463191e+01
-7.338297256734113816e+00
6.815799149002449431e-01
7.070085379381664481e+00
8.341927791310910223e+00
4.629656986213580794e+00
-9.056586267236229615e-01
-4.593511456801322446e+00
-4.738460583408116378e+00
-2.344945835527924238e+00
1.813400518419273633e-01
1.110033914531939558e+00
5.649681676274526110e-01
1.308761689361298552e-02
6.859655340592977213e-01
2.362298972731236457e+00
3.540367117601150859e+00
2.810799849919330740e+00
2.228369635104703317e-01
-2.556071884777788128e+00
-3.481849763592523406e+00
-1.797845332098689797e+00
1.240878578459952530e+00
3.223625499894715141e+00
2.406765673390084181e+00
-8.992727458192286694e-01
-4.473628993650343944e+00
-5.784812751536332343e+00
-3.850775634538262437e+00
4.087640194305897090e-02
3.286768831913748024e+00
3.867142312344305832e+00
1.769286587309744085e+00
-1.096972400108435108e+00
-2.375258458736641209e+00
-9.941396315008046436e-01
2.114558012116960040e+00
4.768281910389547740e+00
5.116108844481045637e+00
2.859594731208000340e+00
-7.099877677016992461e-01
-3.739846110258002287e+00
-5.035340695479555428e+00
-4.580397121578750230e+00
-3.128811479674613594e+00
-1.390311466806648966e+00
4.275689174331741005e-01
2.385155342922572697e+00
4.225119552294629877e+00
5.110967782385371194e+00
4.071019233356309108e+00
8.668981384297129722e-01
-3.449921264235860541e+00
-6.870475998331460943e+00
-7.554123458118488621e+00
-5.000388852423980346e+00
-4.203173154633095265e-01
3.986557491085535698e+00
6.356349384661848845e+00
6.173628672619193125e+00
4.321509927677289475e+00
2.241247327536584955e+00
8.951781618987171285e-01
2.856472417818243237e-01
-2.240042826010303356e-01
-1.176662935510344177e+00
-2.526346301795233895e+00
-3.741622376361325220e+00
-4.316798055159477343e+00
-4.169190624554427238e+00
-3.561150200082524808e+00
-2.672115876467033413e+00
-1.307508701754706237e+00
8.758224995501180388e-01
3.752541079191369811e+00
6.305395576959417880e+00
6.952074182433792160e+00
4.607691069202236811e+00
-2.225383868808249455e-01
-5.248891838698462209e+00
-7.511972270487000003e+00
-5.263528765257473374e+00
6.240142976584004408e-01
6.813922201555017821e+00
9.347322976467310696e+00
6.116808568633455678e+00
-1.623635957722706413e+00
-9.782000756147064990e+00
-1.376585053403927361e+01
-1.121547220616149154e+01
-3.420222516426625781e+00
5.469877815208490368e+00
1.092522068235016164e+01
1.064640127665182057e+01
5.711164274823689269e+00
-3.531668425784603160e-01
-3.868770858149370717e+00
-3.180477269898541071e+00
6.000254703609679829e-01
4.594471141879710174e+00
6.121589218333880034e+00
4.329660689810225449e+00
5.355002716291972220e-01
-2.807134665253934624e+00
-3.747970085187431799e+00
-2.037711829003056252e+00
8.016963213500831742e-01
2.489949760557443881e+00
1.417780740512118109e+00
-2.351568644135271668e+00
-7.047409733975735335e+00
-1.010182896745981473e+01
-9.494183908065359390e+00
-4.833852318129288506e+00
2.347909748922933471e+00
9.227629264841981538e+00
1.294181396205085832e+01
1.188707922301776776e+01
6.476764445360795541e+00
-9.971531941171156710e-01
-7.352487606095939654e+00
-9.926831253249103426e+00
-7.776805634887451468e+00
-2.112234658312234892e+00
4.251667821259153435e+00
8.190162284405246851e+00
7.723772229153059499e+00
2.956148342187529199e+00
-3.949978543741969439e+00
-9.758464526166067188e+00
-1.165551059756198882e+01
-8.561024058216537114e+00
-1.643659031608828869e+00
6.200727743801040859e+00
1.166103761520211002e+01
1.249710219933515454e+01
8.508355140845775821e+00
1.549496055782408455e+00
-5.380371116946607302e+00
-9.510663663667102696e+00
-9.473582839207756123e+00
-5.755616628891003117e+00
-2.872413545947245517e-01
4.546922523326523802e+00
6.956854631486093510e+00
6.381866041126539990e+00
3.509409695460937506e+00
-2.063778111834515538e-01
-3.220012064973095889e+00
-4.461126226997877531e+00
-3.627693963334515992e+00
-1.193646759695728310e+00
1.802147883801157091e+00
4.111312802540007638e+00
4.705363497576103171e+00
3.176577939117564142e+00
-3.974092591331168656e-02
-3.763263956380020758e+00
-6.514171775736542713e+00
-7.148674817068055631e+00
-5.386389442764586200e+00
-1.948398830479355581e+00
1.782788555965096000e+00
4.408771170870378953e+00
5.127455274895377890e+00
4.008136179138476862e+00
1.833031893797503642e+00
-3.526295920563902175e-01
-1.718751374507109686e+00
-1.941271269491620988e+00
-1.237679281091376149e+00
-2.062928118568939651e-01
4.336233475529597814e-01
1.297589074605577930e-01
-1.243210661535422812e+00
-3.238207762518754862e+00
-4.920450607738169779e+00
-5.239744012531872386e+00
-3.581343373526052254e+00
-2.085565665452941975e-01
3.718299394561647375e+00
6.654894950573294388e+00
7.477437969711964172e+00
6.090050374559795365e+00
3.416206948914215502e+00
7.487731219716131648e-01
-1.103543905852267359e+00
-2.252474551905815581e+00
-3.404917095383955150e+00
-5.007437477727659569e+00
-6.547483766243090919e+00
-6.656474666980195742e+00
-4.089902260138678081e+00
1.055525678081112417e+00
6.842049127561586452e+00
1.027503946050469885e+01
9.053067465276852133e+00
3.192697390684468228e+00
-4.632066589847730675e+00
-1.043218061927197482e+01
-1.120054083013371304e+01
-6.725630769482945581e+00
2.817720649165884605e-01
5.881758341085381758e+00
7.348175374024558337e+00
4.779277055642529248e+00
8.392370854291939519e-01
-1.163359933130102108e+00
4.448787581492007481e-01
4.581829815127246519e+00
8.162595500512468405e+00
8.182753351555568599e+00
3.734303275644009545e+00
-3.345597973297998351e+00
-9.554330830162880872e+00
-1.177974392418504124e+01
-9.027920639609634534e+00
-2.833738653027668697e+00
3.742552913780472945e+00
7.793658969230717659e+00
7.914133922068003812e+00
4.589207198630512963e+00
-3.500994693375985012e-01
-4.706600142853935687e+00
-6.783643347634532361e+00
-5.859857952299582173e+00
-2.284536501514023321e+00
2.690972779374120716e+00
7.293753982592093621e+00
9.816384935220657582e+00
9.304034461462361350e+00
6.051247294226647533e+00
1.562001940629006658e+00
-2.151198974467885883e+00
-3.635419042078360086e+00
-2.817600026304293515e+00
-1.021882693344203119e+00
-9.986575441118783480e-02
-1.184267098049992084e+00
-3.874584017091449173e+00
-6.422825487592294991e+00
-6.840350353405863615e+00
-4.225353102350952739e+00
5.545765895587936312e-01
5.278536240899538434e+00
7.629954142486821134e+00
6.508303791374187242e+00
2.601206157254995155e+00
-2.081119306891041187e+00
-5.362525130467197698e+00
-6.029900335673359812e+00
-4.317160494546680383e+00
-1.575671776584200767e+00
5.682309420119694421e-01
1.057908474771054985e+00
-1.488563113471916832e-01
-2.158727302899444034e+00
-3.622652028985831052e+00
-3.382325121592314243e+00
-1.043130867687241725e+00
2.737625832421106242e+00
6.406982386560897247e+00
8.149457411661634509e+00
6.799957281153679922e+00
2.601402025940641849e+00
-2.683350493477345555e+00
-6.530042726738856551e+00
-6.995308536527683252e+00
-3.904102972979363706e+00
8.978087722132881421e-01
4.514037999244425947e+00
4.704877236135588170e+00
1.298571616700788134e+00
-3.629852812405047757e+00
-7.001883437948599465e+00
-6.655241413521981286e+00
-2.708844751772500725e+00
2.527212192834976445e+00
6.040320124482515318e+00
6.008403514276357882e+00
2.839473739921375639e+00
-1.295013165165404656e+00
-4.033502881742949242e+00
-4.353717959235091861e+00
-2.993778126656116534e+00
-1.554292575369577545e+00
-1.057481223390254854e+00
-1.124397282599920223e+00
-4.245480540387696067e-01
1.966488025716990329e+00
5.420160739558562923e+00
7.833466695803161350e+00
7.030538080973023796e+00
2.526439014356196555e+00
-3.696951799262421900e+00
-8.132716120128732129e+00
-7.915287393259580639e+00
-2.773965413782517153e+00
4.614278777426433997e+00
1.020412027423322776e+01
1.108663003606879194e+01
7.246888875478392222e+00
1.400397067283824182e+00
-2.940413541489835136e+00
-3.801877325629305027e+00
-1.875511284629669984e+00
2.811040998940459446e-01
3.032552853063116283e-01
-2.199310971632502998e+00
-5.418794625748336813e+00
-6.788406787588026958e+00
-4.967491724915033657e+00
-8.831220160299011468e-01
2.929162729617990735e+00
4.166304510795586502e+00
2.394986903326771444e+00
-7.201622610747746567e-01
-2.728343258964952778e+00
-2.223871243862435954e+00
1.871476749265121864e-01
2.482646135471351823e+00
2.877671557206960884e+00
1.229597377715955453e+00
-8.983169032173069501e-01
-1.552772632402126263e+00
-3.720009130758422655e-02
2.433717757849044094e+00
3.634558880193129227e+00
2.125546122548720440e+00
-1.456595655589025373e+00
-4.684943395275762867e+00
-5.094669307372936551e+00
-2.135996126739629464e+00
2.174939713228043026e+00
4.511432605883476832e+00
2.600224209873321701e+00
-2.977120588532700118e+00
-8.895355764515215924e+00
-1.114171803692017093e+01
-7.669389444397673117e+00
1.509799062979788609e-01
8.275251420888821485e+00
1.242763422608890167e+01
1.061882385582419452e+01
4.133868536503404023e+00
-3.517289608694628367e+00
-8.824492090733112803e+00
-1.013957094159179029e+01
-8.071702806859175183e+00
-4.452457611605496801e+00
-8.770163471589373927e-01
2.056897386477117173e+00
4.426823365743044469e+00
6.136315207461272792e+00
6.483395541851157517e+00
4.645463921990313771e+00
6.967990678750614064e-01
-3.798340175934768581e+00
-6.340507256319640739e+00
-5.030121147863333420e+00
-5.395823421291612298e-02
6.038833672716037881e+00
9.672821865664634089e+00
8.454802151518375553e+00
2.817674434501428404e+00
-4.057385935718889058e+00
-8.094428546584895301e+00
-6.821497691506746897e+00
-9.278711688382845768e-01
6.121661128027026777e+00
1.018007348710291460e+01
8.910575908062611461e+00
3.145836789878330819e+00
-3.681239579533182038e+00
-7.633303709733683107e+00
-6.590641422411019690e+00
-1.424184845292464141e+00
4.617190855177529585e+00
7.877307939906985190e+00
6.436707661074320797e+00
1.199418177159806476e+00
-4.667527434112452411e+00
-7.595064171084533911e+00
-5.710255958652485475e+00
1.655824952507800596e-02
6.242050200540862903e+00
9.110952021119905098e+00
6.487985253491988402e+00
-7.135172474955133737e-01
-8.920143488546553812e+00
-1.385458785018155403e+01
-1.297009447312398578e+01
-6.926722108918841769e+00
8.153881892716440261e-01
6.088404042188773069e+00
6.531640832513859074e+00
2.950501175588964742e+00
-1.364127555247174328e+00
-2.931157565385718478e+00
-4.824690617552703786e-01
4.145527230325046553e+00
7.271173105295456907e+00
5.965708944365196942e+00
2.336482291746571072e-01
-6.750543363535999042e+00
-1.058992954665727737e+01
-8.551757290781612397e+00
-1.477393934731046521e+00
6.584659915594393453e+00
1.082633084353437525e+01
8.642888196513016652e+00
1.220932259503892503e+00
-7.222383193474135155e+00
-1.200425533726975402e+01
-1.069638581070235972e+01
-4.353886884269176250e+00
3.360851924860208229e+00
8.450514760618316856e+00
8.789409335289320779e+00
5.020679583634579224e+00
-1.729402544370511330e-01
-3.776325349956386912e+00
-4.054272143720979216e+00
-1.251149393104777685e+00
2.804668438958299870e+00
5.802369901273843666e+00
6.131805039492279619e+00
3.619446949172140826e+00
-4.489874833509198693e-01
-3.997640632232690283e+00
-5.236712372566390883e+00
-3.654772197167409420e+00
-3.852962930644119321e-01
2.364129744208621986e+00
2.624947582470506635e+00
-6.090222598822303546e-03
-3.924179146011314234e+00
-6.410376845109154509e+00
-5.436173055102038632e+00
-1.212748222358543959e+00
3.682049556065564833e+00
5.888167524116943774e+00
3.616808510825318734e+00
-1.866099180450876638e+00
-6.819892319996048613e+00
-7.471004478373293622e+00
-2.716703127240671201e+00
4.855143128754935589e+00
1.050746682856596159e+01
1.052753786439133066e+01
4.850758407907906467e+00
-2.775278137412013457e+00
-7.307575784389346296e+00
-5.894716348027674080e+00
1.355599868247959749e-01
6.238818597423757772e+00
7.913811684283245995e+00
3.938545621352634640e+00
-2.739704855161883224e+00
-7.096089315161178135e+00
-5.590497748412975199e+00
1.345472021382044137e+00
9.620284057794336263e+00
1.427122281566447803e+01
1.266950095244424368e+01
5.912561676788850917e+00
-2.369324968663457209e+00
-8.649430702683760686e+00
-1.152792184198825254e+01
-1.180175421252133638e+01
-1.091882835631083815e+01
-9.402990227510050758e+00
-6.668952083695418587e+00
-2.268264960209200876e+00
2.768386970033795524e+00
5.993287809783741871e+00
5.278631497626671276e+00
8.929413817900127004e-01
-3.991775616272080551e+00
-5.196469205496572208e+00
-7.003146869327165902e-01
7.336628770217088480e+00
1.353116544301575885e+01
1.289547246821712534e+01
4.643843402418615263e+00
-6.707000171015055301e+00
-1.404151846836423267e+01
-1.245901997011802109e+01
-2.803785057459700525e+00
8.722180895969458447e+00
1.472768311369696725e+01
1.167133354102638698e+01
2.166507184033102273e+00
-7.089818816367959187e+00
-1.020615567247830491e+01
-6.187857798450452584e+00
7.472721522136285266e-01
4.743300680649140233e+00
2.953711090700311903e+00
-2.329788812420749089e+00
-5.687360313075675577e+00
-3.125256590204144480e+00
4.414847607246973560e+00
1.141109143945200977e+01
1.183591770177554636e+01
3.903384341719824846e+00
-8.162681645536849828e+00
-1.680766099170777039e+01
-1.640070377714226524e+01
-7.225509537918760827e+00
4.729527400924274261e+00
1.201776195081253285e+01
1.088650429021853938e+01
3.592846280747870935e+00
-3.684810161405554396e+00
-5.618667524573583982e+00
-1.547491345268930729e+00
4.443519143843760233e+00
7.040471537180914119e+00
3.961674697821072400e+00
-2.349313313912603451e+00
-6.818568038339119397e+00
-5.872988672357928763e+00
-3.113075833091185629e-01
5.334789115950713700e+00
6.416154230947229031e+00
1.890955865378098899e+00
-4.784372279911043080e+00
-8.318604248959992731e+00
-5.744397264825423122e+00
1.164772389609982639e+00
7.125091245681359098e+00
7.320170217201120266e+00
1.108930208452910460e+00
-7.361179341688007582e+00
-1.211779585497246003e+01
-9.691345356594370131e+00
-1.591890455920239145e+00
6.856892694554481693e+00
1.038464677729785990e+01
7.435358196990405233e+00
9.707229652251896379e-01
-4.020223824422773262e+00
-4.290835964139849246e+00
-5.303065240429692961e-01
3.542116549884364751e+00
4.295505381539246770e+00
1.012016890196679508e+00
-3.726476466828305245e+00
-6.255532312097536796e+00
-4.799849150979103030e+00
-8.436921977996170163e-01
2.125904517218910605e+00
1.454456812673635469e+00
-2.512739495180909444e+00
-6.610192759488411340e+00
-7.219393493824291852e+00
-3.003456555608197576e+00
4.039818331483143510e+00
9.937832274361985796e+00
1.144416080379461853e+01
8.093594596741084501e+00
2.225454151030012540e+00
-2.842665144429011193e+00
-5.011079595863233926e+00
-4.397104048150591638e+00
-2.642075978217957921e+00
-1.337918296093829174e+00
-9.090147646742972043e-01
-7.135077091340409350e-01
-3.488440250113478136e-02
1.048952238405321369e+00
1.693629830146647031e+00
1.115815408575807410e+00
-5.905565773806684682e-01
-2.412687508915432932e+00
-3.191559327036911142e+00
-2.514693273502372595e+00
-9.425739102962631399e-01
5.989434975678266104e-01
1.662906846253918047e+00
2.551174346641459145e+00
3.745442865604050375e+00
5.061721209156316625e+00
5.434615632087565373e+00
3.728787476871233242e+00
-5.808662496613603565e-04
-3.960398542392272070e+00
-5.536639825025028827e+00
-3.239360560216193008e+00
1.784526411614219432e+00
6.063542067532367241e+00
6.058379089822398811e+00
8.962943618288292669e-01
-6.511485693087093907e+00
-1.109190101483095603e+01
-9.101492744693020498e+00
-1.062632521073604952e+00
8.132582640643969185e+00
1.232391417309452919e+01
8.399852683928184405e+00
-1.230436727525024976e+00
-9.947444780608464043e+00
-1.132570509421876892e+01
-3.666607465046269887e+00
8.548509135879202248e+00
1.743700743495497107e+01
1.692821012468107256e+01
6.865752161999814973e+00
-6.823305891983094895e+00
-1.600775273172999746e+01
-1.561319657349789125e+01
-6.700990940669093732e+00
4.608210402841956821e+00
1.143250413194306603e+01
1.056697071296394697e+01
4.069051729132845630e+00
-2.838333739826198077e+00
