-4.325507195697125162e+00
-4.012776008002015615e+00
-1.186858206325487775e+00
2.661226739183752521e+00
5.859837935425016298e+00
7.341560222227110799e+00
6.924761825547413707e+00
5.142061351869979369e+00
2.883425749303746954e+00
1.065887277925293697e+00
3.631731334978323122e-01
9.484382990596359475e-01
2.299597751502856280e+00
3.256470218180543164e+00
2.493510481074591834e+00
-6.883988609123217195e-01
-5.674514593804699025e+00
-1.047915230197523506e+01
-1.255567666798139115e+01
-1.015824794401572362e+01
-3.494906009366069988e+00
5.078100076303362798e+00
1.205117778892291014e+01
1.445668616119852956e+01
1.132899472006014996e+01
4.121919020009440437e+00
-4.102933968160459521e+00
-1.019854774626083760e+01
-1.230397622702432514e+01
-1.039973516772866091e+01
-5.930111057169090039e+00
-8.863020049591181504e-01
3.083251499204812784e+00
5.157353360958045307e+00
5.372640290104332195e+00
4.368011241754395257e+00
3.023453669357804241e+00
2.085035203204382626e+00
1.832738742219119032e+00
1.907630438063534051e+00
1.458621985332598792e+00
-3.413317689379281594e-01
-3.621205101195702714e+00
-7.414480816427087895e+00
-9.922227397287707973e+00
-9.437638795687519178e+00
-5.439231793313416219e+00
8.712839750483964973e-01
7.041238607461963284e+00
1.065497574716451190e+01
1.065252163443346589e+01
7.812805741783119373e+00
4.074560448171329341e+00
1.176120776281416536e+00
-4.123475979032780181e-01
-1.500763891114138993e+00
-3.161570863166610401e+00
-5.506666170943025129e+00
-7.277485074870835291e+00
-6.675165340607191133e+00
-2.889003700451886036e+00
2.840569280402892804e+00
7.559263952326458202e+00
8.301922862753050580e+00
4.093558480828049184e+00
-3.150554895137201328e+00
-9.563811982925214394e+00
-1.161125424171927989e+01
-8.268652222974351318e+00
-1.659760763064527023e+00
4.292437710844088983e+00
6.334413468546213011e+00
3.869711357786939310e+00
-8.002332085948344886e-01
-4.083132917236641291e+00
-3.454303316915362743e+00
9.667242567719813717e-01
6.578003505041905896e+00
9.993762794904919033e+00
9.126574727562736911e+00
4.351015251269032547e+00
-1.873843434129606855e+00
-6.548163796579322238e+00
-7.809550233174118006e+00
-5.762811964584132696e+00
-2.107537537646854364e+00
1.046479949918895702e+00
2.387325566606179006e+00
1.961013670853801960e+00
8.798226596911887798e-01
4.659101954079761798e-01
1.369041218516164005e+00
3.139263871045852472e+00
4.461081324063808751e+00
3.919377970009451317e+00
9.036411935846959675e-01
-3.839342729572098101e+00
-8.367303500865551413e+00
-1.044275484861085346e+01
-8.768239379390482924e+00
-3.867810897885004984e+00
1.991358532380574919e+00
5.946292351027462786e+00
6.188109620772776154e+00
3.123431500392026994e+00
-7.686337488529817463e-01
-2.437235018694002608e+00
-2.616575484883951752e-01
4.739835990169676272e+00
9.382533979180967876e+00
1.029351379530601562e+01
6.175449831766488096e+00
-1.154741611759042108e+00
-7.733183784738779210e+00
-9.886575634485581077e+00
-6.580096323159096094e+00
-1.107491058573372156e-01
5.354575376207426629e+00
6.459041336839660197e+00
2.785181483622834797e+00
-2.975220225953593811e+00
-6.900074370413401326e+00
-6.475051683451980011e+00
-2.208209551428966133e+00
2.836119170531095079e+00
5.210220061205246722e+00
3.444001795003253541e+00
-1.006469450373827623e+00
-4.816786441148796172e+00
-5.079747287175543136e+00
-1.249087062897918265e+00
4.528120737351466474e+00
8.828679366049119182e+00
9.106181967868611338e+00
5.164464683004470480e+00
-9.063852780728509639e-01
-6.129855945655369176e+00
-8.366089081657950288e+00
-7.287665477487824006e+00
-4.170831425488305655e+00
-8.697914026232860252e-01
1.241857418589763506e+00
1.755002628694757760e+00
1.053992156912975986e+00
-1.555199644514491109e-01
-1.212209507499254268e+00
-1.616669629186104906e+00
-1.044165394231075572e+00
5.595024505686873040e-01
2.807305694570609855e+00
4.839419418822083152e+00
5.623305650043531223e+00
4.512211878811050347e+00
1.706191078397361505e+00
-1.763953608193225220e+00
-4.600653525126841892e+00
-5.997829636218080296e+00
-6.046355868460318916e+00
-5.468767746337144686e+00
-4.875212987997076475e+00
-4.135297946986704609e+00
-2.418075231048043783e+00
1.043793238644056487e+00
6.005491705426155846e+00
1.084838416274137352e+01
1.322641014942673010e+01
1.142589562142781290e+01
5.573736985778826813e+00
-2.159937617653661324e+00
-8.595489127228713500e+00
-1.122492690774315705e+01
-9.506305808600092888e+00
-4.983456546940728593e+00
-2.130653835171631982e-01
2.758692416998310470e+00
3.393912381441356096e+00
2.586467041126979449e+00
1.720981592543540994e+00
1.622885367144649482e+00
2.127488540988382582e+00
2.463687694195843214e+00
2.035034800072289762e+00
9.383630957629247593e-01
-1.651476926015872371e-01
-6.660800875665846554e-01
-5.666041804246199076e-01
-5.051112783366821235e-01
-1.208720411226705593e+00
-2.800430877616093106e+00
-4.514274531482899810e+00
-5.071862518672155318e+00
-3.484418079737436003e+00
2.631601845396134287e-01
5.096332066876674283e+00
9.349478862130439438e+00
1.152617876481280490e+01
1.086053421857883272e+01
7.444469700048093941e+00
2.027309030391220901e+00
-4.234959122762038675e+00
-9.919437211940469012e+00
-1.346391658627910992e+01
-1.351068388257002084e+01
-9.531216320311392209e+00
-2.445622409642856709e+00
5.277941178305066927e+00
1.040010153865486231e+01
1.039164364767657034e+01
4.883666275037032989e+00
-3.819664740147869608e+00
-1.164421994560501084e+01
-1.472291482369336535e+01
-1.140313877049242741e+01
-3.138966979996427042e+00
6.269793268152842103e+00
1.266891186978274497e+01
1.363534549609380520e+01
9.503139728038481948e+00
2.850473206446247687e+00
-3.109535125020729041e+00
-6.208057948677360827e+00
-6.133906988099852242e+00
-4.089197994145525428e+00
-1.727457937799794729e+00
-1.576287236675918413e-01
4.151924499316970163e-01
3.846632596068345622e-01
1.969458783605971264e-01
4.174025202372227961e-02
-5.871348908466594851e-02
7.965182519521121773e-03
5.068806577418919490e-01
1.579722862220836355e+00
2.859437374357885364e+00
3.398098993310414428e+00
2.147496256932508008e+00
-1.217176108375320087e+00
-5.709983671846588393e+00
-9.230582412296914896e+00
-9.614937453267661027e+00
-5.988785574046357141e+00
4.494033593767985391e-01
6.833858927939160388e+00
1.012272162452689983e+01
8.839903908137738853e+00
3.989668487291587073e+00
-1.482587433280589284e+00
-4.417007520836570222e+00
-3.317770467994455963e+00
7.855244522206952240e-01
5.045303099354362608e+00
6.632507802865208468e+00
4.532179693817148802e+00
1.430681968316160901e-01
-3.705775901037127618e+00
-4.673981012929903756e+00
-2.490615850045482027e+00
8.720953962272013360e-01
2.579007579447715415e+00
9.663271549867726851e-01
-3.148382755316438519e+00
-6.829039539571642337e+00
-6.917852764263168197e+00
-2.278253758755153235e+00
5.115381771330079985e+00
1.107291409749179678e+01
1.164569849585996764e+01
5.674713253265398549e+00
-4.193152344589901936e+00
-1.276225407442833770e+01
-1.517136825189957605e+01
-9.723554576962076368e+00
1.033346107354326193e+00
1.164593566129418001e+01
1.674401478882372274e+01
1.394037258253964673e+01
4.992764568755108101e+00
-5.353158481903077970e+00
-1.205641247902340396e+01
-1.239947938055374799e+01
-7.099989765075637393e+00
5.213174304919044877e-01
6.605563203285415241e+00
8.747887852326535096e+00
6.859504300036302737e+00
2.669119313208652144e+00
-1.553204756504300121e+00
-4.164210501298455824e+00
-4.622718040137208106e+00
-3.272949530753985314e+00
-8.564393775502101569e-01
1.824277958023012625e+00
3.982149706718640658e+00
4.863335411196599622e+00
3.941787505314739537e+00
1.282198490710115824e+00
-2.216127798332628629e+00
-5.020174807007643736e+00
-5.659385929773963042e+00
-3.575003848164509890e+00
4.171846042802801469e-01
4.412204527237333807e+00
6.354924644469504003e+00
5.115158331236063560e+00
1.084721369215538189e+00
-4.024422144223613884e+00
-8.025743145628252861e+00
-9.251346105985572166e+00
-7.189848909523017362e+00
-2.546766358558365972e+00
3.155941088048943577e+00
8.151569194020531484e+00
1.093364204685913244e+01
1.061363082129118141e+01
7.147232626185184401e+00
1.415342763343239607e+00
-4.928645444635598949e+00
-9.918045872657952344e+00
-1.195782392727641330e+01
-1.046212147610574661e+01
-6.110254222758866760e+00
-5.490054309328147308e-01
4.326804832901519404e+00
7.141446881363959776e+00
7.470888763406508204e+00
5.786643881659769839e+00
3.050676401094343237e+00
2.543706908448606363e-01
-1.874436591622629766e+00
-2.964767603303910537e+00
-2.998894027316539646e+00
-2.290067546005905452e+00
-1.402006476571119986e+00
-9.211435994664456395e-01
-1.105058981805517648e+00
-1.620680845188652297e+00
-1.649191887908872944e+00
-4.353433867698677240e-01
2.010591462887123093e+00
4.596990031924423015e+00
5.615652568887052887e+00
3.854197918109365517e+00
-3.420708408272331580e-01
-4.898729869802336268e+00
-7.076702792435844991e+00
-5.247518627291917426e+00
-2.160808579031227028e-01
4.945936245260751818e+00
6.674529946699975902e+00
3.273882616623305708e+00
-3.709269054372044128e+00
-1.015901570868783566e+01
-1.185698961464631118e+01
-7.230118688802290805e+00
1.439378442089270571e+00
9.235839786855558842e+00
1.157428865395726802e+01
7.036370438786287984e+00
-1.749155523184899863e+00
-9.744498294108021597e+00
-1.258100741778748599e+01
-9.086964209805881154e+00
-1.696590058726465955e+00
5.384683713845611841e+00
8.919462002218494945e+00
8.442113958912953464e+00
6.040723073425858125e+00
4.463331458869956414e+00
4.996057123108450959e+00
6.604035727588981608e+00
6.850623101902957757e+00
3.848672976708610527e+00
-2.171737606183289149e+00
-8.759893055830238140e+00
-1.264678138485387393e+01
-1.170023913591300690e+01
-6.182486601082743505e+00
1.414072773387105464e+00
7.752250416868348815e+00
1.036264023934292666e+01
8.721327218469916431e+00
4.227901940926998670e+00
-7.166770709422807251e-01
-3.918605774492358584e+00
-4.278041184047665979e+00
-2.049848557979649932e+00
1.478231964628470507e+00
4.639479891358748276e+00
6.084481763430670931e+00
5.284267397957421508e+00
2.686026829815117978e+00
-5.300502003592814093e-01
-3.004288299812397867e+00
-3.826541505296302326e+00
-2.940687294557157383e+00
-1.115879316919366149e+00
4.974240319509213304e-01
9.760908673628162502e-01
6.175353344995282434e-02
-1.788022850895808702e+00
-3.708622243453202572e+00
-4.875500497705391290e+00
-4.837994356539951468e+00
-3.613443756834679998e+00
-1.577973186750530443e+00
7.268060387123164157e-01
2.774160770713128166e+00
4.183999267293022406e+00
4.796020591475476103e+00
4.659373539792792229e+00
3.919127457896769862e+00
2.648853471068817633e+00
7.663895332173726871e-01
-1.833475602850931363e+00
-4.951114928393202774e+00
-7.802599355203252429e+00
-9.119772069359175504e+00
-7.764140564844398185e+00
-3.579074010019883900e+00
2.118890118243168530e+00
6.927883086221488185e+00
8.605749894521505183e+00
6.478288563099628306e+00
2.032040344253695618e+00
-1.869754062864647182e+00
-2.783783683878884752e+00
-3.343012921206536259e-01
3.480084687832210477e+00
5.646765958163378230e+00
4.287050166530312012e+00
5.411931270503345104e-02
-4.305499661427992564e+00
-5.996303387155856868e+00
-4.348488822524137376e+00
-1.442159512266977028e+00
-5.784359092450805928e-01
-3.624453600080409288e+00
-9.222332500391113186e+00
-1.335277988993237841e+01
-1.205631349183728318e+01
-4.447744969170083884e+00
6.212790319702236275e+00
1.433987526969978887e+01
1.560596235546054444e+01
9.813552611665450343e+00
1.002453368348628082e+00
-5.322689737799960241e+00
-5.893038611720421649e+00
-1.683133813058688144e+00
3.155247655218165193e+00
4.565225888617936434e+00
1.601475955540790697e+00
-3.027836294567799680e+00
-5.225868057524715837e+00
-2.801934043166875998e+00
2.728047749219283169e+00
7.199775261348927202e+00
6.909940004639908651e+00
1.434406446619598263e+00
-5.941109900966282886e+00
-1.046750404932929790e+01
-9.171306653895749506e+00
-2.742761617696749532e+00
5.171315212123662519e+00
1.056006474461144506e+01
1.152047590686282419e+01
8.901245985578841058e+00
4.965409097412525341e+00
1.433263384267545071e+00
-1.445956135880222648e+00
-4.224994955000004992e+00
-6.887737363216048792e+00
-8.258679565795576494e+00
-6.896722252667128572e+00
-2.726999828214900834e+00
2.170148181249880626e+00
4.622121409645798096e+00
2.714071353537578890e+00
-2.406543396732825357e+00
-6.921800862671913634e+00
-6.957369146925939773e+00
-1.604343541169985343e+00
6.010404753396127120e+00
1.065113668326731400e+01
8.680145605244906193e+00
8.513775862419263873e-01
-7.974594309590294472e+00
-1.212874496632094257e+01
-9.098692972207533813e+00
-1.244638864851267623e+00
6.016267714680065382e+00
8.202281493457734385e+00
4.943593935470175893e+00
-1.995265121486355930e-02
-1.950900225505988406e+00
1.106543644904323109e+00
6.808322195792317899e+00
1.040393432843027455e+01
8.529628984379272083e+00
1.913521744266393654e+00
-5.134224541274822862e+00
-8.046484011269006587e+00
-5.524260271290769353e+00
-4.814923408440102692e-01
2.346887058478500876e+00
2.569549394797138175e-01
-5.163584347434098554e+00
-9.197530441462287598e+00
-7.735920327841527389e+00
-6.948360733195890759e-01
7.593641291978882712e+00
1.141523794756156107e+01
7.885638366073681738e+00
-8.421206701350163470e-01
-9.055984814796342874e+00
-1.154294409282437428e+01
-7.190144831690714611e+00
5.124634342727100167e-01
6.319468379066498720e+00
7.152420117655700516e+00
4.093950003970919127e+00
1.037583794817046101e+00
1.205853814987887684e+00
4.368103284882314696e+00
6.970565910660351250e+00
5.063164929797273395e+00
-2.291105925359535611e+00
-1.180905685064618460e+01
-1.796199534152937716e+01
-1.668763731572748554e+01
-8.122153301790936197e+00
3.558822584724405935e+00
1.291434494100277242e+01
1.650286657443702865e+01
1.437273921038285707e+01
9.061076345125380627e+00
3.297454248764929652e+00
-1.623062820150310115e+00
-5.707872806610332361e+00
-8.945172206433134932e+00
-1.035984356453382560e+01
-8.534556983660577245e+00
-3.200655651185883688e+00
3.647671857405736962e+00
8.428863242501343223e+00
8.269107676694382292e+00
3.247395036131934809e+00
-3.284804529286853736e+00
-6.816523880731081064e+00
-4.819506900640045721e+00
1.399309676177885819e+00
7.577643018915622086e+00
9.508107689841519772e+00
5.948296139738554089e+00
-7.192826362517079630e-01
-6.480067652354609464e+00
-8.689767698342865998e+00
-7.715633952168742482e+00
-6.012272188704376852e+00
-5.546220667778692714e+00
-5.839447991273279293e+00
-4.380321637132021273e+00
8.509490784490914006e-01
8.860069262587202843e+00
1.541304784456059451e+01
1.566125443441085530e+01
7.840631393982883779e+00
-4.793758053286810039e+00
-1.550703033259222430e+01
-1.826336352834290011e+01
-1.167156768350721308e+01
1.220194415079278727e-01
1.025264311747725365e+01
1.365679312427096548e+01
1.009619900065273157e+01
3.663984787405190069e+00
-6.292672212042008661e-01
-5.134546563042717837e-01
2.317820615008670426e+00
4.102948038958613708e+00
2.312338828226002452e+00
-2.318744263948205653e+00
-6.539995285641421852e+00
-7.353511365044036907e+00
-4.460839572870101577e+00
-4.044519671689177365e-01
1.641436322344515641e+00
5.435904696421229865e-01
-1.903291329778566299e+00
-2.634514590661585220e+00
-1.494285859883932588e-01
3.878286363422724925e+00
5.685033481287284474e+00
2.487117960156806973e+00
-4.871979422202496579e+00
-1.193172077837870049e+01
-1.353633950739901692e+01
-7.632537610836028108e+00
2.907711044392682354e+00
1.194360205558965760e+01
1.416108487808896754e+01
8.723142056598334193e+00
-1.559626730319183530e-01
-6.153529246431128641e+00
-5.217117049922891603e+00
1.712488670336584695e+00
9.505784303685651082e+00
1.251748671157558590e+01
8.475783450197333480e+00
-1.133476044624437407e-01
-7.893632280115769007e+00
-1.040690328702402923e+01
-6.980438529091835598e+00
-8.410748721804850447e-01
3.410843370270209451e+00
3.033521307361683128e+00
-1.174476002874068392e+00
-5.742764168236883293e+00
-7.124180580975654209e+00
-4.109627927341760412e+00
1.523611733983656791e+00
6.369452238640747943e+00
7.655581209988644886e+00
4.870497788152987617e+00
-1.649892527487766269e-01
-4.594999048569743394e+00
-6.212627879116565666e+00
-4.508912925892186507e+00
-6.420951354296122737e-01
3.422448796068543686e+00
5.980770951354706710e+00
6.311610530342784742e+00
4.808179499896676035e+00
2.587648894484760653e+00
8.250311686819857826e-01
1.216933540495086508e-01
2.038994133312674872e-01
1.339276024428366352e-01
-1.023892646060260869e+00
-3.436073750085504308e+00
-6.142690023943906397e+00
-7.454564200060631585e+00
-5.980305195198408974e+00
-1.672036152850707502e+00
3.847545478653652928e+00
8.012387899001900848e+00
8.725175516146643773e+00
5.573253903320383174e+00
5.255659785492250435e-02
-5.336623466198911814e+00
-8.490606734793924915e+00
-8.663989230891381510e+00
-6.442607550806751959e+00
-2.948320756824413635e+00
9.630399368170489138e-01
4.864485266934011065e+00
8.293505445436382573e+00
1.029992948250532692e+01
9.677276145043300914e+00
5.915101772786719003e+00
1.288096676198726698e-01
-4.999983060806755475e+00
-6.607434888773105364e+00
-3.613669628848152016e+00
2.142824404266640670e+00
6.654255899967111532e+00
6.167013470303870371e+00
-2.155251568587246425e-01
-9.568233323570705551e+00
-1.665197459273219494e+01
-1.706019056297367342e+01
-9.990678975763701786e+00
1.188910674069971529e+00
1.095669218525362076e+01
1.488879267147869712e+01
1.202996412645109281e+01
4.958907120796727241e+00
-2.250048371258148716e+00
-6.597626080196343779e+00
-7.526972524361896788e+00
-6.417623975162373817e+00
-4.954490857525399861e+00
-3.812567526672401286e+00
-2.609349250709256829e+00
-8.933706530605420859e-01
9.375863903574808145e-01
1.755665942996964102e+00
8.237517958928232131e-01
-1.113328602422443803e+00
-1.913356681969395012e+00
4.757306056388088678e-01
6.136090370549980300e+00
1.244806533520619674e+01
1.535242823575500282e+01
1.198099319968166654e+01
2.881037538953782118e+00
-7.841700794936634189e+00
-1.477126483475808527e+01
-1.444400545335416020e+01
-7.468762541279060585e+00
1.925173878888719159e+00
8.598533468649181444e+00
9.630407613563722435e+00
5.794543383177531481e+00
5.238124873067822040e-01
-2.736822047168201877e+00
-2.839246582054349322e+00
-1.328884024170674527e+00
-8.233552554413405833e-01
-2.726033518071882433e+00
-6.028227468470038097e+00
-8.059050599912737312e+00
-6.562663180625682990e+00
-1.520616584636496960e+00
4.631564091943737083e+00
8.540547387111121935e+00
8.109165710869724819e+00
3.784117681055791493e+00
-1.874293157676341304e+00
-5.934712716314042069e+00
-6.874860881200768326e+00
-5.213834786622368433e+00
-2.722090701247044109e+00
-9.521751924112415999e-01
-2.220216134447703382e-01
2.803478336172535723e-01
1.504444939432629580e+00
3.534832320533515038e+00
5.388447272896162765e+00
5.748058339272830608e+00
4.033345443229333860e+00
9.665738596807347260e-01
-1.811480930713289306e+00
-2.807384327841083937e+00
-1.665765633314167493e+00
5.984059549793497856e-01
2.261683549095891976e+00
1.979713871524188651e+00
-4.086580212730419603e-01
-3.822282995046691667e+00
-6.574158532378234554e+00
-7.253426040455616786e+00
-5.352379357529284398e+00
-1.395456747536737208e+00
3.351207895777140955e+00
7.353965018581418711e+00
9.284469182348571437e+00
8.427828357832265027e+00
4.994961477342349632e+00
2.252711223631044257e-01
-3.899620278089627856e+00
-5.401569115432115709e+00
-3.289000891706145069e+00
1.730274572807501965e+00
7.329499258639508241e+00
1.058921418320107577e+01
9.535405113125438703e+00
4.334014153031882088e+00
-2.634282909708933751e+00
-7.984888925945588412e+00
-9.194649602252519927e+00
-6.025408349110872308e+00
-6.199674927019869219e-01
3.815987444642741089e+00
4.938084665616011115e+00
2.585603064572670640e+00
-1.324954063883511335e+00
-4.227678298573184890e+00
-4.673114923506933138e+00
-3.224746699474278611e+00
-1.875441530674652135e+00
-2.403004270845372936e+00
-4.847935520332962156e+00
-7.253920919221913621e+00
-6.958961763192037075e+00
-2.620647807452674449e+00
4.438012584694645213e+00
1.061940243621949342e+01
1.211395862390982359e+01
7.405628846113348374e+00
-1.424002869808694172e+00
-9.575992388190291749e+00
-1.222286751938818838e+01
-7.433609697036782649e+00
2.481782685667396571e+00
1.211912638920516905e+01
1.601521380379418957e+01
1.179128258705370591e+01
1.531765773666823094e+00
-9.416382263126493513e+00
-1.548636473251660028e+01
-1.395594649894287720e+01
-6.256848878855946872e+00
3.134908243520406756e+00
9.428539508311249762e+00
1.016422507351973437e+01
6.248889610889248658e+00
9.416774407166619287e-01
-2.384805900808244505e+00
-2.228450652996412984e+00
4.758282960585227261e-01
3.363670936529932654e+00
4.379109786201793142e+00
3.039731068958046567e+00
4.794713687033949068e-01
-1.586916454093474371e+00
-2.130790303834176225e+00
-1.402538766254117553e+00
-5.150056415764040496e-01
-4.356354281766032788e-01
-1.200380593356848546e+00
-1.939368493297257912e+00
-1.656854534771937004e+00
-1.277020311430202559e-01
1.811575793109725829e+00
2.830304081257263960e+00
2.114129674659309899e+00
3.929582733228897951e-02
-2.042344204776354921e+00
-2.795859856208950944e+00
-1.946169718844038998e+00
-5.515782824855471889e-01
-2.225968455315956440e-01
-1.799336580963387666e+00
-4.476318099297914799e+00
-6.127783190027935589e+00
-4.753047447857849939e+00
-9.834083511081037621e-02
5.742561009065267008e+00
9.345877037491623796e+00
8.090900950552285309e+00
2.053313117642201036e+00
-5.674085506941525914e+00
-1.061351748860595379e+01
-9.579204866855661749e+00
-2.731066468881117704e+00
6.348607329698526591e+00
1.268415870513605093e+01
1.282126007100734100e+01
6.825994550801585348e+00
-1.855273253703084269e+00
-8.539472202480931529e+00
-1.007076331586683793e+01
-6.493036828240752456e+00
-6.905739755105301247e-01
3.619731899799634611e+00
4.170084889742549095e+00
1.281093223428510619e+00
-2.698459981409410791e+00
-5.085688473122822018e+00
-4.494517630794536700e+00
-1.421457269658778166e+00
2.382445479379248887e+00
5.130376497340332520e+00
5.939944535460712771e+00
5.000311993831430435e+00
3.098373298864894210e+00
1.024360393549367476e+00
-7.081624209036334605e-01
-1.790350096814677938e+00
-1.983800872493027834e+00
-1.198943706060787484e+00
2.433473398979772995e-01
1.481975352224973896e+00
1.412057098194554161e+00
-6.392358352427411905e-01
-4.287899012884216710e+00
-8.034103748762854380e+00
-9.950960390523777122e+00
-8.772057138196441173e+00
-4.696753855732061389e+00
6.322072010434742761e-01
4.995090603680012897e+00
6.768993113834490316e+00
5.687419124615905375e+00
2.769277760667770316e+00
-4.352478466138581803e-01
-2.719074058500064783e+00
-3.660273005660457102e+00
-3.467418350920050241e+00
-2.511335187010727221e+00
-9.975452692847355252e-01
9.720617806496814062e-01
3.086918139711002151e+00
4.646775576173116207e+00
4.796138977845147977e+00
3.098348994181533200e+00
3.971523803938803443e-02
-2.980463910574631115e+00
-4.303021313757244393e+00
-2.980193459155227931e+00
5.326648122777644101e-01
4.450869146766655682e+00
6.542804395891035796e+00
5.363011959701480258e+00
1.132573110370961977e+00
-4.268418308228005387e+00
-8.239571947334269453e+00
-8.837989279621670136e+00
-5.832024935398055554e+00
-8.247333329334112229e-01
3.647589977744463141e+00
5.546561794815330515e+00
4.467722868772057154e+00
1.799762862864328739e+00
-2.088662490468751187e-01
8.239003190366456231e-02
2.628094703930849541e+00
5.723805928169512391e+00
7.155815426601844109e+00
5.730187387998878279e+00
2.133025965297031146e+00
-1.516430623838076253e+00
-3.159241442313085901e+00
-2.293762780068555607e+00
-3.553305001873637847e-01
3.876883040216088094e-01
-1.315657953762112919e+00
-4.489643331330406717e+00
-6.402790820207201250e+00
-4.566715155594933684e+00
1.103212488991864859e+00
7.638573110578844805e+00
1.061508797858886410e+01
7.122497900833675288e+00
-1.902752162263707358e+00
-1.175457596483841982e+01
-1.665141933231363680e+01
-1.340125828678514708e+01
-3.583298757045564997e+00
7.313501184181989245e+00
1.331057329971390857e+01
1.165863832193892513e+01
4.369724222317317164e+00
-3.405545318137049637e+00
-6.930936772085240172e+00
-4.850152816332307992e+00
4.223916952962530891e-01
4.934622638744328604e+00
6.209548491756073041e+00
4.748121636673650947e+00
3.029167065175152551e+00
3.016638623791362050e+00
4.327131984114922503e+00
4.606369377682868915e+00
1.802145799671640347e+00
-3.604119970894905212e+00
-8.406574168578488937e+00
-8.919941958674430182e+00
-4.025029808632619499e+00
3.442856645093886669e+00
8.296499752041940567e+00
6.639473771795191936e+00
-1.097486534260942559e+00
-1.010465256383579913e+01
-1.437177094865351812e+01
-1.090461809077416611e+01
-1.906408827329710398e+00
6.738507802726307006e+00
9.636016343446708987e+00
5.679920454563738730e+00
-1.305536192007763496e+00
-5.530956404171330831e+00
-3.587831180109027684e+00
3.068059822791783464e+00
9.322559086851217813e+00
1.034309934583249202e+01
5.252045634633925708e+00
-2.235420252448986567e+00
-6.658355725612597809e+00
-4.955135755184677748e+00
1.236571494585548381e+00
6.839571161940641630e+00
7.169304349384851172e+00
1.436262286143544564e+00
-6.680735016817351379e+00
-1.174583553681845949e+01
-1.047137863186038231e+01
-3.923697492363031891e+00
3.478601118781935675e+00
7.241495701236784654e+00
5.808368818413969237e+00
1.166489939503987827e+00
-3.115643490155881157e+00
-4.640439136803264475e+00
-3.541187134858765351e+00
-1.616383466935635616e+00
-3.058700131764108265e-01
5.582569064450495500e-01
2.136831697515618966e+00
4.793212608207693570e+00
6.965328569331303399e+00
6.028012624514503592e+00
6.853742171291337115e-01
-7.119739708158046909e+00
-1.270722587636449141e+01
-1.168530387740441867e+01
-3.446899976190474391e+00
7.639144208637191902e+00
1.464343497809733741e+01
1.270837749739978406e+01
2.642483334054237076e+00
-9.280291088690685086e+00
-1.542704988391185239e+01
-1.203391482179306671e+01
-1.816931782057911171e+00
7.979935225152529732e+00
1.075474304205048171e+01
5.218638537720078574e+00
-3.816735678867701154e+00
-9.091584032453862818e+00
-6.294544185943904857e+00
2.761108034035343106e+00
1.149308483130267078e+01
1.340381887691293095e+01
6.841485395936620861e+00
-3.813029147338871105e+00
-1.135156853831147039e+01
-1.093536648009237666e+01
-3.479258091785901286e+00
5.176934406834688751e+00
8.596863422224132023e+00
4.359567753130776602e+00
-4.352766891566982821e+00
-1.120004072241057358e+01
-1.124635283525926610e+01
-4.314557817356798886e+00
5.145329195101036035e+00
1.134566231361057120e+01
1.108511877367106990e+01
5.547654371622417813e+00
-1.039883477480196827e+00
-4.603792471391295216e+00
-3.831554382870236086e+00
-4.701886331051684520e-01
2.529251321776947670e+00
3.332272598387748364e+00
2.227383348385123529e+00
7.962111373851983309e-01
2.221276609119828827e-01
2.663359434923251445e-01
-2.874386001467973406e-01
-2.230771124797895411e+00
-4.874374123157614314e+00
-6.305627756905624715e+00
-4.800450929960831559e+00
-2.656866431781735871e-01
5.441281823683375762e+00
9.578954205791248455e+00
1.017564120225355850e+01
7.081909077111758322e+00
1.774795332921603297e+00
-3.752171316134533363e+00
-8.066935310147986371e+00
-1.060505275099663791e+01
-1.123843386097521346e+01
-9.779575890472079536e+00
-6.051565417191278939e+00
-5.002868326496212603e-01
5.328258603427461715e+00
9.155418786052937463e+00
9.216662586527839096e+00
5.580202426161230633e+00
4.564653855974623031e-01
-2.973973324247903616e+00
-2.593639185021067828e+00
1.125170302951407297e+00
5.250021819472880935e+00
6.229587303220760930e+00
2.291659005316046827e+00
-5.204712718183833964e+00
-1.240750282749964839e+01
-1.522837911500258734e+01
-1.178273485095874662e+01
-3.487470766228951469e+00
5.801328759561855897e+00
1.197597342881791249e+01
1.280010342540826151e+01
8.763142391515128082e+00
2.369718852624228322e+00
-3.470330768858759463e+00
-6.883476669956889893e+00
-7.556583915464199386e+00
-6.303482755106439406e+00
-4.208595215356254471e+00
-1.986998593452697914e+00
1.254719952381373460e-01
2.082420105060203586e+00
3.709470346822183018e+00
4.656301498404394223e+00
4.642911403692300709e+00
3.777120574769923245e+00
2.657813965504510989e+00
2.119552233002662600e+00
2.717964525634464223e+00
4.256739234068847466e+00
5.696863338852624636e+00
5.619930120489876835e+00
3.094537073314336695e+00
-1.521350500605069822e+00
-6.406253954377348236e+00
-9.031171353780626632e+00
-7.593363384633178725e+00
-2.336479019498220122e+00
4.161692714860393494e+00
8.160681719031723347e+00
6.903832749701777516e+00
4.889418747075096050e-01
-7.825884799257920577e+00
-1.331281836871740865e+01
-1.259944689026269238e+01
-5.889168140964543774e+00
2.946877775435908564e+00
8.642373658871647990e+00
7.838953089366929916e+00
1.302835151926650337e+00
-6.454783635808805542e+00
-9.998178492625315883e+00
-6.444304126050894865e+00
2.659955803002141295e+00
1.228119505844897574e+01
1.702680341865618274e+01
1.440382512370548262e+01
6.138862991307167505e+00
-3.154473041428191848e+00
-8.913618214345572000e+00
-9.174877186184509981e+00
-5.192336766823322236e+00
-3.191970840875035798e-02
3.609650106999124919e+00
4.792542846805403656e+00
4.183325454339612115e+00
2.861299586313595267e+00
1.265603820756407316e+00
-8.587554152504873750e-01
-3.639902889028305832e+00
-6.296719427925007828e+00
-7.262549649658937234e+00
-5.266357740799572973e+00
-5.344531701471331164e-01
4.933679056417503261e+00
8.398078345005464129e+00
8.080882328078732968e+00
4.333059530215037647e+00
-5.930133384212732395e-01
-4.016789740558595057e+00
-4.502108972326819725e+00
-2.571087173532182302e+00
-4.235894753151175918e-02
1.413053548602430043e+00
1.391168472063915695e+00
7.809201464640083135e-01
8.092565270858345094e-01
1.940217138257136487e+00
3.489941798074161827e+00
4.187630693205306898e+00
3.163504430316119720e+00
5.695930081308158144e-01
-2.591153997637241524e+00
-5.191434092754228402e+00
-6.631097996806376571e+00
-6.946171776171834011e+00
-6.435048127360790460e+00
-5.266212967970767878e+00
-3.467961551822883681e+00
-1.257018204634352099e+00
7.267305846624049215e-01
1.664039314881678333e+00
1.195855463290256715e+00
-8.942172834169936912e-02
-8.714795640501632468e-01
-2.876359178784188009e-02
2.367361915012768048e+00
4.849118497898580848e+00
5.477572125682614868e+00
3.337114417633157082e+00
-5.298480261563600635e-01
-3.595927156332547892e+00
-3.567200372490160643e+00
-1.761571398598001936e-01
4.324212388190827205e+00
6.495170049700531578e+00
4.076739289387808718e+00
-2.253362439996090760e+00
-9.039966768289247057e+00
-1.213890594629044628e+01
-9.374934267336071159e+00
-1.976226741707413304e+00
6.177758812729061688e+00
1.095626341512226176e+01
1.039127635771636626e+01
5.552005566541217796e+00
-5.227481708414746242e-01
-4.892462855254517962e+00
-6.280165181047770773e+00
-5.200068079501005691e+00
-2.893440512440698331e+00
-1.680128795092563632e-01
2.874100356524061706e+00
6.143170957696138856e+00
8.739139681192835241e+00
8.980124272643340788e+00
5.513225268619756925e+00
-1.285623974021347982e+00
-8.847276368012796155e+00
-1.352981053040927151e+01
-1.278171522560522178e+01
-6.908034129115047328e+00
8.750808267279370778e-01
6.290392754705242950e+00
6.614343240904938526e+00
2.340096114034527552e+00
-3.216417618277941148e+00
-6.096829314327755434e+00
-4.219584179804432011e+00
1.384450550335150965e+00
7.337789321692858913e+00
1.008283092676267145e+01
8.017021303266794519e+00
2.317111574660351003e+00
-3.898300648501696219e+00
-7.403011884771235174e+00
-6.567473056911399709e+00
-2.070521475754365071e+00
3.573999106803705139e+00
7.278776549245597138e+00
6.807422364164617434e+00
1.821029437335254464e+00
-5.803865840026465328e+00
-1.255556377284244896e+01
-1.470240888821856373e+01
-1.011456044010074784e+01
3.214170362305743822e-01
1.259430603030423157e+01
2.117623577805317225e+01
2.179088714034687868e+01
1.389559729079480555e+01
1.304932375524196608e+00
-9.689054327781024156e+00
-1.380738252389875420e+01
-9.834105600708538120e+00
-1.268547395884974005e+00
5.943285207445626384e+00
7.216460832205317644e+00
2.208673190074302628e+00
-5.140684288055630269e+00
-9.443394080819913938e+00
-7.634701241194273180e+00
-1.088646874584190627e+00
5.384438567918214957e+00
6.948679383442160074e+00
2.165273791355022848e+00
-5.972876675250827994e+00
-1.210289693662508448e+01
-1.217238856865214736e+01
-6.139323806127756633e+00
2.170374181358418753e+00
7.857382031151697532e+00
8.327722910468345674e+00
4.834234900928001899e+00
1.161455985092229470e+00
5.446625625373375801e-01
3.179394580548057014e+00
6.182278789667591923e+00
5.993991828591441973e+00
1.367675301653065389e+00
-5.366300741132596031e+00
-9.789234679633828762e+00
-8.601559359858452325e+00
-2.191740838704393290e+00
5.382717888645745852e+00
9.095076488552550131e+00
6.462919411382026524e+00
-6.270096352191314448e-01
-7.123735710200853610e+00
-8.253645259499350573e+00
-2.821444507776931232e+00
5.916546441545370350e+00
1.240219012952728939e+01
1.245508621692736462e+01
5.967311580229104351e+00
-3.167848802341465486e+00
-9.741049478365557235e+00
-1.061345588120014583e+01
-6.510562551889345961e+00
-1.129842368870113578e+00
1.647370347692161729e+00
4.117039252498164714e-01
-3.054429876834198421e+00
-5.347962885555696211e+00
-4.059041214291744026e+00
4.637311948344093882e-01
5.386786122747394323e+00
7.415233278019726981e+00
5.088313697235034461e+00
-2.353289893766586927e-01
-5.304694352702806981e+00
-7.097757575835151655e+00
-4.677359324341246349e+00
3.889408245191953162e-01
5.179220281543314819e+00
7.249775438440313025e+00
5.931666171021887202e+00
2.376564141343616487e+00
-1.459837719760872510e+00
-4.059709951729649546e+00
-4.980281778201606890e+00
-4.623542882506350260e+00
-3.532322265573980768e+00
-1.877086178839204589e+00
4.653187924097018646e-01
3.385328599529286109e+00
6.104708758064245622e+00
7.317080207532965730e+00
5.940623013566040278e+00
2.006610595202018565e+00
-2.986370904339948229e+00
-6.638983293947950060e+00
-6.931428093376149846e+00
-3.491032352750554679e+00
1.971307584200982177e+00
6.442493206078252044e+00
7.267882051079951111e+00
3.764942017443516420e+00
-2.206445750536828232e+00
-7.171160742203475991e+00
-8.037077292490751645e+00
-4.030868514209974940e+00
2.635509768519759710e+00
7.898660699631042448e+00
8.228493462810957837e+00
2.873174955828932120e+00
-5.463215867270094783e+00
-1.206205266656284714e+01
-1.299100302567408960e+01
-7.573532645613976655e+00
1.068151334140085229e+00
7.845279079421292323e+00
8.839185451160279428e+00
3.766657542410265513e+00
-3.845727902954858113e+00
-8.944883695654464617e+00
-8.232581366169640091e+00
-2.282938352681425975e+00
4.925818419172739659e+00
8.758087375268527097e+00
7.080357433194841121e+00
1.664569587814114460e+00
-3.137432101245453353e+00
-3.527840322709123733e+00
9.908153026966806109e-01
7.200530637497407405e+00
1.040049931382287518e+01
7.736104627722248495e+00
2.858572322400321220e-01
-7.569620261946214512e+00
-1.106464086262432645e+01
-8.220536696488384365e+00
-1.086459931899881770e+00
5.751150333863785491e+00
8.270870340488343686e+00
5.536540367608052016e+00
-4.199050893529288064e-02
-4.700693791830961921e+00
-5.968469462795133573e+00
-4.032250666711417963e+00
-9.885864523137661841e-01
1.190265472514071332e+00
2.219834854849967787e+00
3.337786319253749134e+00
5.647091257136850118e+00
8.493602833232309024e+00
9.433975912891632731e+00
6.063201661437814138e+00
-1.635541219336112739e+00
-1.038614790355466155e+01
-1.519929225800980888e+01
-1.261156145939002649e+01
-3.354548104491029470e+00
7.595295312627388107e+00
1.389422627674625943e+01
1.184942015876380239e+01
2.871153313701225507e+00
-7.370488504046123879e+00
-1.258192459138591701e+01
-9.852090222661498586e+00
-1.357644743894433681e+00
7.303638112383426417e+00
1.091519175427603372e+01
7.951202479627321296e+00
1.226537317206250144e+00
-4.358843839491235883e+00
-5.249857893314183954e+00
-1.449759579057092518e+00
3.846813829518924699e+00
6.691886307886347751e+00
5.038891626843272853e+00
-1.689368905204986504e-01
-5.969439717091816533e+00
-9.443877075177258718e+00
-9.330205637810497166e+00
-6.251698450260301243e+00
-1.791531583328781707e+00
2.590458032042274983e+00
5.967270139687252062e+00
7.666231559659798300e+00
6.970768181171168365e+00
3.413470649790158795e+00
-2.442095883619663788e+00
-8.520997741194170416e+00
-1.182796155762181201e+01
-1.007423922773151581e+01
-3.341143363113649123e+00
5.505216793883207949e+00
1.219814084129582277e+01
1.352109022393396209e+01
9.227827501081826256e+00
2.097762045824571153e+00
-3.941768534127008561e+00
-6.330404464612641391e+00
-5.284396782646421542e+00
-3.179196094581871357e+00
-2.471512921694769993e+00
-3.774635839282663774e+00
-5.526205010878896928e+00
-5.433208381330210557e+00
-2.504675990755417025e+00
1.962795083897752368e+00
5.259225236808058312e+00
5.348227532844619603e+00
2.544124804485681679e+00
-5.772677469214527735e-01
-1.066149596101024333e+00
2.074711038326698009e+00
6.886035929021939950e+00
9.620058020909866059e+00
7.353982864354184912e+00
2.318185447575360492e-01
-8.285826739204733116e+00
-1.342892820721541902e+01
-1.209101239287010365e+01
-4.810274511907168815e+00
4.527999469584376158e+00
1.103710385764258106e+01
1.168052781431709164e+01
6.845304818966745586e+00
-2.240666552356105345e-01
-5.590733349924551732e+00
-6.917094471652754706e+00
-4.501594488765294777e+00
-6.242748082927298547e-01
2.141132255950183971e+00
2.461503946068420934e+00
7.294983122202867154e-01
-1.590994123253237191e+00
-3.122278633462599373e+00
-3.396507860204819984e+00
-2.878473443473907434e+00
-2.331396814879240775e+00
-2.091976335044233970e+00
-1.809227336717895707e+00
-8.174694247874667585e-01
1.157307031869942548e+00
3.507117028787881008e+00
4.891965461661914816e+00
4.034269094176242021e+00
7.014726791522183369e-01
-3.789784630984063263e+00
-7.010435804094770518e+00
-6.710952381902556496e+00
-2.290332999031754468e+00
4.489127015791409825e+00
1.015223360535454944e+01
1.134947368585614313e+01
6.897199536509731388e+00
-1.252544419953935950e+00
-8.864915874699766718e+00
-1.175759149792336977e+01
-8.278675989777889654e+00
-3.737177784960192817e-01
7.509886088913194868e+00
1.106968280708152008e+01
8.698485121088751271e+00
2.311544890265448959e+00
-4.059328397078584061e+00
-6.931159727348925159e+00
-5.490605252774650502e+00
-1.779994320359500781e+00
1.063427406347469795e+00
1.162368351167542446e+00
-8.748969713645277091e-01
-2.693550364720633361e+00
-2.244237985406575930e+00
4.812683558478921819e-01
3.393866886128106941e+00
3.981278408275345626e+00
1.400828351564676666e+00
-2.684048652295110582e+00
-5.259185515311864734e+00
-4.293883255501017793e+00
-4.655998503257183785e-01
3.137003002443599087e+00
3.252172370204111207e+00
-9.656933946232411081e-01
-6.969629399966740024e+00
-1.032611029945679881e+01
-7.772293309137039863e+00
3.003069739869428378e-01
9.748174004462137887e+00
1.514710006765707107e+01
1.322015555098587392e+01
4.929160008023313999e+00
-5.149628199930461392e+00
-1.169542832726140880e+01
-1.181136631644502266e+01
-6.448268013184240921e+00
6.725215275325269193e-01
5.687800570209665452e+00
6.897771907383815737e+00
5.301401740750099734e+00
3.280905089111711082e+00
2.619205746167692972e+00
3.327285391914328816e+00
3.982153714635838337e+00
3.104345336059562754e+00
4.198315906355321037e-01
-2.913142377691786411e+00
-5.162038406784714262e+00
-5.221846291422262532e+00
-3.273427327738449133e+00
-5.254671101268464373e-01
1.632907424958442322e+00
2.400149641471092998e+00
1.788483995154000805e+00
3.401872772217700569e-01
-1.290181790127941541e+00
-2.557529005969085389e+00
-3.030135788685235809e+00
-2.390861429121864390e+00
-5.962846465393132345e-01
1.906980605520603778e+00
4.186984415996140463e+00
5.212303996319551658e+00
4.442975676102671301e+00
2.202787199991946832e+00
-4.915802222695399570e-01
-2.562925924710290904e+00
-3.501697283395000415e+00
-3.506228617603462272e+00
-3.049015517554444887e+00
-2.280812508628076163e+00
-8.495318714753072875e-01
1.634575642649160665e+00
4.855346294341881475e+00
7.481393198424250990e+00
7.751370702328811646e+00
4.701393151643169510e+00
-8.409092541398003329e-01
-6.362320845104564526e+00
-9.014277126425769282e+00
-7.408885506290988410e+00
-2.620772354311394992e+00
2.391166189942929066e+00
4.648420307404913743e+00
3.073875801498449967e+00
-8.493772211271839456e-01
-4.140593055375697773e+00
-4.359956094527026593e+00
-1.200406093890305836e+00
3.446298265734943467e+00
6.918692142403385148e+00
7.621001005659616467e+00
5.938647779709521402e+00
3.643398641656442116e+00
2.337243355212159202e+00
2.173673089840516326e+00
1.836472177166519337e+00
-2.316046213523548225e-01
-4.320313024999208551e+00
-8.854635457058565251e+00
-1.122948394437743858e+01
-9.543256019949678759e+00
-4.030900577662910322e+00
2.815224770039176150e+00
7.564436573883710935e+00
7.788063404897194175e+00
3.429585586797793795e+00
-3.184067529546195985e+00
-8.625659672064173833e+00
-1.015242387773897192e+01
-7.012264301781682363e+00
-6.649763102994112884e-01
6.062813611637983158e+00
1.037041229900104433e+01
1.073810947169207708e+01
7.509067540735090418e+00
2.591402209072308338e+00
-1.556420897641570100e+00
-3.185431463690007181e+00
-2.144214043308710238e+00
