-4.751055504115011985e+00
-5.914158865656710340e+00
-4.322510783415283164e+00
-9.654012091311288124e-01
1.992927594245796241e+00
2.620739964828631585e+00
5.405491813056649830e-01
-2.759112664610143373e+00
-4.878628521480867342e+00
-4.106000663584243426e+00
-5.690018519546282683e-01
3.854316680109778126e+00
6.795951750258764079e+00
6.934897701675907911e+00
4.732747837403145752e+00
1.886388486033966583e+00
-3.903567488049874967e-02
-7.379052590786643329e-01
-1.195337436661531472e+00
-2.620958259878550134e+00
-5.154072008025707419e+00
-7.423162327324364540e+00
-7.412309282305182379e+00
-4.064122074635768023e+00
1.594010118249359564e+00
6.757617541808469852e+00
8.530411049200431250e+00
5.882841948035069102e+00
4.845585523864852640e-01
-4.267876450999320781e+00
-5.448774687180521603e+00
-2.547392983405476041e+00
2.196357975732551093e+00
5.326877147319759587e+00
4.538447901018944464e+00
2.429304623548352859e-01
-4.737587711316769479e+00
-7.123165076398284334e+00
-5.403345335772849367e+00
-7.989810530167131830e-01
3.672832975945532930e+00
5.328605793545961866e+00
3.628092988497582549e+00
4.159828569756630068e-01
-1.519307879125691318e+00
-5.044400500802085352e-01
2.807665090429669164e+00
5.905022487110627161e+00
6.201736396154183595e+00
2.879325986364039913e+00
-2.479787440785756303e+00
-6.872670957421636473e+00
-7.783139069589974035e+00
-4.748075193710969089e+00
4.006904171266840731e-01
4.702482994951388662e+00
5.842632902874954404e+00
3.431316157873292916e+00
-9.178661177393845350e-01
-4.639100981169800519e+00
-5.691781249310143842e+00
-3.616148031080752556e+00
3.400943112847794048e-01
3.983793045451561987e+00
5.356615888933517589e+00
3.728765473862710067e+00
-4.940594380574825362e-02
-3.980373740761909307e+00
-5.933655236229202323e+00
-4.767944915015733365e+00
-9.943073984871453330e-01
3.421949337451842155e+00
6.107501851974968865e+00
5.661459646388740552e+00
2.564532262694786180e+00
-1.019119248581751513e+00
-2.556242222201576375e+00
-8.372570900088082135e-01
3.052423167096673939e+00
6.234069321887064419e+00
5.838030190138120190e+00
1.011620291062135024e+00
-6.226319134295501101e+00
-1.198255927223076256e+01
-1.282487565154405829e+01
-7.986039903614875257e+00
3.885274926095561021e-02
6.963221729131909399e+00
9.329783739369988282e+00
6.567201452074315604e+00
1.134435755529789036e+00
-3.294452819572830204e+00
-4.314680595108288941e+00
-2.222726432124437324e+00
5.415860903532879744e-01
1.441897958944458491e+00
-1.763670361528500430e-01
-2.644008967469241966e+00
-3.364317284053500501e+00
-9.664044235207835953e-01
3.442617862431228470e+00
6.921941057507812189e+00
6.812534375706364109e+00
2.770941137687458422e+00
-2.819003482424857321e+00
-6.432135393531358325e+00
-5.886719799215466509e+00
-1.931060884344343087e+00
2.255526833118346897e+00
3.340303385807055214e+00
2.840350992634047556e-01
-4.810103676876872569e+00
-8.096603718632996660e+00
-6.687422141991786972e+00
-7.625778030162031484e-01
6.402836608132915330e+00
1.054014448032024553e+01
9.184974676288693018e+00
3.271459078605549742e+00
-3.525827790201249812e+00
-7.200849815107737584e+00
-5.918623573164537355e+00
-9.729514456525962807e-01
4.311898110163520315e+00
6.845482777837609945e+00
5.615143206134050935e+00
1.961465672979436192e+00
-1.682601737539052733e+00
-3.520107885437233186e+00
-3.340387420803087259e+00
-2.173342763130661659e+00
-1.147053308585381792e+00
-5.754798246517481841e-01
1.547823628122996231e-02
1.069426940146845695e+00
2.216003513342208020e+00
2.313944403243422876e+00
3.949146042571194393e-01
-3.233451903428628427e+00
-6.710309962078144785e+00
-7.593477687969501844e+00
-4.534829881167525834e+00
1.523652784945201955e+00
7.599460560150490096e+00
1.036272068788391110e+01
8.225427587880229652e+00
2.421954419562013072e+00
-3.699058049591358976e+00
-6.751808674931779386e+00
-5.397821405926781502e+00
-1.059239590275454557e+00
3.186055833179993968e+00
4.738040261950405174e+00
3.164878783303737286e+00
3.180460092147480156e-01
-1.146324911481352071e+00
2.429020165533472553e-01
3.679046596830600091e+00
6.630192005099445396e+00
6.624441872555321353e+00
3.010975491168602858e+00
-2.512733191899462426e+00
-6.942433619857254712e+00
-7.844732733278462433e+00
-4.817506826820318722e+00
3.702442859396166686e-01
4.937546999622759003e+00
6.700199026377017475e+00
5.100719385207931111e+00
1.152922510031924919e+00
-3.426674585900977288e+00
-7.169455093562391745e+00
-9.293993746244689547e+00
-9.575852260002360339e+00
-8.044065932128537710e+00
-4.916955961906844585e+00
-8.113179089354058959e-01
3.130356462714180665e+00
5.565119792502771112e+00
5.692173170328336695e+00
3.898388773021687292e+00
1.695873079824002927e+00
7.954153442753142400e-01
1.863134291955317767e+00
3.890687019921957202e+00
4.788277369550647755e+00
2.933329715627311707e+00
-1.396156345516015529e+00
-5.850013450517547398e+00
-7.428792039669840364e+00
-4.650264917709233004e+00
1.076567728882711794e+00
6.011599529438152345e+00
6.424229286351772039e+00
1.238745969397649915e+00
-6.867744289603010088e+00
-1.284251172800836116e+01
-1.237865143971847992e+01
-4.791361031903397460e+00
6.288290948834716509e+00
1.495400592036035192e+01
1.654714590121911755e+01
1.041739043474250082e+01
1.809730755689831216e-01
-8.608884868976490523e+00
-1.179465479676762563e+01
-8.806037195669755846e+00
-2.450056750299348884e+00
3.302682612855234012e+00
5.875750826890648426e+00
5.292907661678670550e+00
3.453350721667488799e+00
2.292022750142109544e+00
2.309153032687838003e+00
2.487800112630718985e+00
1.462402452114924589e+00
-1.132858080128847478e+00
-4.242702013510619707e+00
-6.185345475407114435e+00
-5.967281723617249511e+00
-4.041088665040846628e+00
-1.913562793934174611e+00
-9.426138016570879685e-01
-1.293643575734078288e+00
-1.877215999341755870e+00
-1.301910860518611823e+00
9.185938136553060129e-01
3.851844313226269634e+00
5.727713533671722423e+00
5.178597886117972671e+00
2.221460396178578822e+00
-1.714646091732523026e+00
-4.690870934894853406e+00
-5.411938443981568980e+00
-3.843160024914300976e+00
-9.716046927845833903e-01
1.969213427673993877e+00
4.177731108972962737e+00
5.437641016370706737e+00
5.811834611964693309e+00
5.293180874169699734e+00
3.769324787782101005e+00
1.293513330950503804e+00
-1.663210348979452524e+00
-4.287675084964668315e+00
-5.821066483514293566e+00
-5.956953749247189123e+00
-4.909440413670741243e+00
-3.123627706003066606e+00
-9.366422115241057611e-01
1.460993420628816430e+00
3.730721934908455495e+00
5.119498250960519137e+00
4.662250553959043309e+00
1.914007078903878334e+00
-2.290530663715925730e+00
-5.793181936868587734e+00
-6.138229310803995808e+00
-2.201863105537265941e+00
4.675180218829303236e+00
1.102722588469700149e+01
1.312702276555120662e+01
9.303037081638549921e+00
1.163663953458532685e+00
-7.209950335635372909e+00
-1.169123984675129080e+01
-1.059127106378169181e+01
-5.535930074864375605e+00
-1.599635602844495796e-01
2.438186148835956857e+00
1.674944321717100948e+00
-4.738014049788605853e-01
-1.298159933585578241e+00
3.887588501997309431e-01
3.297549127971769245e+00
4.740187027148204280e+00
2.902805336106467848e+00
-1.464639756370325285e+00
-5.318409315846324148e+00
-5.461617873863900741e+00
-1.022290154633485049e+00
5.598736134151044652e+00
1.012497547670719555e+01
9.269841564298385350e+00
3.092273897855632114e+00
-4.838037343029505166e+00
-9.649306210915142401e+00
-8.297224733497944982e+00
-1.535219199155150260e+00
6.554785026295564698e+00
1.111122178403495830e+01
9.425946789880752519e+00
2.414884146573459844e+00
-6.164206695227300692e+00
-1.206445826335882821e+01
-1.290056178104808282e+01
-9.127851021224477890e+00
-3.305818847332425925e+00
1.624226636818387970e+00
3.884068181869006153e+00
3.422042671658402480e+00
1.449404383945126273e+00
-5.088493415169221823e-01
-1.412032006964033526e+00
-1.019814038466465345e+00
2.308881055327425269e-01
1.568455205970676447e+00
2.266279326703270591e+00
1.968235158914684479e+00
8.811470802789651557e-01
-2.794504835169040469e-01
-6.543031127359345556e-01
2.103612327006692539e-01
1.963319890782936117e+00
3.540024875684744110e+00
3.798826415728719930e+00
2.333990997875831752e+00
-1.232212989046734819e-01
-2.090334547434227197e+00
-2.326073474357254867e+00
-7.511181903255175207e-01
1.410120634475814372e+00
2.450404585958335435e+00
1.424223465324434112e+00
-1.094577767720208206e+00
-3.350353092398879795e+00
-3.652655302681415694e+00
-1.642853421810629211e+00
1.373665120116091876e+00
3.322683959217451299e+00
2.861642247273769257e+00
3.830650967547412078e-01
-2.243966706439782577e+00
-3.033625806295829452e+00
-1.355291595709832597e+00
1.574138055208847087e+00
3.555427306818643274e+00
3.002889419068619503e+00
1.002977070354998945e-01
-3.327544072224536631e+00
-5.119586781051408408e+00
-4.287715668008926784e+00
-1.627329974775898469e+00
9.827678861815426492e-01
2.019731028900515923e+00
1.390098120555615990e+00
3.416017949841770873e-01
3.227390492366725705e-01
1.706841483334074594e+00
3.396440202227202221e+00
3.644967076149466578e+00
1.492884266141173644e+00
-2.277317504709374330e+00
-5.438138159222682511e+00
-5.732739806082344458e+00
-2.453272047883376938e+00
2.920334972549952113e+00
7.492667415831801847e+00
8.652767718973432665e+00
5.605920457152392622e+00
-2.217788206165132170e-01
-6.102543268919846220e+00
-9.597281332216976324e+00
-9.793747276541489910e+00
-7.483798949857241922e+00
-4.312655422008226935e+00
-1.584030968352529989e+00
4.492581735225118500e-01
2.391246295706528802e+00
4.844085332276611311e+00
7.578346081937816336e+00
9.390229628576195253e+00
8.815476333751595561e+00
5.254437020889302090e+00
-2.769058893011032696e-01
-5.383976492792728052e+00
-7.527984542305688365e+00
-5.585394180500849792e+00
-7.400597877945955805e-01
3.987318500216849415e+00
5.464232597049869078e+00
2.466718979800742506e+00
-3.301443913390126106e+00
-8.004837371216861897e+00
-7.999916157987236431e+00
-2.331266813441982944e+00
6.252296062479334005e+00
1.263060990528463634e+01
1.238681923640237414e+01
4.773035118260699150e+00
-6.412537877851971047e+00
-1.481663836175908955e+01
-1.532665335880146174e+01
-7.323082603823007020e+00
4.759204852306346822e+00
1.405046067108576580e+01
1.545609414839002049e+01
8.761185355383117823e+00
-1.399467590004629169e+00
-8.683572608886283462e+00
-9.199281181109554950e+00
-3.903492487345010975e+00
2.331911177410866731e+00
4.283644381833061843e+00
8.440399617234128904e-02
-7.474731754612964352e+00
-1.290431169420843283e+01
-1.183885242102479651e+01
-4.068470855661642460e+00
6.273576807600651506e+00
1.342676476455703849e+01
1.371002252048764092e+01
7.714906723961692414e+00
-3.805940200544653540e-01
-5.738424488704903403e+00
-5.937524016113964187e+00
-2.173914921852227344e+00
2.018506426610195525e+00
3.419906692890093414e+00
1.241228743789816180e+00
-2.634773022180740387e+00
-5.220254186739875735e+00
-4.534312113349562523e+00
-8.054523795017385357e-01
3.882576795660658942e+00
7.035099267751949270e+00
7.199957193258210708e+00
4.561267802803488536e+00
5.349120251100107915e-01
-3.137533008190417583e+00
-5.170176254949123695e+00
-5.080506936646307814e+00
-3.176134948586447404e+00
-3.764720120684201810e-01
2.067332865098467032e+00
3.016136982253624144e+00
2.012268882257188363e+00
-3.178674064004876620e-01
-2.425865989145234547e+00
-2.691267681122164301e+00
-5.449907461645686624e-01
2.918051398877634650e+00
5.428345836334784735e+00
4.988621930787004999e+00
1.357376791528369875e+00
-3.535625984716204595e+00
-6.692570130568254783e+00
-6.029487705098621753e+00
-1.871548524759481857e+00
3.162110249427262154e+00
5.897988921141248397e+00
4.788999239416440012e+00
9.731019522492863061e-01
-2.583312893239553709e+00
-3.259050775654711796e+00
-6.844294346413153374e-01
3.027948420339785507e+00
4.900947142143937008e+00
3.348908510841408503e+00
-6.251306494873021258e-01
-4.196120708252143672e+00
-4.867575583725054500e+00
-2.370403645540260396e+00
1.142461101137564494e+00
2.763672868999642596e+00
1.092484276798573850e+00
-2.648352993477591344e+00
-5.518552861274962140e+00
-5.124158917103216915e+00
-1.518823578425831045e+00
2.732138526362756448e+00
4.422726271310821744e+00
2.135233061799175047e+00
-2.604334444986369679e+00
-6.353064587514291262e+00
-6.246972027082676959e+00
-2.140547730809710281e+00
3.202960251467379393e+00
6.049714512751655171e+00
4.383946127245909707e+00
-5.893653246612698959e-01
-5.219564411905968981e+00
-5.927865642927535816e+00
-1.701185336582376362e+00
5.167207311884030929e+00
1.057108228858136023e+01
1.125389517602687306e+01
6.823735097806054917e+00
-1.699695450770826177e-01
-6.016637123099720874e+00
-8.177866829629111933e+00
-6.621104770576515364e+00
-3.414014638206291696e+00
-1.064845838863110572e+00
-8.572672170504871403e-01
-2.262242691611910494e+00
-3.638487610187957078e+00
-3.541782555200910565e+00
-1.666034110590434381e+00
1.144397058812272050e+00
3.637793250629300257e+00
4.993857709723966032e+00
5.164615096059868904e+00
4.603538867579334948e+00
3.741798705010036308e+00
2.684510552316524912e+00
1.325729862018348415e+00
-3.083935546319698240e-01
-1.855976677987955181e+00
-2.767425442398199209e+00
-2.688850561275001994e+00
-1.750244192930058285e+00
-5.018849349059388842e-01
4.656233365541692093e-01
9.183139981794476991e-01
1.074309440381133296e+00
1.321000251200649123e+00
1.787054185426950825e+00
2.133004904715650518e+00
1.766380838113308593e+00
3.541121012169632376e-01
-1.752712033401054637e+00
-3.546278658634284486e+00
-3.904730955632242484e+00
-2.334300590984262236e+00
5.906945851188071250e-01
3.436648577499719970e+00
4.702544985240964870e+00
3.726291996319794020e+00
1.120399823459780952e+00
-1.578574252414023604e+00
-2.861860750435115897e+00
-2.206232391079389288e+00
-4.043487068752302793e-01
9.802584869067454409e-01
7.044706767254986790e-01
-1.236067525745523588e+00
-3.505103281160209416e+00
-4.262529341837034025e+00
-2.423077412140496545e+00
1.502326828871561215e+00
5.584477796733698263e+00
7.608699694576349870e+00
6.443100070114325284e+00
2.737115855183118285e+00
-1.520284264774912852e+00
-4.281087023699752692e+00
-4.681324824792811867e+00
-3.407590303709548518e+00
-1.980838503243526283e+00
-1.530391309705313230e+00
-1.987108747115042373e+00
-2.288905123855560220e+00
-1.407304622810803263e+00
6.404655715351457168e-01
2.634390689240774908e+00
3.032709601700918967e+00
1.243249770078366234e+00
-1.722691307375033620e+00
-3.803583326891006422e+00
-3.326731479988878970e+00
-2.924767513772370542e-01
3.493251704342339004e+00
5.617609564103442032e+00
4.767261010530040366e+00
1.690476457390666987e+00
-1.335181002627296554e+00
-2.186263194637514840e+00
-5.041153483935441049e-01
1.983949506944644003e+00
2.727280324929300281e+00
3.160508342799195347e-01
-4.293814163663766337e+00
-8.242795378351898350e+00
-8.659557527964237167e+00
-4.679253614140391093e+00
1.835562569854703341e+00
7.397860825470452539e+00
9.079840967434453347e+00
6.301204865951872236e+00
1.055273027929643614e+00
-3.493846544658046671e+00
-5.022924362676485899e+00
-3.329334507555218092e+00
-1.487490803139293050e-01
2.180990967106173795e+00
2.196245249470619498e+00
-1.482509589880698364e-02
-3.178116624116848588e+00
-5.758551299604839357e+00
-6.722676093876360781e+00
-5.750607464836309468e+00
-3.039952164596672723e+00
8.970450653739832081e-01
5.225571041146430673e+00
8.734537095065148193e+00
1.007367812855125955e+01
8.382778585481451827e+00
3.972168439522162586e+00
-1.512713006258073367e+00
-5.753251453957648032e+00
-6.962243008047878767e+00
-4.879540221040696402e+00
-8.728114318692705709e-01
2.945103967550841695e+00
4.977174356460018601e+00
4.921663527271508798e+00
3.598145984326751368e+00
2.077049239470768693e+00
8.662253344013182144e-01
-2.144600224353893081e-01
-1.466227469651679716e+00
-2.653229064124222436e+00
-2.930475233488592401e+00
-1.512750836988011160e+00
1.447536811786135580e+00
4.569808831602932386e+00
5.926491331282905506e+00
4.298100082308761394e+00
8.442775312196237891e-02
-4.854868075686848528e+00
-8.368568050693845350e+00
-9.350897668094239279e+00
-8.263555415104431034e+00
-6.486226568071767673e+00
-5.056335143641623731e+00
-3.838218844817729014e+00
-1.808291752075378511e+00
1.777620163472525938e+00
6.323574759433515879e+00
9.896750281639654645e+00
1.042814819405677440e+01
7.261997686075945424e+00
1.849697436738541256e+00
-3.030592095030331556e+00
-5.044081467368743965e+00
-3.798536855318336070e+00
-9.770711213805225448e-01
9.888478803050949617e-01
7.150973965240456920e-01
-1.201433208650503737e+00
-2.776652372353778375e+00
-2.265922616770561504e+00
4.388220737596315590e-01
3.699967612759698987e+00
5.367624603783326620e+00
4.387722030598622425e+00
1.557363941632351478e+00
-1.117611519804366349e+00
-1.931658283059082271e+00
-6.892987175440371539e-01
1.272628771553054872e+00
2.196450339455600531e+00
1.239925429793974354e+00
-9.849746667519212462e-01
-3.012953033255387325e+00
-3.704264168991225681e+00
-3.032504702417079923e+00
-1.897642968925236762e+00
-1.211368034784064518e+00
-1.086384113010941954e+00
-8.308859475968031205e-01
2.680426232079154425e-01
2.084622967389331283e+00
3.520698410658104294e+00
3.301983243743239260e+00
1.107898565314909600e+00
-1.901816577745878201e+00
-3.683403155184477917e+00
-2.683570202932721749e+00
9.885100855854249691e-01
5.473544383279186576e+00
8.269735583126511358e+00
7.785129142252168677e+00
4.277324533438672027e+00
-4.158861820051593661e-01
-4.090890689545736869e+00
-5.460019924470638664e+00
-4.678746435845265061e+00
-2.915882975735521576e+00
-1.435521463066792958e+00
-8.885982322815902945e-01
-1.200224266206087798e+00
-1.915512881071379958e+00
-2.578249187696103562e+00
-2.850883799870223445e+00
-2.442168151839747114e+00
-1.117321123753914458e+00
1.072133798014596628e+00
3.531308601570640526e+00
5.196465957473381359e+00
5.087235193197028771e+00
3.036279205810587190e+00
1.820173455521512107e-02
-2.304427945309776682e+00
-2.618607805103549069e+00
-8.679445560368219681e-01
1.677177378424111520e+00
3.302768672823671814e+00
3.061664968003051879e+00
1.390220773903073415e+00
-3.578731221794613226e-01
-1.094015771138091342e+00
-9.241821278269797268e-01
-1.022530342392134584e+00
-2.495386878481030912e+00
-5.155094584377669875e+00
-7.292912237916893581e+00
-6.805921316637318697e+00
-2.924925981712791057e+00
2.811188210043407132e+00
7.245608564368890114e+00
7.644448698122349839e+00
3.679403795616535078e+00
-2.147004882056766206e+00
-6.073958075322133610e+00
-5.627457430232219338e+00
-1.338293924392652379e+00
3.630523956772828686e+00
5.717108836225222035e+00
3.465565699366359720e+00
-1.495666372193236171e+00
-5.687927545263790741e+00
-6.299788685801267718e+00
-3.139269681220987263e+00
1.374275074359337268e+00
4.100635799473025145e+00
3.493184040534435653e+00
6.171379601383282232e-01
-1.823628821993592108e+00
-1.637389228686101816e+00
1.187793801531432214e+00
4.530122715605166661e+00
5.786263368661138884e+00
3.821274774103686767e+00
-2.517720127519929574e-01
-3.972508679943760335e+00
-5.330410861996783822e+00
-4.052405012211629298e+00
-1.470747307990050601e+00
7.682905370527981503e-01
2.002951935436507735e+00
2.794524689820795160e+00
3.993208591132379137e+00
5.537282474533009591e+00
6.129623147905539859e+00
4.193369743385582105e+00
-6.084266290649796849e-01
-6.572937539494173365e+00
-1.068661524094925852e+01
-1.051507671494902141e+01
-5.924532665279939714e+00
6.647372714907359148e-01
5.757448273803293048e+00
6.990225853210120022e+00
4.522641153354010513e+00
6.722857258602989994e-01
-1.858557154299975034e+00
-1.820128542185230014e+00
-5.171380412443166152e-03
1.713429445889100622e+00
2.019854316746763523e+00
1.138475680627854647e+00
4.318441698961774655e-01
1.026687552899156142e+00
2.657194748637696780e+00
3.718534190026059782e+00
2.527328548695240151e+00
-1.208664663660607763e+00
-5.909285740482109972e+00
-9.071219301174920702e+00
-8.972029051977976621e+00
-5.850721535501939741e+00
-1.673227273814242189e+00
1.331240249107738860e+00
2.243458314002023890e+00
1.948795150207723648e+00
2.209397041390619432e+00
4.071578612236859129e+00
6.874089730277034960e+00
8.650356530856287307e+00
7.633708171531346842e+00
3.714336094301121882e+00
-1.282197005424032588e+00
-4.742865503486912715e+00
-5.020153526307751690e+00
-2.519521889962618388e+00
6.504519341390757603e-01
2.179584752937294478e+00
1.104826562501380005e+00
-1.681115185633871079e+00
-4.240232096777341475e+00
-5.029756082838455100e+00
-3.880931847426801085e+00
-1.856589995575245178e+00
-2.256198212609727971e-01
5.508824640962353136e-01
1.004119576950020631e+00
1.916362874747583378e+00
3.336175996024835833e+00
4.247466546869030246e+00
3.267536392735415074e+00
-1.057204645800897680e-01
-4.693705977294783338e+00
-8.033908550911551316e+00
-7.864833539973107968e+00
-3.741561198474566474e+00
2.376754276434132951e+00
7.096671054276112223e+00
7.599928443159829072e+00
3.432813125137019750e+00
-3.098515182447910021e+00
-8.227737432444461874e+00
-8.939920771980700565e+00
-4.731174722389549281e+00
2.151540590601884517e+00
8.094590718070620028e+00
1.023182970333205333e+01
7.993080090716046193e+00
3.207924552554514364e+00
-1.185669626727352544e+00
-2.945827673206252939e+00
-1.730868413361506430e+00
9.478504708730477457e-01
2.862894198467541784e+00
2.502885949993297832e+00
-8.169814238106787307e-02
-3.448232940217994980e+00
-5.722668128368019858e+00
-5.693622499081520516e+00
-3.401713816082702735e+00
2.124327400333703153e-02
3.041892656355518199e+00
4.478893607845396474e+00
3.937258701516529236e+00
1.820027466846787512e+00
-9.396942111887164328e-01
-3.222599697835810240e+00
-4.039602691991755812e+00
-2.827683400433394834e+00
2.768934020480530167e-01
4.304654563849160454e+00
7.649640178604601104e+00
8.680642313691318890e+00
6.571267761164760302e+00
1.893898405330644241e+00
-3.474192116930246765e+00
-7.231920528201573717e+00
-7.901820422114619547e+00
-5.694122040198245749e+00
-2.384477410703026656e+00
-1.973668639977477768e-01
-3.633956714065549876e-01
-2.298938750316755542e+00
-3.997860097005664137e+00
-3.424851961565847258e+00
6.276598093729934824e-03
4.889247295990876374e+00
8.628924279699125677e+00
9.082911304844579092e+00
5.940176248621723332e+00
9.031212009547262554e-01
-3.436872146916617687e+00
-5.238775815940374336e+00
-4.437936128880020981e+00
-2.498038386926450638e+00
-1.154506143935863927e+00
-1.120753630468564799e+00
-1.702790975117491445e+00
-1.545932381345865192e+00
1.258249882431331512e-01
2.769133725540883884e+00
4.855298657868375223e+00
5.004887184785250298e+00
3.027009199902470193e+00
5.331366193422515387e-02
-2.324089349930253956e+00
-3.218782520442624584e+00
-2.999627122594898054e+00
-2.808080940577000195e+00
-3.463234595945126948e+00
-4.671835906348774436e+00
-5.215349766142346688e+00
-3.986694378391085536e+00
-1.035269712710191747e+00
2.265010440326916452e+00
4.127368319684580733e+00
3.669087274626084749e+00
1.595328955379760716e+00
-3.234404888107245135e-01
-6.047554189682761150e-01
8.191649263365619049e-01
2.609050386739005134e+00
3.174842376046269177e+00
2.053681644982965793e+00
3.604530589362019422e-01
-1.231120124433606744e-01
1.462872333104039857e+00
4.099247990727897140e+00
5.456460170120772446e+00
3.690938821653156232e+00
-8.850329978434180456e-01
-5.662564615411788793e+00
-7.440992715576238759e+00
-4.845529204526856759e+00
3.670377523329787506e-01
4.263589218949368487e+00
3.468587809306915126e+00
-2.210127499378728544e+00
-9.238715137418399337e+00
-1.248701261644972860e+01
-8.703581301575681550e+00
1.048017985097675409e+00
1.175905602513862114e+01
1.751287392093418660e+01
1.519185562784398513e+01
6.373971055492993365e+00
-3.814514699586659674e+00
-1.003458136414799640e+01
-9.955022046225359134e+00
-5.251305949358116010e+00
7.853921356054921477e-02
2.673264752656646426e+00
1.881072984779694535e+00
-3.811680267357420715e-01
-1.588450353182206953e+00
-7.042475795396727634e-01
1.202778724484256268e+00
2.150578730013230633e+00
1.119650709140206146e+00
-9.964352019773977664e-01
-2.152582739888445396e+00
-9.740865928690477515e-01
1.904270378279395715e+00
4.155654548567932594e+00
3.570026868270712583e+00
-5.379948510954624119e-02
-4.486834398763470233e+00
-6.573585951361393676e+00
-4.603283273972547995e+00
2.541720752372927938e-01
4.618886896686020371e+00
5.284335937522333104e+00
1.595958854498878976e+00
-3.954732518409960651e+00
-7.420597621764165375e+00
-6.187598513178277138e+00
-8.409115667389785997e-01
5.258772036116930337e+00
8.383638020433858529e+00
7.069494928219948626e+00
3.045852255338904691e+00
-1.984776116311274818e-01
-1.278963218569348359e-01
2.882768241869406278e+00
5.821886180782193776e+00
5.366537275861965384e+00
5.466939119669493863e-01
-6.249053995904155556e+00
-1.074105618640369109e+01
-9.719398999200915767e+00
-3.409510027131511745e+00
4.465247138531887039e+00
9.030525951249863681e+00
7.439711386703263152e+00
7.261763189315195710e-01
-6.910424190577922232e+00
-1.086564261921096453e+01
-9.054542320424264545e+00
-3.065408177203018614e+00
3.129945328070331989e+00
5.920007706228863853e+00
4.345042544871750678e+00
4.447813308539847466e-01
-2.430576312525317029e+00
-2.058828559005381642e+00
1.178463100154402143e+00
4.729681081147726118e+00
5.797264193135493571e+00
3.334268576118905258e+00
-1.273186633251708333e+00
-5.240514850777508116e+00
-6.330314209161285177e+00
-4.313636237461759393e+00
-9.587498485393681769e-01
1.364259149610944410e+00
1.405937909101462768e+00
-1.583741736965221802e-01
-1.388215954064601299e+00
-6.751224407617594236e-01
1.926749245308922998e+00
4.644510075982564601e+00
5.283532005875708037e+00
2.952743334493375560e+00
-1.064454216681552046e+00
-4.013564349700437184e+00
-3.554096539355970918e+00
4.555153517842239763e-01
5.576537260705000776e+00
8.209342183570619511e+00
5.967334599591669786e+00
-5.671000704647144453e-01
-7.952029927265328979e+00
-1.190461466023831782e+01
-9.980751343738850423e+00
-3.171511125592150648e+00
4.659015414708926883e+00
9.157496006739460626e+00
8.139461396283536487e+00
2.795094101869729286e+00
-3.298931248556475904e+00
-6.623604544157508656e+00
-5.924337485718427665e+00
-2.713297018753189072e+00
1.622023012908857531e-01
7.504774407618584053e-01
-6.291547922392779491e-01
-1.835302888654247511e+00
-7.682686624331743763e-01
2.814382768292556847e+00
6.943657886594409412e+00
8.843159796539810102e+00
7.038477394129300180e+00
2.554244375743733642e+00
-1.757265093120318422e+00
-3.302178659631664015e+00
-1.690077676389983408e+00
9.618920760979596807e-01
1.659762686810224874e+00
-1.081804000556285228e+00
-5.907356012252648725e+00
-9.423210143920989879e+00
-8.637209427354019198e+00
-3.271539246925092570e+00
3.801405479402220067e+00
8.419687915186029770e+00
8.014598891486276244e+00
3.438043857880554111e+00
-1.630132695443352375e+00
-3.319145180599560430e+00
-3.685823889173382994e-01
4.938635068472108536e+00
8.409629770032017504e+00
6.977775854528334598e+00
9.508179494266366660e-01
-6.154156593011039789e+00
-1.006298135369455515e+01
-8.702882004439942421e+00
-3.538156100075055654e+00
1.638895371568191983e+00
3.518820046455913619e+00
1.597736416747727040e+00
-1.671514088794680442e+00
-2.942801375477040793e+00
-6.525501020248206663e-01
3.724056198663570516e+00
6.777633264852276795e+00
5.787282817936083568e+00
8.778909481206680354e-01
-4.923907164931692115e+00
-7.803785236217805732e+00
-5.898387501233607999e+00
-6.493194878321009167e-01
4.216834857167341966e+00
5.334261873216215477e+00
2.050795265763160735e+00
-3.186868828775795137e+00
-6.638246924959654294e+00
-5.912200284018163110e+00
-1.545631830733245948e+00
3.544609988634428444e+00
6.229132463497446537e+00
5.314939190949496961e+00
2.149518917064892953e+00
-6.336714993882740510e-01
-1.170281728918025621e+00
3.523110775887596802e-01
2.080231700949477069e+00
2.135539076368176747e+00
1.766493394657984162e-01
-2.334638886867181462e+00
-3.328685138046143521e+00
-1.822060426524638732e+00
1.217698978391313247e+00
3.508682562397366311e+00
3.114937692035454564e+00
-1.117486694037270745e-01
-4.369898760094153900e+00
-7.125734862479095710e+00
-6.806527658479682330e+00
-3.762740799967365657e+00
1.222327416847670545e-01
2.795459640536818835e+00
3.332451957762085915e+00
2.274078843672839856e+00
8.913271384534511288e-01
6.625016100134228925e-02
-3.063289535645791206e-01
-9.809205108627936376e-01
-2.447651044131393228e+00
-4.252324469499690451e+00
-5.150036217720614040e+00
-4.010806209953346801e+00
-7.845732330403492050e-01
3.238330686103623179e+00
6.121086655475126648e+00
6.475637282160725761e+00
4.338594814080313888e+00
1.133132049416363252e+00
-1.241715876004471530e+00
-1.573822103866626021e+00
-6.498769548775706895e-03
2.157199873779951371e+00
3.307811581905446552e+00
2.461500175930423584e+00
-2.634645061404883304e-01
-3.798756763432995953e+00
-6.696247156554069768e+00
-7.748641255297698649e+00
-6.395402843512629332e+00
-2.854790477426054629e+00
1.951596519717970324e+00
6.625696187731051623e+00
9.670087489399472602e+00
9.990974963820216104e+00
7.382009762007905707e+00
2.737551580422017850e+00
-2.207196319473681001e+00
-5.578894707984055401e+00
-6.198792748198478364e+00
-4.107026745138844248e+00
-4.867074353966800437e-01
2.962821541971176309e+00
4.842071782881101072e+00
4.618287326118170277e+00
2.699021310056171075e+00
8.041700642572369162e-02
-2.152352812644187097e+00
-3.206934142448057745e+00
-2.754592528063557921e+00
-9.575843872254938827e-01
1.558768135200225391e+00
3.801394835512819093e+00
4.665194339339945095e+00
3.380008135576641148e+00
-7.620775593003781267e-03
-4.425841436272305529e+00
-8.093008080036291574e+00
-9.318295300143560667e+00
-7.399650187255757849e+00
-3.084261455538676699e+00
1.740894784047927413e+00
5.005367165280616426e+00
5.520258099606931701e+00
3.528268494568289171e+00
4.321085863457731491e-01
-2.090722401694703692e+00
-3.010890895819587243e+00
-2.352845047234040088e+00
-9.080833885622181523e-01
4.543066488452371376e-01
1.360870545775387352e+00
2.016895660240153099e+00
2.815141076235262219e+00
3.827968320314595552e+00
4.597387652478069242e+00
4.390202251154908808e+00
2.732040892125720433e+00
-1.671582153656205882e-01
-3.401685191683933684e+00
-5.790560693171667772e+00
-6.467404971851778761e+00
-5.289452945107252724e+00
-2.855232274616258614e+00
-1.672160026205820049e-01
1.840325355470968205e+00
2.663764318558958788e+00
2.347952930780737191e+00
1.366975594821430162e+00
3.639330342519029871e-01
-1.366742931908902503e-01
5.194951305176126466e-02
7.040018058428616499e-01
1.296356781312899553e+00
1.293583575745560932e+00
4.832085159247225814e-01
-8.299772993284177947e-01
-1.927461155248038294e+00
-2.073868610892910969e+00
-9.964446082067788257e-01
8.665264111242571010e-01
2.556662471724449048e+00
3.155957371575922821e+00
2.373892667313144411e+00
7.558896432854257386e-01
-6.666541070814435699e-01
-1.080780494235846101e+00
-4.705317048747973407e-01
3.628800501563725356e-01
4.007199926322572159e-01
-7.659803102040967371e-01
-2.483825358329822208e+00
-3.349818591342440310e+00
-2.160025278879945887e+00
1.116361190566483419e+00
5.040352283073156414e+00
7.389096309570858168e+00
6.479402322512766155e+00
2.312698840418450530e+00
-3.229805965445136984e+00
-7.347920569565097537e+00
-7.908678405342199014e+00
-4.699325466668591744e+00
4.372082390495892756e-01
4.686433537938841987e+00
5.907797315228121349e+00
3.832987515253117650e+00
9.540897930086988943e-02
-2.890158354096372229e+00
-3.460111012166487754e+00
-1.671419253456626786e+00
8.795032968141993646e-01
2.221888278067148725e+00
1.365048532031992945e+00
-1.051875259630205006e+00
-3.225609737211788897e+00
-3.439274889507328403e+00
-1.255019591225981834e+00
2.145775293954883978e+00
4.699666708867376030e+00
4.788807302874952931e+00
2.286443052226933670e+00
-1.361996515895115278e+00
-4.068093661037456066e+00
-4.425538751353998990e+00
-2.566712759618318351e+00
-6.399891873680979559e-03
1.399638872683419244e+00
6.779407448137770853e-01
-1.660884326051237370e+00
-4.012474710584993609e+00
-4.765515261554147841e+00
-3.340333709536937423e+00
-4.983092977693470704e-01
2.240259563624045658e+00
3.624835035962569396e+00
3.426835606127186740e+00
2.423707943643672369e+00
1.685460900314893928e+00
1.721913719296049194e+00
2.120032719461101500e+00
1.918291750425683784e+00
4.175259677371470080e-01
-2.184508040397730610e+00
-4.804798717493891758e+00
-6.122274016618095338e+00
-5.393358621943782794e+00
-2.870586313351286112e+00
4.229634242077298101e-01
3.332738997626188304e+00
5.126541746966037039e+00
5.601958884234623071e+00
4.800061262611822421e+00
2.716737827903081381e+00
-6.238319183163313353e-01
-4.749557218115555202e+00
-8.405173578247659094e+00
-9.800918936257891900e+00
-7.544789858933907745e+00
-1.754064878196681665e+00
5.485544099688960173e+00
1.086596422195956890e+01
1.158383806530063609e+01
7.065777936755108790e+00
-4.561558523505018226e-01
-7.036730122069732474e+00
-9.232188018325841128e+00
-6.105316584846447014e+00
2.513925384997444112e-01
6.031629362499080216e+00
8.044846747701098977e+00
5.579739524735570555e+00
6.449717017554211784e-01
-3.486832773768155036e+00
-4.403359773992296056e+00
-1.939406295138612180e+00
2.001295858591481291e+00
4.919028233052427979e+00
5.377408847368950084e+00
3.724082274763564904e+00
1.508412361464857465e+00
1.776723978770364809e-01
7.658490406255713534e-02
4.359103296890546875e-01
2.249421838694805609e-01
-8.998088967160677853e-01
-2.318574412073329150e+00
-3.016331232431355591e+00
-2.472225034938142052e+00
-1.110753229921209950e+00
5.417471763283532304e-02
2.680924503619566690e-01
-3.480307415333210308e-01
-9.437232331059683954e-01
-7.320569449911421556e-01
2.459721252832883787e-01
1.068000143799922252e+00
6.955488226125253748e-01
-1.036806063131245681e+00
-3.054203735046575385e+00
-3.702832334678289428e+00
-2.028881031003565649e+00
1.293101893722435225e+00
4.177729943828007109e+00
4.466818301914596390e+00
1.492955205141260233e+00
-3.273525454659778511e+00
-7.035532648982796289e+00
-7.443974633743954961e+00
-4.130013847262768323e+00
1.063313806179228660e+00
5.295703657385121055e+00
6.524606741740300642e+00
4.643957902038850172e+00
1.257202158820460713e+00
-1.614046925664935017e+00
-2.856583919179378039e+00
-2.683911736542582194e+00
-1.994668885955594106e+00
-1.367587082819823996e+00
-6.173451925358908188e-01
7.225705570183578175e-01
2.492196132870350134e+00
3.515131744035681294e+00
2.280195912288946580e+00
-1.689777520261073418e+00
-6.891510917094525013e+00
-1.029066350276121433e+01
-9.150586516873321585e+00
-3.088766903215497628e+00
5.173176002280158947e+00
1.113855035758195200e+01
1.127370504528608208e+01
5.386568930723456106e+00
-3.031188234367516721e+00
-8.872659726252052792e+00
-8.622631487137027761e+00
-2.598270318906283016e+00
5.281869643558422034e+00
1.005941629475740839e+01
8.924157686716391424e+00
2.925135249393553849e+00
-3.868643098440864847e+00
-7.104466048470314377e+00
-4.901095275882233260e+00
1.162244355105071403e+00
7.324430675028101412e+00
1.015837552379195330e+01
8.575367506728246880e+00
4.091583847208474900e+00
-5.707757941852251715e-01
-3.370930038998640299e+00
-3.988239320561429491e+00
-3.468920449404626183e+00
-3.010849015596791300e+00
-2.957740102011404915e+00
-2.743725226120324656e+00
-1.673525953164083813e+00
2.435637647168380493e-01
2.157435265108214928e+00
3.040166022068246932e+00
2.547492211656271266e+00
1.307068579576739609e+00
3.542873026061303943e-01
1.775437958741363786e-01
2.052987507621144569e-01
-7.554945504514704036e-01
-3.398494927923057851e+00
-7.000509710798672458e+00
-9.535032509132117085e+00
-8.909718877053244057e+00
-4.539925468141865927e+00
1.886099395573783699e+00
7.121974945104579291e+00
8.227658471199816859e+00
4.421987352072958011e+00
-2.301723496280524195e+00
-8.251025235044478379e+00
-1.016279946202424611e+01
-7.067506896918374082e+00
-7.510834850133214502e-01
5.420882105547219609e+00
8.531556989525203250e+00
7.725917446753700624e+00
4.470510140169144719e+00
1.407396013535687551e+00
6.041751733257196832e-01
2.305637787004580552e+00
4.907706545307469526e+00
6.090613787909694210e+00
4.363030880056440353e+00
7.117360819710016884e-02
-4.713070214704234928e+00
-7.341909159732053602e+00
-6.110656492408588214e+00
-1.286320518398400781e+00
4.931254074025765988e+00
9.506213931838512821e+00
1.013780648763980530e+01
6.461725471975860557e+00
2.302891401692650497e-01
-5.629974745518519619e+00
-8.568464819471264704e+00
-7.712525164914806552e+00
-4.204023867656179192e+00
-4.075645817653069658e-01
1.517339933614292757e+00
8.235252598524236411e-01
-1.539085148762292743e+00
-3.680342024053916195e+00
-4.041835855254653609e+00
-2.359980619803127677e+00
2.672440203576230688e-01
2.192477259867317230e+00
2.326422936281955955e+00
8.010252111188868041e-01
-1.211727441493512636e+00
-2.342818614231773289e+00
-1.926853194745443698e+00
-3.673338907029646272e-01
1.222894283936522886e+00
1.803835052926203275e+00
1.068688869659335516e+00
-4.209147715795589217e-01
-1.644910640602151197e+00
-1.761708537777617822e+00
-5.728328439384540172e-01
1.405898028947867973e+00
3.224775976228072771e+00
3.931277006371768579e+00
2.957678912441194186e+00
3.637837092182993892e-01
-3.103272828191680599e+00
-6.168504390673435367e+00
-7.435148064386762456e+00
-5.969460916915768856e+00
-1.836546993547871320e+00
3.730995068751527644e+00
8.735836858425678031e+00
1.128234191508449413e+01
1.047623661462961664e+01
6.840691733323274626e+00
1.989177977594180913e+00
-2.248338012288658483e+00
-4.707704908347009720e+00
-5.267157065403218041e+00
-4.579251583930832759e+00
-3.464281836575028972e+00
-2.449747746707557017e+00
-1.729438494999427256e+00
-1.409121100834660023e+00
-1.659409605922828934e+00
-2.529589247566463861e+00
-3.575492461934519639e+00
-3.752590356334356780e+00
-1.908608121087133735e+00
2.291987245607157497e+00
7.673728234059609576e+00
1.177621040412964426e+01
1.211991257443435011e+01
7.822236472383126582e+00
4.510232503908193635e-01
-6.626074391845163447e+00
-1.014256448322172588e+01
-8.896866068288140639e+00
-4.437880626025303421e+00
4.939624527827268796e-02
1.921572543432072067e+00
7.929983825470325876e-01
-1.435530373435691898e+00
-2.242200668093169202e+00
-5.837131687621546217e-01
2.191362111566676596e+00
3.376136697006249854e+00
1.165875345433678545e+00
-3.576633630747170667e+00
-7.507254595126115149e+00
-6.996509724069254865e+00
-8.612887347764450752e-01
8.362362409686324938e+00
1.566884222023164241e+01
1.665680962985986469e+01
1.039282800304246202e+01
1.013274589289743233e-01
-8.823183519480052084e+00
-1.215817656146514203e+01
-9.320559215042356627e+00
-3.375948764683202263e+00
1.278461479946483292e+00
1.868529853140823871e+00
-1.173348260049125180e+00
-4.924473810896214054e+00
-6.272456042911322527e+00
-4.067070793978551535e+00
3.310101211188816173e-01
4.286427743223655717e+00
5.820472649768657192e+00
4.791259794703895736e+00
2.603447314729749884e+00
8.933890168364269080e-01
3.262205407442158034e-01
3.877862825191099594e-01
1.532812096273231672e-01
-7.608679297500029470e-01
-1.898365332854612841e+00
-2.496374368608013761e+00
-2.275551676255721745e+00
-1.712212095778782972e+00
-1.525966706622323699e+00
-1.869122796078498183e+00
-2.025689827863768944e+00
-1.008640255924824869e+00
1.381096207614380900e+00
3.986856569794766436e+00
4.883543646729177290e+00
2.852661087678888041e+00
-1.361458363619619361e+00
-5.136779407889873639e+00
-5.597836467470370891e+00
-1.757644691389316005e+00
4.407651717631281052e+00
8.925321200434384039e+00
8.379323446305969370e+00
2.368146620558338356e+00
-5.901734305847975648e+00
-1.145718143071631090e+01
-1.072133116753074944e+01
-3.907881339499907902e+00
4.992112253675256461e+00
1.067276760282964787e+01
9.823582700735155271e+00
3.131130129893668457e+00
-5.281401354866259723e+00
-1.051744149575785769e+01
-9.874851450108106832e+00
-4.236618960448065074e+00
2.843526901604089829e+00
7.553071063026727927e+00
8.056323899644649345e+00
5.193415007946941664e+00
1.442961610375626202e+00
-9.130428617403055780e-01
-1.121258532799612961e+00
-3.235855132352341568e-02
8.789966557326068797e-01
6.924449467292378424e-01
-4.033578376467635840e-01
-1.422974928682065210e+00
-1.382218223230570642e+00
3.474305659277060476e-02
2.327316425197037297e+00
4.512745374631101036e+00
5.628240151543195680e+00
5.102911364731067323e+00
2.898410509606892838e+00
-5.222116215190819588e-01
-4.324719138344278235e+00
-7.526551529072921909e+00
-9.312889830106612976e+00
-9.350134370512158455e+00
-7.907262198707440959e+00
-5.650451664847736311e+00
-3.198454697308362071e+00
-7.504713755248237916e-01
1.896365138986207954e+00
4.903377011843845779e+00
7.862864804895268733e+00
9.685438852704749024e+00
9.147920599218917204e+00
5.823076481327522202e+00
7.140611871985571568e-01
-3.997332039635025147e+00
-6.096931895714330807e+00
-4.700790693096787543e+00
-8.936844862955914959e-01
2.879475028950542637e+00
4.342604443092331401e+00
2.831928308306264519e+00
-3.407160759529869742e-01
-2.865829984554066456e+00
-3.068988523478898500e+00
-1.040625666406163496e+00
1.531338298261154973e+00
2.675525285627214700e+00
1.612249904273363565e+00
-7.025791325548261801e-01
-2.354391354948138115e+00
-1.967307451467395385e+00
2.166688319480183922e-01
2.498922138227598566e+00
