1.146069416331558699e+01
2.042224758695859776e+01
2.091304507010552527e+01
1.291026680345292554e+01
5.146131441240928694e-01
-1.054466180304530276e+01
-1.598678816300858507e+01
-1.481307712214667482e+01
-9.078983359716296775e+00
-2.154508567050048562e+00
3.196167904047314323e+00
5.803084643239802887e+00
5.910915180487931408e+00
4.393204451115711784e+00
2.104891177209965214e+00
-2.888780459671150824e-01
-2.198510275192352204e+00
-3.090492060258254181e+00
-2.708652872014547519e+00
-1.326404052596962035e+00
2.879411273953131900e-01
1.273879164681990250e+00
1.187529190244664301e+00
2.364380341634504390e-01
-9.215849184583846387e-01
-1.626479005149094492e+00
-1.556822841140957925e+00
-7.652030233594839803e-01
4.863724186701646746e-01
1.840274972764859740e+00
2.808681024062138487e+00
2.770053293925787585e+00
1.249379278000926075e+00
-1.544120143828398017e+00
-4.357401745568783014e+00
-5.252638703887789084e+00
-2.782129776465449122e+00
2.670556414314508409e+00
8.463055687143008043e+00
1.087013156697509153e+01
7.445442997729250223e+00
-9.172886264889599239e-01
-9.845355978496403537e+00
-1.378475837285478356e+01
-9.534105644222993448e+00
1.288230042948426801e+00
1.271102878201353903e+01
1.782954082553207797e+01
1.313348694182327314e+01
9.013255871267311647e-01
-1.204300145036396330e+01
-1.852414471627619719e+01
-1.545644821946787850e+01
-5.613941987467826245e+00
4.406705578796730194e+00
8.601578357308886424e+00
5.355028046368833117e+00
-1.878292140376661923e+00
-7.304056561516872215e+00
-6.906812915297958710e+00
-1.089845955663561128e+00
5.866461314098394553e+00
8.959314645484145245e+00
5.914605855405778989e+00
-1.426841008067679217e+00
-8.568165349315812307e+00
-1.144307359338042929e+01
-8.914539499121094224e+00
-3.082511959432324922e+00
2.544798125163547198e+00
5.509018768660302712e+00
5.729280451652308592e+00
4.943696336731773222e+00
4.934252700636353239e+00
5.999110520302153304e+00
6.798582474215734806e+00
5.582877948158877501e+00
1.782295213071392492e+00
-3.272439480196615680e+00
-7.047437956762117039e+00
-7.435599577684215866e+00
-4.190950823548190485e+00
8.092645628914482137e-01
4.662366996303531685e+00
5.210992297803264783e+00
2.389570951500083140e+00
-1.682472697880231571e+00
-3.942786263765350796e+00
-2.266100156893868345e+00
3.099442321392676281e+00
9.411221329423909765e+00
1.279769926472881636e+01
1.044336624572162364e+01
2.394022236804100423e+00
-8.113303816869635199e+00
-1.613553870193997497e+01
-1.761869784243451420e+01
-1.166428973995822460e+01
-1.105995942219294204e+00
9.026847036502067212e+00
1.429970328337729413e+01
1.324114735561879286e+01
7.843714354168390912e+00
1.943959118850619561e+00
-1.381456133083342364e+00
-1.631525685356618016e+00
-7.243071380488566025e-01
-1.105361279759088156e+00
-3.604115193607857925e+00
-6.677345803730159624e+00
-7.614636359129908882e+00
-4.774625205037660081e+00
8.942438629058853117e-01
6.282377293185355427e+00
8.253005370572099153e+00
5.907130650860378474e+00
1.252671460206765008e+00
-2.274290999795281376e+00
-2.358276461937196089e+00
4.939192022927278991e-01
3.399168952144671074e+00
3.365168432682865252e+00
-3.488649420216882735e-01
-5.595768740992841828e+00
-8.935078529803975655e+00
-8.246803693782947420e+00
-4.350830546246598374e+00
-3.672019140374789825e-01
7.089974673454523257e-01
-1.647667938230488849e+00
-5.055746180601984108e+00
-6.066991180737537626e+00
-2.891191817492658966e+00
3.092410771158680571e+00
8.226421576707744876e+00
9.222544353667725403e+00
5.565049916659042140e+00
-1.519767809493414168e-01
-4.197210821797892066e+00
-4.459942170083899704e+00
-1.875390709311209658e+00
5.568044532682071557e-01
3.570732550734343480e-01
-2.310026212781049360e+00
-4.691742728359370673e+00
-3.703449299975047460e+00
1.348216512400616462e+00
7.755485990117586326e+00
1.105381516841777234e+01
8.243955313921524919e+00
2.383669921728193142e-01
-8.368822050838518933e+00
-1.221741309023735234e+01
-8.825726181777959312e+00
-4.061024487571862629e-01
7.486300744363276749e+00
9.619786798850398668e+00
4.600493992378080321e+00
-4.146817413901967342e+00
-1.060174338892402268e+01
-1.010070647446324799e+01
-2.421354551521161191e+00
7.985972307227402034e+00
1.472515811809763875e+01
1.337334649464704839e+01
4.153477798997792902e+00
-8.205643449520280797e+00
-1.721858257186575969e+01
-1.827617556081904127e+01
-1.104486293236044858e+01
6.231707927906053879e-01
1.102809525893545128e+01
1.574335288253312726e+01
1.375077958137320522e+01
7.512880278332923822e+00
1.127651191223035365e+00
-2.232549980810842438e+00
-2.063980848897188025e+00
-4.652614752596077041e-01
-3.758519307549040844e-01
-3.277646620221227991e+00
-7.885851993646993741e+00
-1.078215936867093383e+01
-8.712792301765695413e+00
-1.116103157589015460e+00
8.869183730384712305e+00
1.582432833893829915e+01
1.524826328712435419e+01
6.583752435544106163e+00
-5.984879822295967600e+00
-1.572707841335211043e+01
-1.737042312735075100e+01
-1.040897673391546618e+01
5.099684908087049884e-01
8.525176984800035385e+00
9.011448223508484290e+00
2.615055866267174345e+00
-5.215233097107991433e+00
-7.983341820875891059e+00
-2.714150597303796708e+00
7.777852149272387550e+00
1.655323943352289362e+01
1.713289716162265819e+01
7.967962863691225195e+00
-6.235929897626918184e+00
-1.730292878390115874e+01
-1.869846882991017623e+01
-9.627944061141205268e+00
4.534773195283531066e+00
1.569838807819191828e+01
1.805356651556457592e+01
1.136373780286647417e+01
5.534741557879763185e-01
-7.873808606687520140e+00
-1.001874905270500271e+01
-6.596616560045566402e+00
-1.672982922930587035e+00
6.791470341871835847e-01
-7.110196951067040416e-01
-3.632341936644040814e+00
-4.564282913689220678e+00
-1.588267808199963937e+00
4.073293860443332193e+00
8.974066742972818034e+00
1.003589470982623055e+01
6.816986413567311942e+00
1.756022087882780358e+00
-1.750845402420420527e+00
-1.942553453389008977e+00
4.459238899294626357e-02
1.233740705015608841e+00
-6.065183115081402843e-01
-4.857802543581366095e+00
-8.164890843206897841e+00
-6.879101434225475487e+00
-1.326798204441779205e-01
8.806203519744325803e+00
1.417498564249795301e+01
1.150921688951787303e+01
1.053513824755496486e+00
-1.172841408538983110e+01
-1.923064435471924938e+01
-1.657795393607534606e+01
-5.094548410212112799e+00
8.109468971579330443e+00
1.442676443179865409e+01
9.279741663364543314e+00
-4.723188793916618167e+00
-1.918333384390874130e+01
-2.508900266401215262e+01
-1.847901170087489930e+01
-2.917825835879005680e+00
1.282622108623352730e+01
2.035514053103292653e+01
1.679872577313818027e+01
6.221945004616024733e+00
-3.493422256083307254e+00
-6.042416192503624828e+00
-6.805669380125882739e-01
7.785856631163349917e+00
1.276294725754271120e+01
1.058952980507673836e+01
2.891945411387534470e+00
-4.941551863688665946e+00
-7.878103977069308428e+00
-4.870596603224015553e+00
6.113423404162035002e-01
3.431910447028208466e+00
8.264867960249960843e-01
-5.403326372807416789e+00
-1.018032376384883442e+01
-8.995975873540256629e+00
-1.486513155972283506e+00
7.922799468231279896e+00
1.288185324416732769e+01
9.546413174113673961e+00
-5.250106337823914338e-01
-1.109195463831515838e+01
-1.518107207059128605e+01
-9.664207007130752203e+00
2.572811528231061295e+00
1.431004536592344323e+01
1.843778505708359816e+01
1.232250764318452418e+01
-6.272903503576316986e-01
-1.307889790244595929e+01
-1.815983882012228534e+01
-1.339316281075148041e+01
-1.898949782449226298e+00
9.659256654923080276e+00
1.497786529023438007e+01
1.152058611164981983e+01
1.574753188906263368e+00
-9.407999620589684753e+00
-1.601045127777966925e+01
-1.568278750592569892e+01
-9.700603929603166975e+00
-1.925541259489194967e+00
3.699391824738420542e+00
5.358910509732999650e+00
4.020111844053666950e+00
2.287998893746331142e+00
2.332628445929207039e+00
4.308337802271961614e+00
6.327518664039155638e+00
5.993022028297504633e+00
2.403380958260360245e+00
-2.839927484240239774e+00
-6.459802106326601567e+00
-5.719594154626223670e+00
-5.190756708504422612e-01
6.189415149715101983e+00
1.013360591359992391e+01
8.539922648805998051e+00
2.097221345171074169e+00
-5.392745614801148335e+00
-9.543414163327888389e+00
-8.356936201561580901e+00
-3.502278788065924076e+00
1.075470107925930785e+00
2.228220292048651352e+00
6.104796022800085264e-02
-2.154895639123160844e+00
-6.654165969978605988e-01
5.459661108298946353e+00
1.299188122631947806e+01
1.643182227384828309e+01
1.196050008509854301e+01
6.071416317038664801e-01
-1.184502759777906178e+01
-1.842014158752244057e+01
-1.561460876642576423e+01
-5.852659192241091546e+00
4.123668205706646717e+00
7.905095376298720389e+00
3.854207116621569895e+00
-3.835017926192024085e+00
-8.240532023679989493e+00
-4.779974641324139739e+00
5.371234873691358658e+00
1.594416052730107758e+01
1.983947866397598503e+01
1.397180018819613956e+01
1.335344282164443008e+00
-1.103217464778356671e+01
-1.662848118095281791e+01
-1.340490790741592875e+01
-4.507491188509653135e+00
4.300598918321353104e+00
8.431077941288286581e+00
6.838932951643309721e+00
1.707298351667572156e+00
-3.743793392023995636e+00
-7.369452337275108178e+00
-8.684766465883242859e+00
-8.009487916066010627e+00
-5.446183666737687723e+00
-8.499441143213166683e-01
5.243009789603977566e+00
1.087434311682256372e+01
1.323985245810438371e+01
1.053006465230593314e+01
3.662743413465643805e+00
-3.702634455187694851e+00
-7.286286387971326661e+00
-5.121712077685782738e+00
8.799861813720308845e-01
6.081266744870172047e+00
6.335753256359447860e+00
9.870955841962345545e-01
-6.590282254759411984e+00
-1.137074589390740087e+01
-1.024955704544520785e+01
-4.165357789726549242e+00
2.774007638246134277e+00
6.427054982061781274e+00
5.572541950769266172e+00
2.435260721784293203e+00
4.843375064534882757e-01
1.369479566076293064e+00
3.529105592172191663e+00
3.635854586225862661e+00
-2.848125604577176340e-01
-6.659333575073102196e+00
-1.104867885716387477e+01
-9.402108730826260086e+00
-1.452242466400963217e+00
8.464761560376794947e+00
1.403230898392905601e+01
1.127454065794420579e+01
1.452220905080517266e+00
-9.639971411261811340e+00
-1.554279509787628655e+01
-1.341823626193315988e+01
-5.708211811067267050e+00
1.932118773304990267e+00
4.807177587311445066e+00
2.375643545786351840e+00
-1.777370463711941628e+00
-2.981211604323026787e+00
8.700771921282632881e-01
7.781041985735870803e+00
1.324479874052182993e+01
1.360451150146889177e+01
8.605396148409711898e+00
1.327818545542740036e+00
-4.234584884857403253e+00
-5.956560091534273127e+00
-4.630966111751781966e+00
-2.702203395993655555e+00
-1.945001768725316049e+00
-2.075077135948406148e+00
-1.372889729379810797e+00
1.333992838830233785e+00
5.122582906768793798e+00
7.287053161020131675e+00
5.387958824153233017e+00
-5.601161982181368515e-01
-7.569297669841749787e+00
-1.140047608314796790e+01
-9.382034918413397762e+00
-2.309141181541537691e+00
5.953459388436966648e+00
1.089050299208237149e+01
1.008766475014140340e+01
4.477121816777398955e+00
-2.601538545191546259e+00
-7.662350494429468029e+00
-9.012938605132939429e+00
-7.198607850590782675e+00
-4.007082009442636483e+00
-1.077098668649273616e+00
8.137638714163751841e-01
1.514341111129447803e+00
9.233911578420000987e-01
-1.136433701457315149e+00
-4.404379703871706297e+00
-7.628936478897655249e+00
-8.793661709783267000e+00
-6.320039481977303808e+00
-4.882231838703940952e-01
6.131219794345030394e+00
9.891440400768287233e+00
8.361194239942925321e+00
2.157942039376567589e+00
-5.102775015822141214e+00
-8.936295218594336731e+00
-6.880582752305635985e+00
-1.695010987614287146e-01
7.052036877171271811e+00
1.052016975107461683e+01
8.748988255587125451e+00
3.985320522901665719e+00
4.956030659235499680e-01
1.348163385914808998e+00
5.975733703259262342e+00
1.033082729607812666e+01
9.665180330228974270e+00
2.090897364511181244e+00
-9.572131862339581687e+00
-1.909584907963945710e+01
-2.062527943046453061e+01
-1.254471516743782189e+01
1.147248492924153540e+00
1.299325580461364993e+01
1.652697567763269504e+01
1.024741719379849592e+01
-1.426020549832568873e+00
-1.089025099931460083e+01
-1.212077557477758738e+01
-4.477987991960953984e+00
6.864210007469187858e+00
1.418645164458335906e+01
1.217447311122002773e+01
1.444677470961819754e+00
-1.161362053295269803e+01
-1.865737062876160479e+01
-1.455193193356303816e+01
-6.831240146678405623e-01
1.566568546183962418e+01
2.554045004600060764e+01
2.359010668213238304e+01
1.117992731902223369e+01
-4.530439179364694979e+00
-1.493697893556756462e+01
-1.507714232887322225e+01
-6.360647258076742361e+00
4.634994300967199443e+00
1.043671325797221172e+01
7.301582928977699005e+00
-2.637446787737378173e+00
-1.291305353959606528e+01
-1.685766537350606242e+01
-1.170578098244260445e+01
-1.865726484170040500e-01
1.122696115803314321e+01
1.619609163678028807e+01
1.212111573169783796e+01
1.404698732228604641e+00
-1.016791830524941176e+01
-1.677002264213833982e+01
-1.557716006034756262e+01
-7.892136154494270528e+00
2.004243680497617142e+00
9.345894662472272074e+00
1.121857401012649191e+01
7.595356400817572684e+00
8.302816819008422833e-01
-5.793077585648719108e+00
-9.548980568628380183e+00
-9.142196998927506257e+00
-4.837809783758238780e+00
1.886350850451574690e+00
8.839700435826877367e+00
1.363958226186818123e+01
1.431034096378185616e+01
9.994611503442202505e+00
1.578298897343875851e+00
-8.191820145611179882e+00
-1.546694399392892016e+01
-1.688171619115347610e+01
-1.132694076072881728e+01
-9.101826348900661223e-01
9.678461308193186952e+00
1.536652695820701098e+01
1.343726983443832168e+01
5.232809533405372804e+00
-4.370299579791421252e+00
-9.672530632369422676e+00
-7.599553638669046762e+00
2.280228446577052814e-01
8.273984931624474015e+00
1.048044292460857818e+01
4.290982419631945710e+00
-7.296784630872291899e+00
-1.718180847167387526e+01
-1.844833215033890639e+01
-8.887151849518989621e+00
7.199210720546417974e+00
2.124694670274753605e+01
2.547680057691405864e+01
1.758998118770461971e+01
2.108023910370905973e+00
-1.250575314849470843e+01
-1.905495707186550547e+01
-1.575749877327780624e+01
-6.714979276070411451e+00
1.390699241823287524e+00
3.942851193022658851e+00
1.158569820706544018e+00
-2.779644555380200721e+00
-3.358852097053691033e+00
6.492651851529884777e-01
6.242505140452573542e+00
8.527873903715899928e+00
4.548937205947310325e+00
-4.244000604627175655e+00
-1.269022471515590667e+01
-1.528265865710624460e+01
-9.820325822537061100e+00
1.155927186693097797e+00
1.201397476315263901e+01
1.749677426450752549e+01
1.563111609304448812e+01
8.327666069658826942e+00
-3.376218480633443875e-01
-6.665258065793707942e+00
-8.968769198072541471e+00
-7.591988357628147277e+00
-3.895266197922973461e+00
6.612116688543275833e-01
4.725729799012408527e+00
6.887375033874706176e+00
5.891758440481972947e+00
1.503853689469305532e+00
-4.643996818331288523e+00
-9.284862237837748111e+00
-9.237189024078457322e+00
-3.713313326699185346e+00
4.526036419640354858e+00
1.041575065862734917e+01
9.793713741198530442e+00
2.482911695647547212e+00
-7.097187573661324578e+00
-1.258147648799518592e+01
-9.991804806218230084e+00
-7.355880247647936798e-01
9.041463719351593653e+00
1.255727345080955004e+01
7.200679072098935762e+00
-3.404113998059980162e+00
-1.172359687007954854e+01
-1.157005529138185551e+01
-2.629667507689278594e+00
9.025312358109395916e+00
1.497034015257113992e+01
1.030834348982387638e+01
-2.693443096592901931e+00
-1.581605353104059652e+01
-2.021828270950333462e+01
-1.229979651711897937e+01
3.850440032269948798e+00
1.901759390319026011e+01
2.464268357146947608e+01
1.795911284220637327e+01
3.236853602940939822e+00
-1.136110109039589489e+01
-1.891507348719586190e+01
-1.742631591864510909e+01
-9.931453937046182290e+00
-1.561155868830239601e+00
3.996104328291529395e+00
6.157010888997991316e+00
6.491902096036330505e+00
6.444584474517504269e+00
5.819802191960223858e+00
3.245257419066283955e+00
-1.948179260630168441e+00
-8.193848539711009238e+00
-1.200458617415707252e+01
-1.014652830276557616e+01
-2.147034908478900661e+00
8.782459059468186169e+00
1.727484459633120295e+01
1.892328076550181493e+01
1.296831253504657688e+01
2.782249084950993989e+00
-6.170503025791176377e+00
-9.574023106217618206e+00
-6.652455714183996172e+00
-2.928260021790510814e-01
5.019131373316187528e+00
6.019387848993457801e+00
2.463518977027479906e+00
-3.087234961832158842e+00
-7.152072163456130838e+00
-7.560533488343053499e+00
-4.627408009884110385e+00
-6.692260862091972129e-01
1.660185416080860898e+00
1.063399682868937823e+00
-1.727589538171586669e+00
-4.612902655051697387e+00
-5.577092967579901028e+00
-3.947110535625858674e+00
-6.824922842918590415e-01
2.393994417249270423e+00
3.828318184842346650e+00
3.378830764146535159e+00
1.945665311967405886e+00
7.250939157935942792e-01
2.702162574614788149e-01
1.795424653639746682e-01
-3.592659139974734295e-01
-1.621301730511738981e+00
-2.801497375234184517e+00
-2.427906932229154435e+00
4.482004227494731374e-01
5.146466927062271601e+00
9.289402397301774528e+00
1.007765220323561906e+01
6.221962499697094806e+00
-7.823873169247044235e-01
-7.093521991446998243e+00
-8.656909182558857552e+00
-3.817460534270854744e+00
5.291441127965587299e+00
1.363512612764418463e+01
1.606976309928879942e+01
1.039307332207948598e+01
-1.242297730873904271e+00
-1.346273822747584958e+01
-2.066996118653867853e+01
-2.006057670830561435e+01
-1.287321702814882585e+01
-3.253527449523328841e+00
4.361857562784882347e+00
7.610586588317599599e+00
6.937155711902464716e+00
4.518569295451805523e+00
2.395812191477719288e+00
1.194486247819179336e+00
2.039991959513903774e-01
-1.486400664869313548e+00
-3.827304808979429041e+00
-5.564871331399213972e+00
-5.083593996561486250e+00
-1.675170527273723398e+00
3.720157454759125404e+00
8.845484878589649824e+00
1.131914166338916061e+01
9.921278462945977594e+00
5.212374219985384194e+00
-7.999376253874395104e-01
-5.659311947443787183e+00
-7.549050293692085134e+00
-5.988497910807507374e+00
-1.953498890284504075e+00
2.513336003838219312e+00
5.044400432228407283e+00
3.867341987411502036e+00
-1.336162353505246481e+00
-8.989832341646785352e+00
-1.596409381258716209e+01
-1.879620288869497102e+01
-1.538388009111129229e+01
-6.305238305882735261e+00
5.091450059988621213e+00
1.411370244497382487e+01
1.706043085161972073e+01
1.320376980358984653e+01
5.218840087513383352e+00
-2.294167614034805514e+00
-5.403763598108355382e+00
-3.038420283113906439e+00
2.547308385300060429e+00
7.314855146826319654e+00
8.028500826828119941e+00
4.265786103744447999e+00
-1.405095946598711398e+00
-5.170873688137355373e+00
-4.504946262344615704e+00
1.514375695689194057e-01
5.645461131310935521e+00
8.144768352424790692e+00
5.636889120497366790e+00
-7.201322586634990586e-01
-7.280662196125546437e+00
-1.020733596481585970e+01
-7.915489094084913191e+00
-2.092651746778763311e+00
3.376638753469617171e+00
4.905654624127185670e+00
1.521257313163525637e+00
-4.498789328622428307e+00
-9.095177448551531540e+00
-9.069321032922820436e+00
-4.192698505097615325e+00
2.594322855568771402e+00
7.043119809214125837e+00
6.328429694320330867e+00
8.891958598648335155e-01
-5.812119903851961311e+00
-9.456721639526255885e+00
-7.568275594773473891e+00
-1.024540716999115197e+00
6.543922008419823300e+00
1.102221330725160797e+01
1.026124141115039734e+01
5.183355295435261745e+00
-1.040699955195695470e+00
-5.069876502188161993e+00
-5.321757619691593888e+00
-2.586157060877806835e+00
8.734834986499772080e-01
2.938612257258885752e+00
2.836409023702472165e+00
1.244176126517912317e+00
-5.317877819652019333e-01
-1.535269126793794126e+00
-1.578107294121899873e+00
-9.494141743518886845e-01
1.370773504397456710e-01
1.762176211120310532e+00
3.970044516084329178e+00
6.229093666395972839e+00
7.286822270188525685e+00
5.749927109780946566e+00
1.119893367350481395e+00
-5.445852728646169538e+00
-1.131588285266588656e+01
-1.359703702453110807e+01
-1.074960570604542198e+01
-3.626992748757882801e+00
4.766546175448189260e+00
1.076341262346529959e+01
1.197118071886641388e+01
8.560538382915208189e+00
3.134471093883538728e+00
-7.988839762522230714e-01
-9.194369366600210203e-01
2.448837590296437661e+00
6.431026093039921676e+00
7.314686455458303982e+00
2.986372725258490846e+00
-5.357965889709234375e+00
-1.342511134093624037e+01
-1.611808911207728201e+01
-1.075620807102203713e+01
7.319196675559469512e-01
1.225672334127762042e+01
1.680098899889005892e+01
1.075675066613625752e+01
-3.318704201772369355e+00
-1.756383157973567677e+01
-2.320087119508804108e+01
-1.599410541774689776e+01
6.875531567328727611e-01
1.744501495748944109e+01
2.442048969507879264e+01
1.749760147737474014e+01
1.087550909085898798e+00
-1.451379984710971627e+01
-1.967526266074421670e+01
-1.166118431618622253e+01
3.624693862785373533e+00
1.563324834462248702e+01
1.627710642865219626e+01
5.355792345743248362e+00
-9.398295033394003184e+00
-1.767689721460594399e+01
-1.365837621587266959e+01
8.441548436354673335e-02
1.446729346313234821e+01
2.016205055594225115e+01
1.383589767380090407e+01
8.868428470836509092e-02
-1.206114738946667231e+01
-1.546084256834997817e+01
-9.398401860959822329e+00
5.715712814338752557e-01
7.074239722611007863e+00
6.177991034270835513e+00
-3.019933508370902242e-01
-6.816722896447316771e+00
-8.535261623474550419e+00
-4.739041459062350192e+00
1.241856682147780333e+00
5.135508714489454007e+00
5.170301287173419524e+00
3.101051813154105830e+00
2.182489883441141032e+00
3.962715560204927989e+00
6.669964004783354383e+00
6.591353445124617849e+00
1.347193508667893447e+00
-7.630270394161895453e+00
-1.552743130793318116e+01
-1.732311162356284484e+01
-1.136939958450141397e+01
-6.889684408869731769e-01
8.980245296603612815e+00
1.292805946522413230e+01
1.027704726117891809e+01
3.959718449099759674e+00
-1.819978778356459825e+00
-4.517736322789928316e+00
-4.397238666075734770e+00
-3.345678578563578753e+00
-2.706916883849319166e+00
-2.115366264263580209e+00
-2.458346752455120576e-01
3.384847491480543535e+00
7.371794029641026924e+00
9.245311841006257580e+00
7.558824373203043123e+00
3.396813305396995553e+00
-1.851173287590193173e-01
-5.541531292675421216e-01
2.167003184219391532e+00
4.875342454403466697e+00
3.816705766829691537e+00
-2.209927804289214759e+00
-1.035463340278175970e+01
-1.534805808424908591e+01
-1.327123833315484092e+01
-4.679802695010375935e+00
5.397387538843756438e+00
1.079269301765628875e+01
8.527704180235215148e+00
9.461515294520892461e-01
-5.978986016437551676e+00
-6.967745512115444129e+00
-1.225653138767406114e+00
7.058492656769093543e+00
1.182220506250879843e+01
9.507608687135775227e+00
1.506441807410305422e+00
-7.005417202977030300e+00
-1.082197042451955227e+01
-8.210988938584442565e+00
-1.703795425708399147e+00
4.130996339966459097e+00
6.014444711389751674e+00
3.866559946957863758e+00
1.196226491426672922e-01
-2.645997070970583120e+00
-3.657710610639446802e+00
-4.006932108001966419e+00
-5.045058040400706822e+00
-6.732276786006693214e+00
-7.464232144303837302e+00
-5.515353166818029784e+00
-7.884724775526912310e-01
4.715336095192416366e+00
8.190010742634509455e+00
8.050895686205308266e+00
5.037057417458579600e+00
1.513456745541255533e+00
-3.957905622711573312e-01
-2.701772525498826738e-01
7.038299029147718766e-01
1.149461589839909870e+00
8.509577139572733762e-01
7.668807731122164739e-01
1.712904461145356549e+00
3.032845971210326397e+00
2.710745578798269051e+00
-8.748022151125796064e-01
-6.955252181922447541e+00
-1.204846213369885710e+01
-1.203958686780470089e+01
-5.369359885576355573e+00
5.167477323942732070e+00
1.373811614489872213e+01
1.530218972977415248e+01
9.252032566212912812e+00
2.864529669843318693e-02
-5.988056197407086501e+00
-5.154598741678077189e+00
7.105918655781744420e-01
5.739220710391548685e+00
4.630526263260681397e+00
-3.004772056751670917e+00
-1.199373969022190778e+01
-1.532530824838543282e+01
-9.544342143622131402e+00
2.302791645333124748e+00
1.255568244139664991e+01
1.440453038287600229e+01
6.892328581034072421e+00
-4.337920939406019194e+00
-1.118449463788775056e+01
-9.050588676460879611e+00
-1.539437544002295599e-01
8.305219704357428512e+00
9.708510371188799226e+00
3.070547025015079257e+00
-6.268548971603107312e+00
-1.081759921053020967e+01
-6.760886856389106470e+00
3.037242838679453882e+00
1.115845641269136657e+01
1.126975136175753178e+01
2.976656548836201566e+00
-7.805897250219212324e+00
-1.325056699390579951e+01
-9.461070123475224136e+00
6.281628663011344926e-01
9.440545559674225373e+00
1.035793094845868545e+01
2.556206325398806101e+00
-8.444503643155208295e+00
-1.479808183544235334e+01
-1.187081556041232488e+01
-1.291424985053502006e+00
1.048841801835033039e+01
1.678644324220291040e+01
1.496517010910285528e+01
7.474923663566936938e+00
-6.300567635941272115e-01
-5.431966959888703705e+00
-6.278922581475796960e+00
-5.064491700195064894e+00
-3.795208502852000620e+00
-2.773663758843694094e+00
-8.865234471154108675e-01
2.526199745196744395e+00
6.170933565998361736e+00
7.269845987918547081e+00
3.811436005176986441e+00
-3.287674911916513842e+00
-1.010215274350963099e+01
-1.209749298950266372e+01
-7.370491427359743497e+00
1.726912475496017230e+00
9.929739247956847592e+00
1.251026859560233362e+01
8.381539144766923854e+00
6.494387163939121521e-01
-5.695087523215005554e+00
-7.176797099825422244e+00
-3.877628300074305923e+00
1.172455170364399057e+00
4.511852916323583429e+00
4.612675987439276426e+00
2.394162314113900347e+00
-1.878530298841047941e-01
-2.020565117482645334e+00
-3.515819167736784046e+00
-5.619067398750281050e+00
-8.207351064978833932e+00
-9.506643126023838875e+00
-7.278979606278827674e+00
-9.380219513865393210e-01
7.207714918646382252e+00
1.286348457312182880e+01
1.243773776150313637e+01
5.650769838473508777e+00
-3.920150028151853761e+00
-1.092936220432540750e+01
-1.163923080526348208e+01
-6.260070867744598644e+00
1.363125378214894656e+00
6.454387232219835013e+00
6.468757939942801016e+00
2.528000172136199541e+00
-1.748078903311178323e+00
-3.022924233184887566e+00
-5.752006036286694268e-01
3.428478289641486043e+00
5.764569006541105267e+00
4.634512292961619373e+00
9.730613231673139740e-01
-2.300226391055129049e+00
-2.467576460030782570e+00
9.573805927084033662e-01
5.769257140264568484e+00
8.465322283587333629e+00
6.539380247582750272e+00
1.844190362050395215e-01
-7.645605931044573644e+00
-1.282262019984923640e+01
-1.233278810679489368e+01
-5.982665639466549834e+00
3.379536414032673797e+00
1.122381564167825019e+01
1.358595131203931672e+01
9.090482431354040216e+00
-2.598862016485983251e-01
-9.968109207455469800e+00
-1.523386418400777487e+01
-1.339455207392117764e+01
-5.343869106796999446e+00
4.892980199836500788e+00
1.228235040256423893e+01
1.347671720960883590e+01
8.557708524768623093e+00
8.085783486392461583e-01
-5.338402362712153959e+00
-6.916093481021981404e+00
-3.996377319060544941e+00
6.885942328137892865e-01
3.717367935477437157e+00
3.180546231742055419e+00
-3.076634870315272385e-01
-4.314799761737436512e+00
-6.354044905664888887e+00
-5.412436622164980449e+00
-2.271510280013954830e+00
1.379604629520726711e+00
4.183357043560986810e+00
5.737317580958459118e+00
6.279566990605912835e+00
5.939935901913331762e+00
4.381600495162558673e+00
1.229832386465339766e+00
-3.102889688351813113e+00
-7.043394397942812191e+00
-8.492184078122289037e+00
-6.187739148031147884e+00
-8.228709923981076813e-01
5.027333107766665421e+00
8.298820626618139684e+00
7.295750770303767396e+00
2.744024595503084640e+00
-2.712860997081144809e+00
-6.245856074876481756e+00
-6.607712273754023258e+00
-4.734447298493157597e+00
-2.825724752446741039e+00
-2.624450165569213400e+00
-4.144548807489467634e+00
-5.722761688353143583e+00
-5.301735968391719567e+00
-2.000098402601681702e+00
3.125686387362815122e+00
7.621724325561267221e+00
9.090267731394174433e+00
6.613952825179111095e+00
1.302573727255672997e+00
-4.291565830452043429e+00
-7.487917911175944852e+00
-6.789808186845046833e+00
-2.563278465308020948e+00
3.177279149251584389e+00
7.732100041829612636e+00
8.995585542645811117e+00
6.494455188621456543e+00
1.681085588817291532e+00
-2.752193644934166628e+00
-4.308973025322289985e+00
-2.166711627423434372e+00
2.193700346006705271e+00
5.740045058785708143e+00
5.741535163179810830e+00
1.639984632187705405e+00
-4.334999433513436529e+00
-8.392602844829134767e+00
-7.613303757830909291e+00
-2.016467213395957803e+00
5.220862751539479873e+00
9.702696254615480242e+00
8.702780891643485006e+00
3.026562682096748169e+00
-3.516570816058373072e+00
-6.743346165884027243e+00
-5.005972600542376583e+00
-2.847456684773313484e-01
3.369113312716435438e+00
2.938750927228102050e+00
-1.196375095476434280e+00
-5.452247600753854506e+00
-5.733989959604744335e+00
-6.815844029721263020e-01
6.986936403965260389e+00
1.216308028429178023e+01
1.096224293600434940e+01
3.663798806748981285e+00
-5.237589907872032491e+00
-1.003679516411267159e+01
-7.806669781539379294e+00
-5.162038682337359852e-01
6.288297806401560663e+00
7.353720274674456547e+00
1.414019677016547405e+00
-7.908577418156165884e+00
-1.461784947362563791e+01
-1.446665852876738789e+01
-7.772520840016694521e+00
9.985944694684885103e-01
6.464358418826808617e+00
5.987173237341997023e+00
1.184960223809635504e+00
-3.623426523783459530e+00
-4.709973823344584254e+00
-1.474193326175506247e+00
3.546444551043987481e+00
6.974018260155255611e+00
7.258109259451346773e+00
5.611976893196398031e+00
4.575971693757950653e+00
5.486775900168492370e+00
7.010779581297681418e+00
6.056873389583818934e+00
4.672019043480881706e-01
-8.621402401907626967e+00
-1.675659612949657173e+01
-1.881726547854720977e+01
-1.260847746253499224e+01
-8.147953247038417501e-01
1.026688079436640955e+01
1.456757767192638298e+01
1.014599636640723546e+01
4.813236708336177117e-01
-7.793144603435474771e+00
-9.254499936250415004e+00
-3.249180318765893638e+00
5.728657891473705632e+00
1.107736972382686957e+01
8.501982447536317267e+00
-1.127674246883157316e+00
-1.232364285143654214e+01
-1.850014045037291410e+01
-1.610630336935824047e+01
-6.694729116033750316e+00
4.305477502446999338e+00
1.115956537740814269e+01
1.133210800303364607e+01
6.697337579048015854e+00
1.840084665036689326e+00
7.490590117949307292e-01
4.161078493392372124e+00
9.249425245329424783e+00
1.172157166872034928e+01
8.820326734456859441e+00
1.219598579773322200e+00
-7.370811873144157644e+00
-1.253975345945574205e+01
-1.187601662259809565e+01
-6.319025443796735253e+00
6.046472194829892732e-01
5.048812059242134609e+00
5.114269702314939714e+00
1.725640370006826796e+00
-2.290370342563769146e+00
-4.175125353709291609e+00
-2.918187316551300370e+00
3.774863454458067813e-01
3.525890822541092540e+00
4.848945038720811951e+00
4.203238152004324490e+00
2.801829369416849680e+00
2.074890536724290246e+00
2.474555460597171130e+00
3.122360431925900848e+00
2.549777841653696253e+00
-3.525232593119875801e-02
-3.925761976709845058e+00
-7.203522236362331022e+00
-8.000006622168404746e+00
-5.857650964741601740e+00
-2.187011895714578102e+00
5.879144340191183593e-01
6.728198402717103788e-01
-1.799410587483649904e+00
-4.779105973613482661e+00
-5.699000486085168404e+00
-3.340798656220864693e+00
1.159048434666019256e+00
4.965503489136692039e+00
5.513839672393157976e+00
2.452741116794309839e+00
-1.875076670340488416e+00
-3.912450732732359882e+00
-1.439716595876824323e+00
4.558687568048268801e+00
1.015173517122496349e+01
1.089767520354337194e+01
4.959028310566364617e+00
-5.232624214945922780e+00
-1.407343727015772927e+01
-1.615056928455488006e+01
-9.773169866573823583e+00
1.695026601816641776e+00
1.172552792804031085e+01
1.464247683229107722e+01
9.195858526606802030e+00
-6.725252485146320236e-01
-8.416964902005620530e+00
-9.144470992609798898e+00
-2.724499066259133961e+00
6.298342255832458214e+00
1.187771922294788673e+01
1.053188858156378771e+01
3.539886114375285331e+00
-4.163139890243467534e+00
-7.524623980749497676e+00
-4.827099613846279169e+00
1.328319148899960611e+00
6.089419721808114083e+00
5.892325819653471797e+00
9.131816120142239868e-01
-5.257264456125711583e+00
-8.354973264712963754e+00
-6.516881150964402458e+00
-1.450757981017666065e+00
3.055357208056908025e+00
4.055534558060708505e+00
1.562162881625877908e+00
-1.692681573508127535e+00
-2.569662010066468660e+00
-6.011265387579145525e-02
3.922853974189818516e+00
6.084220691769280265e+00
4.385473109900697608e+00
-2.948622271987177967e-01
-4.781977877565847912e+00
-6.025289479861450026e+00
-3.427345926392437736e+00
7.456451793494552893e-01
3.201327697576080489e+00
2.265324855346717570e+00
-7.685686055911660208e-01
-2.693234866111481995e+00
-1.065676777699243516e+00
3.603996125636196979e+00
7.963153907936669995e+00
8.289849948155161741e+00
3.512514756300850749e+00
-3.586568188859541095e+00
-8.078391053488996221e+00
-6.416637184114851067e+00
7.616149393844959814e-01
8.714984628479646389e+00
1.167529532593601083e+01
6.841005727374831480e+00
-3.538391566142839118e+00
-1.351558005492815795e+01
-1.734175490446295953e+01
-1.320829371454893675e+01
-4.255390907110427889e+00
3.781268727527013596e+00
6.549150338937740123e+00
3.860523372038409562e+00
-6.041290315654724852e-01
-2.307874815751703501e+00
6.883861177100361051e-01
6.326893235459471576e+00
1.014612220759403449e+01
8.632321749072335848e+00
1.880525518042996502e+00
-6.321943437011107392e+00
-1.100861182066211796e+01
-9.356691989023062206e+00
-2.540888487637105619e+00
5.071139049706324009e+00
8.740980172973550566e+00
6.275461306035922782e+00
-8.091828549200587029e-01
-8.452310399082662684e+00
-1.260790191704391994e+01
-1.150819530282305614e+01
-6.333084823349608428e+00
-1.197637422904287430e-01
4.190791398157836412e+00
5.318685051576727219e+00
4.007013357471221227e+00
2.187460751393779379e+00
1.614562211941120928e+00
2.804423329232400341e+00
4.818802744052251619e+00
5.925578916363495097e+00
4.718702388025532102e+00
1.070612325027907819e+00
-3.623308660799473113e+00
-7.098948966671679628e+00
-7.481468399281355985e+00
-4.456058571455797868e+00
3.918119477916419680e-01
4.396778172879892921e+00
5.409709426292652168e+00
3.198826009785517677e+00
-3.236156613732438792e-01
-2.339956039079018613e+00
-1.116752739447334664e+00
2.600223114999588248e+00
5.864439358083775033e+00
5.468295883918687039e+00
3.208505285346889835e-01
-7.408748429990231088e+00
-1.333022986171091695e+01
-1.352435060842526582e+01
-7.144497651160060414e+00
2.865287373305478891e+00
1.150443072907817310e+01
1.478953174572986029e+01
1.210710292276024980e+01
6.272796914856337835e+00
1.328994942286263914e+00
-3.046445678323905781e-01
7.076118778994744396e-01
1.532911470160373657e+00
-3.014344115859902695e-01
-4.705454321978518983e+00
-8.834393460226218409e+00
-9.097705720490248282e+00
-3.927510442342565966e+00
4.715574386892405379e+00
1.223863517663808054e+01
1.416358772343433259e+01
8.897241103524169858e+00
-1.279766263184415998e+00
-1.155866004120868595e+01
-1.729611677249419088e+01
-1.631749098016557298e+01
-9.565238700044698561e+00
-5.894836109765022591e-02
8.831056400948449792e+00
1.464531314412098695e+01
1.616199379338011255e+01
1.315409108697794416e+01
6.231544045302422674e+00
-2.990112115799071990e+00
-1.179428986832961890e+01
-1.694810931274430388e+01
-1.608510189727277861e+01
-9.197795892699026865e+00
8.525937845906426116e-01
9.456103759554586929e+00
1.258036367394935873e+01
8.957515488984649110e+00
7.414398786320157697e-01
-7.813782937928377414e+00
-1.280928188983833316e+01
-1.271824512218655023e+01
-8.751286964536657109e+00
-3.533713883876010264e+00
8.079909558349422927e-01
3.767423966257466894e+00
6.125613930385967798e+00
8.645297609259175786e+00
1.096713700527163482e+01
1.163582727714619836e+01
9.233488064904509685e+00
3.702836841884869834e+00
-3.212130483093597721e+00
-8.802053737041136472e+00
-1.093371765920522165e+01
-9.217298065192837342e+00
-5.032051992734665191e+00
-5.013603949273446325e-01
2.765156126841672890e+00
4.288452608049796666e+00
4.426877812598930539e+00
3.645864268690085730e+00
2.098272410314507841e+00
-1.259987920033296960e-01
-2.417412177829973530e+00
-3.454940004528338271e+00
-1.847899384138441015e+00
2.696011672408387128e+00
8.587905067758114797e+00
1.278218279457076889e+01
1.242348473407648157e+01
6.764778446151954228e+00
-1.977440452420007766e+00
-9.598815913195451799e+00
-1.228647779527107886e+01
-8.961427980147920636e+00
-2.046936337464520861e+00
3.928013822073370243e+00
5.090348665309952558e+00
6.378615556599622760e-01
-6.618581571147519327e+00
-1.193924662225368039e+01
-1.152433747805489794e+01
-4.806827295135369660e+00
5.193887417323026057e+00
1.359907901021802346e+01
1.637537980774272839e+01
1.241384653856250786e+01
3.872752466105399805e+00
-5.228055954156809015e+00
-1.118937131412105934e+01
-1.231982967864075107e+01
-9.324974554144418448e+00
-4.441673358881191191e+00
-3.095545052057113722e-02
2.519413672692036421e+00
3.097093600642987887e+00
2.437378101897149651e+00
1.409957698954065641e+00
5.006631940704522332e-01
-2.696797663420653635e-01
-1.056727534805926627e+00
-1.802155847058596994e+00
-2.031268195740393523e+00
-1.004744247675058544e+00
1.807463187477993394e+00
6.160411023567351485e+00
1.072787168481629472e+01
1.336671618864253119e+01
1.201616315619356534e+01
5.907063096772878552e+00
-3.569803014580787970e+00
-1.299382677899674121e+01
-1.826172240096017063e+01
-1.664710425467372090e+01
-8.483741594089622140e+00
2.616832218256282871e+00
1.138286843941340365e+01
1.361027487346950338e+01
8.484628796668243211e+00
-9.264795985957483548e-01
-9.406802179912910233e+00
-1.257282492935185658e+01
-9.298110679031944770e+00
-2.090760441040649287e+00
4.756214846695351994e+00
7.965725366582357303e+00
7.145049711583959962e+00
4.521815550818226725e+00
2.867311527359589274e+00
3.215770472919404099e+00
4.112308413734082180e+00
2.967099415006839269e+00
-1.519144506245110104e+00
-7.773328200146181644e+00
-1.198214250370257616e+01
-1.068143212291398925e+01
-3.504835478609845900e+00
5.996562958070141391e+00
1.229635818108538103e+01
1.146328779334307413e+01
3.952122187447063340e+00
-5.408708329925126179e+00
-1.040495414067454938e+01
-7.507753308461203368e+00
1.690922857471929053e+00
1.137116056810617692e+01
1.518914677704688998e+01
1.038411145082058518e+01
-4.029334367997501332e-01
-1.077937344150073784e+01
-1.463023224322773252e+01
-9.926362884081820326e+00
7.397762244021133249e-02
8.890815638045827640e+00
1.076775334035762199e+01
4.051251505252157159e+00
-7.934094612384385847e+00
-1.884104655761762004e+01
-2.278544364227592922e+01
-1.736729287130286181e+01
-4.719603877972872397e+00
9.727102340170445061e+00
1.993463442456107515e+01
2.202682530551822282e+01
1.591397726043834560e+01
5.153481618074245318e+00
-4.821630947105381537e+00
-9.316936224492291529e+00
-6.656928299468937382e+00
9.906235167613908210e-01
8.770687900271527226e+00
1.180560634872166048e+01
7.975259229633596902e+00
-8.182973113161999823e-01
-9.769776016484279069e+00
-1.409911939499404276e+01
-1.198262330868873526e+01
-5.557217148862527267e+00
7.185251444580329494e-01
3.247513730181760927e+00
1.773999939560727324e+00
-6.635294711891763786e-01
-3.267525908834771897e-01
3.989686748740302047e+00
9.597302676501099583e+00
1.165315776105088297e+01
6.905292511517380660e+00
-3.309876973345160511e+00
-1.324812257013651617e+01
-1.633732160764097685e+01
-9.825488967610464641e+00
2.829999048601527178e+00
1.375371106444217695e+01
1.564482018283226239e+01
6.654389511383321576e+00
-8.217848743834984759e+00
-2.022905073307174817e+01
-2.242549182210010628e+01
-1.387908358713461965e+01
1.264838040964058052e-01
1.185970992604722518e+01
1.608504055239470887e+01
1.281465184924489087e+01
6.288559188436600778e+00
1.366863029818678577e+00
1.968187526571120172e-01
1.470168533540086475e+00
2.392317554849972883e+00
1.421447361416612098e+00
-5.345043454247491166e-01
-1.290986414533786597e+00
2.833458105902257884e-01
2.920150475465791207e+00
3.831264093459550324e+00
1.126180155913271363e+00
-4.274764006574010011e+00
-8.929018608272176749e+00
-9.292577866697685707e+00
-4.447460073119896329e+00
3.005888685007127137e+00
8.641398457282861045e+00
9.238763716127554204e+00
4.888520597397004508e+00
-1.340642619287603754e+00
-5.782088125128868938e+00
-6.682094090599955294e+00
-4.962767613512674814e+00
-2.868995375134152148e+00
-1.840838232310594069e+00
-1.465000085646520400e+00
-3.004366549820522980e-01
2.315371295246149153e+00
5.235088862877640636e+00
6.292935466259542920e+00
4.294447485411438059e+00
4.017786353095764706e-01
-2.495425788507946052e+00
-2.119455981100283548e+00
1.058287035805744125e+00
3.859501990489921930e+00
2.909955905246029317e+00
-2.239356635727687284e+00
-8.038702328148232823e+00
-9.187687329632730382e+00
-2.837574609069121401e+00
8.450990873333713793e+00
1.761539505853882304e+01
1.771177498847802667e+01
7.136920619636383023e+00
-8.479634197438905119e+00
-1.949388086034215561e+01
-1.866407380839310548e+01
-6.332290356283122534e+00
9.436594225824984861e+00
1.809842725372963912e+01
1.374000515406023482e+01
-8.800707463351462589e-01
-1.619135801612802794e+01
-2.226169970443958590e+01
-1.533557158295608325e+01
-4.616276350528858430e-03
1.425712070085771010e+01
1.950347874512503310e+01
1.411880338182834826e+01
2.924936350281409858e+00
