3.556385563512928893e+00
1.622152737969769554e+00
-4.715600175800120919e-01
-1.931407597202998705e+00
-2.793306844074602502e+00
-3.585003704493630039e+00
-4.610248989704833100e+00
-5.521631929839927011e+00
-5.573666398986203419e+00
-4.334711132244785325e+00
-2.208859860336566783e+00
-2.533655612121614720e-01
6.205472044239128682e-01
4.078126881151959426e-01
4.264090918004226349e-02
5.913763344932856381e-01
2.226767746521769009e+00
3.878561215202049883e+00
3.983147748499164198e+00
1.858309675467618938e+00
-1.383202209478465061e+00
-3.252048817493404798e+00
-1.542213789238120247e+00
3.870555668909539726e+00
1.045861845370258791e+01
1.430298006433120150e+01
1.249167272896721137e+01
5.076963822787208258e+00
-4.778271046663867594e+00
-1.263000798972604244e+01
-1.536568384991023706e+01
-1.287359193772737243e+01
-7.721657041565501700e+00
-3.196021056840214314e+00
-1.152791096941726545e+00
-1.160966951151628734e+00
-1.383335743164364029e+00
-3.515776723592005659e-01
1.796727598224423961e+00
3.533781712681151266e+00
3.341057373790666585e+00
1.103322898985777289e+00
-1.651057552815113461e+00
-2.868846841089458977e+00
-1.564433464570292642e+00
1.382469074175717738e+00
3.874681806660013272e+00
4.209321390508856453e+00
2.407611287809504397e+00
2.155646679681995082e-01
-2.592169974365479690e-01
1.743103197265305715e+00
4.886145702908256894e+00
6.560660108210463193e+00
4.729727669924892908e+00
-5.161811814342578408e-01
-6.812749622008466233e+00
-1.090808791374833042e+01
-1.064315170722892390e+01
-6.211997076253550354e+00
7.027151477910908994e-02
5.235093820004804499e+00
7.333750413429330095e+00
6.272134708700556338e+00
3.435271207383245873e+00
5.510235183249622137e-01
-1.360091751957615225e+00
-2.326826869927117958e+00
-3.023140235216486893e+00
-4.060077999750732580e+00
-5.491538484349005600e+00
-6.775237496845317509e+00
-7.089663008773711361e+00
-5.755867347558161207e+00
-2.576606915527104746e+00
1.974635621237554428e+00
6.752933621813542509e+00
1.021012817013518337e+01
1.097888637905592191e+01
8.619459465412152355e+00
4.122365416413839689e+00
-2.882001704720057456e-01
-2.179038548476930348e+00
-3.176594259551263066e-01
4.391786421321087985e+00
9.178123313344146439e+00
1.090671290913170211e+01
7.987831830138084399e+00
1.467836930825997754e+00
-5.490322366589550640e+00
-9.497241294912797116e+00
-9.008948084875935791e+00
-5.214593516898391456e+00
-1.140981807850254937e+00
4.172605235348969543e-01
-1.272497274811497103e+00
-4.529914505372600431e+00
-6.586406710732852332e+00
-5.611998852551162820e+00
-2.003642305255281197e+00
1.946508930876625465e+00
3.716287737415423287e+00
2.335204281377605717e+00
-9.716547005186819685e-01
-3.681443851875870976e+00
-3.720953827904461164e+00
-8.203166745553431838e-01
3.415956481866102123e+00
6.659631534359866656e+00
7.342306282519395211e+00
5.455430708643676851e+00
2.248352734699213151e+00
-7.753311336465655845e-01
-2.742974284817161212e+00
-3.600287721465751822e+00
-3.659737259267210163e+00
-3.062073602081614165e+00
-1.675598410728666110e+00
5.161387162063693079e-01
2.972701886608996258e+00
4.611104323131744565e+00
4.391495208604460743e+00
2.066030055459632475e+00
-1.517775768903327993e+00
-4.859905905009007654e+00
-6.718085410086746201e+00
-6.824143705461071185e+00
-5.878597897988493415e+00
-4.851094153139178466e+00
-4.155522540876144255e+00
-3.362857422888770209e+00
-1.680627685329550758e+00
1.195344764093360101e+00
4.568880625384537097e+00
7.035584356057601241e+00
7.415379774123695533e+00
5.639738047645855623e+00
2.904215893643511404e+00
9.259608241626748892e-01
8.111436125356554783e-01
2.335360315156628008e+00
4.145386962300100286e+00
4.725069331028798558e+00
3.427707507537468778e+00
8.550728089826282741e-01
-1.641601128727562475e+00
-2.931717028429271288e+00
-2.835392741315644116e+00
-2.125661318144735024e+00
-1.868706040567958082e+00
-2.628141677241479179e+00
-4.102460562596471405e+00
-5.399030255187586391e+00
-5.679236584129341736e+00
-4.687356797501577965e+00
-2.830067154286550313e+00
-8.400360934983028827e-01
6.648308695933244916e-01
1.417005552185048867e+00
1.450954685069690608e+00
9.278973505181378201e-01
3.886149698107166373e-02
-9.561949969884826483e-01
-1.673830365468108372e+00
-1.690279222137297976e+00
-7.724731311525026012e-01
9.117910780413303051e-01
2.809273659817280944e+00
4.267590343290194710e+00
4.909806711311553329e+00
4.818761732832415490e+00
4.386018494875789209e+00
3.945513869742450552e+00
3.490428453004041920e+00
2.707573206933958865e+00
1.300689318504669068e+00
-6.720490968537837784e-01
-2.740216770141172820e+00
-4.304377788316219977e+00
-5.027826998757245924e+00
-5.001378945041449420e+00
-4.534670755730533465e+00
-3.761315035790202543e+00
-2.439520713674947050e+00
-1.970773038131776733e-01
2.911393974686641961e+00
5.994603688462751379e+00
7.505199456060450913e+00
6.056599784864202363e+00
1.416100597704931463e+00
-5.011572576736188722e+00
-1.063618438807059974e+01
-1.289960858976083813e+01
-1.056921441332999123e+01
-4.345555543429721723e+00
3.544170701475076513e+00
1.046330902533036067e+01
1.449802244928765305e+01
1.500584764602989196e+01
1.245081500395346019e+01
7.862214366843591762e+00
2.383779482753060286e+00
-2.869460599661468159e+00
-6.796534445331182894e+00
-8.438998015212018089e+00
-7.363890643906506384e+00
-4.067322972647533064e+00
3.561837866348449566e-03
3.013348033376631374e+00
3.648677537383510305e+00
1.812022572323710889e+00
-1.385191890801210857e+00
-4.347841064897471242e+00
-5.946290062467795678e+00
-6.037770364119361410e+00
-5.242926664920013025e+00
-4.236384648823959154e+00
-3.173968056116174274e+00
-1.734469157478227608e+00
2.911253918042315814e-01
2.433005221576115318e+00
3.599941065236421878e+00
2.860217736696401225e+00
3.910853190336396334e-01
-2.223985678564043056e+00
-2.777481140248244884e+00
8.285945018967777465e-02
5.681699785658502755e+00
1.137525399728237296e+01
1.397352358090666335e+01
1.168654877944265991e+01
5.316167635396838342e+00
-2.138420523237336557e+00
-7.241996243068467010e+00
-8.110327629278170747e+00
-5.344237575132945395e+00
-1.374893373280543063e+00
1.230139347309139097e+00
1.297974417801289526e+00
-5.600649228799474688e-01
-2.787127149894307099e+00
-4.160975905537576125e+00
-4.514432685646468713e+00
-4.453293014509092984e+00
-4.478534697000243980e+00
-4.373898412063665475e+00
-3.429263737138787960e+00
-1.293964486097594069e+00
1.351066932614136018e+00
3.023528772907251749e+00
2.548382164444768616e+00
2.119924683267790932e-01
-2.059116038203158361e+00
-1.859076164482590388e+00
1.884622613795810864e+00
7.771341632116406828e+00
1.245448915702947801e+01
1.268872675583794774e+01
7.595924999893053808e+00
-4.491791722038451784e-01
-7.065576741495844360e+00
-8.546964228592390356e+00
-4.239840262144952021e+00
2.986033145137633404e+00
8.527838787896872219e+00
8.934083264582344697e+00
3.985044433347019854e+00
-3.362598810890418122e+00
-9.035491437248836633e+00
-1.044149332830776444e+01
-7.854008698724773474e+00
-3.761077430332332661e+00
-8.117707870253605407e-01
6.983508212346278832e-02
5.444723096581283173e-02
1.091757182356291045e+00
3.997215750044172289e+00
7.454511364846567290e+00
8.749871934068380597e+00
5.759156872881977307e+00
-1.240896209168670605e+00
-9.288807761340628133e+00
-1.428906181583633384e+01
-1.343416137092277474e+01
-6.924415691983259791e+00
2.128697526476966306e+00
9.534716297378917460e+00
1.240223911616030783e+01
1.058055350158151420e+01
6.357103119563085158e+00
2.748902716728322204e+00
1.571898234451394316e+00
2.499982536147169032e+00
3.588652649822090090e+00
2.776819670254130124e+00
-6.766772688709421502e-01
-5.712750172919784042e+00
-1.015374602198817477e+01
-1.202309804560308670e+01
-1.065568002384493340e+01
-6.974531348367492889e+00
-2.867894677156110461e+00
-1.175853452396284915e-01
4.834371966220316619e-01
-6.210517523183840538e-01
-2.181265798942946255e+00
-2.933773594132761620e+00
-2.295307453150537302e+00
-6.058563156923795212e-01
1.162943276740645349e+00
2.036274814369911201e+00
1.639959644504735525e+00
4.429483864106864566e-01
-4.987922088693811373e-01
-1.570912204750236629e-01
1.844494586755268895e+00
4.964690073836294459e+00
8.002360078985658376e+00
9.730938642527535265e+00
9.528387154469481146e+00
7.625461336912271904e+00
4.846464273787953303e+00
2.053701749112191610e+00
-3.039402250175160525e-01
-2.236313802015032159e+00
-3.870220987730141893e+00
-5.047357014330290603e+00
-5.245052329033767613e+00
-3.949557704647113976e+00
-1.229020942806222649e+00
1.963157175254563347e+00
4.085609033986772332e+00
3.818234076265730081e+00
8.916246732243542361e-01
-3.632417471655098318e+00
-7.866072115382944929e+00
-1.009989712859947630e+01
-9.677371349153043312e+00
-7.200655632864341626e+00
-3.991089470464939559e+00
-1.228168309981128914e+00
6.328806229260806049e-01
1.828925436148868933e+00
2.794086411642775047e+00
3.683435698499454958e+00
4.316915691101733010e+00
4.536286183518071446e+00
4.577334743233914871e+00
5.024485628781609314e+00
6.283019470553460550e+00
7.979707418706965427e+00
8.872961820663242349e+00
7.526679655791608248e+00
3.388083322444520817e+00
-2.512938841782610844e+00
-7.877143270270320130e+00
-1.041471847102552850e+01
-9.298500210857060466e+00
-5.767609234770690207e+00
-2.371443022878181317e+00
-1.288392442500315482e+00
-2.855833977353744668e+00
-5.364509134447564165e+00
-6.309472239123291359e+00
-4.241892907667347501e+00
1.042815214172621019e-01
4.254219488250441827e+00
5.725396857781463567e+00
3.818527787752595604e+00
1.538669036952374780e-01
-2.472047221437407849e+00
-2.105969961979936578e+00
9.385529096485991651e-01
4.322742947068717534e+00
5.449388960241805968e+00
3.474524758832731042e+00
6.000437480445236504e-02
-1.750789876423979985e+00
2.203701691630991499e-01
5.530658614640968196e+00
1.116382085640283250e+01
1.342667393077057980e+01
1.041006646346705899e+01
3.302405717418152697e+00
-4.362187355039724324e+00
-8.989179175418598788e+00
-9.147039088965795983e+00
-6.216590095420398754e+00
-3.108827431124264074e+00
-2.069721150169194779e+00
-3.190065658820591121e+00
-4.647431221237986243e+00
-4.389860405267501875e+00
-1.913937536420795116e+00
1.233853397511519789e+00
2.602509929613755268e+00
7.420780044023442823e-01
-3.585243363102593506e+00
-7.810693236885698276e+00
-9.288549045648588631e+00
-7.079910046234538790e+00
-2.505565632391003383e+00
1.881624093169812273e+00
4.090704975953689981e+00
3.921883731282649777e+00
2.793704046936503094e+00
2.425139924870606478e+00
3.471375592296491508e+00
5.167606931536546711e+00
6.172765535672239956e+00
5.827845215134084711e+00
4.731147471459284937e+00
4.127920598694241328e+00
4.629947164009200478e+00
5.391740882583854422e+00
4.556996885614851500e+00
7.677106232291412979e-01
-5.403348560209276563e+00
-1.131403823184250435e+01
-1.372618392969169676e+01
-1.097545498200576830e+01
-4.294923129955282803e+00
2.750063448631808960e+00
6.444792413776298190e+00
5.273193322866247534e+00
8.090810131642132141e-01
-3.472522340226313453e+00
-4.624074004105537483e+00
-2.183112849948577683e+00
1.697478449086046171e+00
3.979225210954101311e+00
3.030371644247132679e+00
-1.917204048465456223e-01
-2.901850611785413481e+00
-2.599516480447646494e+00
1.030396823896543079e+00
5.813510808191960422e+00
8.589121991003688450e+00
7.431173763444304470e+00
3.007905335011586967e+00
-1.853887232715653255e+00
-4.054926662091116185e+00
-2.233386022058978959e+00
2.438247109171562066e+00
7.100249853408637790e+00
9.004182423781788458e+00
7.027653004332663933e+00
2.023545993634263240e+00
-3.982370378941382683e+00
-8.996200002561513642e+00
-1.183750344514989727e+01
-1.219813923705684289e+01
-1.029823143949338693e+01
-6.658183226097446727e+00
-2.181638441949603990e+00
1.740120664629074554e+00
3.545087719333471554e+00
2.321127104061000868e+00
-1.362838434549896949e+00
-5.361095862300784276e+00
-6.953039782110390199e+00
-4.494588900750629890e+00
1.351729662394663301e+00
7.766866095969172434e+00
1.139451028535726707e+01
1.046546293722204979e+01
6.003838690341978257e+00
1.223137722966717300e+00
-5.710351455707427526e-01
1.798928609455958894e+00
6.546900558746384213e+00
1.006795726403835012e+01
9.317546286964324409e+00
3.837277907730551441e+00
-3.913190498696635267e+00
-1.010256720233861927e+01
-1.188444418485564569e+01
-9.008595180774591427e+00
-3.712323119485885226e+00
8.860940682870352969e-01
2.712801251990021978e+00
1.723010987377565417e+00
-5.387329530721987059e-01
-2.273285292638193678e+00
-2.609932500530958599e+00
-1.878051396934133921e+00
-9.930081957549454774e-01
-6.229183993690734500e-01
-8.320079529988025913e-01
-1.365349091867379183e+00
-2.141685732623196170e+00
-3.369226734980444782e+00
-5.107378208438902334e+00
-6.694439754408252341e+00
-6.704716607252022342e+00
-3.731132388914757847e+00
2.429289297525754954e+00
1.009155617014869755e+01
1.620115127760523066e+01
1.793856732093698980e+01
1.444222204290474565e+01
7.460296402695169249e+00
3.846843426158006451e-01
-3.780566213082504845e+00
-4.189056579736416097e+00
-2.467977474799089244e+00
-1.376120605855926771e+00
-2.756057532871920124e+00
-6.227677105002346281e+00
-9.535775108834158686e+00
-1.027324932759085030e+01
-7.709366161126145478e+00
-3.380104604112553091e+00
-2.286132955146680246e-03
4.990702170900236379e-01
-1.596035762278628978e+00
-3.998082560489008230e+00
-4.094271297230989148e+00
-9.163592206584816324e-01
4.039625400163378899e+00
7.757307112800216231e+00
7.760526823143644393e+00
3.843376563363811282e+00
-1.741397042131497486e+00
-5.751150171310122516e+00
-6.033613653539942945e+00
-2.777179123867346888e+00
1.874162919949786898e+00
5.460681547714854922e+00
6.854338385504631148e+00
6.736425793703332054e+00
6.654453625668283578e+00
7.484095125248826363e+00
8.546053191533079740e+00
8.093205799687194002e+00
4.802997697189900883e+00
-8.966011047443323001e-01
-6.756861804207956013e+00
-1.005956406624541444e+01
-9.470228168340611319e+00
-6.038545727395505658e+00
-2.550890389486352827e+00
-1.611438352328900425e+00
-3.771671899415224516e+00
-7.050734204884856915e+00
-8.250282129892434924e+00
-5.214173828236537744e+00
1.505096410680207164e+00
8.744625915345725531e+00
1.258767665449641093e+01
1.078924757624506725e+01
4.197739806063308876e+00
-3.734002638671769958e+00
-9.003546968784807092e+00
-9.343998724885494767e+00
-5.317643852599996279e+00
3.674583766314254429e-01
4.738460066904831791e+00
6.342204170941196928e+00
5.812704930122458258e+00
4.989720692014517844e+00
5.328739872644132625e+00
6.754990206973016775e+00
7.733878012845035954e+00
6.459385310389471613e+00
2.302275195752438997e+00
-3.497435240373639065e+00
-8.391793848472698159e+00
-1.000871470491369308e+01
-7.625957587697101303e+00
-2.700330049674295463e+00
1.903092087372926233e+00
3.543281140914483984e+00
1.333348591347035539e+00
-3.343868832956546022e+00
-7.654041760615467815e+00
-8.995941827637475185e+00
-6.562026741595748724e+00
-1.835503270842536505e+00
2.305073575495611315e+00
3.371776154713094442e+00
8.758018477777207433e-01
-3.254624978821831327e+00
-5.777442027247110978e+00
-4.158263416713227301e+00
1.712567958493325548e+00
9.221358797304143096e+00
1.443875544995303173e+01
1.445177788886142345e+01
9.196679756830015151e+00
1.603825941911925401e+00
-4.115583687466283003e+00
-5.025068315860815815e+00
-1.260888753251764527e+00
4.092074745812331216e+00
6.996554067739051419e+00
5.060860329654221168e+00
-9.453984951441087858e-01
-7.647557527805050270e+00
-1.131854212004536819e+01
-1.032071162780178675e+01
-6.100788104253974886e+00
-2.078610994724533700e+00
-1.202713603479329763e+00
-3.860433695014875877e+00
-7.595219698294589428e+00
-8.847930669891125532e+00
-5.540248579423691311e+00
1.284897190625420516e+00
7.937219284169760414e+00
1.041521014915516830e+01
7.080434926771563831e+00
-1.137441333844499969e-01
-6.691831733565233975e+00
-8.376027287724779669e+00
-3.731676551855692914e+00
4.936307249738171699e+00
1.298428205673608460e+01
1.622203441758231079e+01
1.334637712566755496e+01
6.546161816976967529e+00
-9.431595484242105698e-03
-2.782659764272997549e+00
-9.478613613672678406e-01
3.278220586264125380e+00
6.153801875984175496e+00
4.768576805591812295e+00
-1.199097527937803775e+00
-9.315019269568509230e+00
-1.581190441278593184e+01
-1.769084690926791481e+01
-1.427632668488272216e+01
-7.407655992405453915e+00
-2.810852774888128458e-01
4.297008610720004285e+00
5.235191879321955177e+00
3.389018970262330122e+00
7.123822799333958677e-01
-1.049412123743782788e+00
-1.308448579574707837e+00
-7.098255623672495851e-01
-4.015581150358014106e-01
-1.061113782223263691e+00
-2.349582111297773945e+00
-3.138063814906263183e+00
-2.316424542235089756e+00
3.921244796912493058e-01
4.173318805180746160e+00
7.587523240118764889e+00
9.424953185561978586e+00
9.360558380496314612e+00
7.982611294654340384e+00
6.229125228941656545e+00
4.685501241646012005e+00
3.269159559603452614e+00
1.504296548377989318e+00
-8.782201697958078590e-01
-3.532676321874864467e+00
-5.637047119161047171e+00
-6.482236810375034963e+00
-6.033543352358972101e+00
-4.985967641000100592e+00
-4.234026925772539585e+00
-4.165719529160075929e+00
-4.368157010766549497e+00
-4.028001953344156227e+00
-2.738400569123392359e+00
-1.040039906822112226e+00
-1.678548111373274754e-01
-1.084349065653269051e+00
-3.503690063517595821e+00
-5.736270094783652240e+00
-5.647457174720100781e+00
-2.176238340960710893e+00
3.665302034712097701e+00
9.144135257060778343e+00
1.143077025766887189e+01
9.467018009392091926e+00
4.771246028148484974e+00
5.330771907148249555e-01
-4.746034987316436471e-01
2.229499718896481575e+00
6.482923755850183767e+00
8.937470013294795734e+00
7.355090658074838750e+00
2.164354370415455531e+00
-3.804545221132088706e+00
-7.226846845527539642e+00
-6.510877731147349579e+00
-2.809098505974885640e+00
8.639054750709858066e-01
1.759190757746591283e+00
-7.313673720593069083e-01
-4.740179911098816312e+00
-7.314724497803638315e+00
-6.518646410719375339e+00
-2.768999084792681753e+00
1.487347734054018433e+00
3.481470866350701687e+00
2.003539434048774659e+00
-1.817432797589950244e+00
-5.306574748453275703e+00
-6.007077902273435299e+00
-3.212510268036830041e+00
1.696522009046965263e+00
6.226749185628680294e+00
8.330506599748089158e+00
7.533233327910862975e+00
5.003063863415354362e+00
2.661238229348628082e+00
1.988256646865384170e+00
3.249201602993106341e+00
5.491290130266335723e+00
7.172484558499986562e+00
6.982154883265851986e+00
4.430103737212906623e+00
1.411390004506962725e-03
-5.090387868165579199e+00
-9.389537256436044643e+00
-1.173313029114588701e+01
-1.165752120457816332e+01
-9.528521416603171090e+00
-6.325454736010185819e+00
-3.156605067168152701e+00
-7.452461586099818902e-01
8.197316734824635631e-01
1.912172437947575965e+00
2.897736949042394095e+00
3.717084619353928865e+00
3.868392683176214764e+00
2.851562415227512304e+00
7.615511196023247997e-01
-1.461940558847217186e+00
-2.432881638775765243e+00
-1.206873319783423604e+00
1.916062114616917444e+00
5.292063736148289621e+00
6.745105608329760472e+00
4.881039968465228363e+00
9.445545217956574646e-02
-5.425159773446343259e+00
-8.789808515326351213e+00
-8.017049335052639947e+00
-3.199930906521490925e+00
3.463340881970110807e+00
8.812564268929417466e+00
1.038531660099257792e+01
7.654422028260672306e+00
2.181286981368336875e+00
-3.333640126442874330e+00
-6.511089177552658924e+00
-6.439569776450645655e+00
-3.927885055348079746e+00
-8.222152120750731985e-01
1.143137509946634101e+00
1.283175614601103298e+00
1.854617207007691060e-01
-8.475316578744973572e-01
-7.564496836056733287e-01
5.168206361438679730e-01
1.948399916201192461e+00
2.104730926512089262e+00
1.789874913756607233e-01
-3.258592545309757060e+00
-6.329898202483495773e+00
-6.807925567749300910e+00
-3.474883290623130172e+00
2.927113430791732362e+00
9.799652278961753282e+00
1.390610218976217638e+01
1.308216286289327890e+01
7.466772260762763125e+00
-4.885757515134936391e-01
-7.275255124185873612e+00
-1.014492726114744769e+01
-8.460026151672616734e+00
-3.846089601454535600e+00
8.604122668654814454e-01
3.188266808897982862e+00
2.222413454362966778e+00
-1.170687208599481499e+00
-5.041225932992213998e+00
-7.442126112636935353e+00
-7.281793658922549817e+00
-4.611734413989320380e+00
-4.074042816664156241e-01
3.887267767372236449e+00
6.824485707954923264e+00
7.355193806650014210e+00
5.169905954802175962e+00
9.038470959499989021e-01
-3.962456465236314340e+00
-7.615954787608393950e+00
-8.696273783289473869e+00
-6.948257231391063549e+00
-3.311565838954947161e+00
6.695857725156291185e-01
3.763611150118404414e+00
5.672756090726474909e+00
6.916059235027990582e+00
8.077425774910906853e+00
9.035221345418523953e+00
8.850691834108419087e+00
6.502746790868831894e+00
1.955739290409449271e+00
-3.316669713732555369e+00
-6.919554835954476957e+00
-6.993003571650669770e+00
-3.567120756848818797e+00
1.213314447777742888e+00
4.301422925559830190e+00
3.679200385811744134e+00
-2.925684588536070496e-01
-5.075286695278818705e+00
-7.622956751772152373e+00
-6.402804161212815259e+00
-2.378783105176147661e+00
1.712857634360196446e+00
3.266880027512590434e+00
1.541268847002611242e+00
-1.980734829668217234e+00
-4.790857737713088760e+00
-5.187904545572950887e+00
-3.392043377032652351e+00
-1.167658308484334384e+00
-3.082357716443757667e-01
-1.171609612267567879e+00
-2.384995648186646555e+00
-1.936350442808949301e+00
1.181160398995516392e+00
6.018567170877773265e+00
1.014324667525079349e+01
1.121229993047485252e+01
8.525978130363743190e+00
3.469805009035346721e+00
-1.431742281377906822e+00
-4.143604493011128653e+00
-4.285299768647600871e+00
-3.081567902964756023e+00
-2.246861521940705764e+00
-2.684460312297979101e+00
-3.934798558335300456e+00
-4.693235500948544470e+00
-3.924874021689728210e+00
-1.714328622357481624e+00
7.526510582269170246e-01
2.011167007329826006e+00
1.313725492722816357e+00
-8.982440316937339020e-01
-3.323167409024799568e+00
-4.634351878725156304e+00
-4.225603897038245904e+00
-2.412206069097550198e+00
-5.672467383156787335e-02
2.034896713309500615e+00
3.521524840736894646e+00
4.530653446088988900e+00
5.358602652211027717e+00
6.142367704647570648e+00
6.731589014490291234e+00
6.805370991575520279e+00
6.113033711172143114e+00
4.669291018620729261e+00
2.794453820303417046e+00
9.873524158817197360e-01
-3.061102625288447676e-01
-9.250627654083652951e-01
-1.108710466148214557e+00
-1.400043376256110417e+00
-2.329669135516855505e+00
-4.010681468486525958e+00
-5.891865328595031315e+00
-6.899466226528778279e+00
-5.998220877421591268e+00
-2.908956628623405205e+00
1.467840468642870988e+00
5.281361685053099109e+00
6.601854633979200138e+00
4.490513598676200147e+00
-3.711101544645020178e-01
-5.920106071905586020e+00
-9.733976031525768846e+00
-1.026032903416946240e+01
-7.543504269829474751e+00
-3.050477169246766707e+00
1.246965143017881417e+00
3.947203561372440106e+00
4.826848951931801857e+00
4.702547754254595702e+00
4.735658871762517208e+00
5.654772294700498136e+00
7.332668338004609154e+00
8.882510811424163322e+00
9.147411367978634189e+00
7.310404544110149061e+00
3.363367622718063110e+00
-1.742133951907912870e+00
-6.349366696362280571e+00
-8.735081246459738935e+00
-7.942997487799722478e+00
-4.434448024295521762e+00
-1.201082052431691194e-01
2.441061293508906438e+00
1.410799622391561314e+00
-3.122579221521919912e+00
-8.916143336367884586e+00
-1.265611849433768477e+01
-1.185837098578540605e+01
-6.452916334287676747e+00
1.021491651512436372e+00
6.863685554649551435e+00
8.454572084358931150e+00
5.851080932146091484e+00
1.645563018882246098e+00
-8.432763982778714862e-01
1.772383668531243295e-01
3.835611918162819656e+00
7.358854373713116459e+00
8.169001690362996726e+00
5.781443071464284600e+00
2.114058212457177621e+00
-1.719196865953342979e-02
9.070465760261712251e-01
3.877449070301452139e+00
6.041869841709817557e+00
4.840037107438725172e+00
1.938227725802654788e-02
-5.983355815604684658e+00
-9.630349156655324094e+00
-8.732919820781107845e+00
-4.013991657928014156e+00
1.334538713693111500e+00
3.779483307155905969e+00
1.754410686882620807e+00
-3.434518221214216904e+00
-8.636648948920445434e+00
-1.097682716695018001e+01
-9.539039933570453655e+00
-5.542890850495806099e+00
-1.127544511818276973e+00
2.163017999221718668e+00
4.045327709285357010e+00
4.997945484689214624e+00
5.279154685633133504e+00
4.480662229667351504e+00
2.072640199434617969e+00
-1.570688459050861407e+00
-4.708578243894531390e+00
-4.996944736976599799e+00
-1.119557087860576505e+00
5.906050986685978721e+00
1.287534373187020798e+01
1.613188362247853291e+01
1.382629252138003650e+01
7.147906663478071465e+00
-3.816261959107625223e-01
-5.126147008005401240e+00
-5.570418371441332894e+00
-3.066926910027878428e+00
-6.435760570406807712e-01
-7.784350312615764267e-01
-3.728019271944879698e+00
-7.531841303656780617e+00
-9.579382614512475413e+00
-8.530985027672663534e+00
-5.206232425554305543e+00
-1.871880167938638095e+00
-5.364213452146586736e-01
-1.530045366439357180e+00
-3.368786612454075069e+00
-3.929806230471236894e+00
-2.035568554205380298e+00
1.689985256157154669e+00
5.256833238872718361e+00
6.677941524826961128e+00
5.304512983314711327e+00
2.246003138559062862e+00
-3.495406283624751254e-01
-6.396828504243373681e-01
1.801287164198325463e+00
5.746603726109984045e+00
9.032529281078632621e+00
9.762242988884974437e+00
7.315115403992749066e+00
2.638973803355403547e+00
-2.293684199375450206e+00
-5.555418185457614122e+00
-6.284352316386831561e+00
-5.092696941981694536e+00
-3.604428005251583134e+00
-3.347556343693752545e+00
-4.653709231040081384e+00
-6.309098408011314163e+00
-6.311569860396332388e+00
-3.369610196536543700e+00
1.831158210391270913e+00
6.594316258605415371e+00
7.700577928191078669e+00
3.631193087366133554e+00
-3.962862413660406258e+00
-1.076513490795330696e+01
-1.226800064152062220e+01
-6.784772095497499933e+00
3.042820325874395770e+00
1.150384505411859770e+01
1.331285855771388782e+01
7.174804061913507169e+00
-3.024520865430923244e+00
-1.043045124708444860e+01
-9.597783051563842704e+00
-2.175705347793623901e-01
1.236299680966113002e+01
2.034264219606261292e+01
1.840986458707311257e+01
7.205263203825996499e+00
-7.011753153981886477e+00
-1.631152355789249242e+01
-1.607505421360371045e+01
-7.750168198549745036e+00
2.362885599794888769e+00
7.386702832496998994e+00
4.305396235239060232e+00
-4.328686801164842279e+00
-1.238981464723703496e+01
-1.436511313010740842e+01
-8.875502064490428111e+00
7.015379681686413349e-01
8.687315684485414025e+00
1.080263591469754658e+01
6.643039037744992825e+00
-5.044944440376392114e-01
-6.074470810781811281e+00
-7.070422554540925830e+00
-3.525156081843986655e+00
2.092044268274858787e+00
6.779302237629925898e+00
8.786548499843217286e+00
8.217718551035012808e+00
6.376176423392505122e+00
4.601755423932663014e+00
3.480331883804455906e+00
2.811262908492394352e+00
2.091022775784191268e+00
9.962168729555664903e-01
-4.639230437331931522e-01
-2.078405461700931323e+00
-3.594548869274444058e+00
-4.749231424795539169e+00
-5.244696223887564734e+00
-4.838915992418574952e+00
-3.578405337860513846e+00
-1.974897895960987304e+00
-8.720176993006344413e-01
-9.666005361248812822e-01
-2.276591156828199569e+00
-3.984252577628845327e+00
-4.864818726024838114e+00
-4.072069345240080906e+00
-1.739022146119514112e+00
1.061797805249477200e+00
3.003848257956456713e+00
3.364328644597763596e+00
2.447585839446689171e+00
1.290920328099434133e+00
9.014853809762346515e-01
1.601278047357340473e+00
2.934457467479761661e+00
4.130807162319687365e+00
4.698485819995062762e+00
4.669754673870460060e+00
4.362595564096198864e+00
3.946356343424329616e+00
3.246934869583859573e+00
1.978817752210588754e+00
1.739848209779424337e-01
-1.632795210043845646e+00
-2.706355321434292804e+00
-2.698590061153530950e+00
-2.012131331120958322e+00
-1.559224456883096188e+00
-2.028361257917256744e+00
-3.232157154242543129e+00
-4.128050698946122310e+00
-3.608490216516892612e+00
-1.509977536095033823e+00
9.817894686907320256e-01
1.979381940303820198e+00
2.530973925832666893e-01
-3.654239648508681881e+00
-7.452248251785835720e+00
-8.407878515049311829e+00
-5.139452763827841331e+00
1.313381909862783914e+00
7.930693808238452824e+00
1.144775776515404253e+01
1.028713013730726900e+01
5.451376276613623340e+00
-1.619333651948591801e-01
-3.525583470559453758e+00
-3.175083810399006889e+00
1.810604437601666117e-01
4.357267163337140481e+00
7.080006283743012219e+00
7.135425583494139801e+00
4.678957381293990636e+00
7.711400901741503056e-01
-3.331207464669500240e+00
-6.623953557566141015e+00
-8.430322406410233782e+00
-8.350830400404486653e+00
-6.364661516910302019e+00
-3.068724715620160470e+00
2.549429764172396196e-01
2.039718495481083416e+00
1.242834736148660468e+00
-1.911868034793565707e+00
-5.829327689926729228e+00
-8.292296223836935098e+00
-7.692838441941397321e+00
-3.991604711293346597e+00
1.223718248475209158e+00
5.637703658804706919e+00
7.499547163444609588e+00
6.507241967370657854e+00
3.784898981500075976e+00
1.064746906603855958e+00
-3.310605557278403221e-01
-7.124801987868745190e-02
1.300214419584606818e+00
2.945854691298836148e+00
4.300760507540314137e+00
5.261111887319861680e+00
5.975612409597738761e+00
6.502365612082777524e+00
6.627571886118078126e+00
5.957298184925649664e+00
4.174197428695686440e+00
1.265431999079293490e+00
-2.400452890418331542e+00
-6.148163114659238815e+00
-9.164150861548264970e+00
-1.072107829017766534e+01
-1.043906871733927844e+01
-8.515011515662502362e+00
-5.769716845549758943e+00
-3.368581046714266947e+00
-2.242140827708462680e+00
-2.491786913279205429e+00
-3.203054538082110270e+00
-2.925391191854675998e+00
-6.461806456399115106e-01
3.334969463867013317e+00
7.294793644299904400e+00
8.980561772197395598e+00
7.065888171067991941e+00
2.241139983321490892e+00
-2.876996033677138520e+00
-5.124158620259564145e+00
-2.693890204964560553e+00
3.622569070493253829e+00
1.071065536357104619e+01
1.483286692448510458e+01
1.374468326839382648e+01
7.929297739352826113e+00
2.084773384099447568e-01
-5.981482353133149132e+00
-8.534602683431122827e+00
-7.644987248712844519e+00
-5.294640890729069405e+00
-3.725899051180665111e+00
-3.970095616760847879e+00
-5.368606089425179917e+00
-6.288880291889305418e+00
-5.435478848511824168e+00
-2.818568318673597695e+00
2.478469880082185828e-01
2.049765917275935934e+00
1.620604890824553390e+00
-6.356078803827018842e-01
-3.216625429743931175e+00
-4.463311707746951740e+00
-3.542923022118905862e+00
-8.734867167252220455e-01
2.221944066369458959e+00
4.365013405241906064e+00
4.936050956101615483e+00
4.376860636530278015e+00
3.834635113108122439e+00
4.383048470626901505e+00
6.285735150433692020e+00
8.733608110287644166e+00
1.022181621811950336e+01
9.376712757326313152e+00
5.782161456689568269e+00
3.303638822866621361e-01
-5.136056601642890129e+00
-8.730630907751514513e+00
-9.487578295746295964e+00
-7.829867432933537152e+00
-5.254595781947103639e+00
-3.412167736804973650e+00
-3.134593589204218489e+00
-4.012572951788659026e+00
-4.780966695926773369e+00
-4.252276019747832869e+00
-2.176818443325430508e+00
5.455837066755627740e-01
2.445022763395180210e+00
2.462593707498087703e+00
6.738785089729892874e-01
-1.727061400054354934e+00
-3.164235713516357684e+00
-2.640365230193423507e+00
-2.960835851668992547e-01
2.762832615537468506e+00
5.202074387345486883e+00
6.239698210104146270e+00
5.976139951536187489e+00
5.130325106147597403e+00
4.446381949359818897e+00
4.212110414913825984e+00
4.181782194475285763e+00
3.869586544240546822e+00
2.933547345507613535e+00
1.368710755687701841e+00
-5.669432139980923324e-01
-2.551344996721711667e+00
-4.322285247521195473e+00
-5.653588587102730045e+00
-6.285425096002226653e+00
-5.966292791922278127e+00
-4.647919380184963423e+00
-2.691532800238707335e+00
-8.662171214683034304e-01
-3.665132378294888582e-02
-6.743245074219271773e-01
-2.499621105655726705e+00
-4.524028739300108626e+00
-5.520165627141095044e+00
-4.665716196447431408e+00
-1.983909814653742831e+00
1.675108919346165459e+00
5.085524578700444387e+00
7.250759470656126915e+00
7.818537191445190437e+00
7.108398370413430811e+00
5.796912623832913170e+00
4.488316928126070415e+00
3.424584735697664861e+00
2.471560765694259310e+00
1.346180599801531930e+00
-7.872259469772502349e-02
-1.586565884809573834e+00
-2.672029937386735554e+00
-2.830562326538978546e+00
-1.930203569399861596e+00
-4.307347522693600883e-01
7.424314553131283745e-01
6.800429129345744172e-01
-9.086568784039991131e-01
-3.361959867989527950e+00
-5.305936211568379690e+00
-5.442357769818847224e+00
-3.454309230936340569e+00
-4.116675235949931455e-01
1.716487549727213180e+00
1.270839459694960816e+00
-1.893174003755542234e+00
-6.056531143451322485e+00
-8.523970030748079907e+00
-7.304913200906923088e+00
-2.523008313499455646e+00
3.450508393302737176e+00
7.360027078408327483e+00
7.123148340632687869e+00
3.232214887791321267e+00
-1.489590581060996399e+00
-3.685969090336081777e+00
-1.651715923559622823e+00
3.566862731915593443e+00
8.905757798288135518e+00
1.133773413037164879e+01
9.816336822118792327e+00
5.772609535406695969e+00
1.877831461265700774e+00
3.500809524520787086e-02
9.671807605384397100e-02
2.315590421787758757e-01
-1.397054984921818122e+00
-4.974203039487020916e+00
-8.713842170572211998e+00
-1.015911870366508829e+01
-8.118346667265662120e+00
-3.722665615118271987e+00
2.735715372305461690e-01
1.487384041053491757e+00
-2.970846632250586650e-01
-2.938246311382688436e+00
-3.578077257865051486e+00
-9.325620727053784975e-01
3.513387401612943162e+00
6.403944513284540285e+00
4.956953377257942606e+00
-7.950924821602542991e-01
-7.662482812568362611e+00
-1.122928306187591474e+01
-8.786199715585761183e+00
-1.223187132405922917e+00
7.471029064490485538e+00
1.278321345251119290e+01
1.254812985968647610e+01
8.151113714679452116e+00
3.295399156093296256e+00
1.290415874310944844e+00
2.817184105653304460e+00
5.706790877270583096e+00
6.769179599805976721e+00
4.244228260216247328e+00
-9.289772777919893532e-01
-5.884004878873515310e+00
-7.971849580832906845e+00
-6.638387622410332867e+00
-3.668562439365672390e+00
-1.701052025142463897e+00
-2.205194908340816884e+00
-4.461375732650592951e+00
-6.269724364223479007e+00
-5.779358898760154517e+00
-2.997615935409313259e+00
1.812848438957384012e-01
1.434711878959945119e+00
-1.733626765247390233e-01
-3.412510791252568509e+00
-5.735357644844828684e+00
-5.113022702085069149e+00
-1.475902336052106634e+00
3.307332228079099323e+00
6.864165109391116459e+00
8.050848039143268409e+00
7.656306940932672056e+00
7.550458367818406735e+00
8.953879377234287062e+00
1.120028813060401518e+01
1.201544093979088146e+01
9.193488020300241814e+00
2.462382657205766989e+00
-5.885098323404028164e+00
-1.217389453806299571e+01
-1.361413559509476201e+01
-1.010222043016555737e+01
-4.279100825638261441e+00
2.315503278680390853e-01
1.203160396169924207e+00
-8.435999752290501696e-01
-3.249960721316485834e+00
-3.332154462514580917e+00
-4.690742262668220475e-01
3.359336008238280602e+00
5.009472334223644019e+00
2.587438905720262472e+00
-2.907208083327873283e+00
-7.969772557214775510e+00
-8.867879863943491259e+00
-4.301705848304792745e+00
3.419324295182048168e+00
9.616581107877230750e+00
1.020616257669482607e+01
4.472042133974811762e+00
-4.231351660846112139e+00
-1.041703740279168855e+01
-9.876410338948733880e+00
-2.387437188824109491e+00
8.045180908436151412e+00
1.560329531888505272e+01
1.619146525241703216e+01
9.845613538830535916e+00
5.144097081934897453e-01
-6.568161789412430451e+00
-8.156996834692954224e+00
-4.800119980279215604e+00
-9.840104760154066987e-02
1.943110934266085721e+00
-3.841241185972368855e-01
-5.526755000031777776e+00
-9.964264952838808753e+00
-1.073584875089087731e+01
-7.399059752415472424e+00
-2.123207021523378479e+00
2.006763226953776957e+00
3.155794306337927679e+00
1.808094950772960896e+00
5.947729742149399090e-02
-2.143653230739593907e-01
1.138845161424105967e+00
2.521724731211998805e+00
2.029853897413355313e+00
-7.811135142149439048e-01
-4.215433850162984442e+00
-5.454075823518116373e+00
-2.599272161236875434e+00
3.731641910702389708e+00
1.047646129891225542e+01
1.391548404941987549e+01
1.200589430072545483e+01
5.685946622338988732e+00
-1.729004608877412918e+00
-6.632615607652487810e+00
-7.283852213813553078e+00
-4.631219276152562792e+00
-1.365675625668336224e+00
2.894414714807375111e-02
-1.147384151482328418e+00
-3.607717324583060492e+00
-5.223844099759553217e+00
-4.584688917827705268e+00
-1.859552839844235361e+00
1.523499779960130196e+00
3.983895345016503775e+00
4.783969420693463981e+00
4.233571531784194875e+00
3.112322776096191568e+00
1.910959468402060990e+00
5.469336647821257946e-01
-1.266392759009955293e+00
-3.400114457773126375e+00
-5.052620253091488323e+00
-5.149774744422664696e+00
-3.128524456441809320e+00
5.176950847957919599e-01
4.396069128064945097e+00
7.002224586697515463e+00
7.579896103264675666e+00
6.440394890487318058e+00
4.548484587039636651e+00
2.738207138470079016e+00
1.180794219062081929e+00
-5.078155488405728946e-01
-2.664013459283808505e+00
-5.024104552108701327e+00
-6.721916979578435480e+00
-6.880714836015571656e+00
-5.343620422625478206e+00
-2.941999846729379975e+00
-1.034149510297563079e+00
-6.057017324299664995e-01
-1.578038553745015671e+00
-2.844381228424941455e+00
-3.033404516544108809e+00
-1.472725871636163308e+00
1.320790846487668535e+00
3.957852848412952262e+00
5.066190177042320109e+00
4.135383675609382692e+00
1.767179601667975053e+00
-7.743552943273726008e-01
-2.338364643645856056e+00
-2.442586122675375115e+00
-1.295548534470676749e+00
5.986639902875685593e-01
2.849892920367544491e+00
5.262104156286316226e+00
7.573963255626455116e+00
9.173786000626195758e+00
9.152632537622482189e+00
6.789812079081805507e+00
2.183586943163592586e+00
-3.453829588690306096e+00
-8.157495399603234887e+00
-1.012519279885815848e+01
-8.687066684645060377e+00
-4.735637470681863803e+00
-3.123854800491313588e-01
2.453581632783899291e+00
2.462567674008758090e+00
1.783459816950263566e-01
-2.725595323425812122e+00
-4.397846579089940811e+00
-3.916701989347061819e+00
-1.827421146856342382e+00
2.094665337663842997e-01
4.649386933595479610e-01
-1.719275031819751609e+00
-5.375055345911375682e+00
-8.301229870065702343e+00
-8.239059881566189958e+00
-4.200861816233010693e+00
2.804167765967332304e+00
1.010453671325078950e+01
1.464242998117979155e+01
1.453255769571939382e+01
1.005562645546804745e+01
3.524558167003194242e+00
-1.922044400940699616e+00
-3.944851788626251743e+00
-2.158271729348775203e+00
1.802538191045044869e+00
5.297459877328163813e+00
6.169019943448186716e+00
3.853186438635546551e+00
-4.758274562182402967e-01
-4.729899529481665255e+00
-7.149553861638265673e+00
-7.215694976466863864e+00
-5.735461013834258992e+00
-4.135348712925150494e+00
-3.466702042350986446e+00
-3.766604337746622289e+00
-4.157254342563359018e+00
-3.583959263980446064e+00
-1.684805183566011166e+00
8.019114154804369843e-01
2.401915703420634873e+00
1.861233654268169335e+00
-8.884785999525455225e-01
-4.404998392771282134e+00
-6.362917471770773936e+00
-4.872803971949442925e+00
2.473000362686286202e-01
7.062431765479793455e+00
1.235777623118085167e+01
1.337381084424386657e+01
9.478830391949840006e+00
2.734884598577588921e+00
-3.115875383322315617e+00
-4.775582010517699594e+00
-1.408483940076661778e+00
4.711608945636548640e+00
9.428018025851001127e+00
9.157245826826743595e+00
3.109914022579481241e+00
-6.116918566882171504e+00
-1.399607532795628906e+01
-1.670930306885863104e+01
-1.333766619518813812e+01
-6.249752598203241583e+00
5.047830499891787781e-01
3.705804794709736782e+00
2.740339994802283741e+00
-4.352179838899983277e-01
-2.966547158554595942e+00
-3.133326537597554307e+00
-1.305936128320091871e+00
7.506752157625677935e-01
1.563685500453165123e+00
1.255208443600569268e+00
1.420744867798106714e+00
3.668365175622533059e+00
7.975341911019322438e+00
1.222115749103135940e+01
1.341117237291488706e+01
9.819298721940212360e+00
2.505545916920410399e+00
-4.992346139476433464e+00
-8.740262016779041687e+00
-6.927395483831508827e+00
-1.108692935429429482e+00
4.724920803140872039e+00
6.676081876436350981e+00
3.404967108848016899e+00
-3.093250657201287890e+00
-8.872372632595753927e+00
-1.060945543436607252e+01
-7.646461540795756129e+00
-2.207278985445809028e+00
2.229321812115787615e+00
3.208947515584483323e+00
7.057601503902743989e-01
-3.167674685299240789e+00
-5.769681079149394876e+00
-5.651381858308443640e+00
-3.249286351875207757e+00
-2.376185736334863741e-01
1.821198510595924969e+00
2.491524792089528262e+00
2.481640157346810760e+00
2.799262729935777738e+00
3.794624500371297948e+00
4.845659332422510346e+00
4.891284214675510889e+00
3.362578980981079102e+00
7.818948536159233687e-01
-1.430997766754455336e+00
-1.821958399959682895e+00
1.536084832835361569e-01
3.726927014614929146e+00
7.190278351483009089e+00
8.786431539571955440e+00
7.569692745318830518e+00
3.783521095889090802e+00
-1.358967230639621881e+00
-6.268206495413499724e+00
-9.591040681913710841e+00
-1.058895370833735328e+01
-9.227836636368074608e+00
-6.069230429131226678e+00
-2.072312616159083021e+00
1.643076300456310923e+00
4.066689765601200435e+00
4.575678740049772486e+00
3.137805273552313867e+00
