4.709509156396207707e+00
4.872262344253996069e+00
4.282626079404343145e+00
3.844388540662156295e+00
4.169223238884269378e+00
5.091484125105047553e+00
5.598862511418571053e+00
4.378923704568606468e+00
7.792203859521031895e-01
-4.415394783871995799e+00
-9.028001203538044805e+00
-1.054550696679990551e+01
-7.661459690568609204e+00
-1.313856629465012027e+00
5.586657612866234857e+00
9.730792093236484419e+00
9.362110604174159079e+00
5.328218759419920403e+00
4.844412664668449331e-01
-2.194921557783964250e+00
-1.532586008838700442e+00
1.217944437069624186e+00
3.438309402238143520e+00
3.119276787252839078e+00
3.021805638329824184e-01
-3.053028644636726519e+00
-4.644683387887011072e+00
-3.643225897115262679e+00
-1.352059021445834563e+00
-1.895319321567813242e-01
-1.740454625900987429e+00
-5.355987598122555760e+00
-8.408176768382656263e+00
-8.091330093167922399e+00
-3.502051339547176845e+00
3.512958349350607357e+00
9.389684159126138852e+00
1.107016419023521969e+01
7.889340554898479851e+00
1.862028508250685999e+00
-3.743387109359599840e+00
-6.476045463604632069e+00
-5.985328356799339389e+00
-3.754015233087989678e+00
-1.681317031895102065e+00
-6.870227426074537735e-01
-3.512920870307444376e-01
2.953189998822999263e-01
1.625534770579404764e+00
2.924322053034706492e+00
2.961208809273330189e+00
1.124822152122783026e+00
-1.859491399594685568e+00
-4.279158562719320713e+00
-4.636540188791248518e+00
-2.782223174138392707e+00
-7.381017906325859634e-02
1.610518074118397092e+00
1.287149949771198232e+00
-3.583453398046936300e-01
-1.447703764422555217e+00
-3.204060662640473289e-01
3.139896603651956219e+00
7.234561030977963547e+00
9.453912908117763081e+00
8.075374987378758362e+00
3.276912281236254110e+00
-2.947981998471343346e+00
-7.955635350968709218e+00
-9.889232797779493822e+00
-8.491595898171084400e+00
-4.910780271754968673e+00
-8.067803760625005260e-01
2.558081279283482612e+00
4.709251681125189215e+00
5.766235024384024577e+00
6.001159395970274701e+00
5.543919847349987329e+00
4.383121135918712774e+00
2.529767366623570268e+00
1.311178744041723299e-01
-2.538499479563077976e+00
-5.113790466975443039e+00
-7.099323776173782186e+00
-7.815101607964937358e+00
-6.526714688095101025e+00
-2.877915903405591003e+00
2.555875591324819673e+00
8.044731695228897195e+00
1.120878396144292566e+01
1.019746264704346572e+01
4.921515173542094779e+00
-2.520743012004977857e+00
-8.707983765104575724e+00
-1.071390815811748709e+01
-7.816083716563674066e+00
-1.963440835272034946e+00
3.402199435318081555e+00
5.486637260999500221e+00
3.860727953489982767e+00
5.906071055946873205e-01
-1.331755572683499089e+00
-1.865616988654219544e-01
3.195560220071754998e+00
6.016849346581643054e+00
5.592256644251581754e+00
1.460776206760898255e+00
-4.028612255585434454e+00
-7.184002912217743564e+00
-5.556424387912286988e+00
1.538169293318070174e-01
6.287556771790952403e+00
8.519422934261724478e+00
4.773444101303815579e+00
-3.227600262632313477e+00
-1.090592629153878335e+01
-1.371370490659699470e+01
-1.005941395507942282e+01
-2.306334550999168176e+00
4.839685821415953271e+00
7.461480103850215428e+00
4.950030036882422380e+00
2.068469526287896043e-01
-2.570256095295852639e+00
-9.432166090216312915e-01
4.017448390632368138e+00
8.509841797837605526e+00
8.739102210415657268e+00
3.670625310940728525e+00
-4.151943886808843409e+00
-1.029683880021303111e+01
-1.143565336113078423e+01
-7.515139161220542263e+00
-1.592467877983099189e+00
2.493994957746734187e+00
2.888994087559401791e+00
8.922096439686026947e-01
-3.063359967807801620e-01
1.640337615669273053e+00
6.118241911241792508e+00
9.721016567515857076e+00
8.703986641662085688e+00
1.991859246151241436e+00
-7.507356637816770650e+00
-1.440921923962219431e+01
-1.430928095301508840e+01
-6.857902176488920531e+00
3.731185917782184447e+00
1.122363870361708393e+01
1.134874816879268522e+01
4.582676823374438158e+00
-4.149102970398566903e+00
-8.680754682909743281e+00
-5.618219075909182791e+00
3.469401088737819716e+00
1.306957881674765076e+01
1.722806416221265380e+01
1.323071377828942019e+01
3.149998072508354063e+00
-7.584843129625043368e+00
-1.352104185089649491e+01
-1.225724114931719200e+01
-5.460413185009647563e+00
2.535494862833107987e+00
7.422130688144729760e+00
7.176310315645686444e+00
2.697934483160179475e+00
-3.210825159237625126e+00
-7.616599253064091357e+00
-8.864965830119297507e+00
-7.010125794951867384e+00
-3.350058827837250952e+00
4.196127061744625020e-01
2.936547845361435538e+00
3.566233166842545099e+00
2.478195705167486107e+00
4.844220104866979737e-01
-1.314013089434936887e+00
-2.006090416205884797e+00
-1.301615926906077636e+00
3.311443788897566187e-01
1.955256277146949717e+00
2.741032200914332861e+00
2.450432564360168541e+00
1.481459693934122690e+00
4.465661327894863142e-01
-3.606159739671496722e-01
-1.143258956813199001e+00
-2.244654920513027285e+00
-3.558837440800634244e+00
-4.279252236908332563e+00
-3.340818260189772904e+00
-3.314861686389231066e-01
3.836014046064844862e+00
7.152120386450451228e+00
7.670864395807980074e+00
4.872593067979754444e+00
2.137548092640548791e-01
-3.662918572431102859e+00
-4.622025943104859813e+00
-2.472307724649552618e+00
9.119046144780567076e-01
2.927705484038195749e+00
2.104179341803598557e+00
-8.701406191671201551e-01
-3.719951039808887749e+00
-4.333028777782854668e+00
-2.366745389291621038e+00
5.149689281224603121e-01
1.960701409877738222e+00
7.900917150605252237e-01
-2.059745026000695312e+00
-4.260654928876133951e+00
-3.949693119449428025e+00
-1.262682046427058502e+00
1.695768954511869708e+00
2.485913624466562055e+00
3.337091975529624666e-01
-3.087542240718060604e+00
-4.794396102380459546e+00
-2.772166359932544122e+00
2.319258156177663288e+00
7.376512072089946415e+00
8.966554513731317400e+00
5.832690901388232874e+00
-5.913343258834513616e-02
-4.768163266016675728e+00
-5.089081957228272834e+00
-8.072494584667750939e-01
5.114518159842346812e+00
8.554497228536654063e+00
7.024771921744689784e+00
1.286041318262292954e+00
-5.285971443356639377e+00
-9.042381685087702792e+00
-8.412604921077360132e+00
-4.667761614488409094e+00
-7.178703374869472853e-01
1.038991826061651969e+00
2.349608661032589474e-01
-1.554914951680825386e+00
-2.240404656145026596e+00
-8.039567383328074524e-01
2.093672023177502339e+00
4.774938091495917192e+00
5.809587639514344204e+00
4.890536079989362683e+00
2.787629356892375121e+00
6.241986775055672343e-01
-8.318242175974936981e-01
-1.359751602402140769e+00
-1.025866617108496914e+00
6.926188569363028735e-02
1.698618053763977676e+00
3.217398617195279531e+00
3.559635424762703337e+00
1.828721286762197362e+00
-1.809379192645955481e+00
-5.699947879963198183e+00
-7.361833300093651999e+00
-5.075652824964974386e+00
6.168757631450632051e-01
6.709795955324658223e+00
9.279300411607538379e+00
5.982510576399893587e+00
-2.126301623305530519e+00
-1.082766626767397966e+01
-1.508760259952180682e+01
-1.213464413434290812e+01
-3.281344031316388410e+00
6.743820336574088969e+00
1.257824176026857543e+01
1.136693327913191709e+01
4.303843650137217480e+00
-4.303191930835039258e+00
-9.713591958548438043e+00
-9.417162810677666585e+00
-4.197850739034571177e+00
2.809731117782740650e+00
8.190906284481943800e+00
1.002974900414292847e+01
8.438034317510318516e+00
4.866766242120952768e+00
9.838642209864849608e-01
-2.061778083922493288e+00
-3.721030922187544832e+00
-3.793652549661431728e+00
-2.318562274286382063e+00
2.575816596478558429e-01
2.931466578632889064e+00
4.403096323547598168e+00
3.775422187133749663e+00
1.238319736074006805e+00
-1.865736857160837481e+00
-3.808709453720513949e+00
-3.633581099510554857e+00
-1.863940973453036776e+00
-1.677976402522944888e-01
-1.254533668650489320e-01
-1.963207531759018520e+00
-4.224660705388740389e+00
-4.722943456388987826e+00
-2.175477806352949184e+00
2.641085983060829534e+00
7.118802503679999560e+00
8.393951715347576226e+00
5.266333939050720225e+00
-8.458950962326854395e-01
-6.624784765317883739e+00
-8.843892995059194462e+00
-6.366852179205544360e+00
-8.591426688368122289e-01
4.251743500642869655e+00
5.901408225467962509e+00
3.247221783090433966e+00
-1.894199324069901547e+00
-6.258179370125497520e+00
-7.179593859013660762e+00
-4.176416948216463254e+00
8.850424234969931359e-01
5.073175318458703842e+00
6.254053699283847578e+00
4.349098264645202327e+00
1.233496498463481972e+00
-5.999672683338662660e-01
2.792051545090332709e-01
3.293818420088687304e+00
6.238082272884954094e+00
6.725070745512862658e+00
3.771005288225192764e+00
-1.502151511760165148e+00
-6.508436935727846873e+00
-8.791194589945709126e+00
-7.555855700193625957e+00
-4.146742160124349041e+00
-1.133378099773241665e+00
-5.725399970838647157e-01
-2.575908047000689649e+00
-5.155781126888113519e+00
-5.513609847084159021e+00
-1.981778660311517726e+00
4.645908331799209812e+00
1.131806987983720880e+01
1.442076665967275062e+01
1.194593042769905367e+01
4.776006478709454939e+00
-3.737642735693196716e+00
-9.653463523146349701e+00
-1.061582179589863273e+01
-7.011598514324544951e+00
-1.475275523854337578e+00
2.833429196452574406e+00
4.031092265407000497e+00
2.304185320783021851e+00
-6.400088442120349663e-01
-2.909111191577024691e+00
-3.569602904690885925e+00
-2.904566128130056768e+00
-1.808391945329582029e+00
-9.398767998429040649e-01
-3.181400465657482357e-01
4.123989631189338700e-01
1.398953785782227399e+00
2.264980844751745881e+00
2.376361931918463455e+00
1.470193787636787874e+00
8.080391104762746357e-02
-6.724016849149446751e-01
1.395012877990965405e-01
2.475783374128979197e+00
5.168083980264836619e+00
6.580641416313637748e+00
5.676758394392894758e+00
2.750203894498822077e+00
-7.109764389733865819e-01
-2.956757353445327752e+00
-3.071917155882817774e+00
-1.496708184474489833e+00
3.536435164982307811e-01
1.065748690660510256e+00
1.094435626779026727e-01
-1.947190208353372309e+00
-3.947733531350331226e+00
-4.932900167359028920e+00
-4.619128510598134341e+00
-3.298911991340782279e+00
-1.376097169292226807e+00
9.824556202448938569e-01
3.749783652694454794e+00
6.603042958504488524e+00
8.608853748291952712e+00
8.454926730884624320e+00
5.231409960809722648e+00
-7.273557298441339913e-01
-7.598035593128608767e+00
-1.275068789055460527e+01
-1.406479611812527963e+01
-1.110245249103835619e+01
-5.382729706695091210e+00
4.564978752979416132e-01
4.111939047651770984e+00
4.789366702168695866e+00
3.397353350945660821e+00
1.710438216422811575e+00
1.118401814470858069e+00
1.808283044730535583e+00
2.875787955836277554e+00
3.192722973733704173e+00
2.342387857199355050e+00
9.295932980180841021e-01
6.240942271462993074e-02
4.240723721264472168e-01
1.655004780095412187e+00
2.533020840929103290e+00
1.847961560702658268e+00
-6.526693972474999494e-01
-3.940339685373825951e+00
-6.266190999949253992e+00
-6.244840596238499408e+00
-3.732185376563244894e+00
8.577316816323588000e-02
3.427537962395564186e+00
4.955135106167781522e+00
4.430767830296799659e+00
2.622790147463295529e+00
6.417842965946418676e-01
-7.456595687909501891e-01
-1.350904511365955019e+00
-1.295242773232867961e+00
-6.096675293277689089e-01
8.550337225489370585e-01
3.092444356095961577e+00
5.509358388617734192e+00
6.901830580759337863e+00
6.057852777686285606e+00
2.663309328121501451e+00
-2.174847960074534292e+00
-6.316905729027152638e+00
-7.792629946497077853e+00
-6.067207841399476997e+00
-2.459832154573792007e+00
6.767444636802552038e-01
1.531690008570016470e+00
8.353586090210157744e-02
-1.905770591642678813e+00
-2.215368803773577699e+00
9.857232934653481493e-02
3.827965335474769137e+00
6.315672956678058725e+00
5.328868284765436059e+00
8.007481377269622946e-01
-4.853650849238644760e+00
-8.186617221322928017e+00
-7.016429281021448361e+00
-2.001359113806905121e+00
3.649070062254764935e+00
6.205789755009363695e+00
3.864351012177150935e+00
-2.039045215980334724e+00
-7.861783498917674251e+00
-9.978942340479632023e+00
-7.047949783512001076e+00
-7.422532009442264211e-01
5.452506604008784841e+00
8.492954536838240642e+00
7.561858983067978990e+00
4.278042103647453409e+00
1.348908231037624361e+00
6.968236792177830985e-01
2.325611495569390286e+00
4.565491319627673406e+00
5.358969564434374000e+00
3.624508026632459412e+00
-1.664227930925150645e-01
-4.414505257205308730e+00
-7.366854876481123249e+00
-7.956992842334084770e+00
-6.100766698221661066e+00
-2.503559108750032181e+00
1.700139730488985368e+00
5.236361994134133724e+00
6.927550790152134041e+00
6.018160046360105042e+00
2.591615507397808660e+00
-2.180038436965641147e+00
-6.294827182780409203e+00
-7.771462860429457109e+00
-5.723725488471651524e+00
-1.003302075989375597e+00
4.086109916318070745e+00
6.945089166120522073e+00
6.064878916336588155e+00
1.819465585897385385e+00
-3.796868892441676469e+00
-8.281504519526727393e+00
-9.877641818009074370e+00
-8.257692796548944614e+00
-4.375017993284940232e+00
2.299950171352289630e-01
4.135307796913709311e+00
6.394091169043272238e+00
6.563943199126686778e+00
4.667106335591102884e+00
1.253408699691309414e+00
-2.543048114572237672e+00
-5.224430032033053450e+00
-5.537957752580960680e+00
-3.206407830630895184e+00
7.411087311222503970e-01
4.407596924586843379e+00
6.087691754716077597e+00
5.291967073999304105e+00
3.009066004979300768e+00
9.680074417800261788e-01
3.910370071839875394e-01
1.143995192620647083e+00
1.940048691594560282e+00
1.474224439862750646e+00
-3.720687859376640150e-01
-2.235048230645279688e+00
-2.217432495291365768e+00
5.419347764946604862e-01
4.860618708565433543e+00
7.944947087812425757e+00
7.135278139822192500e+00
1.837621702682204372e+00
-5.735041190135435230e+00
-1.165604186622748095e+01
-1.261600151977777884e+01
-8.006250170526694632e+00
-3.732371585658307289e-01
6.087604035656460688e+00
8.043021870202672119e+00
4.935444056590450934e+00
-8.795627382884180223e-01
-5.762776436454148055e+00
-7.048166012660274760e+00
-4.466214939237997505e+00
6.921568072826755902e-02
3.978929758055893551e+00
5.694532885789633347e+00
5.374884878811274191e+00
4.327833260428594286e+00
3.735738445812930131e+00
3.706225644488646331e+00
3.327585793714332940e+00
1.604189461253929583e+00
-1.509893028405292048e+00
-4.806639849824183131e+00
-6.511036849635187806e+00
-5.480459565208644968e+00
-2.061151228187776407e+00
2.011327811233607932e+00
4.613677353899659828e+00
4.474591599260064001e+00
1.854174541987951397e+00
-1.727937759594791789e+00
-4.466775012144638346e+00
-5.275624287815030122e+00
-4.206347524362650248e+00
-2.133117459589471299e+00
-5.082278662718869855e-02
1.466069669326410141e+00
2.318690503678075387e+00
2.558376196847184758e+00
2.081675293197180032e+00
6.830313256290847512e-01
-1.556695728388477695e+00
-3.922872500441588972e+00
-5.184734527025903539e+00
-4.269913478288994924e+00
-1.109089016458593591e+00
2.986441597917631974e+00
5.835639660107237781e+00
5.622220339037120596e+00
2.123164945356388333e+00
-2.917214142412164701e+00
-6.643291696011022651e+00
-6.753415449226321421e+00
-2.961383994511874285e+00
2.714151576910846408e+00
7.096005638692076900e+00
7.764120094200167799e+00
4.537502374944107686e+00
-4.402844319772789561e-01
-4.086534159092266805e+00
-4.349464407807075439e+00
-1.486109233045115996e+00
2.178056467147754027e+00
3.835178001212976362e+00
2.072960558070320758e+00
-2.186481982733377905e+00
-6.281578960345536977e+00
-7.522637742240123160e+00
-4.893028531080828358e+00
3.367082892988838561e-01
5.416990304816016177e+00
7.771812560194745423e+00
6.435937091516632513e+00
2.440788179136797353e+00
-1.965490569897115680e+00
-4.670462660344863792e+00
-4.776734328569310684e+00
-2.855745428627159299e+00
-3.891244063713332757e-01
1.148198059768740897e+00
1.027374495080707106e+00
-4.794748339613891241e-01
-2.327545879756792502e+00
-3.222540704892056684e+00
-2.220435669822674818e+00
7.829319846591460408e-01
4.848786350068928996e+00
8.236309858604094813e+00
9.118461572500615731e+00
6.542123176329593726e+00
1.143307387115692020e+00
-4.893691359899788651e+00
-8.799247808943921001e+00
-8.695627889628504192e+00
-4.748818448545732984e+00
7.793888402839226348e-01
4.740830743901073063e+00
4.924300476273693050e+00
1.384677624854941502e+00
-3.583946771705357914e+00
-6.853032294790404322e+00
-6.371571528138618490e+00
-2.376521783470601168e+00
2.847782087707638077e+00
6.458710485467194395e+00
6.792137350762819992e+00
4.236520341939573164e+00
7.625200272271365209e-01
-1.465797384445389318e+00
-1.415137317765489122e+00
3.943912470702406470e-01
2.512892251520079334e+00
3.660573544633087817e+00
3.491759060146463867e+00
2.559485316097794616e+00
1.646402358982081537e+00
1.059645628407327456e+00
4.353007445523568997e-01
-8.460752876427373170e-01
-3.003143398120875940e+00
-5.482186582925590912e+00
-7.156855469693446992e+00
-6.965211945577260089e+00
-4.560448114632428940e+00
-5.712960945595653151e-01
3.661760976094173170e+00
6.699232634298171618e+00
7.630260674851205849e+00
6.422165719429043129e+00
3.862663996324052995e+00
1.145208523461361150e+00
-7.162588056625451838e-01
-1.381155209779705295e+00
-1.328336313390817480e+00
-1.523964759273365166e+00
-2.727894143251590187e+00
-4.820130414589369749e+00
-6.622001307214148369e+00
-6.465345963435772170e+00
-3.287080714607127696e+00
2.413432406126299945e+00
8.470412283916282092e+00
1.205016096419513083e+01
1.125837634494060069e+01
6.353802453768275349e+00
-2.897756578502623803e-01
-5.549052273566955407e+00
-7.402862177272233168e+00
-6.040059923878533965e+00
-3.466305187746793415e+00
-1.899054841656997450e+00
-2.118819760300112875e+00
-2.990981858100842494e+00
-2.512920844657358987e+00
4.123953266965765252e-01
4.856216317547596972e+00
8.317203686879340196e+00
8.478653049671500241e+00
4.969835221487511667e+00
-2.354050907196336695e-01
-4.159002596922781514e+00
-4.947335948154895746e+00
-3.187876694617365114e+00
-1.373691374833265089e+00
-1.865161434775650884e+00
-4.879694048069973533e+00
-8.093293711536933444e+00
-8.272462937111310310e+00
-3.811180249400742959e+00
3.713206906039519417e+00
1.022104790298498500e+01
1.170501477580124572e+01
6.948169114145981595e+00
-1.533274706769600204e+00
-9.024417673464283141e+00
-1.159299709872254702e+01
-8.488442169739839116e+00
-2.373034651806043893e+00
2.660028684879114369e+00
3.817489352970885985e+00
1.211127438155069846e+00
-2.617547156701891531e+00
-4.695836550049702574e+00
-3.601943630742819202e+00
-9.667659429466946008e-02
3.796517952251618588e+00
6.330231073364769756e+00
6.967522259096757153e+00
6.170544555059278125e+00
4.515161439607102700e+00
2.096482233313718968e+00
-1.206741095589119350e+00
-4.935946049521076517e+00
-7.638779972435907339e+00
-7.491224306069005578e+00
-3.689162182507210730e+00
2.466881325505233313e+00
7.840990212852171126e+00
9.193297479134653116e+00
5.316141277913406959e+00
-1.949485349204274964e+00
-8.672938775357291519e+00
-1.124668229782871265e+01
-8.647187994857057802e+00
-2.978285560429678291e+00
2.087615094942931737e+00
3.867560316382211649e+00
2.411450327377294034e+00
2.112783436451477481e-01
1.329975651100676615e-01
3.114739216503418007e+00
7.337388889534430803e+00
9.495262075231002186e+00
7.260444182823420967e+00
1.154401289120635887e+00
-5.554169476118420157e+00
-8.911161942329425045e+00
-6.897053056597445497e+00
-8.024819867692620790e-01
5.588269383173100735e+00
8.453995849828826792e+00
6.380094425175068196e+00
1.173160737350442684e+00
-3.449470741251708272e+00
-4.374673049811873327e+00
-1.130697905829145755e+00
3.866599930443913369e+00
6.962272198139650925e+00
5.683091650168661246e+00
3.550631990454942155e-01
-6.088028471881093751e+00
-9.931640235862065680e+00
-8.953944182186578615e+00
-3.727986491637272692e+00
2.807651368697859695e+00
7.176725182118399715e+00
7.420245863311713208e+00
4.121033378655205581e+00
-1.747742376787279062e-01
-2.704177623437517219e+00
-2.261021547373155638e+00
1.245498128820534678e-01
2.005830507894517556e+00
1.282753654366820983e+00
-2.251638119864087351e+00
-6.609941533282917447e+00
-8.792131522291668944e+00
-6.731405764553320736e+00
-7.695574826462774354e-01
6.309310038424175815e+00
1.076868306164953282e+01
1.005747400095116006e+01
4.303876096651717553e+00
-3.733830735294764835e+00
-1.020837996120515889e+01
-1.226628681183795244e+01
-9.440118102179335224e+00
-3.607700700593046150e+00
2.310988912466682699e+00
6.015100318068188123e+00
6.834711811740897147e+00
5.619879594398454969e+00
3.796476427878952897e+00
2.348991050126508107e+00
1.396866726801540670e+00
5.103647464786833510e-01
-6.251495810969548428e-01
-1.770271917950708707e+00
-2.241828206017315139e+00
-1.447716258237330411e+00
5.829459537874112085e-01
3.069402131321232741e+00
4.839857840172339998e+00
4.946150736542165305e+00
3.162952924292144807e+00
1.121895828280625729e-01
-3.014459248653380552e+00
-4.971644385015093093e+00
-4.985196024443632190e+00
-3.088881807137925595e+00
-1.470347516823180545e-01
2.476637852191672984e+00
3.522282674935180768e+00
2.475697033571623074e+00
-8.538261362375176855e-02
-2.705481310334925560e+00
-3.812292827951754504e+00
-2.648855281835301501e+00
1.939333750501532894e-01
3.049659592531392960e+00
4.171537964500499740e+00
2.858681404225356992e+00
-3.747265313867687020e-02
-2.620290486518201512e+00
-3.188093360642125784e+00
-1.394512017903522416e+00
1.475923970647995631e+00
3.341648279603954830e+00
2.724950034648339070e+00
-2.333946948752450012e-01
-3.846973836025899818e+00
-5.995142600803159638e+00
-5.504629594242368640e+00
-2.856815619951580398e+00
2.348028688658850838e-01
2.035613229102444244e+00
1.916413729733104976e+00
6.255764194157942271e-01
-4.223298974770158254e-01
-2.706625031819668292e-01
8.726687009977143195e-01
1.834819858958824490e+00
1.405850971073609124e+00
-6.875738350110465191e-01
-3.448362198769475917e+00
-5.139805268234373337e+00
-4.330481472097777562e+00
-8.003211721560441472e-01
4.217627595356584713e+00
8.569257761203489920e+00
1.018106616292957511e+01
8.036034546114294130e+00
2.694007232776566951e+00
-3.855282515087923745e+00
-8.965897335094005882e+00
-1.046604149057452560e+01
-7.698223553030868693e+00
-1.967004570040392863e+00
3.940139129979169930e+00
7.075392631354643136e+00
5.903640913873347884e+00
1.249752392866954498e+00
-4.038068221697839633e+00
-6.663739898436956466e+00
-4.849599000384601233e+00
5.100063312432487894e-01
6.299122882381319677e+00
9.035450082285269247e+00
6.995126272158346481e+00
1.248614688196115541e+00
-5.060122854658553493e+00
-8.696646145765164704e+00
-8.253574423689482131e+00
-4.760650787237070247e+00
-6.883086582397290876e-01
1.836293433541927422e+00
2.295706532628982721e+00
1.704913344407092302e+00
1.419625017271130440e+00
1.879569764108737218e+00
2.306698611663794196e+00
1.551075267589046014e+00
-6.768204173557430536e-01
-3.268618138132080908e+00
-4.390154054560274410e+00
-2.880086365535723836e+00
7.340553781224288254e-01
4.452758264403470001e+00
6.151125781666280545e+00
5.053568396294514820e+00
2.211011684405553623e+00
-3.808208801314491021e-01
-1.323775226729154264e+00
-8.046105252832664867e-01
-2.561394417300459914e-01
-9.869111753925533526e-01
-2.918550000423748347e+00
-4.509303639633137628e+00
-4.001139913540213477e+00
-1.034853468925672981e+00
2.694807082600833681e+00
4.395829911936774081e+00
2.163688774988794083e+00
-3.440220462095643583e+00
-9.441400938648564889e+00
-1.221430661594865796e+01
-9.787136515360499445e+00
-3.107231549393213221e+00
4.589617310686495699e+00
9.831715586400736839e+00
1.095080090600739631e+01
8.764436056370334072e+00
5.591071162529102523e+00
3.467904400867281023e+00
2.906260029825952884e+00
2.980558033229207204e+00
2.477969204563852390e+00
1.073370829874012555e+00
-4.122630141397588543e-01
-7.995258309537320862e-01
3.390550681773606412e-01
2.195138002012210432e+00
3.273214854413382113e+00
2.531303541093973486e+00
2.036856819960348730e-01
-2.341878285470134546e+00
-3.597510377786341085e+00
-2.993070138713157746e+00
-1.251561425238339575e+00
2.099778531094216305e-01
3.431954638955178605e-01
-8.112745994083619960e-01
-2.246117604416995928e+00
-2.796848164723727770e+00
-1.993820741037581667e+00
-3.395359216760479026e-01
1.129115266442054288e+00
1.605199493528072896e+00
1.028169296705760516e+00
2.857300946973889699e-02
-5.780948624838679883e-01
-3.412632647722455559e-01
5.879043011896376569e-01
1.607534490924314996e+00
2.022602959282404189e+00
1.374659290941019796e+00
-3.720032526013022922e-01
-2.780004939028947408e+00
-5.006831124560210178e+00
-6.034138960006207419e+00
-5.090248162886445549e+00
-2.145382386706820910e+00
1.823805445763129862e+00
5.105699834746344479e+00
6.080622981263779536e+00
4.196038318034952752e+00
4.469129156536517655e-01
-3.071703998258085377e+00
-4.381388954881064279e+00
-2.868924283954306542e+00
2.860569419091920640e-01
2.859029090838435927e+00
3.054997220087972032e+00
7.224380739151436970e-01
-2.536883453647406306e+00
-4.452054185223126126e+00
-3.615499850117997127e+00
-4.069388843496692942e-01
3.306052955930296022e+00
5.435474395568438588e+00
4.992695230320823185e+00
2.566651253862926474e+00
-2.753097579501567749e-01
-2.120881338711756214e+00
-2.520366791674824913e+00
-1.956347507906213146e+00
-1.161711906636054170e+00
-4.532423649496393758e-01
3.531438593438580575e-01
1.443838113906036558e+00
2.461571737931068871e+00
2.503928682070265754e+00
7.842151225748177357e-01
-2.536779521145852812e+00
-6.069891194404783974e+00
-7.826846626804138118e+00
-6.428652985096115380e+00
-2.080698756874795219e+00
3.386420253801071034e+00
7.479198951651229166e+00
8.392668752558261502e+00
5.903082153809413590e+00
1.315360932113952774e+00
-3.367024129618573447e+00
-6.430592180014697234e+00
-7.026279307710203703e+00
-5.186042746165753670e+00
-1.551722930665453859e+00
2.844612578175194084e+00
6.676888258913179719e+00
8.515292668530051401e+00
7.318025458225036139e+00
3.096329633516776703e+00
-2.726325396792236511e+00
-7.726369858080259334e+00
-9.653496018399787104e+00
-7.735149861476998012e+00
-3.226906025732485972e+00
1.281076779092308326e+00
3.455529055498128166e+00
2.681160366240803228e+00
3.746347087432428946e-01
-1.105310870418531932e+00
-2.130194567049199794e-01
2.608211540906901771e+00
5.193917879719644581e+00
5.213609773156784755e+00
1.923297986938422799e+00
-3.139641705695471074e+00
-7.040296992704382362e+00
-7.319596378684588345e+00
-3.577724441865179017e+00
2.294821892664333340e+00
7.347694822848769292e+00
9.376575904290053387e+00
8.083262023451721845e+00
4.897581268633024010e+00
1.739893457258177012e+00
-2.983857311150321934e-01
-1.429674538099705572e+00
-2.581909994281639253e+00
-4.331770969713091723e+00
-6.249543391101538781e+00
-7.163416704619875119e+00
-6.109148205277970867e+00
-3.202994842441551970e+00
2.559226193741896416e-01
2.560971045683987590e+00
2.707204063479041967e+00
1.052171055494535157e+00
-9.265701676193449643e-01
-1.598962407628266025e+00
-2.166522729574884565e-01
2.652036478075852965e+00
5.518907814620935604e+00
6.890666210403587399e+00
6.098367058081893610e+00
3.562667858682240229e+00
4.205739826934369319e-01
-2.171142602349792394e+00
-3.605121985072043067e+00
-3.970863876142675331e+00
-3.785169496875349093e+00
-3.547279983680899029e+00
-3.412766783691786987e+00
-3.159592634848320092e+00
-2.428122447475884016e+00
-1.064657749374090967e+00
6.512162233195337713e-01
2.052870623955993512e+00
2.419754186095361526e+00
1.441758489964725332e+00
-4.555096745795044200e-01
-2.175692134890041540e+00
-2.473672241374936576e+00
-7.181032659776735994e-01
2.543382957259529675e+00
5.640759345932465862e+00
6.577715829974334127e+00
4.220432248914765871e+00
-8.066353892793540759e-01
-6.154622307729733066e+00
-8.866944227127753209e+00
-7.058985124354536289e+00
-1.196633947852376423e+00
5.875900529560093233e+00
1.033182636954808764e+01
9.484772307906528255e+00
3.421303271911909860e+00
-4.878874802386436116e+00
-1.110480977473761399e+01
-1.201029632971455285e+01
-7.245910977939004738e+00
4.784092912190311964e-01
7.014187162238910034e+00
9.200956651883679172e+00
6.618672884365076392e+00
1.609488557988139723e+00
-2.390016239929920960e+00
-3.090809580128603962e+00
-7.020870101463621005e-01
2.461238017075779716e+00
3.785817916995653398e+00
2.294464844979397178e+00
-6.598637225343498836e-01
-2.438350933462670511e+00
-1.160128260348759710e+00
2.735569223078800238e+00
6.594377618545115283e+00
7.340533348184683504e+00
3.745801335983435010e+00
-2.460403853367969518e+00
-7.534019273417354334e+00
-8.178311841319999331e+00
-3.865507344372135279e+00
2.637564782780140504e+00
7.007271457537127546e+00
6.252334915998833509e+00
7.826095413306766169e-01
-5.810435634490890955e+00
-9.169359578172432634e+00
-7.148285231840295850e+00
-1.290183902486494505e+00
4.241038116296623528e+00
5.549216355027859926e+00
1.712261447973156381e+00
-4.574174329459372856e+00
-8.851702679293833143e+00
-7.945481445484419147e+00
-2.086725832017068960e+00
5.315770691745558274e+00
1.001311564673601318e+01
9.676146565533780830e+00
5.187264765057943094e+00
-2.931464095827966965e-01
-3.643877577276387392e+00
-3.748011990782153191e+00
-1.786074518546054479e+00
1.249489900225705385e-01
7.187352995464353356e-01
3.791151438852492506e-01
4.484728693697503932e-01
1.774755202475944094e+00
3.795640594188800954e+00
4.940786434537901783e+00
3.988216165236692312e+00
1.192935891225120226e+00
-1.811389562739727177e+00
-3.303908975280430038e+00
-2.897542561337788314e+00
-1.863652858967796533e+00
-2.007167934112097818e+00
-3.960536726701515242e+00
-6.333177395089197859e+00
-6.557172387440207473e+00
-2.927477912547304939e+00
3.705834400715091626e+00
1.001226647934769254e+01
1.217631833925789664e+01
8.490099229160941618e+00
6.712162187223635890e-01
-7.118068899081532841e+00
-1.092350365922304789e+01
-9.468749322957464187e+00
-4.715303837007252419e+00
-1.865139977658202275e-01
1.639976756901556421e+00
9.285248009593001228e-01
-4.995934061286455563e-02
9.387858117174882056e-01
4.075773457312479309e+00
7.195909197178326444e+00
7.453961336295618523e+00
3.653619774925421559e+00
-2.581765705169879688e+00
-7.744181399568240920e+00
-8.832185186676454691e+00
-5.447522869275540636e+00
-6.611492537427082761e-02
3.692797970787993211e+00
3.521370499006811983e+00
-1.483702675499843915e-01
-4.671136974990837132e+00
-7.149931968065985188e+00
-6.337232291359504721e+00
-3.166879815848140822e+00
2.683515890903873657e-01
2.331473640167913253e+00
2.781777419223979919e+00
2.467382250181668901e+00
2.254798781707442412e+00
2.232095833333968660e+00
1.860231650538608283e+00
8.342349094643972673e-01
-2.446323561541415836e-01
-1.258355354907262358e-01
2.005748659655893551e+00
5.521437537135485130e+00
8.379236285476984847e+00
8.372924094922190363e+00
4.762846481755411254e+00
-9.654886337268870911e-01
-5.902381185828670773e+00
-7.604900795161217530e+00
-5.743450279435323047e+00
-2.285063468749244375e+00
-3.944521696182345938e-02
-6.008746363148136371e-01
-3.182810214816131023e+00
-5.206186773712714988e+00
-4.230798791550260951e+00
1.546068122083167351e-01
5.838789420073922543e+00
9.452513164388806288e+00
8.527126451732787160e+00
3.096894081930781972e+00
-4.276787961671220550e+00
-9.996483146142626453e+00
-1.141821027703369751e+01
-8.123458414364414182e+00
-1.854221947188021247e+00
4.621585614165263145e+00
8.894532969551736556e+00
9.798351289660773844e+00
7.543239841624973074e+00
3.324931627995899142e+00
-1.220230600775578100e+00
-4.508895588306184976e+00
-5.448832713166568809e+00
-3.827620755113640971e+00
-5.032561881770993839e-01
2.840096737882326305e+00
4.438748045192177472e+00
3.400660472434560155e+00
2.945124337054680907e-01
-3.082457394220293523e+00
-4.727329195674675688e+00
-3.659056292604610849e+00
-5.589047739549308780e-01
2.632254333922704248e+00
3.938119672023603801e+00
2.613310952399349851e+00
-3.724911233579916159e-01
-2.951704537102820325e+00
-3.282642674133137817e+00
-9.384701398902779435e-01
2.780342065323037737e+00
5.595308363175764299e+00
5.604191113249254563e+00
2.444695921349858914e+00
-2.395774440687251428e+00
-6.302362281115556186e+00
-6.914245258156263674e+00
-3.452764843488115076e+00
2.704096026348747905e+00
8.555658605978974762e+00
1.094106233697925390e+01
8.249354716563308543e+00
1.473320203736644629e+00
-6.068962797561301414e+00
-1.036602935105456780e+01
-8.926204071013060570e+00
-2.330212922591084812e+00
5.891598301076572675e+00
1.115819297886312889e+01
1.049864619071676763e+01
4.365364191774824043e+00
-3.604954154106791542e+00
-8.834206789615361544e+00
-8.671381992844890974e+00
-4.017676452127778575e+00
1.399984604184380421e+00
3.646750854434162026e+00
1.308902975287099535e+00
-3.567079168686971613e+00
-7.005886800516151425e+00
-6.041686689269176291e+00
-9.685692348671564034e-01
4.741684459950146646e+00
6.850214851722684628e+00
3.402749930689564550e+00
-3.760385249699862875e+00
-1.014438200058085826e+01
-1.161229036181193486e+01
-7.154181771453552940e+00
5.190154857745756800e-01
6.920620832767125030e+00
8.830044519064081499e+00
6.260448417917144681e+00
2.039450660142283933e+00
-5.304082325757640826e-01
-9.742468578008423030e-02
2.017552332351531419e+00
3.216795274770761548e+00
1.920021555375763578e+00
-1.101797851845901732e+00
-3.395259475407603311e+00
-2.923548615497457259e+00
1.220530032921650632e-01
3.298853435791183841e+00
3.767580657973316427e+00
6.093641502076319050e-01
-4.232619096320957119e+00
-7.213050548345558255e+00
-5.786027050400653238e+00
-4.167679086982938319e-01
5.549655932324701446e+00
8.148552724652514456e+00
5.581858228123386390e+00
-4.898840186782039696e-01
-6.096033676704861293e+00
-7.719033695657491201e+00
-4.685590929041373087e+00
5.041325288296825136e-01
4.083661322844557517e+00
3.732608194595016471e+00
1.368965073214781780e-01
-3.660008940691203971e+00
-4.547845203615930032e+00
-1.571923915422649198e+00
3.482694980968081389e+00
7.457804484509177101e+00
8.047213877797434023e+00
5.257361472762331012e+00
1.147645432183671321e+00
-1.806763085493294341e+00
-2.442475239602694081e+00
-1.500610841369922621e+00
-7.935523193953585297e-01
-1.701826567476416807e+00
-4.146983189344074283e+00
-6.707590485170957351e+00
-7.649692369890829013e+00
-6.038638002462358045e+00
-2.189133878699910163e+00
2.680421888374683537e+00
7.144159460118573612e+00
1.006616041868536904e+01
1.071282541911971720e+01
8.720427046895824930e+00
4.234315578767058774e+00
-1.789189404064612132e+00
-7.505580004805461058e+00
-1.072403811779883576e+01
-1.000129613413207252e+01
-5.644999948064377548e+00
1.755186531950636564e-01
4.513528919883017743e+00
5.366179237509784095e+00
2.906532555918786009e+00
-6.752366717908316884e-01
-2.688024473440358442e+00
-1.790186005446574580e+00
1.138495792316496669e+00
3.739644009834915295e+00
3.992073078651163343e+00
1.751566909426370611e+00
-1.144314136714351005e+00
-2.293713189457944779e+00
-5.997419951584546105e-01
2.838592315571689895e+00
5.512194262575105697e+00
5.381080735849050001e+00
2.411207966939968195e+00
-1.420446688276517211e+00
-3.665198169585059507e+00
-3.289785068059261075e+00
-1.420176442913959391e+00
-3.285406985379701328e-01
-1.443778864535701256e+00
-3.989745517188776347e+00
-5.428913195536012815e+00
-3.490600538689785370e+00
1.748159122806437704e+00
7.437244042666687704e+00
9.719537646514989859e+00
6.534934519234702144e+00
-6.125069986934601474e-01
-7.382680279637122034e+00
-9.496384063446061674e+00
-5.808266115270339647e+00
7.126502393281441972e-01
4.956064438708756015e+00
3.326041151498922765e+00
-3.501685662167212776e+00
-1.078041484537443040e+01
-1.285992143887563088e+01
-7.186034739664236781e+00
3.683449645190861599e+00
1.354385161774266777e+01
1.656579026041414693e+01
1.113709712100678395e+01
8.821829011336146387e-01
-7.830595168996950406e+00
-1.014824121810173807e+01
-5.815800436440226484e+00
9.891029592950255633e-01
4.840697696375083403e+00
2.951862007762360296e+00
-2.966829080116752060e+00
-8.099682903601260975e+00
-8.082234226820027345e+00
-2.163024625391719802e+00
6.219749414027285539e+00
1.176445417830477602e+01
1.084752746860576167e+01
3.851013271797833148e+00
-5.194861511230678630e+00
-1.123980405248900283e+01
-1.124554907405406823e+01
-5.684981468833476548e+00
2.209912995291782423e+00
8.636905406821464126e+00
1.126894528717775223e+01
9.984390322434675724e+00
6.216554200973084754e+00
1.758650249385897535e+00
-2.048849650316959092e+00
-4.435181676916682747e+00
-4.988428275453166805e+00
-3.643836297021545878e+00
-9.771878335042665231e-01
1.618098945081253293e+00
2.369389397573332889e+00
1.758375789867813177e-01
-4.391170986638168294e+00
-9.001156737577469258e+00
-1.072103415620423839e+01
-7.820614581214465844e+00
-1.034611684129823406e+00
6.661732359625524680e+00
1.172303846001771532e+01
1.209098873891901604e+01
8.285603467519695897e+00
2.845561856251080268e+00
-1.420197591642866186e+00
-3.120002847098852783e+00
-2.790561170325863927e+00
-2.035637049274319210e+00
-2.087052854725769624e+00
-2.910566387243999742e+00
-3.447177052696104305e+00
-2.654821947102766977e+00
-4.343287091903866859e-01
2.289529067993305578e+00
4.312143107156067856e+00
5.028274620831428621e+00
4.705357351675289124e+00
3.985527677223795529e+00
3.139673515038016394e+00
1.804028731431370769e+00
-5.206937659211159364e-01
-3.647118044225317934e+00
-6.355380701218073192e+00
-6.985048209311599976e+00
-4.638115722956163367e+00
-7.537702886174924011e-02
4.485718711969752803e+00
6.667573534679927860e+00
5.455194475895678075e+00
1.837292109540013207e+00
-1.931678825900236207e+00
-3.924960427570846733e+00
-3.817222591294862077e+00
-2.896301137010771409e+00
-2.828159966896913513e+00
-4.148018825028163548e+00
-5.672205704871452703e+00
-5.330774883384360230e+00
-1.829959418378331204e+00
4.107826584985423857e+00
9.905308701842740149e+00
1.266037529583569565e+01
1.100908547037983531e+01
6.025945283973108246e+00
5.308076277620061845e-01
-2.727144571423954389e+00
-2.784750121665637845e+00
-9.578606996344443125e-01
1.640061898784985761e-01
-1.482559768662611299e+00
-6.008584913320739851e+00
-1.138611118353259855e+01
-1.456733330915738200e+01
-1.321715081959197668e+01
-7.080207145464072482e+00
1.729075705345547220e+00
9.635461845687633087e+00
1.325596813523800321e+01
1.101912109288320707e+01
3.989394782789224436e+00
-4.534968893863335460e+00
-1.054275372562079838e+01
-1.127666140999321165e+01
-6.652406358169189460e+00
6.961914085567828536e-01
6.883919880616205411e+00
8.993777257936772074e+00
6.738061509029217078e+00
2.486618095022355313e+00
-4.184332376668297160e-01
1.346974412449231107e-02
3.041991223359250540e+00
5.764043090551531634e+00
5.283622455870087720e+00
9.515196170065163273e-01
-4.982600120609439465e+00
-8.858703582630361950e+00
-8.208613394669498575e+00
-3.562593884701066749e+00
1.920601474913123274e+00
4.773567641964953978e+00
3.763784278894811930e+00
7.112871648258745072e-01
-1.082921630940687940e+00
3.968916202589749531e-01
4.108912235536243074e+00
6.665093594100327756e+00
5.090073342984809734e+00
-4.966650839084839619e-01
-6.492297270164752554e+00
-8.257067640032648370e+00
-3.709515697477538509e+00
4.670416166160424432e+00
1.114947936069499690e+01
1.064915751965852309e+01
2.504019233066077987e+00
-8.736260433367331046e+00
-1.620397885298579155e+01
-1.534499142587306686e+01
-6.990022679448670395e+00
3.344852773363566456e+00
9.403263726013483037e+00
8.488998683644421561e+00
3.007417025360985541e+00
-1.778645309004654562e+00
-1.974653467184307232e+00
1.983982998494834060e+00
5.857780985380310668e+00
5.147755886897396493e+00
-1.115865011064566925e+00
-9.287077764929691170e+00
-1.359287660115439245e+01
-1.034904659729533272e+01
-7.548691956000306291e-01
9.797361197934225885e+00
1.535480234691576484e+01
1.329866415780240452e+01
5.740801370409180038e+00
-2.379482704174498586e+00
-6.861131699928565197e+00
-6.767770174567796282e+00
-4.243689212362964369e+00
-2.152663702305803284e+00
-1.674152831345826931e+00
-1.781552178869923120e+00
-7.929515398061439679e-01
1.582550553708550245e+00
3.627146462872970822e+00
3.037307566426847849e+00
-8.312365159172208084e-01
-5.906181765821194141e+00
-8.606639257505342755e+00
-6.497633515147290595e+00
-2.896899454726000744e-01
6.490801807558782777e+00
1.000106243930849992e+01
8.828501259112268684e+00
4.823262618533435742e+00
1.375028646076793093e+00
5.620907090765285830e-01
1.532368971181522044e+00
1.476213219831582046e+00
-1.604192098854105408e+00
-6.682491205411634105e+00
-1.005149568436762308e+01
-8.165877289063924849e+00
-7.970052823944404619e-01
8.135571209302804974e+00
1.299422451599011552e+01
1.047356135226788787e+01
2.207048614491625038e+00
-6.194680321659758349e+00
-9.127257531186643291e+00
-5.081652501275716105e+00
2.270027818038589551e+00
6.887258981816057002e+00
4.994971980431156311e+00
-1.983542314026921050e+00
-8.477384374766149477e+00
-9.061528215795386032e+00
-2.742699644610961940e+00
6.066993543530665889e+00
1.071380519319901836e+01
7.282190346070446019e+00
-2.347411446963232340e+00
-1.169597765210306761e+01
-1.429689344278730090e+01
-8.330905640221322628e+00
2.111096007176256784e+00
1.001476049615415853e+01
1.042683320408021608e+01
3.788162469877708105e+00
-4.706738802592510318e+00
-9.062134463361235959e+00
-6.716527724025952217e+00
-6.823670041656182406e-03
5.973893266715508688e+00
7.269046040789066687e+00
3.716564497693676472e+00
-1.438759136866402111e+00
-4.358034715456662767e+00
-3.472710664966462524e+00
-2.397185698209348681e-01
