-2.948609462948682314e+00
-1.149027790234006252e+00
9.674482412374088014e-01
2.074677798973504572e+00
1.564856164492200552e+00
-2.467602113742264347e-01
-2.398169436536745636e+00
-3.816796060936779256e+00
-3.825251118777158954e+00
-2.398301730681367872e+00
-9.857381337747272987e-02
2.232713546184492692e+00
3.857743975898547450e+00
4.415295335521600251e+00
3.981428816365658374e+00
2.936065418961360862e+00
1.748171158308262640e+00
8.023354095424031218e-01
3.195040479122265298e-01
3.412372427098111505e-01
7.250375984478629743e-01
1.151720299704787287e+00
1.207550541021068291e+00
5.855855113887378227e-01
-6.645000226135069354e-01
-2.027056368623623150e+00
-2.724483236884350568e+00
-2.207608366140547673e+00
-6.402803114323203371e-01
1.019052934840542823e+00
1.530629381752599993e+00
2.418814530939218388e-01
-2.279873430035114001e+00
-4.398066253556707217e+00
-4.394416297708636066e+00
-1.708021115394806611e+00
2.460177171218802084e+00
5.729033934098330505e+00
6.045986462579959309e+00
3.136650246286521337e+00
-1.164656443198409441e+00
-4.048156185741531132e+00
-3.624442564774791542e+00
-2.646977799325904712e-01
3.617324683750345216e+00
5.259313567861942040e+00
3.544652829946798978e+00
-1.595855170480305896e-01
-2.985984436850373847e+00
-2.709041021541551686e+00
5.094492830369756753e-01
4.096244988005904197e+00
4.857856753065248334e+00
1.335037051844184752e+00
-4.991486504698107396e+00
-1.056082653407746541e+01
-1.208463460739310236e+01
-8.728793724801395371e+00
-2.580557172599937665e+00
2.892023945301015253e+00
5.226613581088544791e+00
4.457667883219967209e+00
2.688306502485860339e+00
2.179658082996656976e+00
3.488562359947464220e+00
5.091941256858818932e+00
4.747051905780381276e+00
1.477279883871478017e+00
-3.409304214185083559e+00
-7.102236157420356299e+00
-7.299444019325806110e+00
-3.912084518937312794e+00
8.462833290816056397e-01
4.060830924329534852e+00
4.191568360821010586e+00
2.057457564789762827e+00
1.290092395995273700e-02
-8.101184495729919777e-03
1.952244029530428193e+00
3.922176599802978725e+00
3.601007659954780227e+00
2.642261906435878771e-01
-4.506537076728470481e+00
-7.843369324266038944e+00
-7.603568569416121470e+00
-3.875603289212381952e+00
1.114318920460923623e+00
4.576981644016051121e+00
5.016031279831283385e+00
3.022451813495039996e+00
5.296197050016768770e-01
-7.780242574228779517e-01
-6.346706005284272756e-01
-9.885962381674201493e-02
-3.960999433748381149e-01
-1.719872926683208236e+00
-2.984503269388926405e+00
-2.711703583678203522e+00
-3.113880153420500729e-01
3.284258760714506398e+00
6.145629328997272545e+00
6.631396572636253595e+00
4.471119195596772400e+00
8.786866622176887631e-01
-2.307432958830883951e+00
-3.760851215029203498e+00
-3.277393732652523983e+00
-1.563279491802880061e+00
4.390767581157519195e-01
2.067684558751956558e+00
2.976970619466876133e+00
2.897019812401407268e+00
1.571044713692287154e+00
-9.269236627663198780e-01
-3.795775159318415248e+00
-5.579976948587957786e+00
-4.947816388539628463e+00
-1.753310832877867487e+00
2.471723835994746654e+00
5.197256247471413459e+00
4.501759655532601379e+00
5.467825137304775929e-01
-4.231278060124859408e+00
-6.548867393203666509e+00
-4.474097246402058303e+00
1.119628365890683597e+00
6.948681392914235921e+00
9.401723048660231896e+00
6.927135935099326680e+00
1.074374608585726421e+00
-4.546109094114698657e+00
-6.663020045696962157e+00
-4.438864954779735861e+00
1.564774304059471377e-01
3.861981809000992971e+00
4.379717183454440388e+00
1.774030876054961681e+00
-1.863002992354581444e+00
-4.070191160242407236e+00
-3.700004224569742206e+00
-1.452536236241091849e+00
9.468891550563593995e-01
2.122979134509614951e+00
1.883089818581590524e+00
9.891216038372341313e-01
2.590302974426186289e-01
-1.286135606649753127e-01
-5.508773895560576950e-01
-1.267444773041985995e+00
-1.894397486394999053e+00
-1.612544221189352811e+00
6.923316426206360674e-03
2.310102855603945127e+00
3.733449246340688532e+00
2.874700591193898092e+00
-3.184480959019855284e-01
-4.243322137401611016e+00
-6.606214414411899938e+00
-6.034293090333049392e+00
-3.124689575485489978e+00
-6.485647697653840194e-02
9.753007543582241645e-01
-4.984235472618727680e-01
-2.878769598307180377e+00
-3.650652484673131415e+00
-1.352982373930991411e+00
3.170465144584125206e+00
7.219103237533800232e+00
8.106609029530460475e+00
5.095215960108314235e+00
-3.806003676974900607e-02
-4.226498322528925655e+00
-5.224146975668307213e+00
-3.052208225976540401e+00
2.429301188974035963e-01
2.260301082729387900e+00
2.026200054931459604e+00
5.391194516488592159e-01
-2.707847547448045122e-01
7.255862190764151842e-01
2.845027440647565520e+00
4.120994310764760193e+00
2.955990531581160763e+00
-4.269670522092368081e-01
-3.928078427331709754e+00
-5.032431007285108393e+00
-2.723637944867695726e+00
1.606469641686066208e+00
4.992713733590103509e+00
4.929060365499970509e+00
1.154981045016973074e+00
-4.088862740729283018e+00
-7.528810387992437292e+00
-7.025238822342499745e+00
-2.945880679887774356e+00
2.155636693373343959e+00
5.266810500644967696e+00
4.831080025113895005e+00
1.590308183159852007e+00
-2.098461581593248582e+00
-3.889666645986648241e+00
-2.890312881002622625e+00
-3.706802875562120736e-02
2.687269716465903624e+00
3.564892885604653117e+00
2.129199040399853526e+00
-6.903509039252553325e-01
-3.209427299562033653e+00
-3.948065843722652346e+00
-2.378764044884513762e+00
8.514099700412024463e-01
4.252992845004875733e+00
6.196841659619866327e+00
5.691216959993074198e+00
2.899735030753261000e+00
-8.774673341822968320e-01
-3.835376965973065211e+00
-4.655357883705067756e+00
-3.312149019911149406e+00
-1.142654931033089127e+00
-8.890808204729983011e-03
-9.959122296822414677e-01
-3.504066649504090414e+00
-5.455999046118338747e+00
-4.635969691310204865e+00
-3.479583533032495346e-01
5.770011632144282032e+00
1.047395851249402909e+01
1.085172484912460966e+01
6.242044061929937548e+00
-1.182078500366123830e+00
-7.636364298693791852e+00
-9.998981786737800803e+00
-7.639134283278107063e+00
-2.599244085490230560e+00
1.930912314039602506e+00
3.735574427430633282e+00
2.812905105112927462e+00
9.546491642974621605e-01
1.178934494294896496e-01
8.883983921741207546e-01
2.182094580505980375e+00
2.324051107849808062e+00
5.710515246192598982e-01
-2.171442918884838758e+00
-4.016903411616961961e+00
-3.610677625570937188e+00
-1.264382156099042254e+00
1.224172178516076848e+00
1.963659607024058618e+00
4.972195981716801549e-01
-1.754437911570863040e+00
-2.537977914024431847e+00
-5.469200012481367779e-01
3.421002986968652682e+00
6.856862025122007154e+00
7.261311242287640688e+00
3.962110373977441924e+00
-1.304690231586830063e+00
-5.495568309471036805e+00
-6.270097457220954240e+00
-3.491978271172059944e+00
8.077075582623286509e-01
3.911924685327215823e+00
4.236541397841800283e+00
2.205162388556979991e+00
-3.460366742197961698e-01
-1.670258422945927856e+00
-1.346056176879013577e+00
-3.643834611795956357e-01
-1.068487030242489810e-01
-1.090579580492585299e+00
-2.484636476088780910e+00
-2.765672336485484717e+00
-9.892791349386449440e-01
2.314923933576290338e+00
5.329761013976629158e+00
6.120644428616087040e+00
3.974940555568747591e+00
-2.425540448570762120e-02
-3.591339852786668008e+00
-4.614521982735706018e+00
-2.437527678378881291e+00
1.733544774304255132e+00
5.507003984822721243e+00
6.632465621553205182e+00
4.218876256200037922e+00
-7.890559145651647732e-01
-6.075321346192401606e+00
-9.088588217531192726e+00
-8.293668609383974655e+00
-3.957149692017303266e+00
1.908332144064901037e+00
6.459785403994475317e+00
7.420629224532191870e+00
4.294749077703250428e+00
-1.268190219310246780e+00
-6.256458780794686092e+00
-7.911561330284817117e+00
-5.315022254156538395e+00
9.094896661672291494e-03
4.928297161819029881e+00
6.559317691264533678e+00
4.042753427134829103e+00
-9.000111120319529423e-01
-5.036772311223483456e+00
-5.682397230318275483e+00
-2.429335565127965779e+00
2.585434133263804224e+00
6.064800957486657040e+00
5.682523854536842833e+00
1.562763206225948664e+00
-3.843927539269536897e+00
-7.362979934796533676e+00
-7.084814694497075571e+00
-3.444999353940325193e+00
1.232794342887503225e+00
4.316450486678913734e+00
4.461806996296912686e+00
2.220012229343109489e+00
-5.956900691728733710e-01
-2.202636015793031365e+00
-1.881786660998740146e+00
-1.551850071231714034e-01
1.819476465839691581e+00
3.066911414046521234e+00
3.247704484943104042e+00
2.568433155830441184e+00
1.403310815661242161e+00
1.717022887164887379e-02
-1.428274413489983186e+00
-2.714809896875428841e+00
-3.512572115641528825e+00
-3.542246693789533829e+00
-2.815158621165611663e+00
-1.703065222048607552e+00
-7.288890667527867517e-01
-2.255619594658271332e-01
-1.411893038726432792e-01
-1.477448482749880165e-01
5.644364265486301324e-02
5.278482012267654566e-01
1.128710503988235914e+00
1.762857856516423460e+00
2.516310719851571953e+00
3.505190014626773376e+00
4.542687596853570042e+00
4.990301964759582987e+00
4.083378823053961604e+00
1.616783191357047622e+00
-1.539033098542480271e+00
-3.652400887758471271e+00
-3.156920726832655788e+00
1.113086822326635472e-01
4.407059781586475822e+00
6.878792928130184947e+00
5.356178436620417926e+00
-1.800651752345894252e-02
-6.525208017316987075e+00
-1.036011397051080252e+01
-9.033945514924614173e+00
-3.113553272894864055e+00
3.953125629718810874e+00
7.929267033389640673e+00
6.478239888009543535e+00
6.670451553103953213e-01
-5.735518777183253647e+00
-8.702828207111878100e+00
-6.500005600713529397e+00
-6.591144840579414854e-01
5.192849197338336609e+00
7.761140891704566336e+00
6.081297510946124696e+00
1.809617184814087842e+00
-2.210577594229958365e+00
-3.942080592968817854e+00
-3.272425269608667087e+00
-1.597713308422835210e+00
-3.945163635051536222e-01
2.671355182478629686e-04
4.557007606584183579e-01
1.993067851167795279e+00
4.549486435344905821e+00
6.634150424697814685e+00
6.241807871014157350e+00
2.391637380733846463e+00
-3.859965078826812501e+00
-9.741504356622717964e+00
-1.229120181504735498e+01
-1.010637828873583999e+01
-4.186781538178908413e+00
2.640627523281751543e+00
7.304927538888594363e+00
8.083599680388415365e+00
5.303107535017837826e+00
8.840740140104934586e-01
-2.838226606329953050e+00
-4.275701475307970512e+00
-3.167551596817913762e+00
-4.521276841594681351e-01
2.332196799664934428e+00
3.767382204617574004e+00
3.131215792946002718e+00
6.801171746188532374e-01
-2.442416564772723397e+00
-4.689960766229786415e+00
-4.863120992612589788e+00
-2.798008008015310910e+00
4.259728546200525767e-01
2.998209336753359544e+00
3.420348102670259571e+00
1.479590405909630757e+00
-1.514892972413286021e+00
-3.486054954771923953e+00
-2.922384180440176671e+00
7.411589456187261948e-02
3.766962477933229803e+00
5.864304816066125525e+00
5.003458913355816051e+00
1.634971812646407230e+00
-2.303695865354093986e+00
-4.693122452180480408e+00
-4.597509302448898438e+00
-2.744170247946760455e+00
-8.237103695140823856e-01
-1.734134569421128536e-01
-8.331017694604594404e-01
-1.650301253018176872e+00
-1.304082622347382037e+00
5.723036909813914441e-01
3.043496723099821111e+00
4.559834961739653636e+00
4.139298690307557038e+00
2.124979419305186745e+00
-6.712630144125664167e-02
-1.012994070597911023e+00
-3.342664572166211268e-01
1.072568730261493908e+00
1.805942034149510711e+00
1.126526762060004128e+00
-3.951885474694462053e-01
-1.278623432872586729e+00
-3.047413106467898869e-01
2.423109841835858091e+00
5.359437962682494394e+00
6.486488177253770360e+00
4.713277162439070800e+00
7.054557730470829569e-01
-3.467211922009038716e+00
-5.648206684015964818e+00
-4.980524860934425924e+00
-2.420887459642293127e+00
-5.043326512522827709e-02
3.264234558340686210e-01
-1.657588238096560973e+00
-4.762857385593321169e+00
-7.018100116428076518e+00
-7.004472631659857562e+00
-4.691033111667356259e+00
-1.325036484864423603e+00
1.462765292588504185e+00
2.685699346614022875e+00
2.490873869475377589e+00
1.859788386314003006e+00
1.806218474112866845e+00
2.651140389574342393e+00
3.841987526639548456e+00
4.384666666499462906e+00
3.558674834486370564e+00
1.437331818782057402e+00
-1.103373462944928107e+00
-2.869445332139672011e+00
-3.021015817275021220e+00
-1.542182851179987324e+00
7.421050168517125956e-01
2.594924005141464818e+00
3.005256211690297885e+00
1.705314263046658674e+00
-6.897906688622358340e-01
-2.986655530197831254e+00
-4.012371381674733506e+00
-3.212182153848710087e+00
-9.445688298459389287e-01
1.685637958365426181e+00
3.385410072282402094e+00
3.344729534354227596e+00
1.669122709973368757e+00
-6.667904605115239081e-01
-2.335488478936744272e+00
-2.374943116185457281e+00
-7.196963266230009815e-01
1.753579541655909457e+00
3.701015237919020429e+00
4.049913218022615169e+00
2.589219995870817304e+00
7.801818874061194897e-02
-2.190551550956659099e+00
-3.119125149918131612e+00
-2.406557131023501661e+00
-6.711098165854474384e-01
9.663250909010834278e-01
1.574144654554756606e+00
9.442612269634883537e-01
-3.608068440373182195e-01
-1.459177915873850262e+00
-1.778426672374501694e+00
-1.419089179782710541e+00
-9.932340482603646548e-01
-1.056521042331745708e+00
-1.566164757772650740e+00
-1.810950605012405568e+00
-9.338878214142625200e-01
1.287641468990836868e+00
3.994627662388004374e+00
5.558017127710242811e+00
4.561292044376456190e+00
8.452623455169931965e-01
-4.132389879392636800e+00
-7.976626491163250066e+00
-8.730039350927929931e+00
-6.075999712617887738e+00
-1.549445286701516267e+00
2.433075890176713330e+00
4.106032276831095729e+00
3.419259171258764773e+00
1.902218326827423978e+00
1.426504981471190092e+00
2.749756406158675226e+00
4.894770178926465931e+00
5.831172638362339455e+00
3.988688082808284463e+00
-4.843364973020194419e-01
-5.640682249461350217e+00
-8.920409201123039367e+00
-8.784259148966455655e+00
-5.656433752057535180e+00
-1.541005205386793531e+00
1.371865429178297680e+00
2.092678860346677716e+00
1.252894524796074771e+00
3.528088702470417726e-01
4.987004690542128915e-01
1.618705630097830861e+00
2.706852233874401215e+00
2.803845204923677059e+00
1.851701078547592694e+00
7.036068061435217791e-01
3.020558911743118635e-01
7.560330341966684520e-01
1.156599377260588923e+00
3.623986681541784272e-01
-1.856843877028905521e+00
-4.312288268664699942e+00
-5.082289280842971380e+00
-2.997344172303368470e+00
1.202310823915413440e+00
5.048576996932680139e+00
5.931139526308227161e+00
3.045082262967963249e+00
-1.750736059469112593e+00
-4.948609741380787241e+00
-3.739629453715902052e+00
1.881862577650711410e+00
8.789270016730672097e+00
1.254496882294899684e+01
1.025397153463864264e+01
2.557624106506729333e+00
-6.608828528731542917e+00
-1.239256757264574027e+01
-1.199983911093677058e+01
-6.337596386233671275e+00
7.180063583068664324e-01
4.891179956195133904e+00
4.198741369591834527e+00
3.500117030423144371e-02
-3.966302674162293318e+00
-4.449781997693730951e+00
-5.577445382477237423e-01
5.539021108146974903e+00
1.004249140952654074e+01
9.891807026961425109e+00
4.605992549682865089e+00
-3.450402572027828185e+00
-1.042099535256669363e+01
-1.304612671466940554e+01
-1.028784258684898312e+01
-3.681824684976562345e+00
3.624454628339383255e+00
8.513148405561272725e+00
9.333087433332421412e+00
6.470175050014135287e+00
1.889830726272479167e+00
-2.007449784833381656e+00
-3.594287798027113290e+00
-2.697158286669242955e+00
-4.626176086529185660e-01
1.451241481515770371e+00
1.873996551089447182e+00
7.450535356180844060e-01
-9.756005913553660314e-01
-2.012592180051837154e+00
-1.626824675959458677e+00
-6.444813158978890399e-02
1.669741363880098417e+00
2.531057141342579531e+00
2.134755419089079176e+00
9.556019415840142361e-01
-8.753510511273661365e-02
-3.365442268776189794e-01
1.330807997406658894e-01
6.066112895384767612e-01
3.031763122003042765e-01
-1.005147554012713496e+00
-2.776940505484730704e+00
-4.028083331114194365e+00
-3.952821479668921612e+00
-2.408655318409053780e+00
2.896818405861134593e-02
2.416246642551059587e+00
3.920930474313987446e+00
4.147051912788667138e+00
3.199795028736821312e+00
1.571470677803897376e+00
-3.048810740327251301e-02
-8.817812438392116370e-01
-5.040700415655404720e-01
1.034931241729760254e+00
2.963416980194534478e+00
4.022634488929078600e+00
3.108888543931857207e+00
4.442356265694902273e-02
-4.051672543062531773e+00
-7.182986528190365760e+00
-7.574158834503235127e+00
-4.801359221837105729e+00
-1.704512502121842132e-01
4.000714107566173183e+00
5.781713693349604277e+00
4.773719024796164945e+00
2.201901651605700394e+00
-9.205029533556524646e-02
-9.900472722907709411e-01
-7.538349708413023542e-01
-5.207341634577615785e-01
-1.095122716994347822e+00
-2.081236359094522204e+00
-2.148398004251282245e+00
-2.822735309477681920e-01
3.008745647516901656e+00
5.646734987287867824e+00
5.350883894760286807e+00
1.493246239650409812e+00
-4.029012479647534839e+00
-7.776516625578726583e+00
-7.095916183838285818e+00
-2.155722698346263400e+00
3.898827969434866425e+00
6.967162778259464062e+00
4.856484913697389771e+00
-1.077114450620180630e+00
-6.781611556207029601e+00
-8.332178639833102807e+00
-4.716128009376124197e+00
1.462092895906497825e+00
5.900666724598785606e+00
5.745970751560943057e+00
1.631924346641009826e+00
-2.912290183475913619e+00
-4.241312576317707084e+00
-1.453543675425786441e+00
2.860684192339096654e+00
4.597501127343824656e+00
1.389646590444654883e+00
-5.326676044297948387e+00
-1.104516298554704434e+01
-1.127557752105827049e+01
-4.782249593517938102e+00
5.361946583415406309e+00
1.366914979870719193e+01
1.573414163642848251e+01
1.090361865990024981e+01
2.372148673495736659e+00
-5.151511831112835615e+00
-8.408002136682569017e+00
-7.143197667557227959e+00
-3.460119450917660266e+00
1.559874633727122983e-01
2.451204239144492814e+00
3.548685863121961326e+00
3.896589313044420688e+00
3.272422925933264448e+00
8.999299070933162170e-01
-3.411608919121241534e+00
-8.257428227053166481e+00
-1.093371980053158943e+01
-9.139911342108835157e+00
-2.893201010864418166e+00
4.932207506051913271e+00
1.011251305355127528e+01
9.736446158589327382e+00
4.153031255837303704e+00
-3.237962665370917037e+00
-8.241094201137588726e+00
-8.549254408407460204e+00
-4.949773044139041289e+00
-2.977376119520021014e-01
2.803275680256632985e+00
3.756231312039157277e+00
3.866091634799180721e+00
4.643765439472664625e+00
6.081995708681243507e+00
6.448532999213453465e+00
3.831279596966199463e+00
-1.857566829894227389e+00
-8.189438456685680379e+00
-1.161023605517742396e+01
-9.981403735231605623e+00
-4.307903788723872474e+00
1.793083292014676422e+00
4.613647610879223038e+00
3.013459535466356698e+00
-8.214368781810548192e-01
-3.142888921817036163e+00
-1.608229198610917621e+00
2.830123143608730629e+00
6.599119764114963260e+00
6.264043731001656568e+00
1.267937684890778183e+00
-5.468731365307549552e+00
-9.586025515755505211e+00
-8.439041552480119890e+00
-2.989335421335165499e+00
2.981045859916365615e+00
5.704524749624137137e+00
4.140216120983515324e+00
5.298783469139980440e-01
-1.543242617256004312e+00
-1.453915112713477509e-02
4.119082061132549377e+00
7.719505325306686316e+00
8.079719433244401117e+00
5.059892010290667486e+00
1.095087733025754462e+00
-8.838742987545740171e-01
1.062610315808170114e-01
2.304720860840808960e+00
2.733512027786409782e+00
-1.711903561248263594e-01
-4.981597074250728063e+00
-8.128657085573241403e+00
-6.637909886866296461e+00
-6.611472551060297853e-01
6.229389279351395636e+00
9.360897393176161430e+00
6.267776830352870476e+00
-1.446287219966127413e+00
-9.099533297248262542e+00
-1.208767273906351569e+01
-8.928635840923176303e+00
-2.035517881653596817e+00
4.233702483802827210e+00
6.703174232134084143e+00
5.351110704942703578e+00
2.775642549640044532e+00
1.755770544496705332e+00
2.922808614548498607e+00
4.374805279058843865e+00
3.474105700686739517e+00
-6.714285821817761457e-01
-6.082430140404981422e+00
-9.115066563480569428e+00
-7.152043253220266017e+00
-7.456954239993507372e-01
6.455748532056938771e+00
1.003953281748209214e+01
7.792978572053621988e+00
1.208907793756708315e+00
-5.509786162765948347e+00
-8.218723370508552506e+00
-5.450648557632918667e+00
8.399539533643949341e-01
6.757673846480610536e+00
9.016953692304378265e+00
6.819743265822507006e+00
1.962210533807560164e+00
-2.630951420629297210e+00
-4.768416552603343739e+00
-4.035816935324834986e+00
-1.578754260786463526e+00
9.153590403466218550e-01
2.199357812687158908e+00
1.867576234843422611e+00
2.109133552044630822e-01
-2.094560656261631237e+00
-4.188113001682008729e+00
-5.164084779682080573e+00
-4.357612093242005713e+00
-1.791084666750322185e+00
1.538313938484548782e+00
3.937658137600346997e+00
3.924477065148638921e+00
1.265110003758193491e+00
-2.629975341478874906e+00
-5.407636117866686298e+00
-5.252234280990586868e+00
-2.169687464340534166e+00
1.889017107921488359e+00
4.272404003558242458e+00
3.453166288966374786e+00
1.534458520956913374e-01
-3.083047903748632024e+00
-3.642469978581366785e+00
-7.160979782334639943e-01
4.035598828035031005e+00
7.537949679754951227e+00
7.372744934222470903e+00
3.435601663884476409e+00
-1.964404848959832028e+00
-5.618322779615379403e+00
-5.488684723289747325e+00
-1.935144848525756522e+00
2.673716356767942059e+00
5.597629547268078376e+00
5.433205807595771653e+00
2.770878261289502653e+00
-5.014695123274997002e-01
-2.601055140122585652e+00
-2.916180923944373227e+00
-2.076615152000889530e+00
-1.173229313976329902e+00
-8.618136406938441407e-01
-1.046999808323147096e+00
-1.273122845494854660e+00
-1.348384485123070853e+00
-1.581387731568973498e+00
-2.405478412256685239e+00
-3.749562515784595540e+00
-4.782427624394728127e+00
-4.374281669021067742e+00
-2.004691045679322325e+00
1.596197212568750023e+00
4.671728312896870960e+00
5.503450225551828723e+00
3.619750574813286992e+00
2.579774699983763409e-01
-2.338866723123897096e+00
-2.385251458530964985e+00
2.113425049610998530e-01
3.725692323904437053e+00
5.737698726146085448e+00
4.764967986452029791e+00
1.287038430347419826e+00
-2.558644410366943234e+00
-4.417398975169046338e+00
-3.311404370117104978e+00
-2.887861642798821293e-01
2.323103780579368394e+00
2.547241419502391579e+00
1.449202013660138011e-01
-3.197411258530823197e+00
-5.015819483302626836e+00
-3.768239503340656604e+00
7.343154320635203458e-02
4.279902912684910632e+00
6.293182564946672386e+00
4.864295511000211292e+00
8.140464261174282790e-01
-3.558092664552822804e+00
-5.977748180479933282e+00
-5.582554778390989902e+00
-3.286455134909508580e+00
-9.462830221610980530e-01
2.481732915487130930e-02
-3.934624422034611602e-01
-9.593257651449389467e-01
-2.421355162438915687e-01
2.159682743387110637e+00
5.143201092821934495e+00
6.726760412978471493e+00
5.367970186678140188e+00
1.087542162006844393e+00
-4.359536186768462329e+00
-8.395217140678923329e+00
-9.046468090048715993e+00
-6.019151566171077938e+00
-8.042056081555786218e-01
4.180937652788305314e+00
6.854402923238815504e+00
6.411568369082296215e+00
3.503841245461647880e+00
-2.996076409952524999e-01
-3.353478736063530530e+00
-4.612986330780062261e+00
-3.892376430557880962e+00
-1.735146409654280575e+00
9.134824143567741306e-01
3.053355562564987302e+00
3.914993821559923148e+00
3.169074039205419524e+00
1.034877040794283776e+00
-1.769414255090539179e+00
-4.267607059498448763e+00
-5.594458038269104705e+00
-5.330819300754590984e+00
-3.634476327152918351e+00
-1.105344931398994035e+00
1.519856126530710894e+00
3.659024310964806403e+00
5.018642751913588995e+00
5.556677323926658474e+00
5.370848986899907196e+00
4.616871895042181428e+00
3.481307362725837073e+00
2.157430678764177490e+00
7.802663735593646788e-01
-6.417141335139278091e-01
-2.200708824499644223e+00
-3.920946596799985251e+00
-5.541247103543038399e+00
-6.453698461281701881e+00
-5.950545235721258486e+00
-3.706511838229169520e+00
-1.827096732233055576e-01
3.404271393092592302e+00
5.655975268356256969e+00
5.814987905121872913e+00
4.286878351043857727e+00
2.434451638249996996e+00
1.691052422929578469e+00
2.549213555193044378e+00
4.140065775309716756e+00
4.763896669132337891e+00
3.075140327682795327e+00
-8.720240127846630163e-01
-5.467781667834085368e+00
-8.442969651409420351e+00
-8.248339775842845611e+00
-4.997846169284170692e+00
-3.520779465023484711e-01
3.547034233379512624e+00
5.334793581328087342e+00
5.031287285398709841e+00
3.670845117689168546e+00
2.348710000636408779e+00
1.461627866498987238e+00
6.864334051329872288e-01
-3.989179025946335000e-01
-1.673486985140393513e+00
-2.423196199229759262e+00
-1.963697982919559548e+00
-4.038250828636092971e-01
1.163062415036020480e+00
1.325523939507670779e+00
-5.485098415793620008e-01
-3.633473922440807691e+00
-6.000035429189594538e+00
-5.858081421643952069e+00
-2.838411342459793651e+00
1.634880128121005916e+00
5.206026652339575733e+00
6.109126191828194052e+00
4.276829464657030400e+00
1.254190929632804208e+00
-9.892858319070094719e-01
-1.451521442925173710e+00
-6.692078754087530390e-01
-9.006096512776529117e-02
-7.890273078459102418e-01
-2.560182445494318948e+00
-4.097362000336020493e+00
-4.101867630153453348e+00
-2.410233025591315581e+00
-2.073985015899588724e-01
8.883838191226107739e-01
1.706635861786800767e-01
-1.462463150659089273e+00
-2.086047613118799049e+00
-2.374309977589741383e-01
3.786702782675156698e+00
7.854047029449073847e+00
9.302400498142954888e+00
6.760970489390039972e+00
1.200756109390658022e+00
-4.559300539024233601e+00
-7.581747154197092442e+00
-6.601577336277569152e+00
-2.679411423926220781e+00
1.663101944859001868e+00
4.149571817938174867e+00
4.088935173668247991e+00
2.488285997965145491e+00
1.007102084910634243e+00
6.311681619300051338e-01
1.057593961302194074e+00
1.165040992625799632e+00
1.001949798063569430e-01
-1.917450766597721623e+00
-3.693019504098952410e+00
-3.946141074948813277e+00
-2.279055758235236429e+00
5.194558873064163418e-01
3.038544300879729931e+00
4.216447974008091570e+00
3.975404094597604132e+00
3.075018851535694431e+00
2.359685646080067922e+00
2.030597236762979207e+00
1.521953029395500145e+00
6.449534387921396217e-02
-2.525795470276532839e+00
-5.472425440147025810e+00
-7.399884503490675058e+00
-7.199623350300147884e+00
-4.792440697414392048e+00
-1.252737611410636109e+00
1.788721824779735403e+00
3.058290330100138732e+00
2.282415901823685367e+00
1.998214960234294679e-01
-1.977472117535943763e+00
-3.244632278605294573e+00
-3.205452647014731316e+00
-2.041603982951468055e+00
-2.114250429083950333e-01
1.827938738125737261e+00
3.694177073622937346e+00
4.997055495907620326e+00
5.292123797155423581e+00
4.215351926945213989e+00
1.755902355534241455e+00
-1.539459521823890453e+00
-4.639331706157538093e+00
-6.418406789134980528e+00
-6.185524775831793498e+00
-4.051917045161636644e+00
-9.130680761637450793e-01
1.966926583369083215e+00
3.552793635310013798e+00
3.499517771582483672e+00
2.239770027939638641e+00
6.710192371146321832e-01
-3.631665153638821142e-01
-4.980624231134875846e-01
5.132338920797607784e-02
7.405247755337143190e-01
1.107152030233195195e+00
1.057486599745091738e+00
8.342118839311578604e-01
7.020282938027986308e-01
6.065880451106946403e-01
1.082060472410067975e-01
-1.291922102256257254e+00
-3.622821834450824063e+00
-6.115782734411034482e+00
-7.417304569558262450e+00
-6.338440538273604652e+00
-2.722044754718691006e+00
2.172649976516630499e+00
6.141456752071562164e+00
7.199359269308324372e+00
4.771205894385192714e+00
1.386117705955650647e-01
-4.212177820302839493e+00
-6.000546261155539796e+00
-4.461524761609617862e+00
-7.277533089941186084e-01
2.957708434536903574e+00
4.676090261220144484e+00
3.972207001636252954e+00
1.969047757761705597e+00
4.332624221778023088e-01
4.763824188389034209e-01
1.800775438664231176e+00
2.991798262154675481e+00
2.615334984274537256e+00
3.273309106486238518e-01
-2.783729528119232910e+00
-4.850376739885779109e+00
-4.421156327725372037e+00
-1.399554807114733457e+00
2.862412906583150729e+00
6.327669806169560651e+00
7.376118050052737019e+00
5.584670642147023578e+00
1.808502630483751261e+00
-2.355282189142584137e+00
-5.331128085991124088e+00
-6.160401777782229971e+00
-4.744678342839024232e+00
-1.768576427683656860e+00
1.587028397496962562e+00
4.060228737992760628e+00
4.783355699821095541e+00
3.678006217297505209e+00
1.548858128575719473e+00
-2.859176876332175099e-01
-7.371904822360736409e-01
3.361295128155150080e-01
1.930352049926060243e+00
2.460988410682254379e+00
8.168082234085647375e-01
-2.773113927364139641e+00
-6.700642851594553306e+00
-8.887381353769832515e+00
-8.085898311945880934e+00
-4.687757143409787552e+00
-4.513474092875000565e-01
2.682154960321530446e+00
3.843352790035159394e+00
3.644879183048444826e+00
3.450187533478524138e+00
4.076480633238094953e+00
4.973711577981882570e+00
4.593825451523533943e+00
1.748110997460091021e+00
-3.076294711305515239e+00
-7.551589337437173199e+00
-8.819840857558578051e+00
-5.484403527812720114e+00
1.130351435891684186e+00
7.472197453867950756e+00
9.844483596535532399e+00
6.762579141887007594e+00
-1.356301917331959039e-02
-6.526110104914307541e+00
-9.095693470526169833e+00
-6.590583548626157473e+00
-9.875834735752011539e-01
4.102391181918417118e+00
5.881121573187503060e+00
4.088923552302249576e+00
8.764306723468868743e-01
-9.770808767841561160e-01
-1.496860833221231868e-01
2.338031660154434199e+00
4.024845623064553735e+00
2.975904008136794676e+00
-6.584636707539180955e-01
-4.638106156233630983e+00
-6.185288162879012397e+00
-3.975464910227116455e+00
8.530531116186441665e-01
5.381084007771184119e+00
6.803389052377899482e+00
4.236107205651115315e+00
-7.616922562335455282e-01
-5.239538278209183275e+00
-6.713870280880480657e+00
-4.595101131808716488e+00
-3.300408304056126063e-01
3.684300015242802040e+00
5.584770206019604721e+00
4.955868407936568687e+00
2.719044433794354454e+00
2.758282134026799337e-01
-1.392908732746866551e+00
-2.094390912978687069e+00
-2.175306690629800421e+00
-2.022206472930227150e+00
-1.760223017556023839e+00
-1.323321892729316440e+00
-7.121036239137934487e-01
-1.211145382014256477e-01
2.086477103852389936e-01
2.580349761803079067e-01
3.213918346082766941e-01
7.700405416994484664e-01
1.648631045145855900e+00
2.467924545387647051e+00
2.452673162118923056e+00
1.144767432671686569e+00
-1.073948651686995603e+00
-3.001088605409582666e+00
-3.289125090924374550e+00
-1.395268833625199489e+00
1.851825549780659941e+00
4.547295101575294041e+00
4.794068074408805558e+00
1.939679648830928471e+00
-2.845206709106949283e+00
-7.092472151932443403e+00
-8.419606710530434412e+00
-5.950853532742867102e+00
-8.907038126273763012e-01
4.133958661236263765e+00
6.586229352794730652e+00
5.473802479894795070e+00
1.866137101334984560e+00
-1.825042320308248867e+00
-3.341019447443319912e+00
-1.923779330040401581e+00
1.291025135244117994e+00
4.036454564534424527e+00
4.327022296468372886e+00
1.649794463230348285e+00
-2.758597275105948654e+00
-6.656344770115762088e+00
-8.061750447000425979e+00
-6.279075225161382612e+00
-2.139984883768581092e+00
2.571326252687904823e+00
6.075245001006372547e+00
7.360716641524055248e+00
6.404006870335333446e+00
3.880315876974013811e+00
6.860405585588871258e-01
-2.402266876798806017e+00
-4.818289294252287469e+00
-6.163904378554323493e+00
-6.220479963111186450e+00
-5.071969869564645350e+00
-3.211575376028807494e+00
-1.439748925814463121e+00
-4.958807466685501986e-01
-6.022865633830805088e-01
-1.240379751052571144e+00
-1.385201986729954537e+00
-1.316338388442395146e-01
2.648214225410472356e+00
6.051939764260951371e+00
8.513320031740413185e+00
8.619492418060788808e+00
5.915393558209170344e+00
1.224783318354518258e+00
-3.698003830020042404e+00
-6.983260946922978718e+00
-7.480863782374121307e+00
-5.201866746891498750e+00
-1.211028951876186976e+00
2.892335351928341236e+00
5.614256131877791489e+00
6.069218392302401455e+00
4.223909902693915086e+00
8.728882461770748336e-01
-2.623205699195937157e+00
-4.797788142166391268e+00
-4.647068398849629745e+00
-2.116891126684872670e+00
1.747252948072780754e+00
5.160512787873621221e+00
6.396408918628201157e+00
4.663488308675106886e+00
5.793368277517982889e-01
-4.072062030500379848e+00
-7.218928868965224233e+00
-7.550859104486114859e+00
-5.154576253093087423e+00
-1.390977520039876403e+00
1.883481085262424193e+00
3.279019585872792852e+00
2.485860464793317348e+00
2.669923085910681504e-01
-2.058974093258766125e+00
-3.286875337149045340e+00
-2.803085992075186716e+00
-7.326892585570559113e-01
2.182353596548541219e+00
4.848727841465802157e+00
6.163344681608386999e+00
5.412561676248947684e+00
2.653455113224294948e+00
-1.117897680513917802e+00
-4.231144975174361278e+00
-5.073146696293020064e+00
-2.988075176357572360e+00
1.188656943316411585e+00
5.399637496089886746e+00
7.421237028355118781e+00
6.146362405645727556e+00
2.295389954934060839e+00
-1.952792130684085636e+00
-4.240019290042612354e+00
-3.432459386481082397e+00
-2.524754818935621703e-01
3.255503002033166116e+00
5.040027312030718853e+00
4.245300298433603459e+00
1.532966898171555403e+00
-1.587245073459158107e+00
-3.830001259267116431e+00
-4.800758035273452684e+00
-4.849040755944471925e+00
-4.389137420761023201e+00
-3.383977110878968908e+00
-1.495721863977694355e+00
1.231749272682416407e+00
3.839104302682815550e+00
4.715220931804127602e+00
2.671921702131003773e+00
-1.908152144618803892e+00
-6.824094641766148328e+00
-9.134767513301463637e+00
-7.003144223918502220e+00
-1.066223450705434672e+00
5.717503330704540865e+00
9.784966963439750032e+00
9.167313779286345721e+00
4.681313845106468641e+00
-7.199087103701651280e-01
-3.986632198073061240e+00
-3.964203913378020694e+00
-1.938968096431830546e+00
-3.993648665663536712e-01
-9.807627990590468414e-01
-3.153633483940593063e+00
-4.646346363266231627e+00
-3.284970556757753180e+00
1.142029041269625234e+00
6.422619828308421930e+00
9.261127383012084380e+00
7.487548671281263779e+00
1.565358860258662332e+00
-5.656100821297279424e+00
-1.072649107094663812e+01
-1.162691412614966424e+01
-8.671377698127745504e+00
-3.815120576574199340e+00
9.057617562360493757e-01
4.533486063955951550e+00
7.153843961010804442e+00
8.943461232310836451e+00
9.347282774426727059e+00
7.279056358671016191e+00
2.285775862712176476e+00
-4.337598801358958589e+00
-9.632465946712937210e+00
-1.054593899719277061e+01
-6.044406955285331229e+00
1.782720499725335417e+00
8.628771054068590018e+00
1.049429982231687219e+01
6.217035341318864816e+00
-1.726980726293299240e+00
-8.757188674332255118e+00
-1.106301840126935332e+01
-7.897483109156576475e+00
-1.785310625929595219e+00
3.397348212949407031e+00
5.059960630341288734e+00
3.421936255971854468e+00
9.739486562454908736e-01
4.228775350330822302e-01
2.686184929426053358e+00
6.343375145037289720e+00
8.804571152452119520e+00
8.213047852038728891e+00
4.665829111808793783e+00
-3.540776188543337533e-02
-3.751161236499985563e+00
-5.372171607699936402e+00
-5.217969404879098327e+00
-4.353516291189973408e+00
-3.554399719092490084e+00
-2.819954651316056715e+00
-1.752545767050377901e+00
-3.237156746157944243e-01
7.824168642614766078e-01
6.520488438295195532e-01
-9.295779950245787182e-01
-2.963286470755718049e+00
-3.731224808747389154e+00
-2.071578810332038056e+00
1.521940127749218830e+00
4.929117021316210767e+00
5.722344481825667017e+00
2.928898575995224629e+00
-2.050677788534521095e+00
-6.140534131730307266e+00
-6.538997690589358314e+00
-2.618432707636388468e+00
3.556098940441069001e+00
8.492629908103987546e+00
9.489784411995078273e+00
6.312206995505974305e+00
1.213931266292793909e+00
-2.653008680386441220e+00
-3.315816183953734342e+00
-1.137839288128374093e+00
1.654168426815061155e+00
2.639760636355665380e+00
8.637808552998791356e-01
-2.622848326794404716e+00
-5.605474144386442426e+00
-6.247414800250766120e+00
-4.247989784862978624e+00
-9.010263106733964467e-01
1.859365006218578920e+00
2.692774728998229783e+00
1.556303174166044467e+00
-4.697900856380836654e-01
-1.974007137567049597e+00
-2.035644106589933777e+00
-6.042301093452757677e-01
1.653525793417636836e+00
3.798598226126123745e+00
5.042985988086023497e+00
4.987993492501636261e+00
3.693409241436350854e+00
1.646488015293033236e+00
-3.659705870545311157e-01
-1.529504366993582165e+00
-1.392917294780745552e+00
-1.979568663482376145e-01
1.111750369871526090e+00
1.333675607654254414e+00
-2.662932426650468365e-01
-3.371713985656459744e+00
-6.607487757707144027e+00
-8.215441807573512278e+00
-7.070536868484323278e+00
-3.420156730885331342e+00
1.151771547754562697e+00
4.568505402755058675e+00
5.426446940760926374e+00
3.771774938107700148e+00
1.002888252387205581e+00
-1.043625560432432042e+00
-1.252632826183981418e+00
9.144838963272367005e-02
1.535730036651181463e+00
1.459599292152276240e+00
-7.775738090877614139e-01
-4.268252709865025807e+00
-6.956079037416713184e+00
-6.810937691303663222e+00
-3.108493702413166027e+00
2.952503712440607941e+00
8.708858093356722563e+00
1.137171866119285291e+01
9.527900190875630670e+00
3.957798328991873227e+00
-2.719212268432900537e+00
-7.405603559445603778e+00
-8.144287656237795048e+00
-5.085407042451681292e+00
-2.636590075242517539e-01
3.654392008633585931e+00
4.888767629019278971e+00
3.428387041787539058e+00
7.945061343386741193e-01
-1.086866447720744144e+00
-1.131698044200009523e+00
3.347953330128264904e-01
1.992735490036743329e+00
2.554344081099406250e+00
1.647473881286881214e+00
-4.342788898818528143e-02
-1.410533652483735301e+00
-1.801801799945498050e+00
-1.469625444511598822e+00
-1.270324344868054345e+00
-1.879703527500709237e+00
-3.157336301428134373e+00
-4.170261146947767728e+00
-3.874778384416792232e+00
-1.945869202915508467e+00
8.762263981655332712e-01
3.196252833922712089e+00
3.846136071274870449e+00
2.615121524627276983e+00
3.314478519043755345e-01
-1.717818803632066960e+00
-2.578457462545939993e+00
-2.080901388515767891e+00
-7.124160644199348802e-01
8.752110223790343646e-01
2.273023223536653425e+00
3.340684006884569790e+00
3.937844105530301952e+00
3.722479714246810900e+00
2.304337191608683444e+00
-3.153368976914290300e-01
-3.413257012844403526e+00
-5.712555355335251051e+00
-6.071031435012819166e+00
-4.258848190512675380e+00
-1.237939846919647424e+00
1.344138929040383346e+00
2.170951642381876212e+00
1.105646121550095895e+00
-7.307914046914425477e-01
-1.728232653540489494e+00
-8.817060898932348456e-01
1.541115238796775477e+00
4.204054111672707705e+00
5.604208181607172712e+00
5.021744339781058386e+00
2.874662558551722480e+00
2.982147449411745033e-01
-1.672665035721278226e+00
-2.698002028767700455e+00
-3.115330217257175072e+00
-3.418276866374935441e+00
-3.710845443636949792e+00
-3.590978092171487557e+00
-2.540828660720933829e+00
-4.864469998613536461e-01
1.941972960388075320e+00
3.680571016883507518e+00
3.857856983521585015e+00
2.340659190284510416e+00
-1.669922914893535726e-01
-2.516581307196904316e+00
-3.721505500850579740e+00
-3.401793636425362699e+00
-1.852856990382167002e+00
2.121374624774248208e-01
2.029411647250530137e+00
3.060119181883271811e+00
3.103385963404843295e+00
2.286510210540614985e+00
9.892274933720639485e-01
-2.815632195002861216e-01
-1.064660572840543384e+00
-1.118933410009913754e+00
-5.053078601648807178e-01
4.894542455424847893e-01
1.541335588734356943e+00
2.441307945570322602e+00
3.081513558234098227e+00
3.300582535009162655e+00
2.778723468849013223e+00
1.179105579730788556e+00
-1.474555015848662443e+00
-4.467276901421040058e+00
-6.479748761163652837e+00
-6.223776299524944378e+00
-3.315467215222760000e+00
1.227287522917551277e+00
5.342150003088754318e+00
7.055955862426221969e+00
5.708187654251782206e+00
2.401565707392849358e+00
-7.187704384707911398e-01
-1.926777664252413258e+00
-1.095523394617903712e+00
2.931797643645760454e-01
3.706634092754353960e-01
-1.547383310881424334e+00
-4.257285692119809895e+00
-5.461539671973488552e+00
-3.563508099660926742e+00
8.684119690222957821e-01
5.165424228937893325e+00
6.275207968647672274e+00
2.992245332669772218e+00
-2.933154610974339160e+00
-7.738161248067555675e+00
-8.120962689257799738e+00
-3.562727731742992177e+00
3.171578812319304941e+00
7.792067133751185537e+00
7.344758644353761134e+00
2.205585078550209133e+00
-4.182262008929961361e+00
-7.645318023504160010e+00
-6.064711024572265075e+00
-6.969505657068555404e-01
4.818855696919668752e+00
6.989307451583397501e+00
4.731565264780717150e+00
-1.372914961504196896e-01
-4.368852885125883212e+00
-5.524918596611066768e+00
-3.382666917267480144e+00
3.476745096950037972e-01
3.544343222263474757e+00
5.145068131019578495e+00
5.485093730659353461e+00
5.433991323492639580e+00
5.239666074601919021e+00
4.158907061726952570e+00
1.221428554716339487e+00
-3.536823039186413276e+00
-8.491823453709338665e+00
-1.114553352877407377e+01
-9.742625540958787411e+00
-4.620307702897190616e+00
1.767383632496625001e+00
6.271963049345735008e+00
6.977752841755650692e+00
4.306090371271774409e+00
5.510931015664459753e-01
-1.781462953569068031e+00
-1.633510292457163393e+00
9.065008447342751130e-02
1.429355232090617989e+00
9.423707484960763825e-01
-1.214443093325872303e+00
-3.461020180454423389e+00
-4.014115856685808836e+00
-2.220638646386903670e+00
9.572698313700916950e-01
3.606995409620906479e+00
4.157399123892562720e+00
2.378992080166283163e+00
-5.551015046711521572e-01
-2.906270540552828407e+00
-3.474340468935255721e+00
-2.235228797141065815e+00
