4.666137700572433822e+00
8.777160942651766717e+00
7.501335301401842237e+00
2.310431157833822358e+00
-2.963710687685502165e+00
-4.783110112518388135e+00
-2.228076580614139601e+00
2.514733995044878156e+00
5.745833009656563739e+00
4.811208433310709687e+00
-7.519196050967913436e-02
-5.917714818843060165e+00
-8.853735205550954390e+00
-6.656120114066881754e+00
-2.328064304339361179e-01
6.820647559240591740e+00
1.034509181058994365e+01
8.119374303625050970e+00
1.215733190923509177e+00
-6.613602489850201493e+00
-1.114614803391979336e+01
-1.015646389223151402e+01
-4.649248265385473644e+00
1.875570423176768919e+00
5.646376752634303386e+00
4.929823804739617010e+00
9.760977222168381040e-01
-2.977638054335371542e+00
-3.966808688805702587e+00
-1.313914185273382440e+00
2.954123118510059598e+00
5.572307006892072145e+00
4.391002025948116838e+00
-1.270146500353874774e-02
-4.619680879126781825e+00
-6.011398759705296690e+00
-2.794545370838038778e+00
3.284021190659261347e+00
8.364542909824724148e+00
9.006825197334555000e+00
4.524479542030121593e+00
-2.486624619862147334e+00
-7.816101948367801810e+00
-8.387157299919179465e+00
-4.223692217087804401e+00
1.683443508837012992e+00
5.478419368249809907e+00
5.031970396861195738e+00
1.242963565497615885e+00
-2.790430014884951682e+00
-4.071487753553872047e+00
-1.822259711465076037e+00
2.048954779959525130e+00
4.391720149966958253e+00
3.090462529795259705e+00
-1.437090892491648120e+00
-6.520262951731449874e+00
-9.023188610975404700e+00
-7.358640872389321075e+00
-2.382719870493474446e+00
3.316188566346461197e+00
7.108234932038147491e+00
7.792645398846396176e+00
5.954860472462515375e+00
3.191727212773436850e+00
9.443345248878151077e-01
-2.033556060617224548e-01
-4.183788797126971049e-01
-4.020659670297879740e-02
8.377769817615315917e-01
2.261610255956821192e+00
3.970557038415002626e+00
5.142751080091660043e+00
4.714048028870719165e+00
2.138594522079689142e+00
-1.981686389420745265e+00
-5.963462056882248952e+00
-7.893694997934237456e+00
-6.768126059228042557e+00
-3.165331991489331198e+00
1.015162197203875571e+00
3.608801699341524394e+00
3.382909991602969235e+00
6.589458563313814743e-01
-2.956238115241943021e+00
-5.489066246244498792e+00
-5.589200693377687656e+00
-3.075078790667639783e+00
1.131917349503858361e+00
5.499235466509340142e+00
8.479462663056391847e+00
8.982798819047783212e+00
6.663268285131548119e+00
2.034722289752116886e+00
-3.602576909228231372e+00
-8.486440525474133523e+00
-1.096526428220952987e+01
-1.014832237063342468e+01
-6.328125533875384789e+00
-9.127162786028300001e-01
4.151871929448561538e+00
7.193988346342180762e+00
7.449451038595988450e+00
5.222777294341269361e+00
1.579606459164928811e+00
-2.170898085767478225e+00
-4.902494157777515404e+00
-5.874936834678582187e+00
-4.793341169561720960e+00
-1.869845707048719330e+00
2.091492012450948401e+00
5.744280402947855357e+00
7.571079773396817814e+00
6.560736326804425644e+00
2.871369884777033477e+00
-1.988229659576649100e+00
-5.734246736341059858e+00
-6.453111744185888732e+00
-3.696916602366573823e+00
1.161237735832473916e+00
5.605270340080700464e+00
7.341348541239014480e+00
5.544804762974766099e+00
1.232591416290991226e+00
-3.445458261464489524e+00
-6.511577825245368878e+00
-7.209908313303746041e+00
-6.159582625900964281e+00
-4.606996972104330013e+00
-3.390622764007180656e+00
-2.395349611007723478e+00
-8.730778689453915220e-01
1.663233048828002936e+00
4.712580311533096200e+00
6.858066673428409032e+00
6.673548286328889745e+00
3.844583468609262589e+00
-3.438228081817218396e-01
-3.607764192686584881e+00
-4.049751954501815909e+00
-1.431638826345592364e+00
2.554384893056481864e+00
5.271722065408790847e+00
4.793160609924862925e+00
1.158676023819971146e+00
-3.594394160808753735e+00
-6.665530446367659678e+00
-6.201466197606418262e+00
-2.395169837754325126e+00
2.694360336215664731e+00
6.426753056665547525e+00
7.105296869996282183e+00
4.792765924178046255e+00
1.006142654328338715e+00
-2.367070748861821894e+00
-4.143224582962490743e+00
-4.254111359629897393e+00
-3.395483761495282859e+00
-2.342048558490064547e+00
-1.487312090924472585e+00
-8.578806076884933907e-01
-4.093887802889426553e-01
-2.138920776230367471e-01
-3.377163567078568240e-01
-5.818492047258730926e-01
-4.507847574117702094e-01
4.726587359846669001e-01
1.992800689461204922e+00
3.124497385311969300e+00
2.612653916823421518e+00
-7.155397064766499948e-02
-3.982254923287378734e+00
-6.913576350488665589e+00
-6.670853852416825269e+00
-2.659680495709793036e+00
3.346856543252032523e+00
7.982937624401541754e+00
8.293864578308415503e+00
3.719181811769894708e+00
-3.320959928741454625e+00
-8.755941581887533687e+00
-9.338372313860338281e+00
-4.664338377324299678e+00
2.599971130185642743e+00
8.433531454180927867e+00
9.962170511878557733e+00
7.090980273717637061e+00
2.257614922327900953e+00
-1.390670591807192435e+00
-2.058477085565955988e+00
-2.207760554069337355e-01
2.066511458679037627e+00
2.775816570603628630e+00
1.208039254984393240e+00
-1.840145875868361758e+00
-4.914529852879388372e+00
-6.906002359832165816e+00
-7.429251840531987838e+00
-6.480271351740740648e+00
-3.958369438064054613e+00
2.913403422600402415e-01
5.850805877501285224e+00
1.115986934830286614e+01
1.379416679937802570e+01
1.175393109105459999e+01
5.000034988341233166e+00
-3.963005999290725612e+00
-1.114448012341416572e+01
-1.328773546183744436e+01
-9.829916093852446579e+00
-3.227100843683716747e+00
2.641547164760192246e+00
4.921096508877701226e+00
3.403022670373449632e+00
2.625622087805198346e-01
-1.762680622599199998e+00
-1.322857438367781580e+00
8.836547239783301144e-01
3.068629259426207234e+00
3.976015881513678352e+00
3.759287336605879659e+00
3.431173503443769146e+00
3.489490489352844005e+00
3.082873320102609949e+00
6.452673103042818603e-01
-4.381231817904280845e+00
-1.021588474890691423e+01
-1.319458837358061132e+01
-1.007963716164332091e+01
-7.140109637369107531e-01
1.104066514472913596e+01
1.910817341486453103e+01
1.881297817400936623e+01
9.938506963245160364e+00
-2.925406443043850668e+00
-1.310096809453551181e+01
-1.584326983735835626e+01
-1.100045930702255603e+01
-2.629122809354931256e+00
3.982586331962555626e+00
5.698420173226544705e+00
3.038269466349890813e+00
-9.604731234611025847e-01
-3.348849909677389380e+00
-3.259820903730081376e+00
-1.932675411587979397e+00
-1.084713932954654014e+00
-1.205348509688984660e+00
-1.235722439735654099e+00
2.025905692384821766e-01
3.225030607026225571e+00
6.230569413483741492e+00
7.062967324900604638e+00
4.848163249105003736e+00
9.263868493659246361e-01
-2.006682236228882310e+00
-1.958544558395419966e+00
7.323703785712472047e-01
3.553832499299503844e+00
3.714295116330816882e+00
3.221932793886159718e-01
-4.864569394493686971e+00
-8.719099874322111532e+00
-9.048812216768403971e+00
-6.109870720690891766e+00
-2.175394765297459898e+00
4.138526400606654665e-01
1.063366303194933860e+00
1.097855764100693410e+00
2.196545129412286634e+00
4.503161205189457839e+00
6.157288888984844277e+00
4.822114331931747877e+00
2.976701821128036052e-02
-5.706711422391830268e+00
-8.244283952386581404e+00
-4.888283094457677613e+00
3.104995791391015114e+00
1.074372253149771339e+01
1.245876130763605261e+01
6.136629382468543170e+00
-4.932039104957907760e+00
-1.384023843272376197e+01
-1.458902842092216900e+01
-6.279075342291718265e+00
6.019288787308438415e+00
1.445494779935254215e+01
1.354280132315886931e+01
3.777856568519569080e+00
-8.718142941221204367e+00
-1.621693489083935091e+01
-1.430624147956118186e+01
-4.462625089071686091e+00
7.240036038399043861e+00
1.416055619785246833e+01
1.305566400766925028e+01
5.518956015786564251e+00
-3.643710289063039731e+00
-9.619333662360457282e+00
-1.015106381661081336e+01
-6.082429682895929446e+00
-8.434871016391487508e-02
5.149744060924190237e+00
8.019513695304883782e+00
8.115745865392279157e+00
5.809652187269962909e+00
1.968515231204964522e+00
-2.077346623509399137e+00
-4.702663008494082142e+00
-4.629965663447790369e+00
-1.817619961495294589e+00
2.142322254702407669e+00
4.714168334818416461e+00
3.998942143324907939e+00
1.752141521013914627e-01
-4.347915476563600556e+00
-6.394814198678306916e+00
-4.226604028585073891e+00
1.058674413791858004e+00
6.019867611342125002e+00
7.048794289208432318e+00
2.799334585749221560e+00
-4.788517455606389639e+00
-1.158506917393656543e+01
-1.376624953172503929e+01
-1.007710061342197072e+01
-2.459371066569731035e+00
5.224572707871459443e+00
9.434874002783079305e+00
8.759133360144977232e+00
4.343886159153624860e+00
-1.034876765525641229e+00
-4.518064927431366229e+00
-4.462172706302599323e+00
-9.993658617263598831e-01
4.172135581730243459e+00
8.552279176418782214e+00
9.895109844293529022e+00
7.250542217489350350e+00
1.572418322661614631e+00
-4.539303139748998461e+00
-8.074051841389698225e+00
-7.315073977777642789e+00
-2.993949789217233537e+00
2.012351630238836453e+00
4.485715213578394867e+00
3.098995548032160041e+00
-5.144948775036974897e-01
-2.814205382517327880e+00
-1.000495315399369645e+00
4.575230895219419835e+00
1.013541907475759452e+01
1.083585105720576003e+01
4.305594747497700325e+00
-7.150441547087336147e+00
-1.747101242987103831e+01
-2.052604297587760129e+01
-1.417094586250862953e+01
-1.845922212236122739e+00
9.491568342956961501e+00
1.376627978922500262e+01
9.530729402062979361e+00
5.354347070498259864e-01
-7.138665427512201234e+00
-9.240481646613760702e+00
-5.851422136996951906e+00
-6.266128471299792224e-01
2.384439647019769737e+00
1.797678468534097851e+00
-4.277098628867221919e-01
-9.990625475908020414e-01
1.784229783526145585e+00
6.565296439237268800e+00
1.002904676952577745e+01
9.589015213585859954e+00
5.453958210467861001e+00
4.289897203579964291e-01
-2.336285325790097289e+00
-1.798815222087331023e+00
3.011789620261535738e-01
1.043076814388725904e+00
-1.138270612997439146e+00
-5.071670013392097331e+00
-7.757456521757614354e+00
-6.830261993538490728e+00
-2.572391268154823774e+00
2.177285444243252321e+00
4.186948629707676339e+00
2.364833349749089209e+00
-1.358202439363369374e+00
-3.523663077781677533e+00
-1.869401953267636918e+00
2.839607684315366587e+00
7.304044920896474835e+00
8.133720005387305108e+00
4.373722582701153883e+00
-1.786621165649820542e+00
-6.599531707273926351e+00
-7.379639903740450535e+00
-4.194867989040718115e+00
5.169688370499412322e-01
3.916415716601110208e+00
4.690320775674312159e+00
3.525166486859528714e+00
2.004766124051008624e+00
1.075564614215922532e+00
4.361076931200020823e-01
-7.350364193503775567e-01
-2.535690608075585661e+00
-3.858512732074119711e+00
-3.239394756581284174e+00
-3.551780018340425782e-01
3.200129738021296522e+00
4.729031386029843631e+00
2.385401024293253514e+00
-3.218093794323783285e+00
-9.099690506737166729e+00
-1.177907519110521939e+01
-9.609655380121070678e+00
-3.848614593599059219e+00
2.315108369703889224e+00
5.996128267814072821e+00
6.396755754965664842e+00
4.853854972100795528e+00
3.294852953257101369e+00
2.514156942871879963e+00
1.747969263631191206e+00
-1.496517417789928750e-01
-3.057639412230946263e+00
-5.068229595839700785e+00
-3.780901754906751844e+00
1.494427004586166063e+00
8.470229339348385622e+00
1.284526680856869696e+01
1.109886061404924895e+01
3.178024735703531611e+00
-6.988297150366417299e+00
-1.374109706004559150e+01
-1.328530903079233028e+01
-6.156777845875306632e+00
3.166225992441805470e+00
9.230971645380883217e+00
9.083254305188697586e+00
3.884534215387625444e+00
-2.293810302087593733e+00
-5.459654781276640279e+00
-4.284455537461044017e+00
-5.724105400722248049e-01
2.453758050000585555e+00
2.588941380934683956e+00
1.522204415589101245e-02
-3.196371459000454163e+00
-4.816538396231687003e+00
-4.002916175556935130e+00
-1.603487529128594602e+00
7.600930701610475460e-01
1.926493691347441972e+00
1.796016852468893754e+00
1.033162740714334671e+00
3.539135393657242279e-01
7.882320392050279345e-02
2.133961082993297287e-01
7.552764848214595927e-01
1.764384614269506546e+00
3.081875808422109841e+00
4.057591778319670439e+00
3.738678066660551913e+00
1.552079030761920109e+00
-2.038526743796285068e+00
-5.552914765515693851e+00
-7.352958637247756002e+00
-6.762799583720823904e+00
-4.544636588500730490e+00
-2.264591185559095443e+00
-9.944600534388832180e-01
-4.209022091570457924e-01
8.132353933709256522e-01
3.711696794566810009e+00
7.612473885439583476e+00
1.018651730943690659e+01
9.004675736123875396e+00
3.611422277741863418e+00
-3.552851713956538315e+00
-8.338174740830607945e+00
-7.575624914863227310e+00
-1.419288813705580798e+00
6.434103492016623349e+00
1.097876211778716815e+01
9.138042249602513323e+00
1.776876091712234818e+00
-6.908335558478732707e+00
-1.216366518521565254e+01
-1.164892941981565322e+01
-6.585441265189448501e+00
-4.609801232230017476e-01
3.557513644545732934e+00
4.542048506841637412e+00
3.786608442759332949e+00
3.168546974676700323e+00
3.399018166933432727e+00
3.589694197200441028e+00
2.353824103622387032e+00
-6.374772109166142453e-01
-4.052713560241940627e+00
-5.798621903388930576e+00
-4.671330720139748038e+00
-1.370432804604580612e+00
1.980762865341604950e+00
3.423164062301430111e+00
2.564710950129107658e+00
6.811451121008071929e-01
-5.045994702046281422e-01
-2.928275055166296159e-01
5.169917049951950894e-01
5.106244441309091275e-01
-9.079028938401501048e-01
-2.820468383085029007e+00
-3.486129906113577093e+00
-1.860135153067475233e+00
1.368429048456063502e+00
4.162556834751391044e+00
4.691617852350710827e+00
2.777420675968835795e+00
-3.391868836626121819e-03
-1.686925079234875335e+00
-1.619873201771475646e+00
-1.009417988034752245e+00
-1.775104066045313678e+00
-4.617132700431946901e+00
-7.985599311702948455e+00
-8.999231463822709998e+00
-5.761157609338006580e+00
7.563607398246021685e-01
6.928846546225041259e+00
8.891775992852636534e+00
5.440400242375884154e+00
-8.506373298699905217e-01
-5.325194640347667985e+00
-4.645039124324121360e+00
6.368608495985301765e-01
6.361123112211922503e+00
7.822876963227660241e+00
3.375691271052943421e+00
-4.165088771564341208e+00
-9.473074521848669605e+00
-8.637645724046862483e+00
-2.139439743460189280e+00
5.405057620588276102e+00
8.611721078102856808e+00
5.339314429090209480e+00
-1.650154261626495256e+00
-6.653579114428524122e+00
-5.202739756843047125e+00
2.592387421882868637e+00
1.196318445192789959e+01
1.670803833705094021e+01
1.339752620550882867e+01
3.608651165377819936e+00
-7.254031829389776753e+00
-1.354344077931658319e+01
-1.277995144666122229e+01
-6.669937978591541139e+00
6.068793896614290695e-01
5.288022357568186393e+00
5.999860229192826466e+00
3.742779794876748056e+00
4.448258409553769166e-01
-2.459974680011607795e+00
-4.382052537286880600e+00
-4.998139288093961241e+00
-3.739208791189703618e+00
-1.296941441505699011e-01
5.247286524220770687e+00
1.021662894169428881e+01
1.180076680948373813e+01
8.121941167743164769e+00
9.325877393691373030e-02
-8.546692405742001952e+00
-1.320550737720023271e+01
-1.124388503128893646e+01
-3.699641101377847185e+00
5.320472289752008699e+00
1.119911711293008416e+01
1.155877627058088208e+01
7.360868474657760174e+00
1.761578252298983127e+00
-2.251500595783422654e+00
-3.657062130877309691e+00
-3.461139717872758759e+00
-3.280462289344841853e+00
-3.796152904999289035e+00
-4.352251951759331661e+00
-3.883946854306742136e+00
-2.207123453148457592e+00
-4.387471366879072687e-01
-1.265587960316135741e-01
-1.829560228111814846e+00
-4.410081360482395851e+00
-5.730428043631515145e+00
-4.266824897449144061e+00
-3.524051084104915521e-01
3.979577420870533899e+00
6.459878297459641594e+00
6.197765551520313387e+00
4.163109623263350656e+00
2.180796133328210651e+00
1.307819611639001067e+00
9.760789103204037254e-01
-3.522876189729872154e-01
-3.548335027107915263e+00
-7.601989730904056053e+00
-9.961496760048504484e+00
-8.324728619916514916e+00
-2.560066976632121349e+00
4.779603375097524420e+00
9.882864250615476465e+00
1.011233201769495338e+01
5.716384240985198595e+00
-4.047413314574486165e-01
-4.682352813731395003e+00
-5.161372422415754890e+00
-2.484583931681981550e+00
9.796628402071949626e-01
3.035928443945194566e+00
3.085036645309890968e+00
2.088378322229840212e+00
1.321991437720087870e+00
1.107808993865800895e+00
6.238106891203138993e-01
-1.096266758227602445e+00
-3.914188339382655979e+00
-6.268534683699150456e+00
-6.196148756151186099e+00
-2.958281707166908969e+00
2.045638325064311758e+00
5.920188274045964150e+00
6.137686510023893760e+00
2.320513404268208291e+00
-3.362973371718264382e+00
-7.517174617158733696e+00
-7.658524711326466061e+00
-3.718731576398867311e+00
2.056843693584172961e+00
6.642935774902928969e+00
8.082529405524814692e+00
6.434244162392399602e+00
3.343903040719635289e+00
7.360961060549391366e-01
-3.807170313717370691e-01
-2.563830618036768705e-01
1.399153138289193077e-01
-2.329936234378082727e-02
-9.081052351136347234e-01
-2.063606348603710394e+00
-2.867021416631343023e+00
-2.948986039737862441e+00
-2.342411240002932882e+00
-1.364370079699775973e+00
-3.946190323613297801e-01
3.160114321638823331e-01
7.679092616158940121e-01
1.245067316020302295e+00
2.188034708825734587e+00
3.856470409184562520e+00
5.901961861631340511e+00
7.184903685040810117e+00
6.174563203105741138e+00
1.926213783058443596e+00
-4.895784334079612776e+00
-1.175863891149382034e+01
-1.525837494635007552e+01
-1.303357266719333651e+01
-5.458465417210510928e+00
4.124754599747182837e+00
1.105356846173082808e+01
1.201510852425795406e+01
7.051434940570074694e+00
-4.869392139326417235e-01
-6.098248616829425650e+00
-6.991045024186132828e+00
-3.709492292129931812e+00
5.775736249040817061e-01
2.567050401427918516e+00
1.255419014871829386e+00
-1.467040926237388465e+00
-2.473754774725144046e+00
-3.616473904569916797e-02
4.585201297473451731e+00
7.847418278832368088e+00
6.468231029029669621e+00
-4.305869931067451972e-02
-8.735887048905729202e+00
-1.495828905052564295e+01
-1.527071170351127982e+01
-9.507625390096912099e+00
-6.371579161907381383e-01
7.315065485279706792e+00
1.168472570646051523e+01
1.226153790991099335e+01
1.053917562313823453e+01
8.031064128243190936e+00
5.146294718590318951e+00
1.464869180872822252e+00
-3.043149828781897881e+00
-7.149640453847910138e+00
-8.834239513365005791e+00
-6.864474200439212304e+00
-2.186910736259816801e+00
2.202411920071510210e+00
3.116679096405322813e+00
-4.504854528294790494e-01
-6.239961466369241982e+00
-9.931759309853886108e+00
-7.995508384285740178e+00
-2.593709234201879710e-01
9.657119528993494129e+00
1.646555516035704514e+01
1.651735735807289274e+01
1.007682067170019913e+01
1.039982833889856018e+00
-5.660982968659549641e+00
-7.165637136591391787e+00
-4.224729633141143914e+00
-2.491227826219969133e-01
1.318864223119697421e+00
-5.873495235100293366e-01
-4.096848963874150762e+00
-5.943706659426001515e+00
-3.922310460591653225e+00
1.477878469331443956e+00
7.326793006739593217e+00
1.013770161602981368e+01
8.069419779796874082e+00
2.027033836538954858e+00
-4.947892117433704051e+00
-9.494387935694282632e+00
-9.773916162037892263e+00
-6.271990450730401179e+00
-1.228119258341323849e+00
2.812210226554401782e+00
4.403104314544538767e+00
3.787933741643030316e+00
2.446959343726315517e+00
1.973033460629161961e+00
2.979721742048532462e+00
4.683611069795306392e+00
5.405379113204926256e+00
3.707871221056088906e+00
-5.018643751135738462e-01
-5.615956340943426994e+00
-9.041333096417252690e+00
-8.678355479540936557e+00
-4.318694956056946310e+00
1.951723482052568848e+00
6.740273328782880213e+00
7.266612440946568441e+00
3.091136890745938892e+00
-3.464654661588237428e+00
-8.575488522463556862e+00
-9.157030677971475185e+00
-4.727544055547692636e+00
2.297127549498264365e+00
8.083158842288021617e+00
9.701663188110067892e+00
6.822533776583751930e+00
1.733610091697808553e+00
-2.253921730381545530e+00
-2.918141143167040319e+00
-3.883900443480702291e-01
3.171935418521325545e+00
5.115260911716571712e+00
3.985072369677669979e+00
2.485566775261021100e-01
-4.242110802786559276e+00
-7.522861365365099751e+00
-8.599721674343744127e+00
-7.706579720117318288e+00
-5.777683767861896413e+00
-3.692450261209602846e+00
-1.867541078154383527e+00
-3.615136996039953754e-01
7.908483237449154268e-01
1.420292691099190652e+00
1.391282195801053945e+00
8.825579366451483665e-01
4.323069072083011166e-01
6.136015363861084815e-01
1.568874429039505136e+00
2.811979556649652601e+00
3.525243176177014881e+00
3.171542702634433830e+00
1.947430903393884805e+00
6.845862660325281457e-01
2.239279742052833200e-01
7.190358614533932657e-01
1.422786181193600008e+00
1.175204201620772437e+00
-7.180075121194275933e-01
-3.848222129101660727e+00
-6.801443501217654841e+00
-7.975394689892292277e+00
-6.588096811243620010e+00
-3.203233353076935686e+00
5.804670795270862049e-01
3.070812125344183130e+00
3.445840633750384185e+00
2.145544047199460458e+00
4.941690510953141713e-01
-1.555525292654582614e-01
7.931520728565626399e-01
2.908758434760068123e+00
5.054465508384263117e+00
6.041294028667802962e+00
5.214354321963855732e+00
2.694096711342589323e+00
-7.632685930863998269e-01
-4.126493549409348205e+00
-6.459375618589977996e+00
-7.162547070053763676e+00
-6.063312081395245023e+00
-3.403343899852914411e+00
2.207597306224133860e-01
3.948874454819021551e+00
6.805695412686621815e+00
7.934332758471310143e+00
6.896188488741567646e+00
3.938274928860928448e+00
6.715751677799475239e-02
-3.210267679147355668e+00
-4.479048403797593281e+00
-3.125130621978719159e+00
2.189856451298263229e-01
3.833816344420636568e+00
5.727928216035075515e+00
4.741180466444867569e+00
1.294182016862389872e+00
-2.750503707343900484e+00
-5.146838341473270795e+00
-4.657169756441852826e+00
-1.884038347519649825e+00
1.073765275873532765e+00
2.006468519147890817e+00
1.413528426127607096e-01
-3.223326166875929655e+00
-5.521936096097084246e+00
-4.703347716274556944e+00
-7.914629088754661090e-01
3.914421877337576738e+00
6.252900847969935505e+00
4.346863007119043942e+00
-9.805276678678985780e-01
-6.560886604434636560e+00
-8.861787745728058496e+00
-6.306188558782084286e+00
-3.550477464208308120e-01
5.417356932889361154e+00
7.661835794933828048e+00
5.432841191544129700e+00
7.304108509168026897e-01
-2.952136272870355960e+00
-3.063491434640646105e+00
2.667661861582012461e-01
4.371776649024017303e+00
5.954423792852212571e+00
3.430222983109721291e+00
-1.905241877691188801e+00
-6.677828453761478045e+00
-7.659024425439996620e+00
-3.921741216317835566e+00
2.493470019765837264e+00
7.820436862838795022e+00
8.895770780681830914e+00
5.087218146029376165e+00
-1.359453520458888232e+00
-6.712103474593915209e+00
-7.978865036148453882e+00
-4.618195174360542943e+00
1.236438812109192487e+00
6.089250217421167122e+00
7.109254157069968549e+00
3.703153404371647639e+00
-2.212340505793891854e+00
-7.330267303828323477e+00
-8.803478047180387733e+00
-5.799708312174270297e+00
7.544150277754635425e-02
5.702180669713883709e+00
8.200191222394618507e+00
6.535951547162071051e+00
2.073243977403298022e+00
-2.263407560403152274e+00
-3.746758714624291109e+00
-1.500529010275906794e+00
2.948435816763297357e+00
6.576862864342309933e+00
6.699146528548781454e+00
2.611086044709296949e+00
-3.966901017656326633e+00
-9.902028701737837224e+00
-1.245114149879495713e+01
-1.071030429838778808e+01
-5.855540907532303052e+00
-1.598168524738525775e-01
4.426160607809108249e+00
7.139049282019723996e+00
8.239138526237727689e+00
8.165116911800911481e+00
6.849765861609344419e+00
3.832668940966684090e+00
-9.268785879253311766e-01
-6.298498785664941479e+00
-1.009561443346379761e+01
-1.021069187971979098e+01
-6.067834760902520941e+00
6.902560483793098722e-01
6.919727122339551784e+00
9.749842068117322569e+00
8.261986014661040656e+00
3.924034597055364060e+00
-5.201327615504823809e-01
-2.912527984841730699e+00
-2.970196680446367310e+00
-2.115528446793242257e+00
-2.054284302816072660e+00
-3.242253581998142398e+00
-4.451760728730803862e+00
-3.793503002264999591e+00
-4.075290269770389662e-01
4.521493697158608605e+00
8.302543633708278747e+00
8.542561238319255068e+00
4.931337901972366211e+00
-3.467087310011245371e-01
-3.980954878274104658e+00
-3.798285379886579438e+00
-3.411477014601158597e-01
3.396613801304345870e+00
3.968138486772122775e+00
-1.186932726397751381e-01
-7.219307040382769713e+00
-1.341738069981744985e+01
-1.488893199650360444e+01
-1.023730275149751812e+01
-1.329189151452367490e+00
7.821663025989479934e+00
1.332546534481628697e+01
1.339600085362168258e+01
8.921274146073852052e+00
2.505980927856862550e+00
-3.188017797555663613e+00
-6.694081696245154589e+00
-7.950554126764056484e+00
-7.635070946760517785e+00
-6.328844007127694127e+00
-4.163149247627059957e+00
-1.090235112942919748e+00
2.604384554867309909e+00
6.079605840025576136e+00
8.245775956924644490e+00
8.381953081094980718e+00
6.589477852664494151e+00
3.737302616992545623e+00
9.413160139666199022e-01
-1.046539708861360829e+00
-2.128764911063234067e+00
-2.687750299133742082e+00
-3.145598435221908851e+00
-3.618276207754055118e+00
-3.899708334483088734e+00
-3.724405461997297717e+00
-3.043218646088982293e+00
-2.066902139955077988e+00
-1.053702035597736231e+00
-4.954499495774711271e-02
1.160540552685883187e+00
2.806915526618721568e+00
4.775199184286562648e+00
6.445996737049259018e+00
6.934560729803956214e+00
5.635102849137962444e+00
2.713693785523009439e+00
-8.262123983906078939e-01
-3.620086529986910051e+00
-4.698887042089064714e+00
-4.039384488127853778e+00
-2.524937474950946559e+00
-1.317774967049672119e+00
-1.055884758314020511e+00
-1.434330117326526599e+00
-1.487201788320879459e+00
-3.979882766301472419e-01
1.734342945097194999e+00
3.762724004690836566e+00
4.170399544758942589e+00
2.158487405692925964e+00
-1.603747710027457529e+00
-5.153581045559223028e+00
-6.329042669858013781e+00
-4.133598113820972308e+00
5.226113057482038027e-01
5.244528327138052504e+00
7.530158607994476228e+00
6.253193564329218468e+00
2.303327234349354491e+00
-2.023750772880683169e+00
-4.474213389645022687e+00
-4.164660105353826580e+00
-1.940753633752902996e+00
4.021682165663680308e-01
1.425361262942581142e+00
9.397787425267541961e-01
-1.080493071983137376e-01
-5.909293436279523526e-01
-2.134420062468640744e-01
2.238676929498104595e-01
-4.709479876784266050e-01
-2.744966217066092895e+00
-5.632954484676536033e+00
-7.148501398057791612e+00
-5.553668177897478131e+00
-6.560134937031936175e-01
5.795965151527129322e+00
1.096189192806287771e+01
1.250239253237909409e+01
9.904616063890069100e+00
4.704447842530635526e+00
-5.004771746383855913e-01
-3.578154034016333362e+00
-3.962229006129507347e+00
-2.703363254721402154e+00
-1.565046975786496430e+00
-1.837049568410266787e+00
-3.621248385263951430e+00
-5.937420394868980544e+00
-7.436374027615098470e+00
-7.184604051850003614e+00
-5.065528438981966808e+00
-1.688958859995622674e+00
1.981742913981799692e+00
4.995956267668145934e+00
6.630910892844064541e+00
6.495386976344083685e+00
4.614979614416974130e+00
1.498661589999730204e+00
-1.920970615563951878e+00
-4.562348125163954826e+00
-5.617634100773253536e+00
-4.899202363654825199e+00
-2.883466192334095624e+00
-4.111853147451689505e-01
1.757332132422530613e+00
3.235112082659195476e+00
3.983423489589441591e+00
4.063007107581526611e+00
3.431760891392127366e+00
1.999585707649182975e+00
-9.948187347936232605e-02
-2.288146036930072569e+00
-3.653344773248075494e+00
-3.405005353551984637e+00
-1.400211686781553277e+00
1.664310981117591570e+00
4.583922917402338371e+00
6.310517342121496398e+00
6.490942280902094907e+00
5.495560321914309654e+00
3.936097404222339335e+00
2.078010415716305292e+00
-3.433370429527258239e-01
-3.699768076318875831e+00
-7.743987462540502520e+00
-1.120150042746865182e+01
-1.215678125438122237e+01
-9.158490240786354875e+00
-2.386359298626112846e+00
5.956326567737857403e+00
1.245797185128122209e+01
1.419593555655778871e+01
1.036804734488170254e+01
2.857233801453121558e+00
-4.684272922724823651e+00
-8.764049447332210363e+00
-7.899991173937753963e+00
-3.327704871110476859e+00
1.829840108287671185e+00
4.420792280309047584e+00
3.050938271082039854e+00
-1.229716760205596282e+00
-5.691291170891003226e+00
-7.626672068001211002e+00
-5.947494949945002496e+00
-1.733520518661023857e+00
2.543330722394339993e+00
4.591989933162038184e+00
3.679616837608951752e+00
9.728346440973387743e-01
-1.331995896682457881e+00
-1.501435694940449039e+00
5.915324539819514227e-01
3.409180972869587656e+00
4.804074984835681406e+00
3.488189475451173749e+00
-5.757788334496827254e-02
-3.842570160602089668e+00
-5.631592985519467298e+00
-4.383038374135193038e+00
-9.084684388015413781e-01
2.677607182082006876e+00
4.337762443314074012e+00
3.390845858868551499e+00
8.467409945285040429e-01
-1.385850879186552698e+00
-1.830603473203188614e+00
-3.843972161016884770e-01
1.744654758089393853e+00
2.983177338943113099e+00
2.494222538844197867e+00
6.521661752778968868e-01
-1.377323192553547404e+00
-2.545687454406919681e+00
-2.590386000724768767e+00
-1.994151579574591437e+00
-1.370795664496947674e+00
-8.708172630956720894e-01
-1.409627525320283903e-01
1.144385587293001327e+00
2.696736534615188585e+00
3.579063268772872064e+00
2.875154929827591577e+00
5.731569713411484024e-01
-2.109707986473989827e+00
-3.376742648708443983e+00
-2.126069461145174699e+00
1.076941291378029408e+00
4.147669268321294567e+00
4.791630032553719332e+00
2.123641358669526191e+00
-2.571947221406598594e+00
-6.560883167537010507e+00
-7.429473400057828414e+00
-4.692730067790449766e+00
-1.079705514826934110e-01
3.527641533937655449e+00
4.237761984456835052e+00
2.076902394842604416e+00
-1.112134525331341495e+00
-3.121206545835813806e+00
-2.878681371118466892e+00
-9.555097452121448232e-01
1.171785469382210731e+00
2.388820096826381967e+00
2.687162007899011940e+00
2.846198285501620795e+00
3.440419128474710764e+00
4.122615816151444790e+00
3.869654263310651210e+00
2.009720460269256215e+00
-8.878375723986839940e-01
-3.142047755802470199e+00
-3.166301194528167162e+00
-8.508195635471098583e-01
2.057226242319453391e+00
3.057604560522527493e+00
7.873777039211968809e-01
-3.729857867973054741e+00
-7.547714108610035666e+00
-7.797888329901494942e+00
-3.835031343365797873e+00
2.093134913182791657e+00
6.260658900030522389e+00
6.036264427936597343e+00
1.772467416554608821e+00
-3.398857839861472829e+00
-5.770544069597386638e+00
-3.693395618808317238e+00
1.272992175027221728e+00
5.533019603621456284e+00
6.090285755555816749e+00
2.711779114259637691e+00
-1.956042084162012085e+00
-4.378420081682532050e+00
-2.742494741468491704e+00
1.732505551341013028e+00
5.715949620512770224e+00
6.197658768688648401e+00
2.631228590926592226e+00
-2.740905507716915324e+00
-6.534610603581823440e+00
-6.571007449075176865e+00
-3.224665694477305777e+00
1.090497788605680807e+00
3.755290543054183416e+00
3.658418852590306081e+00
1.589391687836356759e+00
-7.756292234860460155e-01
-2.313040540857752347e+00
-3.128861576871564409e+00
-4.037473754165420203e+00
-5.444798048757004238e+00
-6.703974243449139614e+00
-6.547813082339853707e+00
-4.230038956561776864e+00
-3.590956903900135444e-01
3.363517925904137229e+00
5.366268620326314576e+00
5.409878573158547255e+00
4.736359505066296549e+00
4.957984054008218067e+00
6.533812052468758402e+00
8.100751438184470743e+00
7.328099190128646079e+00
2.775099259698850851e+00
-4.628620991607645507e+00
-1.168994739883688538e+01
-1.473783358409246880e+01
-1.193114671991784448e+01
-4.497652810161397952e+00
3.966219055681588390e+00
9.651713337053493547e+00
1.067539733182571382e+01
7.808487442970889703e+00
3.473601483741441509e+00
-8.805857233036007425e-02
-2.093669931736108492e+00
-3.127674136229396940e+00
-4.001181579475941774e+00
-4.671264918936754107e+00
-4.184787737527034146e+00
-1.686827430153390317e+00
2.406740617166622798e+00
6.167224963380750324e+00
7.220924245066974834e+00
4.438671945919986150e+00
-1.018438215322957419e+00
-6.177870993869676752e+00
-8.054859496832236232e+00
-5.582958034658774160e+00
-3.377305722544778899e-01
4.474638789521906190e+00
6.098464862134737707e+00
3.983800640033046569e+00
5.749310185239558946e-02
-2.629815008032143631e+00
-1.941528282271435035e+00
1.971338903453707214e+00
6.812928127428437008e+00
9.633060095176848137e+00
8.653827898110515449e+00
4.282205305490232483e+00
-1.249718004199847465e+00
-5.293432287677674708e+00
-6.318015573657443262e+00
-4.658093858701413126e+00
-2.110405159439705081e+00
-7.129027231991443836e-01
-1.478166329779189381e+00
-3.817429376398479235e+00
-5.953128955463287575e+00
-6.046668953979465577e+00
-3.372595763993231799e+00
1.150526208642287829e+00
5.401625178975731245e+00
7.243901523031748724e+00
5.777627098375439196e+00
1.901414174406361290e+00
-2.197333347223929145e+00
-4.354250616639981253e+00
-3.741974034772129976e+00
-1.333532945004335168e+00
8.237159658603636636e-01
1.075112822985661465e+00
-6.226177173363912631e-01
-2.610369116980483462e+00
-2.700928715620808163e+00
1.416521507841055350e-01
4.799484903615037545e+00
8.462394244458330661e+00
8.355307902654587338e+00
3.624942561528412099e+00
-3.898899892669099643e+00
-1.063926430024180370e+01
-1.334391037116014900e+01
-1.096287928273779144e+01
-5.136803207027775819e+00
9.563789461430322048e-01
4.565189200969327565e+00
4.836356141012242205e+00
2.928856986330888201e+00
8.890969200122734728e-01
2.085763964312440377e-01
1.057486838775594018e+00
2.555172958805745242e+00
3.644264055398287461e+00
3.792106810761444624e+00
3.055830470404937937e+00
1.680792037307448306e+00
-2.130815962437673794e-01
-2.485164195168124479e+00
-4.551106036713452596e+00
-5.258406034844381516e+00
-3.461468284997057054e+00
9.499787210464651910e-01
6.387108627850738074e+00
1.002266417561712508e+01
9.373919198941599973e+00
4.069403327581049723e+00
-3.493796569562860999e+00
-9.286643200718096125e+00
-1.003622704230289209e+01
-5.348430355007878667e+00
1.911812709290708678e+00
7.348787344604467364e+00
7.796984372642532080e+00
3.291411656521127327e+00
-3.068089401253881743e+00
-7.242388105030268086e+00
-6.900448400704098262e+00
-2.800421359610101302e+00
1.960241878936089810e+00
4.199572649953920767e+00
2.789764298982229107e+00
-7.636719461980807644e-01
-3.578523371864872793e+00
-3.483697337023746510e+00
-4.455360516716549979e-01
3.571969011343186118e+00
6.056706077392464138e+00
5.588275366062187111e+00
2.561635968785623607e+00
-1.332668376711351854e+00
-4.305638299971340288e+00
-5.428618751853515612e+00
-4.803434761926575369e+00
-3.084095666017107717e+00
-9.214992654983951148e-01
1.221137257173540602e+00
2.912540222459587547e+00
3.641441479058336483e+00
3.039991666875929255e+00
1.307253320585748835e+00
-6.308959913850074042e-01
-1.563821150476135236e+00
-8.572101846301104500e-01
9.202173547622585215e-01
2.217502375501029910e+00
1.575890136890805371e+00
-1.166318401764673496e+00
-4.499961671343990055e+00
-6.136236766152081579e+00
-4.638390367791178193e+00
-6.100168402834418302e-01
3.537276480452130833e+00
5.213081430429539864e+00
3.565084360678220765e+00
2.444114866943989384e-01
-1.672871882201304450e+00
3.909874803800514331e-02
4.890909232782504112e+00
9.659114935275782798e+00
1.040167389808564913e+01
5.225199720442431861e+00
-4.108712826653277972e+00
-1.294659736922293547e+01
-1.649592411823770988e+01
-1.280971448053671935e+01
-4.042854835042898998e+00
4.854548789947279452e+00
9.157296655932096741e+00
7.151392793378905210e+00
9.493666423373836594e-01
-5.069799457556321443e+00
-7.076316673105996102e+00
-4.033810556406255188e+00
1.944167286959784802e+00
7.146288778186455914e+00
8.574423156683426583e+00
5.551279144159583012e+00
-2.027115088839591683e-01
-5.808037081700735627e+00
-8.839315781972352681e+00
-8.362522172870878734e+00
-5.009700400814406152e+00
-3.496001811849405172e-01
3.898405292907429320e+00
6.411737956243126035e+00
6.517021879028744635e+00
4.290567507295831362e+00
5.868982930167501166e-01
-3.102591735206095436e+00
-5.104156887712999691e+00
-4.282105229164825388e+00
-6.939994674126228613e-01
4.259257829491676084e+00
8.406006566830294346e+00
9.870924546216718554e+00
8.048434751626261985e+00
3.898142799645815337e+00
-6.255131293350300048e-01
-3.663348823880573146e+00
-4.403467343868920025e+00
-3.354043718551884545e+00
-1.849212620969143073e+00
-1.174257318571364728e+00
-1.878146248514177108e+00
-3.639040482957609068e+00
-5.638196124272645271e+00
-7.081885474356637289e+00
-7.495972199258051027e+00
-6.676331694586090215e+00
-4.487059097115420059e+00
-8.130161714434094300e-01
4.191181117310528670e+00
9.724635685629387183e+00
1.421256477561735743e+01
1.572369347144553764e+01
1.287922189037377230e+01
5.802362143172020481e+00
-3.505311373466957203e+00
-1.174717494557510733e+01
-1.573331196540321386e+01
-1.393188451281823959e+01
-7.312386895765051520e+00
1.063736173720527312e+00
7.569672469206171428e+00
9.856532993707155299e+00
7.975934947174067702e+00
4.121494095105631139e+00
1.135478090283785324e+00
6.887133681424963960e-01
2.272249329715995803e+00
3.655173324549172431e+00
2.532596241299394091e+00
-1.707529042808262787e+00
-7.297560202363262860e+00
-1.101807103358361140e+01
-1.021856747043430147e+01
-4.646464272269189344e+00
3.142088558533236764e+00
9.138110025535642222e+00
1.020827784416631268e+01
5.948691223402327921e+00
-1.100433553243840512e+00
-6.999321004574901472e+00
-8.716967201468257542e+00
-5.759620582585351478e+00
-1.778430810096109926e-01
4.902109547466872108e+00
7.156011273034742715e+00
6.136746629606217418e+00
3.011599512891766750e+00
-6.043200463498399344e-01
-3.728285994774689804e+00
-6.236208881309808660e+00
-8.243065961944136433e+00
-9.347080302288812703e+00
-8.529820954482637774e+00
-4.918239336341208023e+00
1.165129427720702715e+00
7.781041679246729181e+00
1.210869046597231957e+01
1.201021861580179717e+01
7.418092461805370519e+00
5.612846300847236236e-01
-5.212855833531574667e+00
-7.318791685667690672e+00
-5.332391598886783157e+00
-1.048933783039599721e+00
2.771645378365797274e+00
4.109541668863348818e+00
2.757712077903250680e+00
1.788757352983832982e-01
-1.613343606680640807e+00
-1.338734785812712769e+00
8.865914410622561803e-01
3.782928200999915447e+00
5.727531258754918753e+00
5.595494116757921077e+00
3.205294224770613098e+00
-7.030566877467827602e-01
-4.791537171388707606e+00
-7.573223516534472566e+00
-7.911192221752651577e+00
-5.508495294460598934e+00
-1.212624381845089472e+00
3.138669024962671195e+00
5.470563308630249644e+00
4.579691084020490521e+00
9.730516369062753856e-01
-3.207646572226714454e+00
-5.332595663516647377e+00
-3.916649648249267646e+00
3.085968838017005833e-01
4.696290594051355960e+00
6.302698501733726921e+00
3.825433778853515321e+00
-1.452932697428475528e+00
-6.425410562465097897e+00
-8.173842542081624529e+00
-5.879054803917677319e+00
-1.302077905604905217e+00
2.502610634162225622e+00
3.324551307083998708e+00
1.257258106042221879e+00
-1.548679330879467964e+00
-2.611286974151099116e+00
-1.004721688795232604e+00
2.011227419320697152e+00
4.070557517145034332e+00
3.626888808453462065e+00
1.207490867847433202e+00
-1.006324989279702375e+00
-9.658884309295907578e-01
1.495178483085916499e+00
4.373832501293424713e+00
4.991297400241827553e+00
2.176853658669958502e+00
-2.566512632400639315e+00
-5.928479878470675146e+00
-5.175085326461049462e+00
-3.174895649401975328e-01
5.616963078101989915e+00
8.552856916796049092e+00
6.243752003638328496e+00
-2.237770011806050618e-02
-6.195943825922494597e+00
-8.248004064061911222e+00
-5.005232974116470501e+00
1.009269722922019774e+00
5.369024546411373500e+00
4.911707348295449194e+00
1.423283284458931597e-02
-5.663198750404244919e+00
-7.786308568829307220e+00
-4.443676532118989719e+00
2.472111327212766163e+00
8.557651125902992817e+00
9.913896454465504604e+00
5.739340098255485856e+00
-1.277631811763802361e+00
-6.931930847584641064e+00
-8.342619272037881117e+00
-5.646086418511886862e+00
-1.471594495338368613e+00
1.220133662653154927e+00
1.234045273712591761e+00
-3.325656863570082278e-01
-1.352545849793382216e+00
-5.799865464708118257e-01
1.340061951876289514e+00
2.514924094276461464e+00
1.512721910050773610e+00
-1.283194649964416900e+00
-3.792718912010950572e+00
-3.779743145350426659e+00
-6.441061486305594830e-01
3.920693848511166646e+00
6.949133280088018338e+00
6.204913118675595030e+00
1.746857920085418403e+00
-4.030876970937947945e+00
-7.884531369471803330e+00
-7.695021751731522031e+00
-3.638260539125282023e+00
2.098746063180207511e+00
6.701552626133387314e+00
8.225665862788323679e+00
6.341864002319471005e+00
2.121882810789320839e+00
-2.714936323512670224e+00
-6.515910224520509608e+00
-8.094690594993075194e+00
-6.921641897674920330e+00
-3.296146482036508729e+00
1.544731977850479332e+00
5.667355624034478900e+00
7.220600116182721351e+00
5.492554021217321392e+00
1.560471153783736797e+00
-2.097557806174663142e+00
-3.026202751849989880e+00
-4.391537198305159873e-01
4.062592511389974348e+00
7.350748787713925481e+00
6.782810156584413441e+00
2.052295913826333695e+00
-4.441949790383058705e+00
-9.054980598664302605e+00
-9.241972479951723329e+00
-5.183381652387598848e+00
4.393746444729257905e-01
4.335308193501954399e+00
4.787972411690573971e+00
2.571290613587303930e+00
3.558852572157822358e-03
-1.051328415064588739e+00
-6.464553695057142502e-01
-5.291865124620696026e-01
-2.417044260956154211e+00
-6.165670792685109092e+00
-9.368788845066433169e+00
