-4.320040958134121034e+00
-1.901861444218294062e-01
2.586179549711410619e+00
2.712500947327178835e+00
7.598077884294673900e-01
-1.608105468532987192e+00
-2.991954094581648071e+00
-3.103597167483695074e+00
-2.550293782525029140e+00
-1.926433116668583967e+00
-1.123489670124247830e+00
4.900854542537804726e-01
3.181790398101393080e+00
6.099432849902415299e+00
7.447621652018803218e+00
5.654177314527558451e+00
7.239948108698646134e-01
-5.299123600308904614e+00
-9.277876239862751007e+00
-8.837617851603960517e+00
-3.927110275487537550e+00
2.992607820893725901e+00
8.315456352383549188e+00
9.370328185509102070e+00
5.918377528211652638e+00
1.802402826165372396e-01
-4.542871780229321033e+00
-5.752805867907065718e+00
-3.036319351062282568e+00
1.886453606553094797e+00
6.213896336548788035e+00
7.529081679165903651e+00
4.919215881051309580e+00
-6.936983676520527275e-01
-7.024715890082023684e+00
-1.141410281351054579e+01
-1.193193749317472552e+01
-8.204907781319894511e+00
-1.643713439203683624e+00
5.084040573085904846e+00
9.198005147617458022e+00
9.091310249707493796e+00
5.110170402657735700e+00
-6.398584924435072319e-01
-5.410007861793006079e+00
-7.232613163372985099e+00
-5.821259819132137636e+00
-2.437275866930098900e+00
1.107899916170718591e+00
3.578584266878334752e+00
4.795780058382532296e+00
5.229058266055908177e+00
5.156153092292754536e+00
4.178430462545389190e+00
1.571888668029263414e+00
-2.768870095194996050e+00
-7.605070337268184488e+00
-1.059788712960716239e+01
-9.581535191399455087e+00
-4.097547935682019471e+00
3.904012578117892041e+00
1.082568819878002486e+01
1.330939651519178923e+01
1.011998012697273452e+01
2.848104207377219588e+00
-5.002404590433603637e+00
-9.953486453898587882e+00
-1.031919462848165203e+01
-6.793140354234627587e+00
-1.666727353813967305e+00
2.660140537900865798e+00
4.886674779216405362e+00
5.094709250926893418e+00
4.165170035110760338e+00
2.920459177307948906e+00
1.628613145793478711e+00
1.141038640105553892e-01
-1.758489646901660208e+00
-3.684041235993345875e+00
-4.920031129571455608e+00
-4.683948159740196182e+00
-2.670601744317989468e+00
6.332437963832233674e-01
4.019512398462814495e+00
5.999275706683674159e+00
5.445666287577925146e+00
2.190014379228236496e+00
-2.700405712067313946e+00
-7.175876155268519518e+00
-9.015284791088619798e+00
-6.921504480697988626e+00
-1.360390781144316552e+00
5.411921320291062543e+00
1.032794513115255342e+01
1.108698421806544587e+01
7.455810345024977082e+00
1.452607751449361828e+00
-3.803822805613686242e+00
-5.939081017172491705e+00
-4.706156084561181174e+00
-1.985615404715942889e+00
-3.755260581563983902e-01
-1.312855209751085717e+00
-4.027426877398088578e+00
-6.086487805713237442e+00
-5.184999902765023094e+00
-9.376545629810708604e-01
4.617273701469366998e+00
8.224534074857901444e+00
7.560565457166332770e+00
2.874032480978582882e+00
-3.020760500352796196e+00
-6.440855378444244828e+00
-5.137177301166354404e+00
2.782481791026604201e-01
6.676564630730127625e+00
1.027802330111030216e+01
8.854579178740983991e+00
2.945775171392646996e+00
-4.551514259932615047e+00
-1.005388200007223531e+01
-1.117808526530111202e+01
-7.807443232248184373e+00
-1.888435215656421917e+00
3.758951365619354945e+00
6.883105359854588379e+00
6.766271602817392150e+00
4.333389867694497077e+00
1.468303773360628783e+00
-6.433407497582066537e-02
4.397871420107697382e-01
2.274041112729067393e+00
3.752037022489254525e+00
3.232709186895755593e+00
2.029434814530248765e-01
-4.231545071671924063e+00
-7.832713029646265923e+00
-8.512099879706928718e+00
-5.672453518066738809e+00
-7.272092995240928559e-01
3.640605197478762989e+00
5.105605728425212320e+00
3.189155858999974225e+00
-4.099232262651103520e-01
-2.935230107975780989e+00
-2.440299150982324417e+00
8.626993464962544600e-01
4.731443081925395866e+00
6.446949534260232539e+00
4.723217337965208706e+00
6.201729727068405751e-01
-3.208774676217185373e+00
-4.416562375615489699e+00
-2.652293665156679747e+00
1.886195695612618017e-01
1.361667834707980029e+00
-6.641068214726958407e-01
-4.958223297332523316e+00
-8.617018311529946573e+00
-8.688852372786781686e+00
-4.224085870496741890e+00
2.953848127518954314e+00
9.279979499690616862e+00
1.158811436106719128e+01
8.958392662235997506e+00
3.128967043068957565e+00
-2.680006164884080722e+00
-5.674171747968486557e+00
-4.911682783912569406e+00
-1.491447712299985406e+00
2.389342223319834702e+00
4.750145756716056766e+00
4.705589585442209177e+00
2.562105359380807190e+00
-6.558925667570837392e-01
-3.785656914505357129e+00
-5.887265840507714287e+00
-6.372133560047549494e+00
-5.064057750902861699e+00
-2.287714586372473491e+00
1.107810759334100892e+00
3.957404525830466646e+00
5.245264567046030280e+00
4.610512272971836190e+00
2.562278372605854226e+00
2.174415725727703030e-01
-1.311904384178385508e+00
-1.508598639660405638e+00
-6.596691023599881021e-01
4.115839221364255840e-01
8.774748118424342547e-01
3.553086330721134667e-01
-9.584254728811306689e-01
-2.462260544320682421e+00
-3.455520511776704495e+00
-3.400898515408877554e+00
-2.084623321939759855e+00
2.974940598423381211e-01
3.120147008237428743e+00
5.439773579969148898e+00
6.302443613740891237e+00
5.185647060293597121e+00
2.344655784908282747e+00
-1.200944811213468189e+00
-4.119800402651891957e+00
-5.435069830248940193e+00
-4.990039247461515615e+00
-3.404113188567814863e+00
-1.564986236450037538e+00
-4.545010067100913043e-02
1.115693925589363644e+00
2.131576813927812175e+00
2.973709940958030984e+00
3.155178724720944405e+00
2.061348957508295943e+00
-3.845429253217843013e-01
-3.291300788560369561e+00
-5.082801743923300641e+00
-4.449293603657601182e+00
-1.352035357671738547e+00
2.688741086829333771e+00
5.358873163102002124e+00
4.960626952887258412e+00
1.550346341418018525e+00
-2.989944441823165100e+00
-6.039227088416994960e+00
-5.789302962707582267e+00
-2.263433980327627992e+00
2.807564143584024396e+00
7.074427486206745996e+00
8.839239086407388868e+00
7.712645724909106271e+00
4.406615453777740221e+00
4.656038268312734374e-02
-4.373414021516308203e+00
-8.062611491582039491e+00
-1.022720972709806730e+01
-1.005384749651161513e+01
-7.133488263281531516e+00
-2.060870167914068407e+00
3.390917546676944561e+00
6.928603147114658078e+00
7.006565267259169616e+00
3.898777230597463728e+00
-2.592420202670201457e-01
-2.661909851614170819e+00
-1.587004381964006505e+00
2.434158158146015882e+00
6.859271941229406089e+00
8.695152303985452136e+00
6.384027337480805642e+00
7.917655665694822709e-01
-5.327546143407276169e+00
-9.006500658020762273e+00
-8.774026579493794387e+00
-5.339559689702237932e+00
-9.264766682801324205e-01
2.187338375025730475e+00
2.932882375187936930e+00
1.786193101169337938e+00
1.371129133116850141e-01
-7.414282357423371828e-01
-4.175945867952558510e-01
6.480090368845456972e-01
1.590165928210723889e+00
1.736994710662953079e+00
9.440771401185357181e-01
-4.350491354794459031e-01
-1.799362588855731193e+00
-2.572508155171367772e+00
-2.391541744203891540e+00
-1.209703067886258587e+00
6.736087813405788882e-01
2.682823648075729928e+00
4.162463859944332434e+00
4.643191469266046312e+00
4.028922895991707165e+00
2.570474257596640832e+00
6.416400147037639723e-01
-1.492429382110379121e+00
-3.696722546754724004e+00
-5.741865740052568334e+00
-7.059425258756634847e+00
-6.804755392864616503e+00
-4.355176545404995103e+00
2.099210985531030360e-02
4.860714793827667357e+00
7.979384953600607844e+00
7.621898556130462410e+00
3.635618855003931671e+00
-2.155203302238058338e+00
-6.769598419226468877e+00
-7.703408628921732060e+00
-4.398054821177428408e+00
1.399950373565142403e+00
6.648586227414203798e+00
8.763814934838084270e+00
7.016754029560550165e+00
2.738345260522192515e+00
-1.694922842030013310e+00
-4.338768515197632070e+00
-4.646528347781836210e+00
-3.399618970582171773e+00
-1.836810523926692085e+00
-7.184835306250922926e-01
1.629518087910319935e-02
8.769770133823532321e-01
2.156894708016690032e+00
3.554318796763697108e+00
4.352444616815346556e+00
3.959135939706536877e+00
2.351201983774531712e+00
9.832234903164449591e-02
-1.995957668030674093e+00
-3.323292169366911519e+00
-3.674023042791208837e+00
-3.165283210274817183e+00
-2.069579836449900512e+00
-7.286947749022975040e-01
4.416423982953194272e-01
1.007401025849670617e+00
7.352142379357289315e-01
-1.429612113587452882e-01
-9.019040422746600338e-01
-7.117136379609070307e-01
7.222769384704540441e-01
2.741137599544712700e+00
3.967920819485323936e+00
3.186975869168172881e+00
3.126982342486948063e-01
-3.302467653865265085e+00
-5.587014475805403890e+00
-5.116448328000076984e+00
-2.186876203272930308e+00
1.244994895312931948e+00
2.836181737929602154e+00
1.521992414225955770e+00
-1.621736998960590759e+00
-4.016377188128409159e+00
-3.363795034512981452e+00
6.402769566410709823e-01
5.899754595277089564e+00
9.180752498307111154e+00
8.235293388793472502e+00
3.347820511841644198e+00
-2.763722824448251458e+00
-6.642742360534615642e+00
-6.255704374437872417e+00
-2.200517709440979353e+00
2.781225201153154192e+00
5.586448072030311351e+00
4.615716397791294057e+00
5.583258242858022413e-01
-4.262015463812670824e+00
-7.392491908315409255e+00
-7.574903868808838148e+00
-5.143830306279268072e+00
-1.473959746294414508e+00
1.954985387407501607e+00
4.218461679333910475e+00
5.049415249881262113e+00
4.569552305036611806e+00
3.033669141917708423e+00
8.055003723655753678e-01
-1.531679089215545631e+00
-3.190381297345676881e+00
-3.462256319213921074e+00
-2.137461167757016778e+00
2.487551770857722166e-01
2.573869226155506951e+00
3.651877175575708012e+00
2.833677305837285498e+00
3.446946120011648018e-01
-2.812322956748498193e+00
-5.314098765486685139e+00
-6.093257143650088636e+00
-4.779803877350413899e+00
-1.844568448811552130e+00
1.599247460323852899e+00
4.269610912581974560e+00
5.290717602146891352e+00
4.609813392669061649e+00
3.003287270398481645e+00
1.593011922328362306e+00
1.098149435106206884e+00
1.297094132551367407e+00
1.139369922419765091e+00
-4.442151544417809461e-01
-3.521955168647003198e+00
-6.704396561903365637e+00
-7.757079279125989046e+00
-5.061536941366624021e+00
1.005336092488968269e+00
7.828708036932647829e+00
1.184418503309539439e+01
1.068545853706377358e+01
4.801940122666847444e+00
-2.626643099876017295e+00
-7.558698806228255407e+00
-7.578218865901056311e+00
-3.345108774961879750e+00
1.979772606936504697e+00
4.926141326266938236e+00
3.982367766723666769e+00
3.695862779722731695e-01
-3.139871777674643205e+00
-4.387098830712647057e+00
-3.313294626896662542e+00
-1.683286218120942701e+00
-1.357908792375836837e+00
-2.566819238160590544e+00
-3.624496620619193088e+00
-2.369762202406370477e+00
1.805133055798151531e+00
7.015042316149640023e+00
9.923846468628536144e+00
8.115951165931853950e+00
2.038627840128359736e+00
-5.023330795700296392e+00
-9.050364167121982106e+00
-8.004530840919844792e+00
-3.184809561623181740e+00
1.782976451890318392e+00
3.583284673378795748e+00
1.532624877690555332e+00
-2.107493215507139528e+00
-4.003490099705980576e+00
-2.350992288334023073e+00
1.769329430988314522e+00
5.273952299419440770e+00
5.474435689046357467e+00
2.134403192825436335e+00
-2.371382864141366120e+00
-4.874114919249776356e+00
-3.777824397442827831e+00
-1.705457827388138226e-01
3.115186427961142535e+00
3.697732696865474011e+00
1.372847498481856610e+00
-1.923770543952414647e+00
-3.794337335094890129e+00
-3.297937745949744315e+00
-1.573115562794754840e+00
-7.085280153069004605e-01
-1.829131171219295693e+00
-3.994936795204042213e+00
-4.851872381296175263e+00
-2.558960227277489174e+00
2.531352819869086446e+00
7.810981425467740991e+00
1.010653223471112128e+01
7.898954012561492100e+00
2.425242516342388743e+00
-3.152089736309777734e+00
-5.881480172795270356e+00
-4.895517846745883972e+00
-1.707423088215982654e+00
1.160483739063277175e+00
2.079473124305415421e+00
1.305080815420701201e+00
4.120921828794282260e-01
7.644027487789544217e-01
2.307828932178108694e+00
3.628266548943669179e+00
3.158617619221315564e+00
5.140445645089566362e-01
-3.113354605863086988e+00
-5.772972643176233376e+00
-6.096362531561317688e+00
-4.112558682675755861e+00
-9.869867493476049969e-01
1.970746364863814382e+00
4.142443238789319970e+00
5.628977707797047536e+00
6.591845357010113204e+00
6.653402324198837370e+00
5.030219571410767365e+00
1.371334997423128144e+00
-3.446703355695854842e+00
-7.403930831427855352e+00
-8.465573369537343851e+00
-6.016756046615099329e+00
-1.487559467824674853e+00
2.432631409519503407e+00
3.539275860838943188e+00
1.587847110227083025e+00
-1.589845230485066541e+00
-3.434245610502959067e+00
-2.486521605937346724e+00
6.438604218754574449e-01
3.850950001244798138e+00
5.150245634239439596e+00
4.076066568715289939e+00
1.812550898697219637e+00
4.181319254118576190e-02
-4.909123379554599653e-01
-4.993324909703318326e-01
-1.345510855358667435e+00
-3.597455491099514902e+00
-6.211400479256676377e+00
-7.120386682353231578e+00
-4.864183466297707703e+00
1.102456335225632245e-02
4.974540312933627639e+00
7.097060980319818135e+00
5.115049657404593830e+00
4.403369647773569540e-01
-3.704454751065895834e+00
-4.476272739550397617e+00
-1.380298337610979864e+00
3.399443727185583075e+00
6.545926248630769884e+00
5.915366610685821591e+00
1.958257769938535731e+00
-2.715633559843125155e+00
-5.239384682885622979e+00
-4.439695603737275675e+00
-1.460733166878114941e+00
1.276177936515544120e+00
1.892277640089134350e+00
2.725730665589101154e-01
-2.130267870089169513e+00
-3.600871444774033314e+00
-3.460260283773518797e+00
-2.356198502790565197e+00
-1.429727513035817132e+00
-1.165485219052981414e+00
-9.515426547772531940e-01
2.661053033779622323e-01
2.808011501328782522e+00
5.621249913034461088e+00
6.829629564108571138e+00
5.149391419436247119e+00
1.074010882198314754e+00
-3.188297879833981607e+00
-5.125454674895271623e+00
-3.715218128211321691e+00
-2.537789336207090241e-01
2.487882393965892280e+00
2.261331304567808509e+00
-9.310200058952584623e-01
-4.682493263597789834e+00
-5.813477031045793275e+00
-2.695591947585995740e+00
3.381853718738156989e+00
8.839144259016714855e+00
1.008721748808305563e+01
5.950711860328931735e+00
-1.416345628460585537e+00
-7.771537530316695808e+00
-9.386406460261751405e+00
-5.319230123199750970e+00
2.082661805506111019e+00
8.699129449925418811e+00
1.111960084991795839e+01
8.498812413419228662e+00
2.719806768838499700e+00
-3.037320145977596031e+00
-6.242034924053813327e+00
-6.225349178244397486e+00
-4.064329369012435578e+00
-1.489335803678347503e+00
2.790116067406104849e-01
1.005829400909429960e+00
1.113398432141546879e+00
1.025671385723305740e+00
7.875958201899653233e-01
1.984177990648694490e-01
-7.914013709301044308e-01
-1.870379823362981142e+00
-2.568173533793509655e+00
-2.673952673221748455e+00
-2.446480617908237676e+00
-2.364046911171422405e+00
-2.591763920323645554e+00
-2.651290948135837322e+00
-1.671171362253943471e+00
8.750077653308040437e-01
4.497658597312318207e+00
7.692976647299373028e+00
8.765388440476613141e+00
6.970367906723136109e+00
3.146257332991372557e+00
-7.075968055523566003e-01
-2.704131820533367314e+00
-2.328614248597105085e+00
-7.610269202939502486e-01
2.673453217566801321e-02
-1.211795922684050009e+00
-3.971218568770573221e+00
-6.256454492416943403e+00
-6.007389827017656003e+00
-2.682070761699163697e+00
2.175967461912768464e+00
5.863106383189570892e+00
6.327811022397943574e+00
3.585994287815299053e+00
-2.982142135456710141e-01
-2.685926002705476545e+00
-2.249212983858767334e+00
9.632764457708997696e-02
1.907243223410104438e+00
1.078499770318576800e+00
-2.488056224108948999e+00
-6.643620619874454292e+00
-8.398905939191974923e+00
-6.014381898819239680e+00
-3.120186818807750839e-01
5.716235918767772262e+00
8.746094915122640145e+00
7.167019961193350497e+00
2.000000822269140777e+00
-3.836134372325918918e+00
-7.320461130870270949e+00
-6.973594603240139023e+00
-3.383460160880273904e+00
1.495935209743054717e+00
5.587310807327680706e+00
7.604923776253162515e+00
7.229396094189618260e+00
4.774456014548154492e+00
8.702251999525247861e-01
-3.552078917553713300e+00
-7.167473122689194120e+00
-8.479785275430934632e+00
-6.519943978300307030e+00
-1.645246326736987008e+00
4.241091180268647065e+00
8.460777312271314798e+00
9.019575984102843336e+00
5.840976377255522323e+00
8.789185553245815186e-01
-3.069994611108387339e+00
-4.110642734441457335e+00
-2.369502689416276286e+00
2.769249482152216224e-01
1.645703043797634990e+00
8.053341963662754566e-01
-1.370180066164955912e+00
-3.004647759738003021e+00
-2.722462222382250108e+00
-6.983315087736048365e-01
1.513236042000209780e+00
2.184914790015641373e+00
7.013614992373904400e-01
-2.047183683456587744e+00
-4.397475963517677222e+00
-5.129285233701194713e+00
-4.196237316374554105e+00
-2.464501190218042925e+00
-7.971998971094764741e-01
6.563744985168977752e-01
2.338054706391531568e+00
4.473824997210321897e+00
6.387084840423320031e+00
6.688669752781623679e+00
4.352011167638822897e+00
-1.577715381923987525e-01
-4.733327301205656923e+00
-6.807178578967151061e+00
-5.145679439615857831e+00
-9.201625734180882699e-01
2.879612554583016237e+00
3.435958570606734597e+00
1.411357554956018667e-01
-4.821780519088653350e+00
-7.874459541859469169e+00
-6.505131819146461325e+00
-1.071719883135223039e+00
5.348460816355504299e+00
8.974170299454812039e+00
7.787685891901282353e+00
2.747636980650596694e+00
-3.019273508240066128e+00
-6.358714679999875941e+00
-5.987250967474425423e+00
-2.886226959491518862e+00
8.607563749534911102e-01
3.694377366675322349e+00
5.370669625751339105e+00
6.447610355971283624e+00
7.141275715923868894e+00
6.730332642924058639e+00
4.148546890893325845e+00
-7.116305829332296717e-01
-6.199501238733723163e+00
-9.525478339696311636e+00
-8.568778442618432578e+00
-3.568924682546820382e+00
2.692668997823032928e+00
6.562202962672998297e+00
5.948506889761629779e+00
1.756587328864227970e+00
-2.793376526959103767e+00
-4.522201701681516361e+00
-2.598275207766545858e+00
9.397236460964957239e-01
2.856221148528611309e+00
1.323047852071363328e+00
-2.559492717040952936e+00
-5.552506447934829836e+00
-4.845169508358589283e+00
-4.544496576250821596e-01
4.447328475587854157e+00
5.677694526953688481e+00
1.190996362812760667e+00
-7.077518041801692306e+00
-1.411640326047745475e+01
-1.498644604283746773e+01
-8.083873392081857290e+00
3.720188241624401204e+00
1.482125494630172646e+01
2.027209163408565118e+01
1.852464117911252828e+01
1.180718515633180843e+01
4.157010742627697653e+00
-1.285482768303078949e+00
-3.805752742154203005e+00
-4.641750563566186649e+00
-5.253917795757089948e+00
-5.920117407532583087e+00
-5.761270034168268772e+00
-3.988190366844776680e+00
-1.110916602583584600e+00
1.085757073620555735e+00
9.008683917232299665e-01
-1.697867563019032522e+00
-4.675986919938484476e+00
-5.247495512519719796e+00
-2.032105916303283522e+00
3.604800629578807314e+00
8.192438949944218507e+00
8.479462857720543312e+00
3.822535604703269918e+00
-3.138452906716253210e+00
-8.112449018218732988e+00
-8.016064976755670202e+00
-3.054545066107136275e+00
3.452138749583196997e+00
7.368554823645082408e+00
6.528263394695510868e+00
2.050483943835506473e+00
-2.667136911365274088e+00
-4.455331046268077522e+00
-2.528254250096090505e+00
1.212703762684917752e+00
3.805227730962271071e+00
3.458884590960523475e+00
7.185447026365983092e-01
-2.209472075481454745e+00
-3.308858293629836300e+00
-2.276317662568396294e+00
-5.603747353073973425e-01
1.432343140044700647e-02
-1.149336373158153402e+00
-2.914650607183497666e+00
-3.403775750261037736e+00
-1.656618238939023602e+00
1.432760797068237668e+00
3.721187065481839973e+00
3.532702869821608971e+00
1.119816478381901126e+00
-1.359261524547619393e+00
-1.439958356055370370e+00
1.647031173383109559e+00
6.144096482731006503e+00
8.854768849375133755e+00
7.447197864564675029e+00
2.284854570427610199e+00
-3.637917282903929905e+00
-6.713535601608022318e+00
-5.281914856757507160e+00
-8.589093738508799536e-01
2.921349132100438784e+00
2.942136726640955047e+00
-1.075436007730214527e+00
-6.278146872685401725e+00
-8.677951245422438120e+00
-6.037239773834293111e+00
4.337534109685544648e-01
6.814020932635969530e+00
9.147870763669283534e+00
6.167982371770229122e+00
1.345341585001680329e-01
-4.793222301307317856e+00
-5.477975508089182100e+00
-1.939697984745192727e+00
2.781831748175618735e+00
4.883380794090722787e+00
2.521569072206540696e+00
-2.934484057981810778e+00
-7.956150517721233939e+00
-9.383677003772113778e+00
-6.581094565186463186e+00
-1.707380791539284903e+00
1.998213963313649977e+00
2.590689781260196334e+00
7.097669598358327114e-01
-1.099738281582773869e+00
-4.565941991453292270e-01
2.971698962839109281e+00
7.153817905337055194e+00
9.148957700186929998e+00
7.237496128105580517e+00
2.176069627713451027e+00
-3.299705147633614555e+00
-6.323006266055383406e+00
-5.753139771415936465e+00
-2.758439998653130498e+00
1.963470803099316431e-01
1.145044170939026884e+00
-1.048547176836145678e-01
-2.056495469328687875e+00
-2.785580372173622976e+00
-1.384313083262727062e+00
1.450732042805210398e+00
4.026360025192067482e+00
4.915005036297694474e+00
3.912673421634336179e+00
2.038538724160307680e+00
6.676634106620658038e-01
5.007127042828452002e-01
1.127137106139374012e+00
1.445546974339731561e+00
5.699964601813405363e-01
-1.462363227716600989e+00
-3.671064659613338499e+00
-4.774754986211746655e+00
-4.028694600869643594e+00
-1.706122446056721254e+00
1.048274856085578577e+00
2.857911274400964707e+00
2.850083384010744680e+00
1.095433811641939759e+00
-1.438902807755956692e+00
-3.367001864176441650e+00
-3.564669573796020341e+00
-1.755602140552801949e+00
1.270308965851029370e+00
3.960577436244303584e+00
4.758738378980296169e+00
2.985020772374161080e+00
-6.559622166615393102e-01
-4.328397093374160676e+00
-6.060992294030659977e+00
-4.962009689955912961e+00
-1.875753616622241049e+00
1.047562941405270287e+00
1.717379033757686857e+00
-4.332794198989654566e-01
-3.905485910157513896e+00
-5.999968977356310518e+00
-4.622272602014794174e+00
1.632797134131118710e-01
5.954036729584479382e+00
9.440239610549429727e+00
8.554252016967899053e+00
3.879781594377023524e+00
-1.687878407557712901e+00
-4.843999654938691002e+00
-4.043462221791473965e+00
-4.295879082363500689e-01
3.114716896419785996e+00
4.087214621080528687e+00
2.109829112652063188e+00
-9.636038772409110109e-01
-2.612782840911389570e+00
-1.673112708147109107e+00
7.462047823172628380e-01
2.169529194558840413e+00
8.031296679286648033e-01
-2.869557403995457889e+00
-6.242167017807044083e+00
-6.472270267073350070e+00
-2.729495095887757738e+00
2.924094497397864423e+00
6.797569623367124336e+00
6.163947768807913619e+00
1.318541594170264952e+00
-4.455641734542439281e+00
-7.092618368138834839e+00
-4.601349555672096692e+00
1.469066523325800677e+00
7.048161118825236215e+00
8.366565490636958202e+00
4.593246849249143615e+00
-1.588174497388251449e+00
-5.873696502829622190e+00
-5.349898646413686620e+00
-4.813164332427222192e-01
5.310895400768001373e+00
8.123881516668124192e+00
6.288370597890192926e+00
1.385501300115022261e+00
-3.096860847504841807e+00
-4.402696275948379423e+00
-2.463888299716583852e+00
2.471747099620302812e-01
7.969465981807182242e-01
-1.810287665470294405e+00
-5.752012817731307237e+00
-7.716268148964438467e+00
-5.464777417844766561e+00
2.924635905420431836e-01
6.159202016038227256e+00
8.342536946758805527e+00
5.358003734558030473e+00
-8.093464084937096459e-01
-5.973803022391541262e+00
-6.603436077907395507e+00
-2.269913333938541999e+00
4.033649403708114534e+00
7.945191394125597384e+00
6.735055453388840263e+00
1.175771179846764936e+00
-5.001165027883303971e+00
-7.659870206120623415e+00
-5.044239379773311605e+00
1.110853641804661951e+00
6.846887618206819681e+00
8.681395717518300970e+00
5.847183140063795470e+00
5.736045576324171336e-01
-3.669146170660696704e+00
-4.626383844769090814e+00
-2.659496328626707928e+00
-1.697462377684689216e-01
4.205595642428147651e-01
-1.422099764483385043e+00
-3.957269837324004058e+00
-4.564760030448024253e+00
-1.850580423108048489e+00
3.123453664416909081e+00
7.424108849584069247e+00
8.246967385453089605e+00
4.891898641299530226e+00
-7.170014677968271632e-01
-5.345725388274925827e+00
-6.651687470237332533e+00
-4.690616422900968807e+00
-1.665091687740446913e+00
-1.399824569180458944e-01
-1.067741676594615052e+00
-3.094739709439755071e+00
-3.664120620305851617e+00
-1.091507693007794710e+00
3.947461819603979016e+00
8.665840976933075979e+00
1.002901528261087094e+01
6.912532835703668610e+00
9.869321722518993312e-01
-4.339959202738776334e+00
-6.197034519030323985e+00
-4.134873793305781753e+00
-2.956959240487420093e-01
2.221808275341922823e+00
1.599958045872376555e+00
-1.472152772714076630e+00
-4.436816473081537815e+00
-4.853430989038773014e+00
-2.244305848714451379e+00
1.557189221483852748e+00
3.793170465781386724e+00
2.861286588284650989e+00
-4.518057682054087421e-01
-3.490825149318510956e+00
-3.629304812789917456e+00
-1.772409542933317539e-01
5.054716728807776782e+00
8.909726371646012666e+00
8.923419371549584866e+00
4.842643236110333760e+00
-1.339917792036242172e+00
-6.725377873312648802e+00
-9.210042339056808913e+00
-8.426170934826085812e+00
-5.478179404331716462e+00
-1.919317104391818241e+00
1.159762121437145188e+00
3.348131645643070087e+00
4.536240132656004675e+00
4.518136894780957036e+00
3.051952282706483111e+00
3.217560252492615014e-01
-2.721134229852953279e+00
-4.625042154343987022e+00
-4.280524246633698127e+00
-1.746399287913833032e+00
1.630782037231253145e+00
4.002497653766859287e+00
4.198856815784772323e+00
2.444766636847188757e+00
7.363477614750379985e-02
-1.534951790350431500e+00
-1.958834621254930797e+00
-1.887357886767872195e+00
-2.316392447049349101e+00
-3.462351956683570542e+00
-4.332242051975555341e+00
-3.387539431380411248e+00
1.446546446594338953e-01
5.333386019869625017e+00
9.788624082927031012e+00
1.103687890093277701e+01
8.109304010952198993e+00
2.221747147518766674e+00
-3.944012122893481909e+00
-7.853967475570573953e+00
-8.511662972018500639e+00
-6.719598597983195809e+00
-4.166449091554730977e+00
-2.131074009702650596e+00
-7.849337465466490471e-01
4.856980749811537490e-01
2.150945702030432116e+00
3.859489699671156515e+00
4.597478707084166061e+00
3.537808908539118224e+00
8.513981624721806973e-01
-2.214843997377561990e+00
-4.088828652614494352e+00
-3.885863188410493940e+00
-1.926797678308679984e+00
5.786461262622036861e-01
2.368092815292094588e+00
2.814764389041563675e+00
2.016144081376441743e+00
3.904382240803353499e-01
-1.716299293897624478e+00
-4.019384604778854175e+00
-5.979762268599593256e+00
-6.674825857567149079e+00
-5.234611106868054975e+00
-1.655564570627352960e+00
2.714303813065680249e+00
5.662727013985101365e+00
5.502328845790103173e+00
2.447282613831552656e+00
-1.172917500305772354e+00
-2.308618756421281226e+00
5.834063328354746059e-01
6.074139408569919851e+00
1.032379944724816845e+01
9.562522966655322421e+00
2.899927005114013578e+00
-6.578182022761853709e+00
-1.342780069716111946e+01
-1.329000491100994452e+01
-5.870412929979351269e+00
4.665515198594468060e+00
1.228571157795683177e+01
1.298350469957491349e+01
7.311509934837651770e+00
-1.988207528765770782e-01
-4.317448920265348100e+00
-2.777021301117799990e+00
2.268642159222167720e+00
5.994146426444233455e+00
4.569707393622373104e+00
-1.910045770407822197e+00
-9.350454831780055542e+00
-1.250010482710156623e+01
-8.698050659630620629e+00
1.217276734457035658e-01
8.574451240040758648e+00
1.132198218985964111e+01
6.531511856484447875e+00
-3.001349367488972852e+00
-1.171120485595355376e+01
-1.475094314221887792e+01
-1.078795233155782896e+01
-2.425304910420260640e+00
5.754350476029011396e+00
1.002338893190026070e+01
9.378598664715017463e+00
5.494544255466959903e+00
1.172823178590363336e+00
-1.448043892180714609e+00
-1.795117434207255114e+00
-5.945725434792797914e-01
1.017985129730097249e+00
2.229937699156696596e+00
2.730962784398568655e+00
2.503853606240950658e+00
1.639406342919482285e+00
3.877548502078312920e-01
-7.152171511210551058e-01
-9.604613341398529069e-01
8.953917177477549449e-02
2.112488561455041491e+00
3.950730501987598675e+00
4.163456168844879457e+00
1.935899931018342457e+00
-2.261998244227628518e+00
-6.768122127291873014e+00
-9.575142812697489347e+00
-9.412279637538134125e+00
-6.383364421799378796e+00
-1.798321405075308022e+00
2.620494311007807831e+00
5.602634344205157824e+00
6.752887291563137495e+00
6.399332985885412661e+00
5.129317035880133879e+00
3.408229680243127113e+00
1.497206470547082446e+00
-4.061854396674933199e-01
-2.035915954993545274e+00
-3.089597438228738557e+00
-3.384496686535606091e+00
-2.975954205777042283e+00
-2.126378496186295486e+00
-1.160644278311858013e+00
-3.351629582618101399e-01
1.978870916339811048e-01
3.677618449581874782e-01
1.942087847642646747e-01
-1.544597988334427408e-01
-3.549666475849604375e-01
-8.776020217509405974e-02
6.756396438713935249e-01
1.485715279984095138e+00
1.583814106730373261e+00
4.440474756922336841e-01
-1.651521606637074591e+00
-3.509775535106090416e+00
-3.656671116965938495e+00
-1.408709933088795108e+00
2.363499770463876715e+00
5.473636638212846961e+00
5.715405113786151681e+00
2.450851355959361211e+00
-2.649986761268760205e+00
-6.417374464729208583e+00
-6.191407388456463323e+00
-1.750941200821397814e+00
4.224316728766526197e+00
7.647576415790950044e+00
5.626920096095350488e+00
-1.513433563281709526e+00
-1.018879006648209717e+01
-1.560395848884191317e+01
-1.461318487024209212e+01
-7.557523299581568210e+00
2.060961110662088203e+00
9.764658541494041444e+00
1.265647488314432323e+01
1.073304826640250909e+01
6.303828070316129129e+00
2.171918209467718519e+00
-5.255639540691392497e-02
-4.552259536537013873e-01
-9.379546324460252826e-02
1.164144399563190047e-01
-3.451633982660556876e-02
-3.323172850524081512e-01
-7.641550502993903482e-01
-1.733525283073025003e+00
-3.578162091307537374e+00
-5.852358105533829402e+00
-7.172113892511813305e+00
-6.007459933628193305e+00
-1.955091720225485830e+00
3.536795968334397688e+00
7.752886006093087090e+00
8.396361411853732193e+00
5.230742819594713211e+00
4.089812531368418602e-01
-2.902383516931445584e+00
-2.722852190658573868e+00
3.005988132542474212e-01
3.330814015668936090e+00
3.430216280705034926e+00
-1.777237100726563046e-01
-5.358973336426414491e+00
-8.462811502351746284e+00
-6.921934226012039559e+00
-1.192109345791791064e+00
5.412299593330257785e+00
8.931527519770385837e+00
7.474226805716730482e+00
2.495323010646961492e+00
-2.283651383256094292e+00
-3.543005725814890372e+00
-7.137587746141412781e-01
3.664982828448094754e+00
5.816871455921942768e+00
3.474234004398439435e+00
-2.456094136165305919e+00
-8.464023601095316707e+00
-1.080441722834400764e+01
-7.982380867353064957e+00
-1.657788847982720526e+00
4.562481136412962712e+00
7.502209334418186160e+00
6.290976227226863671e+00
2.544086507427005817e+00
-1.077038963555686291e+00
-2.745187681919357914e+00
-2.439831838168480260e+00
-1.467934732913604101e+00
-1.102852895939104183e+00
-1.495102652222042305e+00
-1.677884179857120017e+00
-5.647957805879344484e-01
1.941561956718775406e+00
4.660234249914902094e+00
5.912952819652248948e+00
4.773256242468261412e+00
1.813925941858812507e+00
-1.232798032285108203e+00
-2.663358617276712081e+00
-1.967634750008178779e+00
-1.250427118294400175e-01
1.164532375494268246e+00
7.353101184653233480e-01
-1.217139680661043499e+00
-3.312933987122970603e+00
-4.008682191870236444e+00
-2.707239078151537193e+00
-1.674912434574099551e-01
2.050441293838073609e+00
2.682780164623080665e+00
1.620185832299092965e+00
-5.792610184692537079e-02
-8.686452308944005996e-01
2.876402095346550225e-02
2.235975436083144530e+00
4.349658708201748603e+00
4.853415327730213669e+00
3.086172965152898406e+00
-3.111638727722436659e-01
-3.720925212241969149e+00
-5.429820816644213011e+00
-4.551270467304403766e+00
-1.490292170807723693e+00
2.267729554066646003e+00
4.902562829302264724e+00
5.146378703710505320e+00
2.880580956019175520e+00
-8.297587611331163071e-01
-4.266011311559430474e+00
-5.891858991151791791e+00
-5.091232239659319703e+00
-2.442112179855520537e+00
6.218717118558586554e-01
2.598126666611355162e+00
2.733379789034573459e+00
1.413861533269174631e+00
-1.116830382013560691e-01
-5.314627737444295175e-01
6.787366954184639312e-01
2.881112937931972873e+00
4.629456708265901277e+00
4.549302100558952233e+00
2.198786225343078993e+00
-1.635605291776738524e+00
-5.393994952192964654e+00
-7.644479385424014950e+00
-7.837951440419844928e+00
-6.439080577097669789e+00
-4.400882379173864933e+00
-2.412228726972984294e+00
-4.938762933290399282e-01
1.762869373139574147e+00
4.529308022802427836e+00
7.216108423743788691e+00
8.589584659251327636e+00
7.546030528963138195e+00
4.024311271777947674e+00
-6.505242128050509054e-01
-4.359572108311615679e+00
-5.426270105156675960e+00
-3.693147943710640924e+00
-6.668554371984625195e-01
1.443925365153589269e+00
1.201691641530278520e+00
-1.070735785021185604e+00
-3.495420049165103737e+00
-3.944306787080033239e+00
-1.572206802200485587e+00
2.489080525635682939e+00
5.792745615226388978e+00
6.180616668852373152e+00
3.246991464895782720e+00
-1.344193742050722840e+00
-4.917310807447028864e+00
-5.501714176624192376e+00
-3.041797986870971915e+00
7.011967432526489130e-01
3.438714062377766112e+00
3.897008202010540323e+00
2.528470466638430114e+00
9.353814240120970069e-01
4.889353079492151366e-01
1.200215556344595758e+00
1.698024126822540003e+00
3.433899067775327829e-01
-3.337292689356296638e+00
-7.976122217019519844e+00
-1.100174592392138706e+01
-1.022386389578202781e+01
-5.318934318573983688e+00
1.786942506328701219e+00
7.919298702933049938e+00
1.042188210268569470e+01
8.597211168513926083e+00
3.974154855612942683e+00
-6.850669562422921910e-01
-2.972719433557594382e+00
-2.072396790583631798e+00
9.928135770412480632e-01
4.107971988096931426e+00
5.283470024498196693e+00
3.661895105495894587e+00
-1.394724413513359629e-01
-4.412293672718844206e+00
-7.205566074036590329e+00
-7.236645715132024037e+00
-4.487061566229473719e+00
-2.349435895254123885e-01
3.520638030604951840e+00
5.031448998735377209e+00
3.722447988884975967e+00
5.543687254747378113e-01
-2.459638187191881542e+00
-3.401209361187972124e+00
-1.619595743159630175e+00
1.819775515602517935e+00
4.770390272718828761e+00
5.380755053091831108e+00
3.320445772791012828e+00
-3.570584102386975545e-03
-2.440360230168511890e+00
-2.632818756772866919e+00
-9.915014467294283040e-01
6.511983378500005859e-01
5.112429282816011167e-01
-1.623801245037576058e+00
-4.015116403902374564e+00
-4.149207383295145490e+00
-7.143480201823778630e-01
5.072038907494412996e+00
9.884070003527899217e+00
1.034473285166588852e+01
5.382050617224847677e+00
-2.783152475381887925e+00
-9.817636803147127722e+00
-1.192997890548105389e+01
-8.242003305875346797e+00
-1.273332282519834324e+00
4.776271122550902248e+00
6.743397769772622397e+00
4.350230372318352856e+00
-1.421574423922433716e-02
-3.280950928919546428e+00
-3.918739935426398535e+00
-2.766155099562592756e+00
-1.970774617409181584e+00
-2.975976804500113371e+00
-5.190733102304259994e+00
-6.407549496011613499e+00
-4.646366490218618139e+00
3.569752364342937412e-02
5.241392724589026386e+00
7.776544519092859709e+00
5.953618964006626157e+00
9.378732588048140917e-01
-3.924424357709258793e+00
-5.381923956941737863e+00
-2.545273364307851782e+00
2.494455769939868617e+00
6.158093171599873905e+00
5.919981602808750409e+00
2.081536649616195334e+00
-2.481204976115526151e+00
-4.394566243234363512e+00
-2.191001283903334595e+00
2.663407433775288879e+00
6.812108224174662219e+00
7.343809800925420461e+00
3.764621946958397025e+00
-1.735763071846480710e+00
-5.831843566482154628e+00
-6.284721120926512583e+00
-3.307803211790236730e+00
7.744153597607182915e-01
3.214582696865375233e+00
2.649231694622304900e+00
-1.688895306899969584e-01
-3.076770037167551042e+00
-4.029637744621322071e+00
-2.380031619792804420e+00
8.616827710272456642e-01
3.801599094325625039e+00
4.849173251543356322e+00
3.562556761135742711e+00
7.523830872106973544e-01
-2.053937048100084706e+00
-3.387223682775788447e+00
-2.469623928443281713e+00
4.808830192859248065e-01
4.299870989467750704e+00
7.254739439938829193e+00
7.701514705235684488e+00
4.859116425239635717e+00
-6.302792567634059040e-01
-6.741601083191356203e+00
-1.087393915774447706e+01
-1.113737803448575825e+01
-7.431881813888669974e+00
-1.617110985788103861e+00
3.446877315202452774e+00
5.492551992046914577e+00
4.110577714300824859e+00
8.768626144724837035e-01
-1.753991526831905068e+00
-2.065773049948430362e+00
-1.358274873125582261e-01
2.362056788811606189e+00
3.434915253438886040e+00
2.213675835774968625e+00
-4.501257326039182494e-01
-2.631569333642537423e+00
-2.734932163375355607e+00
-6.379646604267774634e-01
2.231391043840272204e+00
3.919517324744006270e+00
3.323891229913583878e+00
9.410336559384631094e-01
-1.525591748336943887e+00
-2.390438756582988322e+00
-1.160039160460373253e+00
1.161479565286604343e+00
2.816404740893492686e+00
2.530762597199343489e+00
3.728409120424126533e-01
-2.334215835003122574e+00
-3.933538111229707646e+00
-3.517826031557912181e+00
-1.443125120184936661e+00
1.014483927529623131e+00
2.545425025683659470e+00
2.592777386342639989e+00
1.538920766817315045e+00
2.641412823049692493e-01
-5.187144347210537187e-01
-6.564439440581524288e-01
-4.525147376023901380e-01
-2.486894741122731012e-01
-8.773925292746581617e-02
2.614467419888157340e-01
9.665817741079120173e-01
1.806455744865361313e+00
2.180283431578462494e+00
1.503375077217783184e+00
-2.869964537589784204e-01
-2.516334724753119811e+00
-4.065227931939975115e+00
-4.021530271236028575e+00
-2.266547231003031015e+00
4.121554664367398368e-01
2.776005074800139916e+00
3.863233076015982093e+00
3.503574324264530748e+00
2.283524024442775691e+00
1.013727975083974053e+00
1.030799134988815702e-01
-6.917797826745185619e-01
-1.950134734253553770e+00
-3.939455557915044093e+00
-6.141822531299405696e+00
-7.368029761305986192e+00
-6.465198126688550317e+00
-3.176942850313225541e+00
1.450359304383124215e+00
5.467287507903533239e+00
7.055567467248509139e+00
5.580775395782182180e+00
1.993703401622336724e+00
-1.697274604007052545e+00
-3.571267567780745722e+00
-2.850904079034715544e+00
-2.294054886876235599e-01
2.687512665988103677e+00
4.409203679890455696e+00
4.368831640810599382e+00
3.027796267841827316e+00
1.310456322545028307e+00
-1.365187875925601979e-01
-1.291931342941935679e+00
-2.497107605260895813e+00
-3.864446092102900465e+00
-4.905744112123462841e+00
-4.754109055631579039e+00
-2.866771795270488088e+00
3.297641554732078095e-01
3.416347948069395457e+00
4.722027748630533317e+00
3.396139969610020515e+00
7.632226791728380366e-02
-3.366171263669984537e+00
-4.912432460860549632e+00
-3.637919764541566181e+00
-2.953598553738818744e-01
3.158992945759673709e+00
4.795859795661697511e+00
3.900259386017147722e+00
1.353849742239832565e+00
-1.006163790766547272e+00
-1.599417301751118625e+00
-8.857327552175414676e-02
2.465534976252180321e+00
4.315174009574191061e+00
4.095168476548431968e+00
1.576521901331166653e+00
-2.292265217588546733e+00
-5.969049112912382604e+00
-8.093658638580841114e+00
-8.011891408924615376e+00
-5.867345175994303830e+00
-2.376637175406555613e+00
1.478524183195776054e+00
4.698577030822644218e+00
6.463041657557356601e+00
6.339387324312171224e+00
4.476363648219152225e+00
1.638352676642901073e+00
-1.051151441158270528e+00
-2.610478962037801942e+00
-2.681860613389482673e+00
-1.672705269934994465e+00
-4.257729173399574796e-01
3.817470912579236098e-01
6.891206653784456293e-01
1.012171881390484085e+00
1.924605309769631400e+00
3.447124879240122119e+00
4.835430284685793723e+00
4.987844935591387419e+00
3.228164737660716987e+00
-9.575184176630102684e-02
-3.669076776357758973e+00
-5.943104971654626922e+00
-6.069778272071962633e+00
-4.393679123633743799e+00
-2.154549649523075594e+00
-6.130341851395622044e-01
-2.270075679774252730e-01
-4.644657106923535395e-01
-3.641085558640457798e-01
6.051659699343205912e-01
2.059628968197761534e+00
2.978522310984668575e+00
2.541613791677754364e+00
8.736098438015409418e-01
-9.165806269986878085e-01
-1.493402486089485004e+00
-3.193583697621041884e-01
1.832917759976550265e+00
3.327503382121463016e+00
2.819322412559924107e+00
3.071105120228181384e-01
-2.712277875635566105e+00
-4.180388566775086190e+00
-2.908976230348336411e+00
4.912658889523510153e-01
3.887024868451610882e+00
4.987968568521767843e+00
2.908031407707897475e+00
-1.153603357629020110e+00
-4.622161478393455702e+00
-5.215483756950709093e+00
-2.466481507519168836e+00
1.932486652394475701e+00
5.214133880198660087e+00
5.336718223907885417e+00
2.300892995054303558e+00
-1.890609749072093448e+00
-4.587056397567585542e+00
-4.232997179951116351e+00
-1.330231474973715189e+00
2.002566321881024347e+00
3.533454192015778705e+00
2.434059905467497842e+00
-2.229856486850071429e-01
-2.299390326172573218e+00
-2.155540529511178249e+00
1.474466585610945124e-01
2.836200422940950094e+00
3.614114786139201119e+00
1.251579975773935871e+00
-3.482000218087863086e+00
-8.159508300968020933e+00
-1.009408964401244191e+01
-7.914131078986589074e+00
-2.357359842841107334e+00
4.153586080640069511e+00
8.840967412424264538e+00
9.993605706105393338e+00
