1.443561844200407762e+01
1.079533620897563395e+01
3.788194608095407645e+00
-3.252664782829733703e+00
-7.169807711286787288e+00
-6.788835139648591976e+00
-3.448765052533906861e+00
1.017479491007452497e-01
1.668480980473087794e+00
1.056462680215896954e+00
-1.134565899170691949e-02
5.905839263075447487e-01
3.570323597545791650e+00
7.445951691893422542e+00
9.416832050843506607e+00
7.288427027654774903e+00
1.100645516621811204e+00
-6.683302909810018733e+00
-1.256246465468499274e+01
-1.401869393101358341e+01
-1.084846911633557554e+01
-5.020454771189837295e+00
6.984316800081006305e-01
4.335744707440078116e+00
5.507215186203288759e+00
5.074077958536614474e+00
4.137079249761238309e+00
3.196907859963069143e+00
2.028430280373459293e+00
1.958115787761269821e-01
-2.319074906617410115e+00
-4.888030705626936978e+00
-6.532994466647743081e+00
-6.472218264368797769e+00
-4.528981778407199954e+00
-1.206658654854786406e+00
2.504369812254698680e+00
5.423597388012099785e+00
6.503956832605242155e+00
5.201668256489590192e+00
1.850181470917244608e+00
-2.185952888833339713e+00
-4.872744685367774053e+00
-4.445487183886998039e+00
-5.251762053617328174e-01
5.317821990528472043e+00
1.012245588862844947e+01
1.111063114807054220e+01
7.396566427044371395e+00
6.855620862517830538e-01
-5.638915076472400756e+00
-8.570807076734258345e+00
-7.355604092948331285e+00
-3.885203661316367629e+00
-1.287871863689311391e+00
-1.660764725300814204e+00
-4.545790280317935306e+00
-7.266572284321512143e+00
-6.926843302022053450e+00
-2.654141956061935481e+00
3.546750676368904287e+00
8.000901206216832762e+00
7.830115737659006037e+00
2.963136506049584007e+00
-3.721730881703254390e+00
-8.224921328959256428e+00
-7.961738806687851167e+00
-3.290218729663147101e+00
2.929728006353389702e+00
7.320872190879624597e+00
8.081570680764581738e+00
5.803888129519838124e+00
2.637468358868645613e+00
5.908831004554033761e-01
2.556423533828213746e-01
7.666485309942735471e-01
8.153918933901083133e-01
-2.077984495119219455e-01
-1.829738059440180864e+00
-3.054002753749361254e+00
-3.285346128280681288e+00
-2.809146878683769444e+00
-2.451215095190042881e+00
-2.748609097366996323e+00
-3.359530572926466174e+00
-3.231474989006610343e+00
-1.425915108614548288e+00
2.030886301095415902e+00
5.932569613454412583e+00
8.505529929383023102e+00
8.446528088184859229e+00
5.698688824189177993e+00
1.485652997394887542e+00
-2.370179385353938351e+00
-4.387894089083639315e+00
-4.082007483249732616e+00
-2.036045196690152714e+00
5.334435887515185382e-01
2.413520534407041396e+00
2.905244912838678140e+00
2.016356277946426356e+00
3.140577264888346765e-01
-1.451267387894512151e+00
-2.755101924618323928e+00
-3.518038177401551003e+00
-3.988282211649119002e+00
-4.338948365987163491e+00
-4.270029041406776749e+00
-2.998385934036434719e+00
1.843783566706884702e-01
5.051820001580576758e+00
9.931088207393003131e+00
1.215223128259360408e+01
9.494794223322788440e+00
1.869962173226871194e+00
-7.949163159444761817e+00
-1.534581963108966818e+01
-1.632650477673124456e+01
-1.002920975336796516e+01
4.146526413458055949e-01
9.457086679974510801e+00
1.235874121886119070e+01
8.067883184960111365e+00
-1.587825180439110806e-01
-6.882494041660006445e+00
-8.001290689936078948e+00
-3.328237659186819464e+00
3.487187141289708858e+00
7.589528503262623182e+00
6.240401909765230570e+00
5.361905720403475906e-01
-5.589867127619680076e+00
-8.244387140336321806e+00
-6.201674340368802163e+00
-1.441205499793928091e+00
2.635844278312510447e+00
3.832480899092757909e+00
2.609604431675949687e+00
1.351157028189416742e+00
2.150829711088466656e+00
4.946184314550048811e+00
7.491256582257284080e+00
7.168960263626290796e+00
3.183562919375430678e+00
-2.618292795210133139e+00
-6.961356905593301114e+00
-7.457081429113173954e+00
-4.241146054547116684e+00
2.879681687347964703e-01
3.348325147087996001e+00
3.745362828874099215e+00
2.403129567167200609e+00
1.145743298563902224e+00
8.653753643178796473e-01
7.029582583321470901e-01
-1.008967256002353929e+00
-4.829862108972850621e+00
-9.039738063878184349e+00
-1.043981208331324240e+01
-6.763148427610133240e+00
1.109147640478703511e+00
9.023687350546691022e+00
1.197389209963297141e+01
7.556742077425616877e+00
-2.007366787873827274e+00
-1.092448318937624663e+01
-1.344975455636543948e+01
-7.693465167988557951e+00
3.023850076224018135e+00
1.226375193196871649e+01
1.462644099042970325e+01
9.162083464740430117e+00
-2.308567977881199607e-01
-7.581142053440915518e+00
-8.795730887753800076e+00
-4.089428362920259019e+00
2.612867518133325184e+00
6.652822919000259461e+00
5.786138562324431689e+00
1.374870210570380058e+00
-2.961658889708803422e+00
-4.029318629542460783e+00
-1.102473730726122092e+00
3.946368209862938681e+00
8.205688292850538801e+00
9.620968973687080705e+00
7.892237003542929230e+00
4.028651419083430163e+00
-7.095205405184810132e-01
-5.447958431481460195e+00
-9.498208139582215992e+00
-1.181845618350369165e+01
-1.100664751719009793e+01
-6.189919955875533120e+00
1.775052805213779061e+00
9.916576844237134480e+00
1.428618905861542387e+01
1.219018616985896664e+01
4.092083124147324114e+00
-6.247712911279106329e+00
-1.373682527076194937e+01
-1.489714608721824973e+01
-9.897506278287893977e+00
-2.308167535605853971e+00
3.278995752299996180e+00
4.178547894316380962e+00
1.142947939453073047e+00
-2.468372491807198088e+00
-3.223019545568172717e+00
-6.047927065741021124e-02
5.014008334069082196e+00
8.385548535162747896e+00
7.353763926324060840e+00
1.972025992918823079e+00
-4.994556822851846434e+00
-9.857419140763653331e+00
-1.025798697471228849e+01
-6.410083730542465830e+00
-6.625500374166062301e-01
4.121307435142722575e+00
6.179694884040553227e+00
5.476051802088389486e+00
3.178776397507313334e+00
6.385553860984516383e-01
-1.309726034389708582e+00
-2.360401457112808909e+00
-2.363831253321840187e+00
-1.148663621466633700e+00
1.180247549860615752e+00
3.776321444189158605e+00
5.048875395558291679e+00
3.471984990785069503e+00
-1.162422741524511638e+00
-6.984358287652123742e+00
-1.060532731806684481e+01
-8.988078655713122700e+00
-1.593500776037567235e+00
8.669892436004369429e+00
1.659626466294547953e+01
1.751924315372620811e+01
1.020972384308629799e+01
-2.034065654803237422e+00
-1.297987889521038340e+01
-1.694999798518490053e+01
-1.214760166555607590e+01
-1.754133359286959681e+00
7.949246740517001086e+00
1.133990623664421449e+01
6.803254486808236301e+00
-2.379845556451187338e+00
-1.013503451189567350e+01
-1.136229489431247686e+01
-5.040633773534039186e+00
5.201888082131183921e+00
1.332441325161811463e+01
1.447655138472064351e+01
7.770518747381132130e+00
-3.362008373395543259e+00
-1.328121109529352850e+01
-1.731842687573114148e+01
-1.412481180111034007e+01
-5.965243665711195575e+00
2.941419248108802176e+00
8.829044774669153384e+00
1.008714266273242544e+01
7.463057377089047151e+00
2.993778270373526951e+00
-1.391880589451411243e+00
-4.666052158266698946e+00
-6.566512665290252571e+00
-6.937384594549328654e+00
-5.283268218442342956e+00
-1.020110569913471821e+00
5.714338443816589397e+00
1.335421840931061510e+01
1.901610579905852916e+01
1.965183438069136201e+01
1.374607486592733174e+01
2.573137455915291305e+00
-9.877387394799818310e+00
-1.851440978512393087e+01
-1.960123099178843731e+01
-1.276280238139134049e+01
-1.368607886755835779e+00
9.057899464437895176e+00
1.364395453534004510e+01
1.067942138689107878e+01
2.422655488176450156e+00
-6.275762271843847273e+00
-1.074565268483643266e+01
-9.051371615896300682e+00
-2.846240765584274079e+00
3.911501446091412149e+00
7.506175169853658957e+00
6.647776609168939643e+00
2.956963329461086865e+00
-4.371516710270826334e-01
-1.142507404228975121e+00
9.506196427223184697e-01
3.814723410851065921e+00
4.908561823059180540e+00
3.061399709920130885e+00
-7.174965381077609283e-01
-4.018400859404545500e+00
-4.768003442470849507e+00
-2.647628893710210374e+00
7.874000068127129381e-01
3.287559784871234569e+00
3.465438188368587191e+00
1.605182230206013028e+00
-7.742255904709237635e-01
-2.162746253056766488e+00
-2.130455908406338583e+00
-1.472374598788598110e+00
-1.432582403175669317e+00
-2.687913310179183224e+00
-4.860575774579571906e+00
-6.829849922150372343e+00
-7.483854363779676611e+00
-6.306461634144188366e+00
-3.473634749314559400e+00
3.822510122891287221e-01
4.362436145746062088e+00
7.299692600090712524e+00
7.826858611839280222e+00
4.889222009098614485e+00
-1.329875663785715201e+00
-8.714242491335713936e+00
-1.360376635417061664e+01
-1.254518531396787395e+01
-4.601066764398307640e+00
7.348116400401536907e+00
1.755966976712777239e+01
2.049401352837895018e+01
1.424897648157432073e+01
2.051092622915917651e+00
-9.449978800339980722e+00
-1.422021160630560210e+01
-1.062641555996635034e+01
-2.369059605622854559e+00
4.178659942994625176e+00
4.461865232273506621e+00
-1.061969354242918939e+00
-7.320887772768019275e+00
-8.394742670162457898e+00
-1.993851886489517611e+00
8.579238982634031174e+00
1.646448837482907379e+01
1.590811095723147517e+01
6.291749088939591061e+00
-7.303850393430707300e+00
-1.738014516114066410e+01
-1.883182070464450675e+01
-1.196987004645295549e+01
-1.807716213501501912e+00
5.652396081282108575e+00
7.366122218713368142e+00
4.709845420994756005e+00
1.717717890798115432e+00
1.702122627084545536e+00
4.859891270781103501e+00
8.480268861732133345e+00
9.295255795224791839e+00
5.987284572930819948e+00
-1.160771652430225842e-02
-5.780553129662689749e+00
-8.979501278289600208e+00
-9.050908713137065575e+00
-6.845858089894772291e+00
-3.393166108049393337e+00
8.412793022528894937e-01
5.526245161028024988e+00
9.491958123057681718e+00
1.053750321607041585e+01
6.726423780553315801e+00
-1.595041604007676916e+00
-1.084759240707179906e+01
-1.565930693628112635e+01
-1.222611197519854365e+01
-1.361020842058182634e+00
1.121252056140089870e+01
1.802693107842895159e+01
1.465595199299903406e+01
2.852251464183384932e+00
-1.032113790400070030e+01
-1.698381614585336408e+01
-1.355082681951695633e+01
-2.924165988786790571e+00
7.748802782907204367e+00
1.210141149908876557e+01
8.736810404096754468e+00
1.641377392005364033e+00
-3.284973635953762461e+00
-2.828762307936186993e+00
1.308620273461236438e+00
4.254188024085395980e+00
2.196980028832657972e+00
-4.272105906582511992e+00
-1.037614450772706753e+01
-1.080673499401743243e+01
-4.007591163993868832e+00
6.256826448386311412e+00
1.335223602523748809e+01
1.249208887516719457e+01
4.224879606663490605e+00
-5.910270023286971153e+00
-1.131063250476200110e+01
-8.923789437568832028e+00
-1.193125968782980273e+00
5.983991214716708029e+00
7.643443977753836549e+00
3.190933518680503678e+00
-3.561501099595533404e+00
-7.577536408341559948e+00
-6.434738562684202634e+00
-1.902259148588026694e+00
1.800676058616494268e+00
1.548033864876573240e+00
-2.177274032378790913e+00
-5.722803558176934757e+00
-5.243468292501873407e+00
1.492756525442584525e-01
7.508361988326139880e+00
1.209646117220177075e+01
1.078039531384139238e+01
4.233151947302806306e+00
-3.621692181376926278e+00
-8.389324444266089031e+00
-8.080602380186528322e+00
-4.039054927286311880e+00
5.396847373235031942e-01
3.145255219641232003e+00
3.546902905909547599e+00
3.362858294758869881e+00
4.191347397238764927e+00
5.969585924799714505e+00
6.920192174822874520e+00
5.079523217749485120e+00
1.132916827753627231e-01
-6.078380651129297263e+00
-1.047540551999705549e+01
-1.092950380167138391e+01
-7.544437356998050959e+00
-2.473458655872103229e+00
1.621521072911308536e+00
3.260821865317825807e+00
2.815358251562473768e+00
1.850097472505372709e+00
1.817735157523628242e+00
3.114980065294352229e+00
5.049285979059028762e+00
6.485761350532620817e+00
6.521564855768430924e+00
4.744428646733902966e+00
1.165071388464105961e+00
-3.791530630572587324e+00
-9.072934213791858937e+00
-1.287892133905907244e+01
-1.313304115045355402e+01
-8.633086999092823177e+00
-2.401971020512130295e-01
8.905042242638614880e+00
1.468948108726453050e+01
1.431450860387869106e+01
8.111309264034849420e+00
-4.861146762960049106e-01
-7.004032410437581291e+00
-8.735333457710973804e+00
-6.335426900898683655e+00
-3.022269246265299358e+00
-1.924960748152698464e+00
-3.553449032867053159e+00
-5.361347870787755099e+00
-3.849115973735726115e+00
2.312156001075789113e+00
1.057086721478952285e+01
1.572148388291293131e+01
1.343606610277906910e+01
3.642855551161769512e+00
-8.797530654347614387e+00
-1.685620844093073956e+01
-1.581590176657914704e+01
-6.418355067037625261e+00
5.542312407242969030e+00
1.296328349536839575e+01
1.197274609134178647e+01
4.183337603609508903e+00
-4.791361595486498537e+00
-9.380805259238607974e+00
-7.749172416606401548e+00
-2.597553276518060450e+00
1.296433176362816297e+00
8.296962137893202360e-01
-3.184592264218155222e+00
-6.847932195465298300e+00
-6.316240970038591307e+00
-8.098923129392874287e-01
6.756187683923182696e+00
1.192166571968382982e+01
1.192031969476858322e+01
7.557715646938564014e+00
2.370414309505290529e+00
-2.031283781342541062e-01
5.771426760941344991e-01
2.375920817710158950e+00
1.886004502844017328e+00
-2.249973068324534253e+00
-8.006244674391446381e+00
-1.121934848588732159e+01
-8.665733300773332815e+00
-6.974789274999815269e-01
8.581173893147294507e+00
1.384976806755517842e+01
1.209396435788002222e+01
4.642569045747617196e+00
-3.721175854770057523e+00
-7.956331513684874679e+00
-6.048570804089576924e+00
-1.462732581896120099e-01
5.140030484818149503e+00
5.987813849625499785e+00
1.872617077691245413e+00
-4.320955321351902079e+00
-8.502075552434565253e+00
-8.225704445830729128e+00
-4.206244679702933809e+00
4.202223219404142007e-01
2.379805304368510122e+00
3.990743822855059020e-01
-4.211881048029651353e+00
-8.709883575548477808e+00
-1.077054825812151506e+01
-9.684207369598647475e+00
-6.231869743272600459e+00
-1.656205776754774206e+00
3.253411189878977705e+00
8.228528458582792027e+00
1.286636492135476040e+01
1.605351612796090777e+01
1.620336197051420157e+01
1.230153322129863191e+01
4.971751792215799881e+00
-3.379861685818251971e+00
-9.649446931237310565e+00
-1.171561810177233021e+01
-9.578700028289778956e+00
-5.170571534928848578e+00
-9.961836894541993281e-01
1.403786928990722993e+00
2.102933098511333476e+00
2.205896281633511258e+00
2.631076037737300588e+00
3.291007125927558175e+00
3.301792141604507957e+00
1.964639402079164654e+00
-3.843517690611379933e-01
-2.439449589838399213e+00
-2.903499327408036734e+00
-1.577711917786513540e+00
3.793493561132945668e-01
1.308693251779279976e+00
3.754220022525904810e-01
-1.723321135114913583e+00
-3.296338793064325756e+00
-3.057723383681267393e+00
-1.247934197919314592e+00
5.065572815189598455e-01
5.751248314520123195e-01
-1.146506145663966691e+00
-2.895646445788723433e+00
-2.363301010851500017e+00
1.221410687228798198e+00
5.926881913658622381e+00
8.046055290627702306e+00
4.740397000887553780e+00
-3.427890574439401927e+00
-1.209770833140492030e+01
-1.550452168233443118e+01
-1.029558847877094685e+01
1.830334098513684005e+00
1.466983440950116346e+01
2.115296723484309283e+01
1.778325268238071644e+01
6.896142122844778122e+00
-4.863050153620743998e+00
-1.087937599772499198e+01
-8.808153665600979565e+00
-1.844976482903607717e+00
3.791881337582465594e+00
3.358356255747415808e+00
-3.098567305279810391e+00
-1.089019854191452019e+01
-1.412123277028776513e+01
-9.927618424269358144e+00
-5.189621451412600450e-01
8.366948131426484636e+00
1.143868322631783663e+01
7.421697601389290355e+00
-2.459431505634301907e-01
-5.976752457977236865e+00
-5.952464685083579177e+00
-6.238536417284605839e-01
5.875346503795926267e+00
8.838577699402895504e+00
6.322156619410083778e+00
3.624495564718445140e-01
-4.670338412912330206e+00
-5.284538138379936356e+00
-1.317396959444816051e+00
4.055615280589393024e+00
6.647243039333387671e+00
4.202903132277446829e+00
-2.086013801081620933e+00
-8.451470647550461734e+00
-1.107700644902429232e+01
-8.497607162993373819e+00
-2.309946201479655237e+00
4.113512501280918165e+00
7.869450013961515111e+00
8.171032293384485001e+00
6.409517106743208181e+00
4.799781405241499321e+00
4.686966425788629209e+00
5.676880591614542837e+00
6.065705849904627911e+00
4.141431922573542757e+00
-5.705292359126203916e-01
-6.883607720153176679e+00
-1.250769138351580523e+01
-1.515961425405816954e+01
-1.358423496478875947e+01
-8.037768541686217461e+00
-1.514945981408617470e-01
7.640214196330431307e+00
1.286500473876243511e+01
1.378823511119480472e+01
1.004744901752130559e+01
2.948928054807141930e+00
-4.793833966117494683e+00
-9.966398749094128817e+00
-1.018075020665250463e+01
-5.072317979102357377e+00
3.283006290848683673e+00
1.110063547158698682e+01
1.456411819014510556e+01
1.168529537591682121e+01
3.389599123075744735e+00
-6.802723898905552069e+00
-1.441607608636747528e+01
-1.618265398582664716e+01
-1.162346312271323967e+01
-3.226589336072846592e+00
4.862962905321157159e+00
8.943514307125710161e+00
7.545813839366359410e+00
2.004001706742533528e+00
-4.425659648712182204e+00
-8.361207029269628777e+00
-8.022021595576614317e+00
-4.003373727803993809e+00
1.223688089992214234e+00
4.724489742761082134e+00
4.630172550697808198e+00
1.012579550239952830e+00
-4.256287757841572095e+00
-8.487631135221112899e+00
-9.460623581475649857e+00
-6.410235812540701517e+00
-3.325629194815067358e-01
6.454018451362282249e+00
1.127291719872900977e+01
1.219733733214324722e+01
8.882244267284434613e+00
2.776606648263433286e+00
-3.430719593037366622e+00
-6.974587929055242164e+00
-6.311989034498045825e+00
-1.920742787156744846e+00
3.880891902918162106e+00
8.100297244359605742e+00
8.658934920430619187e+00
5.522523085319948954e+00
6.822586264754291197e-01
-3.054237120086040314e+00
-3.766161960652052443e+00
-1.575024113308050477e+00
1.481831936846351727e+00
2.794750112365460115e+00
8.946618269907415932e-01
-3.557366294001376161e+00
-8.130804496055624497e+00
-1.009240499383303202e+01
-8.039316748652293398e+00
-2.693391221270625024e+00
3.567183848182725381e+00
8.054644308595392488e+00
9.124662559116671900e+00
6.783184092993313818e+00
2.368214873354430594e+00
-2.292443418544356515e+00
-5.652380279163988774e+00
-6.800824333891590356e+00
-5.467217835846644114e+00
-1.959906474768108531e+00
2.801123030714304019e+00
7.289677338073693669e+00
9.691236358211835267e+00
8.622721075966801152e+00
3.959403545040231620e+00
-2.776295565896403694e+00
-8.866633386881749956e+00
-1.159992075594154848e+01
-9.618128996636642114e+00
-3.650974389650341045e+00
3.793982616449254941e+00
9.614924581232470402e+00
1.152666724584680402e+01
8.988449994230972351e+00
3.274246916305952659e+00
-3.217820342213318696e+00
-8.008469054087889560e+00
-9.486680076320944011e+00
-7.463431280352706310e+00
-3.193351403339944383e+00
1.148963269893638284e+00
3.415576651739582026e+00
2.533223728984515422e+00
-8.472073657216547815e-01
-4.557951079273064643e+00
-6.048875054107926807e+00
-3.925493878695828442e+00
1.039166719380838266e+00
6.183710492323208463e+00
8.529638206308828074e+00
6.730900315009448853e+00
2.087701692440884216e+00
-2.184817704534071758e+00
-3.078141643902141844e+00
9.015329311379260968e-02
5.072696670811662756e+00
8.140602391824641515e+00
6.672472036621577729e+00
1.092009679828357616e+00
-5.262126637628366410e+00
-8.322946596270417885e+00
-6.048716953983126032e+00
1.881380296602628288e-01
6.556818564446131425e+00
9.371910141830509744e+00
7.472108257252121355e+00
2.699136982012596775e+00
-1.768559619082190837e+00
-3.881706883494245197e+00
-4.084275373505276363e+00
-4.570164388820534995e+00
-7.085638097702048555e+00
-1.107697983734046510e+01
-1.372873183298440480e+01
-1.196857978431259362e+01
-4.955457051760730813e+00
4.875426143502238574e+00
1.310275193299263741e+01
1.609546990153513590e+01
1.329665474322251484e+01
7.379223933046025863e+00
2.200502378657141378e+00
8.980002089940808396e-02
4.526617959367682520e-01
6.469058690469373651e-01
-1.627953652708908461e+00
-6.292526266845500871e+00
-1.075350201889157198e+01
-1.176524619590551701e+01
-7.885332544470196936e+00
-7.038367818187998282e-01
6.046194999244693946e+00
8.847790035487932414e+00
6.570292872147300400e+00
1.011403888262828454e+00
-4.421537508161101471e+00
-6.862393384676924946e+00
-5.514859337509363080e+00
-1.715334193383760475e+00
2.229608407949143167e+00
4.460570168654216516e+00
4.338108776797115596e+00
2.333434602509369071e+00
-5.571403887854675663e-01
-3.316853305026809196e+00
-5.101880992936162151e+00
-5.291182480328140869e+00
-3.641959447973897923e+00
-5.410033204566833120e-01
2.933704983789256815e+00
5.387535403028463676e+00
5.804854691271335909e+00
4.103169207327084678e+00
1.112442676953386167e+00
-2.016718388073932555e+00
-4.491831255442880533e+00
-6.084257115126519011e+00
-6.742915671322400328e+00
-6.087341767765419576e+00
-3.435704143078035955e+00
1.440324945853964422e+00
7.411584005941444175e+00
1.189913251015140183e+01
1.209482369698761772e+01
6.929304672806099852e+00
-1.621145931280597141e+00
-9.127568836195813162e+00
-1.119780540326790330e+01
-6.378263757504619491e+00
2.579270649033365892e+00
1.020136631930440885e+01
1.175353463812259491e+01
6.399596858161031854e+00
-2.167048326210144982e+00
-8.163615922708057582e+00
-7.609696725033777476e+00
-9.818900962871310867e-01
7.210248949773840010e+00
1.158549825836922764e+01
9.513680008505589925e+00
2.655514240072569532e+00
-4.544487229668153994e+00
-8.142451664036281400e+00
-7.270070492352551206e+00
-4.191419668514180685e+00
-2.034975193759864354e+00
-2.152718305278829458e+00
-3.229196670384066437e+00
-2.761031355012566468e+00
4.252314091600538637e-01
4.791171897126274892e+00
7.079206824284892896e+00
4.956913296867318408e+00
-8.222399077615936136e-01
-6.586840645649790105e+00
-8.288442311513144034e+00
-4.549725099507075932e+00
2.145574456184597523e+00
7.137352792141269830e+00
6.973334832257931382e+00
1.971551315278514682e+00
-3.997516637326211431e+00
-6.392419301591683478e+00
-3.408295272913969942e+00
2.649990062528580381e+00
7.078487533937252607e+00
6.305800743920006113e+00
6.121050064208256591e-01
-5.997484070189085692e+00
-8.682814772415794025e+00
-5.296808240808701385e+00
2.027916453504342353e+00
8.367529382374804925e+00
9.456999057835616895e+00
4.603187448142354476e+00
-2.976670401142646583e+00
-8.521132061805092306e+00
-9.007386120611847957e+00
-5.014751997797812777e+00
2.489107611453644786e-02
2.467702868830212282e+00
9.956946087968086001e-01
-2.709112290103895759e+00
-5.457086522019837460e+00
-4.964442456905460155e+00
-1.409093048954216609e+00
2.882241128873004321e+00
5.224112788514331918e+00
4.459905533369669328e+00
1.640522036962709596e+00
-8.480127210458872078e-01
-9.672748155299137895e-01
1.668576445517566009e+00
5.653129266005674225e+00
8.749582412258440911e+00
9.221643103125135355e+00
6.709582171076837298e+00
2.249434447438732221e+00
-2.409795287875175163e+00
-5.707199223207755523e+00
-6.919147242427883704e+00
-6.316827336135024673e+00
-4.848704911206406898e+00
-3.542198378562254391e+00
-2.911241629489690119e+00
-2.667947502539429916e+00
-1.930927347663045524e+00
1.233167947500501960e-01
3.520077995403682714e+00
7.164450540983506421e+00
9.271269038044458455e+00
8.408537194885020938e+00
4.533433958186420476e+00
-7.181247311000137357e-01
-4.814939378950731097e+00
-5.793316508550895527e+00
-3.476855936908060940e+00
3.868668623462047096e-01
3.219304097380784491e+00
3.236875440433747197e+00
5.272613189243453569e-01
-3.134729332538320978e+00
-5.562821785692123377e+00
-5.601881235235621759e+00
-3.730289311639815253e+00
-1.459566792424718873e+00
-5.708458679243100242e-02
4.083882929868990486e-01
9.793170489999107886e-01
2.771047276010432547e+00
5.800873750088292979e+00
8.613794099622257505e+00
9.060333288235467464e+00
5.751767695844230310e+00
-7.760944826148480358e-01
-7.991137211132532059e+00
-1.250005005511625100e+01
-1.177507669198461215e+01
-5.531809802072982230e+00
3.961290763843073659e+00
1.278948010884954911e+01
1.708324263830728640e+01
1.473789054700951695e+01
6.412089028872786756e+00
-4.655597328189903017e+00
-1.400502564555980811e+01
-1.796185153428599079e+01
-1.538820759023445817e+01
-8.259005953904960506e+00
-6.341253709814380635e-01
3.555811228870972229e+00
2.730085579780937799e+00
-1.446399707796053757e+00
-5.136453663373054646e+00
-4.814884588794176246e+00
3.589905402473858587e-01
7.833660041260594120e+00
1.315698705232208177e+01
1.275890006398755006e+01
6.229923132634180405e+00
-3.388171249930138185e+00
-1.145816767485312049e+01
-1.448477981817902460e+01
-1.194292465692731220e+01
-6.125263901725147342e+00
-3.438686343914914012e-01
3.122626528051981598e+00
3.970397830833415576e+00
3.327388794841541930e+00
2.477384119550078534e+00
1.985226489034146446e+00
1.780393992313393348e+00
1.801921497325529531e+00
2.338776631035963227e+00
3.614469572145741605e+00
5.051879237617425744e+00
5.151231078476593339e+00
2.476134136033079969e+00
-2.830675378960135546e+00
-8.339890209598298298e+00
-1.042082061628826395e+01
-6.735319625631680296e+00
1.590849399863889513e+00
9.984956264780736390e+00
1.308367744973879532e+01
8.441986228880965726e+00
-1.375715862438719572e+00
-1.011388820569065494e+01
-1.195656892862066201e+01
-5.680205223886670041e+00
4.235180444828618107e+00
1.057030595126786565e+01
8.476260557274089891e+00
-9.095370749202225102e-01
-1.106171737946018041e+01
-1.460504667243822574e+01
-8.600182381727419667e+00
3.262774797267989246e+00
1.321865250120162827e+01
1.492230414952199702e+01
7.893818995322087417e+00
-2.326456717621741888e+00
-8.390131981276431006e+00
-6.563609012145663613e+00
6.773212025137650416e-01
6.778988734759693102e+00
6.303413724377135097e+00
-7.818778572909113045e-01
-8.988232156660755479e+00
-1.146724541969504152e+01
-5.306018911689235118e+00
6.058674568578730657e+00
1.516443685131584473e+01
1.588752356704633328e+01
7.875252219498026562e+00
-3.220957636883829966e+00
-9.849277182998264379e+00
-7.943404589455322018e+00
3.424518204286410850e-01
8.443359594248647682e+00
1.025774061627770095e+01
4.432231220488692891e+00
-5.001032430158378617e+00
-1.187565654146487226e+01
-1.241358419492239662e+01
-7.627978813066178532e+00
-2.001803024325540026e+00
2.806789287706557001e-01
-1.483169179975833085e+00
-4.310958948970186277e+00
-4.278397685380434190e+00
1.011476386735914446e-01
6.560718917469246847e+00
1.081254211655758546e+01
9.900279691907847734e+00
4.515551342617119879e+00
-1.510461546272588107e+00
-4.107174243184481099e+00
-1.994815171514441765e+00
2.463999998245229861e+00
5.186206123170133964e+00
3.543687241840012714e+00
-1.630423355355993920e+00
-6.681333142471657993e+00
-7.879449105937894160e+00
-4.194297723800072930e+00
1.934574065744186555e+00
6.332623382140514678e+00
6.019557531654260885e+00
1.241377962659774292e+00
-4.747884361671114384e+00
-7.888418580268927727e+00
-5.933218888366109667e+00
2.148164763103710406e-01
7.156517132776135881e+00
1.104456381647444019e+01
9.693531714125317222e+00
3.603967920693674998e+00
-4.454596520145598149e+00
-1.086998891587233196e+01
-1.283625548221804635e+01
-9.531910321467364611e+00
-2.436250035637769429e+00
5.300054113249416332e+00
1.022619283097781739e+01
1.019607918393196044e+01
5.468820075169678496e+00
-1.357423318753933739e+00
-6.712665769669112770e+00
-8.067704383408390356e+00
-5.397342821156727588e+00
-1.097323346989675930e+00
1.690014210268079076e+00
1.266566523348127804e+00
-1.447930193638924168e+00
-3.655342614510685983e+00
-2.860129631242667170e+00
1.096192112223840498e+00
5.719143548228890594e+00
7.611525158900710686e+00
5.065198133344742004e+00
-4.561256376541854562e-01
-5.158619226416534254e+00
-5.587109149472269110e+00
-1.200480081291092738e+00
5.090753092872940755e+00
8.912989924189552937e+00
7.549487414499570725e+00
1.906731399134977245e+00
-4.149079198010488412e+00
-6.624203084958342203e+00
-4.312366953229133770e+00
3.738478965145238808e-01
3.279298967159257394e+00
1.695578743796376742e+00
-3.513795713784534147e+00
-8.440186568112450161e+00
-8.931983196475906439e+00
-3.626946128776368461e+00
4.971780495158687252e+00
1.210578952738502423e+01
1.384990548513293973e+01
9.489504792336870054e+00
1.641239197812145001e+00
-5.725619844883940601e+00
-9.770011536104718175e+00
-1.002632893843840556e+01
-7.828878717775662466e+00
-4.761330136796487089e+00
-1.565363354371151594e+00
1.702439986308179165e+00
4.712761554187681057e+00
6.287075574396786770e+00
4.992840155348400089e+00
5.379464392888003710e-01
-5.308010809632968119e+00
-9.337370899097262367e+00
-8.923938133932805883e+00
-4.021844859267322825e+00
2.494925332194882994e+00
6.665040535790044629e+00
6.274688401251840020e+00
2.600380954606014594e+00
-3.919990872121350556e-01
9.927871904369074407e-01
7.138241081939158406e+00
1.430842626062339384e+01
1.689140523749316003e+01
1.130353230136073428e+01
-1.150734972186987060e+00
-1.458226259370211331e+01
-2.196653473407928914e+01
-1.952312647408995971e+01
-9.109966744006181116e+00
2.973877525949720102e+00
9.972444537266870412e+00
8.800119965186762983e+00
1.648660659015354302e+00
-5.827402667919704626e+00
-8.366933543376111615e+00
-4.380782580722337727e+00
3.392904305355527228e+00
1.002484366422418915e+01
1.166642902352164413e+01
7.746113760293024342e+00
8.420036918368376533e-01
-5.343620377047054504e+00
-8.307474070803442245e+00
-7.828082025151777756e+00
-5.367648516586482899e+00
-2.583077774707517538e+00
-2.108563601258377496e-01
1.932258442630527817e+00
4.096217130988829780e+00
5.824543200866878045e+00
6.037416216432133886e+00
3.950447127369491440e+00
4.191287060445325618e-02
-3.834610012540204504e+00
-5.462361356635540233e+00
-3.772446526576293202e+00
2.394440521940826017e-01
3.946690167763574841e+00
4.708022901619687950e+00
1.641397143707494344e+00
-3.643550976390297347e+00
-7.903148117855986143e+00
-8.214381711917253526e+00
-3.803440822572870417e+00
3.405258525821103444e+00
9.856600178202919338e+00
1.237033135122984184e+01
9.853361765061377398e+00
3.731959388085591911e+00
-3.040522260452282133e+00
-7.679238912888832758e+00
-8.908076443958458768e+00
-7.241701548704795321e+00
-4.254092858562073864e+00
-1.486160003760089054e+00
2.686095490410799203e-01
9.809016046918093146e-01
9.429664790056064838e-01
3.763779259951416378e-01
-5.804527500279133001e-01
-1.607805941387413284e+00
-2.061365534274747890e+00
-1.247792827089672540e+00
9.970685645450834134e-01
3.910135093994923317e+00
6.038931568700532715e+00
6.114554500679487248e+00
4.005605141767501820e+00
1.008393720352404044e+00
-8.809004359668457518e-01
-3.256003232818165394e-01
2.294420316357648648e+00
4.958735271996369320e+00
5.293844824221756618e+00
2.255064807653945458e+00
-2.986135473103712634e+00
-7.657860131029611495e+00
-9.171730562382336416e+00
-6.869750423881574974e+00
-2.488873873257178015e+00
1.032600579740726499e+00
1.598214543299611545e+00
-6.031841253135388214e-01
-3.305046695949903857e+00
-3.891626183472200573e+00
-1.397935366024479986e+00
2.696455821891161175e+00
5.500163790719525103e+00
4.851636533244931826e+00
1.010330488089715928e+00
-3.373550419567243885e+00
-5.050410797373213967e+00
-2.475589694301924215e+00
3.022688726338711884e+00
8.070366406152741590e+00
9.509144908427462184e+00
6.509735383653898921e+00
1.065857762706339251e+00
-3.443030223662316036e+00
-4.570232227179573670e+00
-2.364513279998191386e+00
8.712345237300436196e-01
2.364209624661055109e+00
8.670445912954026779e-01
-2.545545887575543453e+00
-5.364175481672885049e+00
-5.485781133620151628e+00
-2.655390281149494047e+00
1.464562583503705273e+00
4.528092057587097763e+00
5.064405591498641002e+00
3.252047314890244678e+00
4.760073297632598788e-01
-1.842903256598765305e+00
-3.189591307947859278e+00
-4.002184463714209883e+00
-4.924277586541968788e+00
-5.975900271975902456e+00
-6.363981291393988826e+00
-5.090438570271724750e+00
-1.857758548957250344e+00
2.464872689729912913e+00
6.205831110569141273e+00
7.842814241035414469e+00
6.873437161367719206e+00
4.023867718104130020e+00
7.137552020752077064e-01
-1.794189471689405124e+00
-2.980273660751497466e+00
-3.081575076287411008e+00
-2.664118669482538948e+00
-2.146564008340513752e+00
-1.597201392789104002e+00
-8.444113857041974924e-01
2.886918601815773311e-01
1.825762752216884888e+00
3.601706470009932382e+00
5.269824685348549309e+00
6.300057782271587747e+00
6.044340232536011825e+00
3.991400877161747296e+00
1.875010707033168966e-01
-4.442269601990357586e+00
-8.230709703435502789e+00
-9.494669527817272581e+00
-7.530243564485193275e+00
-3.220542047231332639e+00
1.290004485276470270e+00
3.820059561165495943e+00
3.555690397808631609e+00
1.652979939939726028e+00
4.960083256340073188e-01
1.980876683193500298e+00
5.959373917833763024e+00
9.997672906981163621e+00
1.078559191669097928e+01
6.385000851438377367e+00
-2.167176113677264482e+00
-1.106595380945192097e+01
-1.576706816682121826e+01
-1.362578750712962083e+01
-5.484632814376720233e+00
4.796848994091774898e+00
1.255070789584560487e+01
1.482885142345620721e+01
1.169866417947923409e+01
5.647644191276586234e+00
-2.883668512041313026e-01
-4.295332835567503338e+00
-6.313689397723509344e+00
-7.210406778171321029e+00
-7.477112534027630986e+00
-6.610780745763503496e+00
-3.697217711330428536e+00
1.313211864640651427e+00
6.774441505487031279e+00
9.825936315511203389e+00
8.071257724096847497e+00
1.365146657033073474e+00
-7.607537601482597722e+00
-1.454877565121694794e+01
-1.594024235542100065e+01
-1.114149002584711390e+01
-2.836196538992323823e+00
4.504192473233462835e+00
7.207020339134782461e+00
4.442002369286619512e+00
-1.499855697289520506e+00
-6.772447831923666506e+00
-8.319066271412552283e+00
-5.516715363430706454e+00
-1.934883064727919155e-01
4.807370833545068223e+00
7.445455903518096719e+00
7.488164049445125592e+00
6.178141988365525528e+00
4.992479394599999232e+00
4.493111772029708462e+00
4.093665416665473344e+00
2.823424238339484305e+00
4.147910739573328343e-01
-2.183846536926037363e+00
-3.319527201346011758e+00
-1.838539033212136298e+00
1.893987276698239519e+00
5.949248713999264027e+00
7.893802458350998918e+00
6.305579508646168563e+00
1.750575859029090076e+00
-3.452674974871600355e+00
-6.572262771108993817e+00
-6.081041466595674905e+00
-2.551360007695976595e+00
1.709256189245609070e+00
4.026196881253508053e+00
2.877756033472740782e+00
-1.321152459219104180e+00
-6.553166482668576265e+00
-1.034571113180226298e+01
-1.100379528311732180e+01
-8.268985361912111642e+00
-3.188915909167842067e+00
2.539042426574115829e+00
7.279375410896093967e+00
9.891067313926161120e+00
9.848213915223148263e+00
7.221254284804458301e+00
2.667042673559001820e+00
-2.600748716818643391e+00
-7.016619097304894304e+00
-9.132833863725799972e+00
-8.220264395359833998e+00
-4.676986430165673170e+00
5.447218930627295563e-02
4.100379648723703419e+00
6.009938334967150908e+00
5.395187388975129394e+00
3.020850375774499774e+00
3.322747897431269637e-01
-1.281335733823214307e+00
-1.091668729336517263e+00
7.499367205129763292e-01
3.383842772344272554e+00
5.633012679000406919e+00
6.428834785336929869e+00
5.173383750873686182e+00
1.998853058067580069e+00
-2.144987154635691340e+00
-5.697342173112854624e+00
-7.056335950867834939e+00
-5.373124818961160898e+00
-1.181436264568737293e+00
3.595858134537121220e+00
6.463584706610763675e+00
5.693789849083045418e+00
1.453873948212336398e+00
-4.035478606582918459e+00
-7.578444097102899235e+00
-6.823155506918964441e+00
-1.780098661321642073e+00
4.934699324658764930e+00
9.402011751133887429e+00
8.581456656356007073e+00
2.128489050257673654e+00
-7.233670984727893938e+00
-1.504025726436671206e+01
-1.737873827685888628e+01
-1.288079394493406049e+01
-3.358483309644457293e+00
7.168929369500948390e+00
1.443796817551544898e+01
1.583570705249030475e+01
1.135089483945824895e+01
3.303020264110561932e+00
-4.825655508049549347e+00
-9.835469554942493531e+00
-9.973080153298521822e+00
-5.495043894028391662e+00
1.466691202411223527e+00
7.694956046062827681e+00
1.015304070887729537e+01
7.342013207278417219e+00
1.745259335831819136e-01
-8.182789932641506780e+00
-1.365166599818060611e+01
-1.326736996676997116e+01
-6.849103474873945885e+00
2.712667076239007713e+00
1.088982743548226040e+01
1.397294209305783141e+01
1.112545149205259598e+01
4.741074431161625746e+00
-1.182895257336669559e+00
-3.655417557520435956e+00
-2.575889744918815172e+00
-5.967099411684733123e-01
-1.003108350556187078e+00
-5.042185689312844943e+00
-1.061155028401172196e+01
-1.338042202496491306e+01
-9.758926197418904991e+00
2.381052139270756207e-01
1.228767753225003823e+01
1.994492396316536187e+01
1.852001526501071993e+01
8.203503692401827863e+00
-5.672060287874296058e+00
-1.558467650059966125e+01
-1.626273017664076548e+01
-7.860489992878271437e+00
4.148947016938104859e+00
1.233358118165169515e+01
1.183709211732725208e+01
3.281040301727027320e+00
-7.723313789586505607e+00
-1.407994215981616470e+01
-1.151644183707837144e+01
-1.079639114683801360e+00
1.157852812610059878e+01
1.952747851974538307e+01
1.840906129332520180e+01
8.605783758478937173e+00
-5.291895204895204152e+00
-1.710209536052984802e+01
-2.208653495222418073e+01
-1.880686951578220700e+01
-9.151295284521554052e+00
3.029887305949082954e+00
1.368081231128094188e+01
1.984618196292284154e+01
2.023865478516428240e+01
1.524067866727889609e+01
6.611978371931908072e+00
-2.994198640782532284e+00
-1.073964920385533972e+01
-1.447962792782424657e+01
-1.352382171142915723e+01
-8.879120221570216742e+00
-2.763369078921440458e+00
2.409245209737397975e+00
5.036309829140205530e+00
4.805597271928718328e+00
2.483990887540787451e+00
-7.013003713098298064e-01
-3.621403918277398937e+00
-5.464821646001390754e+00
-5.706299280148410702e+00
-4.124796745491260630e+00
-1.030736619355339112e+00
2.490638682694882533e+00
4.726260331074627175e+00
4.087797287500013255e+00
1.728521983128428197e-01
-5.587582366142643586e+00
-1.033926299422335937e+01
-1.127305893714369489e+01
-7.351949721186489484e+00
-1.504982157892542638e-01
6.885837840360007789e+00
1.042956868809551629e+01
9.274955829083847192e+00
5.020831235143251803e+00
9.344283759631292208e-01
-2.645263190265914055e-01
1.807908084974634066e+00
5.072588622103822331e+00
6.597526804290336777e+00
4.788969209867076415e+00
5.838014123487089702e-01
-3.226540486169453992e+00
-4.061079235146818789e+00
-1.502202766370045683e+00
2.310406994087173871e+00
4.181995911715504555e+00
2.219101480977526464e+00
-2.656328942440019159e+00
-7.174117811207262996e+00
-7.911931860682571482e+00
-3.723093442372483963e+00
3.310084897650331648e+00
9.112813776071163829e+00
1.024985861095037798e+01
6.180232403164101385e+00
-4.012511482892095471e-01
-5.376259795686769039e+00
-5.944552117056607798e+00
-2.438223191263647394e+00
2.017095754811363051e+00
3.756884962438444386e+00
1.208602411179018787e+00
-3.904567992405966859e+00
-7.639403930717452162e+00
-6.510728948757398271e+00
-5.004178699534733710e-03
8.764648519345938027e+00
1.476477111690320321e+01
1.407854504453975331e+01
6.364575238409139857e+00
-4.824020692989602566e+00
-1.407250960406373785e+01
-1.721989491765576474e+01
-1.362426742913997479e+01
-6.220707751313547362e+00
5.562246556748693394e-01
3.564983786469839266e+00
2.652626531738662585e+00
2.465901306209248300e-01
-7.200348382015000492e-01
9.880406599177501414e-01
4.126150964068663107e+00
6.090038670819606814e+00
5.032653202514373092e+00
1.358351417874949840e+00
-2.543553508665865603e+00
-4.129785239943337238e+00
-2.693689532531288400e+00
5.633600136648275747e-02
1.358803717573782377e+00
-2.804838793562159927e-01
-3.626302644376555584e+00
-5.391580168597245759e+00
-2.745686771169800089e+00
4.147582217864123955e+00
1.158840941800887769e+01
1.449286430247104107e+01
9.936191070562381711e+00
-4.141261578484554118e-01
-1.089648415590020214e+01
-1.533651010814524263e+01
-1.114222152249994302e+01
-1.145046880766765973e+00
8.217420100033267616e+00
1.121880726143059626e+01
6.673072209589355097e+00
-1.436592456872656465e+00
-6.984422855252947926e+00
-6.199805347849725479e+00
-3.611894830314902327e-01
5.289390624456187240e+00
5.610352642573724680e+00
-4.187165368658174458e-01
-8.745329246200039819e+00
-1.313389737549654868e+01
-9.805531585633959324e+00
-3.912741405214141821e-01
9.038277303554417941e+00
1.222408734491260063e+01
7.176845185112154191e+00
-2.402227370054122346e+00
-9.759795707360236605e+00
-9.845536279662384871e+00
-2.734921012725881617e+00
6.680258370648210153e+00
1.234961049070117944e+01
1.127130103756439361e+01
5.190341216415624181e+00
-1.249884099140393889e+00
-4.240973907135829002e+00
-3.458333834224946557e+00
-1.686798169863890307e+00
-1.969006037203700155e+00
-4.769222428885915299e+00
-7.530965078811155067e+00
-6.967835337331838907e+00
-2.133511080808163651e+00
4.366220460600670705e+00
8.162149376189216099e+00
6.574604329694725635e+00
9.402191397977157639e-01
-4.187659779546318184e+00
-4.500999498042463465e+00
5.978364063551062646e-01
7.326213678341997770e+00
1.033317419119339142e+01
6.921080291369145598e+00
-6.231985379765470068e-01
-6.546252749883847422e+00
-6.002199417303865303e+00
1.009592755995399216e+00
9.255134638265074543e+00
1.192689644331807131e+01
5.757720305241993408e+00
-6.227854304055860268e+00
-1.649350046454931373e+01
-1.814632380000772116e+01
-9.789349810731533097e+00
3.427657809149100565e+00
1.330275538019389359e+01
1.408820131160519296e+01
6.100756716746312591e+00
-4.974294948258739524e+00
