4.650154746272811557e-01
-1.224112542035101781e-01
-7.071508353946949210e-01
-1.327054723514271339e+00
-1.871632613154956992e+00
-1.986611445932375153e+00
-1.280713719195818667e+00
3.117510622056357539e-01
2.308934783753619158e+00
3.818419911369171693e+00
4.001248785362307103e+00
2.587826292985117238e+00
1.078928761965441963e-01
-2.336082733144337897e+00
-3.634453504721728123e+00
-3.240128915317865399e+00
-1.407474636363108544e+00
1.018248445541069414e+00
3.093601117944035472e+00
4.223275529200485323e+00
4.301435037496572633e+00
3.533118381007598785e+00
2.154567282589648691e+00
3.183136241253097243e-01
-1.767663540057794913e+00
-3.617701108051514680e+00
-4.459807271742152857e+00
-3.599848682099310526e+00
-9.939238446366180924e-01
2.399206003240900387e+00
4.876185466811089775e+00
4.872007448115975414e+00
1.997405388408290072e+00
-2.473131974657757581e+00
-6.119026152772207183e+00
-6.723902274721370809e+00
-3.676385929922366458e+00
1.503700260656224197e+00
5.951891413697364186e+00
7.152472446337393208e+00
4.490130492741973178e+00
-3.619649056353304029e-01
-4.511137449868017235e+00
-5.696412644267398129e+00
-3.699546284332780210e+00
-3.675896057409473450e-01
1.764270435965383577e+00
1.294101846303401526e+00
-1.055759155987077147e+00
-2.983153530324179847e+00
-2.314626577529829810e+00
1.325890472146812327e+00
6.086476830723293929e+00
9.038322889447053754e+00
8.140455158887252907e+00
3.663642929936606230e+00
-1.923040947256680511e+00
-5.542585704309836103e+00
-5.499596872542179327e+00
-2.523280062672398572e+00
8.207319338266108044e-01
1.915349176390651387e+00
-1.557460437787242524e-01
-4.052452219431604163e+00
-7.132827989128650792e+00
-7.212106819173278893e+00
-3.934009548796755240e+00
1.095555235860268040e+00
5.385179195002696595e+00
7.044281703314844378e+00
5.719099923467208413e+00
2.508907903976315357e+00
-8.858596120138363395e-01
-3.107398711998907714e+00
-3.614576678349728400e+00
-2.593878920661687015e+00
-6.173344063895788159e-01
1.601964321707822325e+00
3.281380181744959046e+00
3.667282360995173018e+00
2.349364665495673243e+00
-3.154035365577828598e-01
-3.059551708899155287e+00
-4.182552901197921003e+00
-2.555131760532541652e+00
1.449843011619368127e+00
5.836122350705590378e+00
7.968062758033954474e+00
6.181796046181126769e+00
9.953555361344639252e-01
-4.976760356486293446e+00
-8.492326836796971534e+00
-7.664756764926262456e+00
-3.170540668237195714e+00
2.153550226487567887e+00
5.097895016696059045e+00
4.086692895368203793e+00
8.319159977023338204e-02
-4.176175737887088957e+00
-6.051166076053385190e+00
-4.675608428824173046e+00
-1.333267501647649400e+00
1.632649744095564515e+00
2.520385878957585035e+00
1.353154644803222340e+00
-3.681054015016442804e-01
-9.609322688808745738e-01
1.152608972630621564e-01
1.892205084971961382e+00
2.712112637941177073e+00
1.574433184986828493e+00
-1.017796247028855072e+00
-3.340733511025215652e+00
-3.646060782922454724e+00
-1.398451042457985238e+00
2.321160385787181202e+00
5.501833826248324399e+00
6.468825180977320954e+00
4.861039907592182630e+00
1.717788890926679635e+00
-1.278527462655472569e+00
-2.818053777676136740e+00
-2.580903508057405205e+00
-1.177387905936411627e+00
3.809124245444210910e-01
1.239190397400196542e+00
9.804982689113057592e-01
-3.677310982952021190e-01
-2.411827343843053306e+00
-4.434940286811041688e+00
-5.487940812190881701e+00
-4.694639620148771897e+00
-1.771002772896005162e+00
2.532061942365848584e+00
6.478847748157621211e+00
8.079626511261054134e+00
6.208400928834400645e+00
1.432892190478547434e+00
-4.062153143817818446e+00
-7.548988603815002918e+00
-7.250696592190468692e+00
-3.346268358184340208e+00
2.149681707127836905e+00
6.555128120402532232e+00
7.990746675544478705e+00
6.246711234748913100e+00
2.591116877381130390e+00
-1.211522848613081127e+00
-3.925997242833633827e+00
-5.257361920752951612e+00
-5.528396185982003885e+00
-5.060851174779319450e+00
-3.849391140969451008e+00
-1.780708800470472308e+00
8.714616539918684790e-01
3.214213464062297909e+00
4.099780902303197472e+00
2.906146298501739444e+00
1.508534655250059475e-01
-2.599079990958236053e+00
-3.575164277338930496e+00
-1.903058452881120743e+00
1.783150477851580096e+00
5.638346199644364454e+00
7.641380768794603817e+00
6.714563094817923350e+00
3.248973003487330757e+00
-1.223394255840731804e+00
-4.922789365133539263e+00
-6.694821131732027197e+00
-6.392048859321654675e+00
-4.675765982842715829e+00
-2.499474721830903245e+00
-6.317718330976731522e-01
5.735047701528878106e-01
1.165963989836484860e+00
1.455704934284621332e+00
1.816777666726754115e+00
2.460276703855453384e+00
3.227964226698298411e+00
3.543617803900084073e+00
2.668010754029781495e+00
2.345699219737880092e-01
-3.229055589742462651e+00
-6.231679672075418175e+00
-6.953882241695666266e+00
-4.363679598260254089e+00
8.652346020976260377e-01
6.356867567595175572e+00
9.179452079095250738e+00
7.574990483872277913e+00
2.193408130438485149e+00
-4.069572082441013094e+00
-7.686946713966460010e+00
-6.639328556017058958e+00
-1.714921084669248863e+00
3.924036452138046194e+00
6.694769657084300718e+00
4.840105189283996800e+00
-4.778057636002460695e-01
-5.934805216066285638e+00
-8.139415818130940394e+00
-5.696076750691862145e+00
5.899531704449534342e-02
6.022558101221833660e+00
9.249377981076120747e+00
8.553020390555236219e+00
4.848038482804041926e+00
2.281810553781515871e-01
-3.410246767150963976e+00
-5.241263238791239232e+00
-5.457655986205422138e+00
-4.620364708875303705e+00
-3.104490584930626351e+00
-1.093739054306898550e+00
1.017614430519580671e+00
2.369335338507061017e+00
1.959771813695255549e+00
-5.672282537509369948e-01
-4.298994127330940884e+00
-7.231376939910076018e+00
-7.336007364696762068e+00
-3.897352932852521157e+00
1.813860139530794946e+00
7.097884435063017250e+00
9.358281189236192787e+00
7.655404154387682070e+00
3.265601033906851303e+00
-1.129869628153578276e+00
-3.098872012223213179e+00
-1.885159652728205959e+00
1.279515252728305796e+00
4.102950736263057507e+00
4.721607330898988764e+00
2.769209692857721006e+00
-5.949783951116079939e-01
-3.586327272514685305e+00
-4.932348399174803610e+00
-4.498938260150477930e+00
-3.098167760615163857e+00
-1.751618648612323081e+00
-9.939117027891677392e-01
-6.697111377436630875e-01
-2.606928634384528820e-01
5.915510417228614370e-01
1.775487376267503858e+00
2.797710105675816017e+00
3.141237604792943561e+00
2.601225995367808963e+00
1.378213752549904525e+00
-7.912843071176967058e-02
-1.320877021866563972e+00
-2.059327170467428747e+00
-2.191870563554783935e+00
-1.747604048239985719e+00
-8.485801581585952214e-01
2.907475912466606083e-01
1.378012207733472216e+00
2.125308625071672619e+00
2.379163492008785408e+00
2.203975544262503306e+00
1.832740398266114346e+00
1.496387872187495471e+00
1.251808379679181682e+00
9.495560683443435845e-01
3.834048861147503207e-01
-4.847705520713089800e-01
-1.409418956286924152e+00
-1.973610380163265843e+00
-1.876000089311087971e+00
-1.189665917627740876e+00
-3.839250628589992997e-01
-5.598068437470712921e-02
-5.314556381910666705e-01
-1.606029936771221411e+00
-2.623707937916087474e+00
-2.865069807715437289e+00
-2.003225210535124035e+00
-3.287422770845201958e-01
1.408595679084595043e+00
2.441581111591398567e+00
2.426182928792623983e+00
1.603559525642989092e+00
5.981180569855105711e-01
8.113938126092526404e-03
7.027945527017717686e-02
6.062902983477433949e-01
1.245808665520325764e+00
1.725147275413663639e+00
2.023765115333073794e+00
2.246691918297018642e+00
2.377199517892745639e+00
2.142458043513113086e+00
1.156131161886158498e+00
-7.254892504587240332e-01
-3.103419592108055181e+00
-5.076335446520773509e+00
-5.689423477696395892e+00
-4.548795155048682481e+00
-2.180856131712294754e+00
1.712087344051539395e-01
1.260654010677209724e+00
6.322732606844658765e-01
-1.041709771927318062e+00
-2.362649914765615922e+00
-2.129404946487234440e+00
-1.830113390868086665e-01
2.424208278676466932e+00
4.099452465636098886e+00
3.800725207974148478e+00
1.801414919319437313e+00
-4.354821221852550051e-01
-1.237783017341055114e+00
8.876585230647310309e-02
2.700529111729586429e+00
4.717551838410446230e+00
4.489744595160211738e+00
1.773687436413375007e+00
-2.010834996063182167e+00
-4.663598018149824220e+00
-4.656132838615710590e+00
-2.169513188845668239e+00
1.003536211347477503e+00
2.644599146711114290e+00
1.590726005771424756e+00
-1.485453948980391736e+00
-4.514235186234833996e+00
-5.378773173803924834e+00
-3.269922436411825561e+00
8.320730815385388723e-01
4.814022711925272091e+00
6.734688357495608457e+00
5.908749489493542839e+00
3.122895814253325408e+00
-3.924611351063855835e-02
-2.218882937744403705e+00
-2.967256323607837309e+00
-2.738567075002222850e+00
-2.341434115951112727e+00
-2.314989683358227079e+00
-2.640185351745193199e+00
-2.881673269785904878e+00
-2.554893303513048775e+00
-1.433176946925145856e+00
3.532978604998909811e-01
2.389774938065967191e+00
4.111875603982449334e+00
4.953101595668147894e+00
4.526817931688814411e+00
2.838224372179864563e+00
4.136531217495826862e-01
-1.819451908282634589e+00
-2.952612851036759078e+00
-2.624398923189047217e+00
-1.293775975706125791e+00
1.013714547228106166e-02
3.770589522693453821e-01
-3.108300222176554328e-01
-1.246000164252148767e+00
-1.282934364828290708e+00
1.244477071621239994e-01
2.340067165901670965e+00
3.837196348661801260e+00
3.256446523620069033e+00
4.994268097684326779e-01
-2.994116838297314231e+00
-5.103422480999307176e+00
-4.494163171323457107e+00
-1.648654495269770148e+00
1.358466417745564980e+00
2.282218444857709194e+00
3.662749129360243217e-01
-2.972550194747112240e+00
-5.010561909150308857e+00
-3.608914955757407395e+00
1.171166006423645545e+00
6.897611968891340872e+00
1.022791817273431114e+01
9.045161976762456035e+00
3.828136219387388905e+00
-2.663249541646334428e+00
-7.147474444132649651e+00
-7.816139989994829840e+00
-5.248709639276113670e+00
-1.733133647910583885e+00
4.162515809475316741e-01
3.309995710687344550e-01
-1.098939119563562272e+00
-2.131191267140859047e+00
-1.517069958976789090e+00
6.887229452837644317e-01
3.321345852602992643e+00
5.001171454212469669e+00
4.993774736308740358e+00
3.464087028739218699e+00
1.110042876255229238e+00
-1.378655602509334610e+00
-3.572297476619044510e+00
-5.168976815439448202e+00
-5.773789761934361664e+00
-4.945221044491681539e+00
-2.561790620902812066e+00
8.100038704922758459e-01
3.953691684589339950e+00
5.558691004184921347e+00
4.968838432671965677e+00
2.595301204126666761e+00
-3.175411420748213143e-01
-2.413914532985046435e+00
-2.932381678214435183e+00
-1.947029028319630761e+00
-8.785011574786838473e-02
1.927997942325969660e+00
3.561123135154661057e+00
4.407271890348898324e+00
4.090324289734617480e+00
2.394542002526300006e+00
-3.616323763146396253e-01
-3.088573504899315925e+00
-4.261391861271622616e+00
-2.852097175095415604e+00
7.132426520896110178e-01
4.391635192531788690e+00
5.552328363772213393e+00
2.715404024452523934e+00
-3.168478766306203287e+00
-8.947408524852779266e+00
-1.108910819178262130e+01
-7.994828233889119673e+00
-1.206187601831321565e+00
5.450091919606412816e+00
8.316313278941535714e+00
6.305000959744679001e+00
1.546992931586554931e+00
-2.211592185085941242e+00
-2.337528368165035619e+00
8.150150758576802934e-01
4.273835080346304771e+00
4.808425322264264778e+00
1.524655727026562602e+00
-3.286888904838815684e+00
-5.767991643456938711e+00
-3.446220948718736299e+00
2.666541908110044545e+00
8.474327570548160438e+00
9.541689791947831623e+00
4.281723895115173484e+00
-4.712486544054158344e+00
-1.221857872596442895e+01
-1.379718690646303614e+01
-8.706378844656988747e+00
-3.016479436436088069e-01
6.316684929498845413e+00
7.718058446856562504e+00
4.231485291135950177e+00
-6.651099194879838139e-01
-3.077776456204968980e+00
-1.502038627596526954e+00
2.298685594372363195e+00
4.860783687984257639e+00
3.762795337011656915e+00
-5.239393708678491413e-01
-5.005667384039456991e+00
-6.413084085893158814e+00
-3.621300648556359469e+00
1.530139547553059920e+00
5.571231965213216952e+00
5.870203399176165959e+00
2.440937759402279195e+00
-2.162890395331605653e+00
-4.706795380160675002e+00
-3.501299726702020720e+00
5.668412734788369489e-01
4.821034025660306810e+00
6.708620259790828655e+00
5.424003088415559226e+00
2.157295400293311349e+00
-1.038951647907622844e+00
-2.786417652701931313e+00
-3.154930795773511321e+00
-3.194478950286027796e+00
-3.736782210369860469e+00
-4.511782774320001188e+00
-4.322434124829902302e+00
-2.146733058608441880e+00
1.727405069627304446e+00
5.498135778958845421e+00
6.860966336360725393e+00
4.594756494527683977e+00
-4.043404962567495042e-01
-5.446981601199609280e+00
-7.621338034728759148e+00
-5.622034580395252945e+00
-6.275006674325331879e-01
4.384843513067538723e+00
6.473124241667654211e+00
4.542404561879076930e+00
-2.779258084741687007e-02
-4.324223957462773882e+00
-5.770867318324464534e+00
-3.702050689531558803e+00
3.620079807699963514e-01
3.853560111079668005e+00
4.887074747626926730e+00
3.395802268565066839e+00
9.420116115225800613e-01
-5.879755379137909799e-01
-4.162153854526508545e-01
6.187127301997611406e-01
8.353507704508497111e-01
-8.347307303959208280e-01
-3.832985490134988460e+00
-6.220334111695535739e+00
-6.066367150987532320e+00
-2.973923875050638266e+00
1.437565608840765119e+00
4.546409470650807805e+00
4.579839576771896681e+00
1.950972439989559604e+00
-9.772648704685147347e-01
-1.636657720612389344e+00
7.189180365677435569e-01
4.246658892622484416e+00
5.718939801188649419e+00
2.965266507214007863e+00
-3.192788245807831160e+00
-9.042965852539854410e+00
-1.027202200521617925e+01
-4.993001833299908654e+00
4.602576143197268266e+00
1.325552099950711771e+01
1.580094872076072221e+01
1.044182204562620342e+01
-5.846932499329993149e-02
-1.008393907157434022e+01
-1.463370899614820075e+01
-1.223656520542701109e+01
-5.437774518151732295e+00
1.293915125181264614e+00
4.626950884816169562e+00
4.230469430701445432e+00
2.286812008864993917e+00
1.280698695648671226e+00
1.908597983985556024e+00
2.723372556438695469e+00
1.682028798245727153e+00
-1.760545059605257645e+00
-5.792855483200727740e+00
-7.409736846877226668e+00
-4.752578861146182554e+00
1.208837972442131647e+00
7.052720293962802423e+00
9.188614598617107276e+00
6.410542912928802295e+00
8.108958703377082688e-01
-3.676490381575960420e+00
-4.077854551461443933e+00
-4.831165315838761298e-01
4.091458607040474149e+00
5.972559145079653575e+00
3.548809926915069024e+00
-1.563947219072336026e+00
-5.749106688435961843e+00
-6.070609243075210770e+00
-2.412249493766243980e+00
2.489057687789291595e+00
5.097844661467320293e+00
3.665736501211521947e+00
-5.636082979657337511e-01
-4.375526270391747019e+00
-5.011959945554856688e+00
-2.172478008624469492e+00
1.872528370872094117e+00
4.073906366315907412e+00
2.905001301362370114e+00
-5.579923393302335111e-01
-3.544449234169343210e+00
-3.748914546198200082e+00
-1.090473610931283366e+00
2.239765168122006322e+00
3.449213538070610596e+00
1.261874848246758107e+00
-3.091587094348390519e+00
-6.724443796912296989e+00
-7.136222677583201168e+00
-3.949433661106892757e+00
8.913577389842386456e-01
4.544760142543837311e+00
5.245871255306610692e+00
3.409278900808540680e+00
1.130264539777839694e+00
5.278721014502207876e-01
2.173763133934797587e+00
4.726068036117720972e+00
5.975550227941820225e+00
4.499883833694310553e+00
7.282939954413369943e-01
-3.316070526540438657e+00
-5.378088058974479502e+00
-4.468398348781805751e+00
-1.479637170776645805e+00
1.454907098399908616e+00
2.382364145375154507e+00
7.693421227076295832e-01
-2.226123879655767190e+00
-4.564643849224087724e+00
-4.640458312166613197e+00
-2.251890787953216844e+00
1.342192995124369403e+00
4.243577748900202451e+00
5.050074541980150933e+00
3.606072082579152127e+00
9.663847821101434477e-01
-1.322846213409754501e+00
-2.132948574358132010e+00
-1.304679493034246462e+00
4.249384015449628738e-01
1.983554365191585900e+00
2.603537213225468161e+00
2.149450454405513966e+00
1.004232452909991968e+00
-3.048385679430574147e-01
-1.418798405791013018e+00
-2.189774137076668126e+00
-2.507497975091052211e+00
-2.158519576147821084e+00
-9.318659136987309521e-01
1.060723442708903841e+00
3.137076120618260688e+00
4.188891083999934928e+00
3.274724888637716713e+00
3.314778615785565208e-01
-3.528060340236563341e+00
-6.471578997426352231e+00
-6.988693228993691164e+00
-4.873014352719122755e+00
-1.438492284832308510e+00
1.272509570366339382e+00
1.825176745079455154e+00
3.655620779945179533e-01
-1.489415520157889361e+00
-1.828255477378017968e+00
1.148329673929989747e-01
3.304845329775511154e+00
5.567114912749975275e+00
5.146876161355015356e+00
2.054030303341215724e+00
-1.823746818022098370e+00
-3.993313734794103453e+00
-3.141974737400174078e+00
-1.370436389450336301e-01
2.540977256389969963e+00
2.586523279439303824e+00
-3.864641836218054571e-01
-4.431896439063035764e+00
-6.555144188020988416e+00
-4.833360929130992467e+00
1.236514752723480992e-01
5.439888806861348236e+00
7.831149763808070929e+00
5.794881943144986280e+00
6.298877679407282049e-01
-4.407403963087675791e+00
-6.223710960413701976e+00
-3.851419605773427790e+00
1.026897781165021950e+00
5.260917686638060253e+00
6.259289904107711244e+00
3.517726861693134310e+00
-1.254980672824237420e+00
-5.338503572178257883e+00
-6.644448634267198450e+00
-4.778289169641350753e+00
-1.015152271578025456e+00
2.590924720469577114e+00
4.316001965371071059e+00
3.504229845758938922e+00
7.082851433378853923e-01
-2.659646850002827634e+00
-4.939027682800518626e+00
-4.900982217195000601e+00
-2.321318901492171349e+00
1.784994013143038405e+00
5.499582006351994679e+00
6.921596238517234490e+00
5.287180694505148715e+00
1.599737997828425407e+00
-1.785622625006891395e+00
-2.560842355151897287e+00
-4.152413446336089553e-02
4.176259112678123664e+00
7.084089732736563505e+00
6.220924664891365197e+00
1.427609036861909431e+00
-4.893996196182388125e+00
-9.324338146069591104e+00
-9.763874712843414017e+00
-6.885408132452656815e+00
-3.569226142221111786e+00
-2.643190663313564670e+00
-4.568519459640759450e+00
-6.871519475050003933e+00
-5.909671082098352457e+00
1.971991563234274381e-01
9.638877397010958248e+00
1.758127284559454040e+01
1.919263478070372742e+01
1.301180320108030841e+01
2.239219929009820476e+00
-7.110975364997281112e+00
-1.005498196988430948e+01
-5.865059575508928980e+00
1.575687993491516004e+00
6.554763586626913607e+00
5.501288277783660696e+00
-6.435162137584167219e-01
-7.298753864310747019e+00
-9.678892703833312794e+00
-6.286338183115473655e+00
5.508007267106224125e-02
4.340738182195166495e+00
3.113671855290085055e+00
-2.939932649891503935e+00
-9.409036603319286485e+00
-1.128435035001854203e+01
-6.546075457319714630e+00
2.341863757691768022e+00
1.006890229736249687e+01
1.206271768364538488e+01
7.506027001903198048e+00
-2.606739420988458678e-01
-6.119475551906442767e+00
-6.596277489103557379e+00
-1.968902757499723766e+00
4.250951480146996531e+00
7.905526400181575042e+00
6.943902570087391091e+00
2.498420606839893754e+00
-2.245358125515544589e+00
-4.374381453312322421e+00
-3.074727005965048665e+00
1.824455731912889012e-01
2.972592040868346608e+00
3.635085326492550895e+00
2.162359899053005741e+00
-1.780968850060620223e-01
-1.971118133334744504e+00
-2.588001810536741054e+00
-2.316859319438230091e+00
-1.799495835115065834e+00
-1.387765608790632488e+00
-9.642016578747428790e-01
-2.757217355420354954e-01
6.292311584331869989e-01
1.312541278756804042e+00
1.295127871335574277e+00
5.108310412720833416e-01
-5.668702332243162889e-01
-1.262785318387481537e+00
-1.221135044669301006e+00
-6.588973185481407091e-01
-1.305950019597781342e-01
-1.330472818586606043e-02
-1.729558295348030683e-01
-1.206050675846394166e-01
4.678936403127987864e-01
1.339188843861074174e+00
1.768336043677813052e+00
1.158246306310608098e+00
-3.504247607663508735e-01
-1.819521960802942928e+00
-2.155177867154042914e+00
-1.008861662713559815e+00
7.951612759393682506e-01
1.745912420953132482e+00
7.862429422075399854e-01
-1.726999457014785300e+00
-4.048287915706225704e+00
-4.180948173970975290e+00
-1.394424552104630788e+00
2.997817022843072277e+00
6.287376183513399219e+00
6.137229921650227737e+00
2.293637683701007735e+00
-3.001472726958532622e+00
-6.313772174284927097e+00
-5.260706505165645197e+00
-2.036151013467849547e-01
5.813031007171866271e+00
8.931098750820261500e+00
6.980032717455859625e+00
9.625748577467101441e-01
-5.488220393031848054e+00
-8.366850319091343025e+00
-5.822408961988403853e+00
6.699588702720796762e-01
7.231112746255755397e+00
9.978181607434757794e+00
7.363873684637377792e+00
1.007671929467987226e+00
-5.420680487777597811e+00
-8.472785537163758818e+00
-6.896555277587231636e+00
-2.154570858834738090e+00
2.689616694212296544e+00
4.892434620668671741e+00
3.540847082020268211e+00
-1.750572077190963860e-01
-3.917231448002419292e+00
-5.657805557296114785e+00
-4.738075198076273864e+00
-2.005352447823807616e+00
8.835349753227810243e-01
2.462351206167229023e+00
2.176299691489459676e+00
5.132962363226307723e-01
-1.400667983649879877e+00
-2.449124154951476395e+00
-2.082841408969389185e+00
-5.581140664752853864e-01
1.220111376084582977e+00
2.175279652458753432e+00
1.650524754819934659e+00
-1.731313888014092695e-01
-2.288248768681868661e+00
-3.370871515171970145e+00
-2.565543811406748809e+00
-9.359867976382796328e-02
2.743811596566436251e+00
4.267428567733065670e+00
3.459598499412098072e+00
6.859192307950798817e-01
-2.425944951800646621e+00
-3.953453426300800988e+00
-2.910282464129816837e+00
7.311548373946596957e-02
3.110668517712110059e+00
4.262730272904057927e+00
2.790079981598143632e+00
-3.848296577141731012e-01
-3.315489124652967856e+00
-4.312031428987620707e+00
-2.971444843115881529e+00
-2.710292592238114917e-01
2.262118573782021969e+00
3.625309281775969339e+00
3.844356370691555558e+00
3.589467781163438787e+00
3.316362641271678235e+00
2.729443933855215221e+00
1.082370457908007344e+00
-1.902317487300477339e+00
-5.306201418082793886e+00
-7.234324207601844137e+00
-6.016500505411658040e+00
-1.582559373451428719e+00
4.081461824781584369e+00
7.921735071883508006e+00
7.719036275756517185e+00
3.613623141460585053e+00
-1.885165481071321425e+00
-5.515802848903682332e+00
-5.436042340986932508e+00
-2.419763985416153673e+00
7.983428484501875477e-01
1.581594050063589219e+00
-6.344535126053224561e-01
-3.908851955639279563e+00
-5.247998522041634750e+00
-2.895982486725079852e+00
2.229545793418807431e+00
7.047341674357185504e+00
8.438022398716416461e+00
5.455541621171384747e+00
1.210909303803131554e-02
-4.469572605747082150e+00
-5.457412372924637545e+00
-3.017947920249642646e+00
3.959038487270282181e-01
1.885026607886944205e+00
3.130377124200574568e-01
-2.854337869227704161e+00
-4.686499712981676780e+00
-3.041756435488875088e+00
1.737533307914242542e+00
6.936323011032421881e+00
9.298777665152718086e+00
7.250569048885154189e+00
1.932600658653623071e+00
-3.636211279792096018e+00
-6.599772253642900210e+00
-6.034343272514925971e+00
-3.260898345485592209e+00
-6.271412446313310296e-01
2.344944968857791134e-01
-6.027000726458221491e-01
-1.725803173308898764e+00
-1.669143081370314530e+00
-7.043746107354476038e-02
2.135222096382626500e+00
3.508333326162085264e+00
3.180886425217959168e+00
1.397483425786057110e+00
-7.836664169921148115e-01
-2.268662668901712642e+00
-2.539288900808575278e+00
-1.718413928353757836e+00
-2.272599546666961290e-01
1.531736336350794314e+00
3.187377335832827452e+00
4.236580497255937772e+00
4.072575375591197755e+00
2.385256612940453547e+00
-3.352644651514032903e-01
-2.731812898641251763e+00
-3.257273619491440897e+00
-1.282829232702362487e+00
2.176316021089322650e+00
4.824699529870955850e+00
4.503730084148437562e+00
7.667825478009218099e-01
-4.560999159390972224e+00
-8.396528080222443791e+00
-8.413753178726043558e+00
-4.673069721237570029e+00
3.540900238782068721e-01
3.479195990038477682e+00
3.053205378998635311e+00
1.503879774462070218e-01
-2.236164596106438474e+00
-1.463443821223738173e+00
2.664005374772100865e+00
7.543012920785731268e+00
9.510093015222500057e+00
6.484110940584594474e+00
-3.769705249526038582e-01
-7.241393193497625447e+00
-1.006518913165923301e+01
-7.273200273751904810e+00
-8.132309267721411494e-01
5.133162918947443920e+00
6.883723516977866552e+00
3.574480352434703079e+00
-2.445744991387673650e+00
-7.295604239583742157e+00
-8.082093678563326833e+00
-4.569644161412413474e+00
9.819708416638045501e-01
5.491259741862638322e+00
6.975617255048802257e+00
5.467691120963062978e+00
2.523288205039483145e+00
-9.156807691500012947e-02
-1.511714927032303146e+00
-1.995556039403757920e+00
-2.319205014378584728e+00
-2.962312961444747650e+00
-3.716987356183651059e+00
-3.911621350207020953e+00
-2.961495232355282337e+00
-7.969000713857146145e-01
2.079504306509669220e+00
4.836370329393236744e+00
6.631699002336376658e+00
6.854850016178016148e+00
5.296495649330518418e+00
2.288371814483046940e+00
-1.253430378651623212e+00
-4.041571273723549851e+00
-4.950578007474891962e+00
-3.660385312117076850e+00
-9.812394405962104882e-01
1.480752009891145748e+00
2.238108181415677578e+00
8.687864681996433358e-01
-1.677042443285357676e+00
-3.693736348353930943e+00
-3.878822484058670916e+00
-2.211668629434360600e+00
1.072300939783986662e-01
1.623710616500558368e+00
1.760032946463713666e+00
1.202962267760416371e+00
1.205927095456138964e+00
2.341666774893898406e+00
3.748556365406741975e+00
3.601528307026274689e+00
5.893449141524582657e-01
-4.693600985926115854e+00
-9.617661299411446763e+00
-1.097793530553462560e+01
-7.168388739691131661e+00
4.579830381736071931e-01
8.125666807897108157e+00
1.186257089725048175e+01
9.980711658498382377e+00
4.120901032271772735e+00
-1.884031952522396747e+00
-4.570076367452027277e+00
-3.075706669902583457e+00
4.712945998275760440e-01
2.636362851624095338e+00
1.212836090495964747e+00
-3.173104876171856770e+00
-7.478863403983801561e+00
-8.346655493134424120e+00
-4.408449349391044159e+00
2.764330763094426047e+00
9.636310756825832158e+00
1.286626552846603744e+01
1.118843414670344849e+01
5.874761737562211650e+00
-3.262813177795764741e-01
-4.898619254215792473e+00
-6.770493276692048035e+00
-6.409136310113227708e+00
-5.017916287926531105e+00
-3.583841860112861877e+00
-2.431934197601999248e+00
-1.418043451229759055e+00
-3.993559749214947718e-01
4.835408829615475135e-01
9.033922848615861811e-01
6.536313908810668094e-01
-1.392984709993243808e-01
-1.058180991768495671e+00
-1.609662375715066540e+00
-1.425062888452393262e+00
-3.557435707921363655e-01
1.480333780068512795e+00
3.626773616466929528e+00
5.255785454012640301e+00
5.361273399317035171e+00
3.275806452743635688e+00
-6.954276840379371993e-01
-5.004038612988065182e+00
-7.367064340331659800e+00
-5.992661529175564716e+00
-8.592548367802059772e-01
5.858891595377906825e+00
1.071886143634569422e+01
1.091071863895633598e+01
6.000054589604259192e+00
-1.664102145985364878e+00
-8.255819555529155807e+00
-1.073271265502842553e+01
-8.601624332372278303e+00
-4.029895263785328474e+00
-2.507489657010034678e-01
6.237446967590595248e-01
-1.122839070935697237e+00
-3.283559860531694241e+00
-3.526781628300537985e+00
-1.169146268170528469e+00
2.365610644039152888e+00
4.690009560402926603e+00
4.295790092126100745e+00
1.694055597297813076e+00
-9.978634815477971376e-01
-1.692932148707606110e+00
5.699577076819040133e-02
2.707529727162464983e+00
3.903715792538438478e+00
2.320459813263494819e+00
-1.221822756753800032e+00
-4.229071028258022835e+00
-4.293946254370717419e+00
-8.950853720182834206e-01
4.064454455455734028e+00
7.399813419798494607e+00
6.715952842228421815e+00
2.018872151572810747e+00
-4.199480772518158211e+00
-8.440807762764430677e+00
-8.275005679825980565e+00
-3.716054235102892456e+00
2.877440423031866867e+00
8.204263047365794037e+00
9.812246992015715819e+00
7.260553572389122579e+00
2.125462254794579842e+00
-2.982705730346638440e+00
-5.759583074431317229e+00
-5.230044417917350863e+00
-2.061105030129906091e+00
1.864615726315447031e+00
4.370860749248079102e+00
4.020488498188275805e+00
8.395442901625533860e-01
-3.611582674896406164e+00
-6.937113107809580015e+00
-7.128242524682860015e+00
-3.716038058632302743e+00
1.821603594969444018e+00
6.744282577065028761e+00
8.539427097599954664e+00
6.379316152143979402e+00
1.632994656775390574e+00
-2.945068705763627115e+00
-4.887412593792324955e+00
-3.496022286782995536e+00
-1.771866689294819830e-01
2.579060283331473080e+00
2.874571976270386298e+00
5.994467116794166550e-01
-2.633494570283850145e+00
-4.707627145287884396e+00
-4.471739569557385607e+00
-2.423410680853941734e+00
-1.797277822777387235e-01
8.003563100688042553e-01
2.619655391539316147e-01
-7.869237908347901378e-01
-9.868537669801666912e-01
2.348878864054998461e-01
2.181396632680998593e+00
3.409592255571930242e+00
2.834559395196325049e+00
5.639487878159086254e-01
-2.154057028423001618e+00
-3.796152612757105249e+00
-3.568830583770453035e+00
-1.820322364908271151e+00
3.732278682469706288e-01
2.039286112658404093e+00
2.876044626803347715e+00
3.160637919676118734e+00
3.190117349244645073e+00
2.835102788343503821e+00
1.655413189316567557e+00
-5.059140570911654367e-01
-3.010961851615510554e+00
-4.557933624908816483e+00
-4.005499327978599311e+00
-1.322405018262670096e+00
2.114674874311821995e+00
4.235846594459204084e+00
3.606820346172848524e+00
4.513592391636851442e-01
-3.406975774458601336e+00
-5.710884079486810094e+00
-5.258837745186308865e+00
-2.668895090889343180e+00
1.316790124774431803e-01
1.324766884419735113e+00
5.019066612040129494e-01
-1.093868914496629596e+00
-1.553970963690421092e+00
2.067311537584828329e-01
3.545760922447234620e+00
6.435388625432012510e+00
6.816782593210157337e+00
4.018017142201976810e+00
-7.391954785631128511e-01
-5.066486759512846660e+00
-6.848511505905491070e+00
-5.436324548296865622e+00
-1.873686395563886720e+00
1.873560409793471937e+00
4.087696619373898166e+00
4.121229476713072160e+00
2.477409689104362212e+00
2.869603969038381774e-01
-1.366784757636518410e+00
-1.885184390659821796e+00
-1.253724571559273748e+00
6.788698021057151810e-02
1.327102119934908897e+00
1.721124044301487022e+00
7.464512316000966319e-01
-1.421413515221623625e+00
-3.778804148451980982e+00
-4.842825316937778624e+00
-3.477934398216838474e+00
2.405607675143278668e-01
4.765328097051074963e+00
7.779730077815858458e+00
7.575463268278986639e+00
4.241294533869508498e+00
-2.209561631596782538e-01
-3.085388794537608614e+00
-2.703094120936024858e+00
3.068299353810265417e-01
3.383089378560552696e+00
3.756305875115208082e+00
4.556473498616513407e-01
-4.829249502671999927e+00
-8.721802436203022424e+00
-8.388546716620249200e+00
-3.525239885698527864e+00
3.293291874716105738e+00
8.192272886121115150e+00
8.463895694797898273e+00
4.257651212130609153e+00
-1.632643178270827944e+00
-5.691128956928906746e+00
-5.952391724354274771e+00
-3.076796497721843160e+00
4.187661255141333361e-01
2.104948653976111750e+00
1.308219027432894865e+00
-6.537427451678844426e-01
-1.717457031939111145e+00
-7.662540819503123046e-01
1.527223961692305121e+00
3.295534228808940647e+00
2.982268682251089320e+00
5.678341969004991885e-01
-2.413327276163510948e+00
-4.036340748815159252e+00
-3.403945347616927020e+00
-1.233136984697393856e+00
7.994004826871259350e-01
1.396349553740248384e+00
6.009985193820626126e-01
-3.503208231155605645e-01
-1.266901193379941226e-01
1.548659596777359981e+00
3.621464463607622974e+00
4.520488623887684021e+00
3.414768391251525870e+00
9.158498729619597434e-01
-1.338039422142246027e+00
-1.904289489078272446e+00
-6.237888646847435936e-01
1.262821116255864906e+00
2.057319157230225848e+00
8.808253814818474137e-01
-1.682732733301336214e+00
-4.043842365610618828e+00
-4.785754749925660079e+00
-3.651499130199614918e+00
-1.611027986212724805e+00
-1.798897987105396723e-02
4.330061964875408509e-01
1.209506857725761442e-01
-3.466229757177197168e-04
6.522493567051800278e-01
1.717552918956350538e+00
2.179159871027001927e+00
1.274608358892489690e+00
-7.523293516989886243e-01
-2.721447379239679609e+00
-3.394986325872147326e+00
-2.458880840787491362e+00
-7.729489558332094390e-01
3.683718039058390126e-01
3.896754483284673443e-01
2.032588038457208701e-02
7.247319008359345283e-01
3.324783016728794838e+00
6.908534109798754486e+00
9.038949261997114348e+00
7.345645901389197263e+00
1.460487986715300224e+00
-6.180509757020205441e+00
-1.148130766145228954e+01
-1.121829799659731286e+01
-5.302686828436466548e+00
2.866421559916574324e+00
8.380290046092220280e+00
7.938241418253547899e+00
2.041493737949109821e+00
-5.266701192683109767e+00
-9.021110828074307975e+00
-6.608582623591958694e+00
4.882913596864519867e-01
7.654425426921920739e+00
1.017366240355153373e+01
6.307948021975921193e+00
-1.605425924687257977e+00
-8.716872980400642845e+00
-1.079485892352349907e+01
-6.841718502054131790e+00
4.599879280435059670e-01
6.631051056279086531e+00
8.257412968174696388e+00
4.950990116471635893e+00
-7.346548373530067400e-01
-5.167266071962085761e+00
-5.914300935136139081e+00
-2.979901041515473636e+00
1.599096994345849954e+00
5.272891287807217608e+00
6.477591546672519129e+00
5.209229552071198199e+00
2.552827703165821749e+00
-2.481578715052779049e-01
-2.445375914246247895e+00
-3.829495306630978479e+00
-4.385203556782563794e+00
-4.028311640195902932e+00
-2.697128707654864677e+00
-6.578062985604847812e-01
1.357585881167157726e+00
2.426036953127501672e+00
1.988049732300928296e+00
2.645317588214373128e-01
-1.816137552443450653e+00
-3.165925170632153396e+00
-3.176386841010012674e+00
-1.998678299161027017e+00
-3.011506398466337053e-01
1.254246780617971124e+00
2.384172206418178508e+00
3.142823910153956568e+00
3.584601610614602585e+00
3.507555216864825187e+00
2.570359301832333632e+00
7.152833525703461426e-01
-1.495352901482731811e+00
-3.014936864206412270e+00
-2.940793402437482218e+00
-1.213506852536483382e+00
1.178138478071142137e+00
2.740692365797378294e+00
2.461145751512456847e+00
5.449108748844646577e-01
-1.663665336083728574e+00
-2.581248704321398968e+00
-1.498970151791559235e+00
8.867320797174280678e-01
2.926859638660792573e+00
3.152606668159261272e+00
1.288294805248845876e+00
-1.570690159918073592e+00
-3.723112495097264940e+00
-3.999793006878808566e+00
-2.457708521095128607e+00
-1.754184864675253364e-01
1.621790344724976629e+00
2.399359488772690341e+00
2.489788460382505342e+00
2.547971489658411581e+00
2.812085780374732114e+00
2.835725097409876660e+00
1.939261709712485349e+00
-5.410991691841005036e-03
-2.169092261770720231e+00
-3.182988402578684095e+00
-2.152514915349996727e+00
5.040057982921498647e-01
3.118746530207693990e+00
3.822043736848706352e+00
1.880917954714133700e+00
-1.664763213759356208e+00
-4.613438109521034391e+00
-5.103181009798972489e+00
-2.952988005954737982e+00
1.508434023988029504e-01
1.816735493091229836e+00
6.697657669287609972e-01
-2.594834801561907156e+00
-5.609876799280286264e+00
-5.942608252030769478e+00
-2.795742946086982261e+00
2.389461631320676460e+00
6.846818787822525287e+00
8.266833690167397108e+00
6.206858213911953470e+00
2.192353246461850258e+00
-1.471832415174283870e+00
-3.259213411929052118e+00
-3.229805134524927013e+00
-2.591988069075348289e+00
-2.472388359745941067e+00
-2.910737906411169806e+00
-2.866448190534502949e+00
-1.201780984827229615e+00
2.166411300278076268e+00
5.890529058687088870e+00
7.941415900420333074e+00
6.968508650991052100e+00
3.279948899090403991e+00
-1.281853749960724320e+00
-4.491402547529656175e+00
-5.105296668332055532e+00
-3.500695210571936222e+00
-1.201047925286373275e+00
2.902166221265213286e-01
4.690204745342663184e-01
-4.816091133286348747e-02
-2.480828466252161801e-01
3.497787974279587542e-01
1.300831866697674810e+00
1.654909366863688502e+00
8.086307180029077557e-01
-9.186847021305893923e-01
-2.459075344164903587e+00
-2.791870266806591339e+00
-1.740425836948338745e+00
-1.428354646935622585e-01
7.516772905991099263e-01
2.178373710293305954e-01
-1.376364488933100816e+00
-2.794497932121669859e+00
-2.795430130681523906e+00
-1.018446467872558436e+00
1.735104315867406877e+00
4.010335937602453882e+00
4.630862485359398484e+00
3.415161910724720862e+00
1.220209700398870112e+00
-6.652164167256624516e-01
-1.330627749152355044e+00
-7.239246363585397637e-01
4.572962688099028172e-01
1.312035550485151969e+00
1.312643153196287660e+00
5.495176923090392407e-01
-4.493995929580825166e-01
-1.135433774013423047e+00
-1.291027556787871067e+00
-1.110017466442809297e+00
-9.999783032463672727e-01
-1.264267008981509122e+00
-1.866215125024932586e+00
-2.410449209464399001e+00
-2.355465604157461534e+00
-1.355357242234920712e+00
4.463123858284813172e-01
2.354103991185019673e+00
3.388460548444691689e+00
2.811353276057924511e+00
6.491045098298120486e-01
-2.130362848079010885e+00
-4.000353023012198861e+00
-3.711005234562567701e+00
-1.129826235241722543e+00
2.473463882762727550e+00
5.000436167167615409e+00
4.731002212096131920e+00
1.467246708065217842e+00
-3.150809107803893561e+00
-6.472111938907680440e+00
-6.392500228232935733e+00
-2.702258514854889881e+00
2.662957556697815420e+00
6.698443882705147345e+00
7.111266509155253601e+00
3.699988368778365455e+00
-1.540785787113713390e+00
-5.652592530067071408e+00
-6.485656406357849235e+00
-3.887737754406030533e+00
3.966594087060059115e-01
3.955039197540848317e+00
5.184609259249297608e+00
4.053467781584121354e+00
1.751159651827346231e+00
-3.703975826546889172e-01
-1.718264842922852864e+00
-2.593795437857812303e+00
-3.553783639923724813e+00
-4.615737383755385004e+00
-5.021728405511553639e+00
-3.801120243754034789e+00
-7.025346342274199074e-01
3.277445142116508059e+00
6.281176622942671983e+00
6.722527357515513557e+00
4.397598678612061995e+00
7.512044030120412774e-01
-1.968573725622702719e+00
-2.152775285526903115e+00
9.497132095434812626e-02
3.004181063386946349e+00
4.305153520188999217e+00
2.754912312982914280e+00
-9.954784769014174417e-01
-4.772268537881829253e+00
-6.241953397133532810e+00
-4.366673595553431042e+00
-1.360047527235930254e-02
4.635433504461378362e+00
7.431624472819080118e+00
7.457037421114371512e+00
5.329777067486876518e+00
2.523975396022459350e+00
2.788180165084970241e-01
-1.105696328844721688e+00
-2.139454691128040764e+00
-3.380079021802384620e+00
-4.704441262156572989e+00
-5.230368934632865674e+00
-3.985604720647477173e+00
-8.214702979534962424e-01
3.161565602946862175e+00
6.086908434293188286e+00
6.429655225911758976e+00
4.041531192864836086e+00
3.288024950096253285e-01
-2.602756556879294969e+00
-3.297289866037382389e+00
-1.878761930101397803e+00
9.335857832296923231e-02
7.627704239217169002e-01
-6.736427345363174002e-01
-3.356084059390210150e+00
-5.340514111076455350e+00
-4.977990465572823098e+00
-2.127741859708085492e+00
1.663924215649362548e+00
4.164937269957260213e+00
3.946770250273254454e+00
1.317082735015929318e+00
-1.953308256420481559e+00
-3.892509158128131475e+00
-3.653668885186975857e+00
-1.950831402315697627e+00
-3.269517681775482298e-01
1.408686567684843960e-01
-3.294356442985094668e-01
-5.216675206717614754e-01
5.900345581905068748e-01
2.734942522631370387e+00
4.290878180216036952e+00
3.459970051692780491e+00
-1.480485359988062966e-01
-4.785605903578700193e+00
-7.429402899450978204e+00
-5.813121468049379459e+00
-2.459203373656513314e-01
6.179008445798325866e+00
9.346410825466874073e+00
6.812569580829276994e+00
-3.726451237873000810e-01
-8.048936196940950083e+00
-1.142606337776525827e+01
-8.112352577722333535e+00
2.888415123681016272e-01
9.086957261293237664e+00
1.334455911442966958e+01
1.081814642317514696e+01
3.143892247644061833e+00
-5.383033670432448403e+00
-1.050667049438365908e+01
-1.038114400411383720e+01
-6.186367580330375482e+00
-8.478813455655584974e-01
3.031237976809162404e+00
4.560082136878514270e+00
4.494830346612676664e+00
4.081559316393008174e+00
3.890608597155819304e+00
3.547662467059596647e+00
2.419880208300107860e+00
5.177286667749554372e-01
-1.251246962947724528e+00
-1.736452264396169731e+00
-5.598313446513587532e-01
1.392967312921496781e+00
2.489838607836304174e+00
1.544866371383803560e+00
-1.219749725623328063e+00
-4.213331447375859184e+00
-5.540865568715478418e+00
-4.331573218114653123e+00
-1.358964045714941671e+00
1.500076649577888332e+00
2.565265535242903461e+00
1.468546250870288228e+00
-6.913696770247295120e-01
-2.206514909086351395e+00
-1.957128678174077763e+00
-8.917155357559980455e-02
2.238289587364820754e+00
3.740614943725331987e+00
3.819917411520188377e+00
2.749912550850247328e+00
1.231590351734484390e+00
-2.067613749620108576e-01
-1.457552527549925481e+00
-2.608129215724212635e+00
-3.561106758238081760e+00
-3.932945489973924236e+00
-3.365027304126067875e+00
-1.955568584318021053e+00
-3.609620132653796887e-01
6.176422789633152499e-01
6.718948621914728747e-01
2.950541621417782645e-01
4.207219005757440455e-01
1.599173415210368265e+00
3.360932646378476107e+00
4.357362524918710456e+00
3.299564808071183464e+00
5.761300566707305837e-02
-3.937594862999017842e+00
-6.408427242866420848e+00
-5.669998445691298627e+00
-1.824559818040766501e+00
3.153643395528156201e+00
6.560955418599275113e+00
6.595373049189827697e+00
3.394439384680375760e+00
-1.180074375265715680e+00
-4.797236965678468579e+00
-6.050805375132490838e+00
-5.073047570154395558e+00
