-3.858683743781909925e+00
-3.777331927938102130e+00
-1.264652534257763694e+00
3.208228757223024363e+00
7.567727221901357382e+00
9.341514410419271996e+00
7.289085771522639590e+00
2.307961718122547801e+00
-3.054367095002059607e+00
-6.166848471817480970e+00
-5.880712457793291215e+00
-3.039289688801654510e+00
3.391267071139166811e-01
2.523554419677016547e+00
3.083766134769256428e+00
2.778375935249397966e+00
2.545001167597006564e+00
2.505628257183170060e+00
1.843877818183111028e+00
-3.314959689667145160e-01
-3.862194222228216400e+00
-7.151316144327029001e+00
-7.978164926109142741e+00
-5.045685682398834082e+00
8.475826542334646829e-01
6.949240928845348719e+00
1.006034406271328052e+01
8.483625043805361088e+00
3.127247917575527669e+00
-2.994283977886363246e+00
-6.564167717178515105e+00
-5.917961552267842151e+00
-1.918499961105601503e+00
2.744041265397785700e+00
5.296822327144271370e+00
4.520651025244633026e+00
1.286848378164614726e+00
-2.215140801136346482e+00
-3.931144602442759428e+00
-3.102430768384075055e+00
-4.737306481643752676e-01
2.418045919713994962e+00
4.272045841375327058e+00
4.672692178791384876e+00
4.036312778106963428e+00
3.051365285874233280e+00
2.105790167954999514e+00
1.106506992385688282e+00
-2.549990359510208027e-01
-2.068102073827916332e+00
-3.963211683042788369e+00
-5.250229678948035605e+00
-5.333647450307973159e+00
-4.118355469961221260e+00
-2.141533930080653292e+00
-3.472365642122092755e-01
3.733156235183799354e-01
-3.602934395498338938e-01
-2.181148802885084947e+00
-4.073067436717551004e+00
-4.781044166390257644e+00
-3.390153363901552641e+00
1.560028932557129266e-01
4.847335937813790352e+00
8.880663718439803844e+00
1.039277774461903014e+01
8.380985747755310911e+00
3.360108518701887981e+00
-2.661230606010034805e+00
-7.007248983348757676e+00
-7.645113693788182729e+00
-4.315914401465802186e+00
1.181420620588597981e+00
5.820740000636261513e+00
6.938175265989373841e+00
3.735394205603628670e+00
-2.182226066161424782e+00
-7.615360487186424443e+00
-9.538184168513623717e+00
-6.835527648047137639e+00
-9.824917963646218055e-01
4.777575469929002949e+00
7.316009581988639709e+00
5.464799845218935914e+00
7.148273302147656327e-01
-3.678426589653836398e+00
-4.669053297773674061e+00
-1.296001538861277114e+00
4.676194813977787135e+00
9.749281560419809978e+00
1.072890690912572964e+01
6.593930297433557186e+00
-9.028237428116447916e-01
-8.226544170741201256e+00
-1.201901182835301718e+01
-1.085750103680420331e+01
-5.829663870883448062e+00
3.031023978478590841e-01
4.744130021075553927e+00
6.088281691177396482e+00
4.761898368486191302e+00
2.375282288895018912e+00
5.401925241787810528e-01
-6.114379679674386558e-02
1.546174584086785209e-01
2.272920948604897073e-01
-5.427555327796889095e-01
-2.091481730723109500e+00
-3.659450911480297997e+00
-4.304030437325367053e+00
-3.480215989302571256e+00
-1.341270270546092602e+00
1.362642985299747256e+00
3.664744496966723553e+00
4.803344807016183715e+00
4.490368864290484652e+00
2.955371236116328681e+00
8.015550396355299867e-01
-1.240558957249232597e+00
-2.570381228194151824e+00
-2.902514538392416021e+00
-2.316997074251929689e+00
-1.159805505829112349e+00
1.464724990650378977e-01
1.264843761004498912e+00
1.979771255855029999e+00
2.110231823978207188e+00
1.422675018273902525e+00
-3.050863296354110465e-01
-3.034221747366913746e+00
-6.188578838240600177e+00
-8.624106272177582966e+00
-9.019165779007096262e+00
-6.574819521549011725e+00
-1.629038760149792431e+00
4.261884426363357292e+00
8.945301256680457058e+00
1.071459357089773690e+01
9.169367853069619656e+00
5.357417222501261733e+00
1.106443707659253040e+00
-2.015878431059288989e+00
-3.435145675857070202e+00
-3.554160174925306670e+00
-3.095958302850589483e+00
-2.377719866114236247e+00
-1.112199477528591496e+00
1.108288764341612831e+00
4.067107714710894051e+00
6.600352007017455058e+00
7.096222223818978492e+00
4.577815296464507355e+00
-3.887976590667545640e-01
-5.700866685498992226e+00
-8.789667488549589791e+00
-8.143097379369168110e+00
-4.285383631081114864e+00
4.794742744280854896e-01
3.449423710201586335e+00
3.161575145343566984e+00
2.326651371156760462e-01
-3.124176795228698733e+00
-4.561126737180796198e+00
-3.067936656726580669e+00
4.754509664478476783e-01
3.952509008642415278e+00
5.369316037435691413e+00
4.018348306389441404e+00
7.622577995635320125e-01
-2.618607191202705131e+00
-4.490446964574175581e+00
-4.157235286184610246e+00
-1.993620438240495396e+00
9.847324675077963052e-01
3.710681882845808133e+00
5.448278188732468941e+00
5.870719873251951881e+00
4.978741819896317367e+00
3.038656800569072836e+00
5.715984594886407422e-01
-1.720260767052792517e+00
-3.188071638398090712e+00
-3.558067824737943585e+00
-3.110059971093042552e+00
-2.511646144774672518e+00
-2.342167585682009445e+00
-2.611077875870996934e+00
-2.652348757178070393e+00
-1.559405750510699074e+00
1.061441935543085302e+00
4.524196761453802118e+00
7.143321881607509916e+00
7.042663554304407825e+00
3.292536240847937279e+00
-3.296235007358786717e+00
-1.026010487413888406e+01
-1.451595663705426276e+01
-1.385873139059727421e+01
-8.146722637578664106e+00
4.762230930634014925e-01
8.488419131430340769e+00
1.261025036239677810e+01
1.134036635101409374e+01
5.638235660897364276e+00
-1.594364131261901019e+00
-6.970462257588790678e+00
-8.265255469538178801e+00
-5.404373166636726289e+00
-2.977648718317604803e-01
4.343534733282217175e+00
6.507856490245786496e+00
5.840310924890999900e+00
3.549372985139175984e+00
1.415758961730104071e+00
6.103269639213662057e-01
1.107331115645427300e+00
2.023718861328923868e+00
2.535191799538334401e+00
2.602361548733853169e+00
2.903984485876643706e+00
4.018410305358269596e+00
5.542990420815804953e+00
5.977512060637531377e+00
3.662028263083423774e+00
-1.791968046054011721e+00
-8.660123544301708165e+00
-1.367042280728310821e+01
-1.384242783407442623e+01
-8.482251986487716167e+00
6.080850514970537191e-02
7.550428783686442991e+00
1.032531968115825549e+01
7.505098644744237824e+00
1.463473984664586336e+00
-3.780359953279837981e+00
-5.187406192101618352e+00
-2.572434722610521529e+00
1.520276990375139192e+00
3.786014448969628798e+00
2.536584945267846614e+00
-1.202122504282290283e+00
-4.599985009649063095e+00
-5.201322196976841283e+00
-2.731190421634893895e+00
7.963684324286878224e-01
2.705114688601267581e+00
1.756065288893084553e+00
-8.871984229410996292e-01
-2.571700003794014755e+00
-1.268864060378191327e+00
2.707968612680299092e+00
6.708244232622540437e+00
7.534124079362204185e+00
3.756209058221188890e+00
-3.113091023805835356e+00
-9.454892977723247327e+00
-1.183126803586124787e+01
-9.155098002909904054e+00
-3.283607380855650959e+00
2.299535430096324884e+00
4.741270654543821017e+00
3.474615822177576696e+00
2.535552756436022515e-01
-2.279042560524654260e+00
-2.379388008917799890e+00
-1.366501176172083554e-01
2.919109799815580164e+00
5.044660660684141540e+00
5.376033351769308410e+00
4.191245858487572917e+00
2.372116879496967812e+00
6.631315757869005179e-01
-6.646424901158585197e-01
-1.606545068895907313e+00
-2.037317423603217659e+00
-1.616406947184233722e+00
-1.197068977125377853e-01
2.122840925175120130e+00
4.158656141369280412e+00
4.896759951736918026e+00
3.838166470015822895e+00
1.481177624340321852e+00
-9.639790485702273148e-01
-2.387183402088935757e+00
-2.523298433633147653e+00
-2.062796469262140775e+00
-2.040386058070700059e+00
-2.975993072445292320e+00
-4.441968950111626846e+00
-5.401415040285334257e+00
-5.055113657297557239e+00
-3.523183871082611773e+00
-1.800552680098783220e+00
-9.856330925260876619e-01
-1.361712371593411852e+00
-2.059407452952557005e+00
-1.618409123348540923e+00
9.058741488320658508e-01
5.080331357116174118e+00
9.134264391207103984e+00
1.094452386667235189e+01
9.347378970727136860e+00
4.918412458837547518e+00
-2.934722049894454843e-01
-3.908408353205862884e+00
-4.513199102270157859e+00
-2.332695870920356906e+00
1.066914291492311317e+00
3.768180919855145028e+00
4.529474520702462925e+00
3.263492448742446594e+00
8.030846313905755096e-01
-1.754894384181427958e+00
-3.645166221514303917e+00
-4.638255078290207223e+00
-4.857893835674124361e+00
-4.475674555993404802e+00
-3.563200638357916450e+00
-2.183499212499848685e+00
-5.710876670886761985e-01
8.292890430966842752e-01
1.566087466687232865e+00
1.499338642813478284e+00
9.676837551754648992e-01
6.120106307514089350e-01
9.150930852989339614e-01
1.766008021996182453e+00
2.405677206984790484e+00
1.884079692635111991e+00
-2.123492842963914384e-01
-3.263639710497078905e+00
-5.778286407505376587e+00
-6.234003541253308356e+00
-4.115880750644369535e+00
-4.350943480264533036e-01
2.736568644963480956e+00
3.543907252614312497e+00
1.648292121032223667e+00
-1.376907766899091445e+00
-2.966497550883843815e+00
-1.318682082306705805e+00
3.164687805276558130e+00
7.831023447628797207e+00
9.341386817232443462e+00
5.939806490951498041e+00
-1.088896703900997132e+00
-7.887436417123092625e+00
-1.030225230445231865e+01
-6.581314356404290855e+00
1.301404590379573234e+00
8.682897120415034919e+00
1.105503392569520571e+01
6.913377483815335012e+00
-1.263094974035380513e+00
-8.575080699299142850e+00
-1.079960630029448154e+01
-6.992779141941575460e+00
7.820162350821824315e-02
5.874305074046221264e+00
7.019884179579059413e+00
3.267243100030318814e+00
-2.707767490874752436e+00
-7.337802431172001150e+00
-8.481402261258867981e+00
-6.443267999325684947e+00
-3.188560186299946864e+00
-5.816412492640194998e-01
9.097390028807700313e-01
2.122116597210789823e+00
3.973595703564440029e+00
6.265129979487249479e+00
7.586028196052728489e+00
6.450313944698749857e+00
2.736359705506349993e+00
-1.805492553860840843e+00
-4.520160148798497701e+00
-3.673634009579475723e+00
2.014970943076523913e-01
4.492961558871677141e+00
6.182613898036646738e+00
3.869610767174671118e+00
-1.267760545521726012e+00
-6.237744414907583135e+00
-8.184857397282263136e+00
-6.183480158477914657e+00
-1.699854115741869176e+00
2.491295671128283651e+00
4.111139199617922735e+00
2.684908417312183548e+00
-4.042512963895579237e-01
-2.971748699901852753e+00
-3.378011919994060364e+00
-1.315257319143979142e+00
2.291331978012395520e+00
5.980539716919190951e+00
8.495008404157605497e+00
9.178971466180266603e+00
8.005411757738347234e+00
5.422804000859808404e+00
2.173839546931817246e+00
-9.119280910983917909e-01
-3.194898266545829646e+00
-4.496223165124458632e+00
-5.158868141610053470e+00
-5.756680522749145545e+00
-6.578216100243960085e+00
-7.268943697462339593e+00
-6.987979499103170511e+00
-5.067763386761527933e+00
-1.717659433395523738e+00
1.824833455988762232e+00
3.937581134353668411e+00
3.673917782722456060e+00
1.465525081495726134e+00
-1.112485693189374514e+00
-2.404986989712254442e+00
-1.794487788755763757e+00
-1.176792792419334432e-02
1.609962184454001743e+00
2.329011965512037818e+00
2.622252668039836365e+00
3.653040933859540651e+00
5.955049683730486265e+00
8.450748882794449912e+00
8.790430924679512259e+00
5.003219837102498069e+00
-2.673175489994174203e+00
-1.125954728510950176e+01
-1.646742913143308229e+01
-1.532873618620488188e+01
-8.255580917587751699e+00
9.900150714813268360e-01
7.538818732431893821e+00
8.422510354302762181e+00
4.316204431730483293e+00
-1.153720874550682174e+00
-4.001460254884744216e+00
-2.527608533946649416e+00
1.795339283173576383e+00
5.686487084142628490e+00
6.538861182108675507e+00
4.170526147035822362e+00
6.605116607130840922e-01
-1.425997895409060856e+00
-9.613169892473476530e-01
1.113824928892729771e+00
2.787637124883332707e+00
2.664499486911831472e+00
9.574341635744707535e-01
-9.238656864882327513e-01
-1.709748457124812493e+00
-1.334051311949915331e+00
-8.381597649739608302e-01
-1.267813151816964412e+00
-2.587084168704946840e+00
-3.607426748138746753e+00
-3.035240703641250981e+00
-7.416601193900906885e-01
1.889962920698189386e+00
2.945733133943472914e+00
1.568292462407263166e+00
-1.156506275733689026e+00
-2.837464779926571978e+00
-1.567485397360296684e+00
2.472326679034583030e+00
6.871402653336895483e+00
8.517062793581402502e+00
5.730202100644469887e+00
-5.285121780819577175e-01
-7.238122061884685543e+00
-1.122952891293106070e+01
-1.104775833833560128e+01
-7.517943904267946564e+00
-2.808621712551634619e+00
1.121435530699714356e+00
3.500686010995111008e+00
4.597181992750103419e+00
4.879923063384518755e+00
4.408551931009730751e+00
2.995993010113404686e+00
8.528914592969203401e-01
-1.085780857006701350e+00
-1.657276409688522634e+00
-4.623083915923709153e-01
1.572116582730909151e+00
2.734162100761790892e+00
1.898149435829855181e+00
-3.928392191587553040e-01
-2.181441565110446845e+00
-1.687032281204722040e+00
9.848946338747073259e-01
3.549642905981198915e+00
3.201685546098354429e+00
-8.749919482487402700e-01
-6.191626413950846342e+00
-8.229234390610193017e+00
-3.761402798001543868e+00
6.111091935707673173e+00
1.571584313155120860e+01
1.804637387968323026e+01
9.578778149132956443e+00
-6.681704285010901856e+00
-2.234503128816104933e+01
-2.857810847270346244e+01
-2.170275847066416475e+01
-5.655972653113090942e+00
1.045583523746522303e+01
1.813237634979926938e+01
1.470854978004285840e+01
4.559013223468721954e+00
-4.378955753207055324e+00
-6.194710720188226993e+00
-7.913786779590765708e-01
6.606700675541522294e+00
9.600059716340282989e+00
5.284642943370164048e+00
-3.841367301387232036e+00
-1.185953955162132090e+01
-1.362801966621190353e+01
-8.120821701722698904e+00
1.275881327666509968e+00
9.358685623843550516e+00
1.246938244025893994e+01
1.027488921360333940e+01
5.092872501194135815e+00
-2.283256257448775806e-01
-4.041724557157031938e+00
-6.121560393176699755e+00
-6.713781925298727415e+00
-5.686385094500277404e+00
-2.714368256744711161e+00
1.749745879811126059e+00
5.873436245898297159e+00
7.141669192570978986e+00
4.105593005105030890e+00
-2.167950503202157986e+00
-8.301395032739824487e+00
-1.061865156831381007e+01
-7.637725555751821105e+00
-1.187985202478167857e+00
4.775353148569076112e+00
6.867873117839319086e+00
4.520763142203680474e+00
1.321889578829447132e-01
-2.923500392794118330e+00
-2.847619035378085250e+00
-5.596179470415276747e-01
1.385682443218035909e+00
1.142385980027665449e+00
-7.744435952531252276e-01
-1.898645483253059929e+00
3.261002468801432741e-02
4.934674289870748964e+00
1.003003885175244214e+01
1.168478074635706676e+01
8.077669669974996580e+00
6.669205021083577378e-01
-6.677825703106562649e+00
-1.023453720210434170e+01
-8.780638150541413722e+00
-4.070047527863387415e+00
7.410746023247729575e-01
3.355462734217794729e+00
3.537855279896367389e+00
2.534831248071332421e+00
1.505777619725641170e+00
4.997979065884479155e-01
-1.120038676611136097e+00
-3.329462172992087687e+00
-4.647381171087959117e+00
-2.961030522793893560e+00
2.440830204080034704e+00
9.344795523799568571e+00
1.324245125850426597e+01
1.018203006809113198e+01
-5.875178449865625652e-04
-1.259260372913155734e+01
-2.030472502255437561e+01
-1.777926187363333099e+01
-5.326890402931285351e+00
1.081054570624127642e+01
2.208068431502505291e+01
2.281740209531174202e+01
1.354930012028178865e+01
2.455030022392343803e-01
-9.842815418586004839e+00
-1.276054302549411901e+01
-9.718999482212231200e+00
-5.228374483592205024e+00
-3.203581642056859913e+00
-4.102755686247574474e+00
-5.163376355454422750e+00
-3.298396784290465344e+00
1.844564409114250125e+00
7.207243367883936713e+00
8.620146343301819059e+00
4.262900584414249572e+00
-3.503821129184078398e+00
-9.504178565036987436e+00
-9.405239066534150538e+00
-2.944709006542524321e+00
5.740625570741392458e+00
1.100364858732996254e+01
9.689544425621438251e+00
3.297585199258589839e+00
-3.282280437797833628e+00
-5.480409399620599586e+00
-2.404952949201855983e+00
2.669166937043139676e+00
5.018197462416811305e+00
2.303883713936249134e+00
-3.423805161620019799e+00
-7.144295531660210585e+00
-4.725763597582339770e+00
3.622361614534752583e+00
1.293580992685248354e+01
1.659493656130859662e+01
1.087268880931706683e+01
-2.224562881531714886e+00
-1.584719688421247596e+01
-2.240564501629041061e+01
-1.820497755521854799e+01
-5.619643684549986418e+00
8.490104214999231402e+00
1.695009342561916199e+01
1.630296184485077049e+01
8.282203426159171045e+00
-1.859852766730977880e+00
-8.757111896800555684e+00
-9.796261129339562501e+00
-5.871942542267575504e+00
-3.925837474655302639e-02
4.638167983332425415e+00
6.555526327673279141e+00
5.696647887810251554e+00
2.857812383496452391e+00
-1.099789033704926755e+00
-5.378080099681922022e+00
-8.926139354319531094e+00
-1.033702791728581971e+01
-8.406080143348901856e+00
-3.106519179261787222e+00
3.818615636077935527e+00
9.350473655949963714e+00
1.073136023022854602e+01
7.156505242037342285e+00
4.570980782402833675e-01
-5.820071359622563278e+00
-8.468719468327234878e+00
-6.532498339859433401e+00
-1.817518482105869637e+00
2.346722388756419697e+00
3.289555544509750185e+00
6.838860482566140320e-01
-3.366468552412380966e+00
-5.851810858849514574e+00
-4.923919420715231254e+00
-1.094390288488985341e+00
3.218226465779708612e+00
5.421245625209058616e+00
4.517085242795271682e+00
1.675853990530030924e+00
-7.493936813869459534e-01
-1.015527721764042157e+00
7.206036672377350571e-01
2.547059096644376019e+00
2.265931468176047847e+00
-8.833816837875060335e-01
-5.506757791064827323e+00
-8.888274972329076817e+00
-8.808646695392035042e+00
-5.074907993054487143e+00
3.145571243093130409e-01
4.481835222023934584e+00
5.531881616143001779e+00
3.668333377194381129e+00
8.219343410431003694e-01
-8.744891341149096942e-01
-6.172854903922485592e-01
6.447485743713560202e-01
1.163753271722207439e+00
-4.124296845895197849e-02
-2.230487866796988516e+00
-3.375533406339692011e+00
-1.715937063584546785e+00
2.684385267275814169e+00
7.565195531978474719e+00
9.666426096678906177e+00
6.779993704049779524e+00
-6.790331336431865150e-01
-9.634133151351756297e+00
-1.590721291579976793e+01
-1.643074198635819272e+01
-1.079830365956373583e+01
-1.316571865640358219e+00
8.327200440964855233e+00
1.489021096225727980e+01
1.685971080629972008e+01
1.465815034053579957e+01
9.936353170274182744e+00
4.569612063514059130e+00
-6.088419741869932622e-02
-3.283500381933449841e+00
-4.994579786655904741e+00
-5.427790428819798230e+00
-4.987205760461693060e+00
-4.130565805990877415e+00
-3.241222108171992744e+00
-2.506411134838188115e+00
-1.896438035130865618e+00
-1.296611980012735810e+00
-7.024406977071266933e-01
-2.924486003032391590e-01
-2.661689373957745186e-01
-5.475785265411978742e-01
-6.271390890355112990e-01
2.297580435358796969e-01
2.451941712965683973e+00
5.654822718541629989e+00
8.576604944615347392e+00
9.625052012949783631e+00
7.774574845467038919e+00
3.265181128130064891e+00
-2.365017386936851818e+00
-6.971298665448316001e+00
-8.819710517326642574e+00
-7.350574786134137284e+00
-3.311704844209625076e+00
1.700093061294360997e+00
5.934647160149886247e+00
8.049597189173818279e+00
7.391799154734925104e+00
4.083856112201544875e+00
-9.662901915068664582e-01
-6.164841454383527264e+00
-9.598919593562163399e+00
-9.734134687087873772e+00
-6.209162454833879075e+00
-2.440856257062513635e-01
5.743567291186019830e+00
9.271894801383073315e+00
9.090707330583800427e+00
5.837354869278954084e+00
1.586279042397592320e+00
-1.460141439543743758e+00
-2.294377794477546750e+00
-1.564855798790300678e+00
-8.927617213906564597e-01
-1.567817612614551992e+00
-3.578455994446251509e+00
-5.666038671727362086e+00
-6.322379044617685295e+00
-4.950450454394740518e+00
-2.305223363020257210e+00
1.014139363815423911e-01
1.148433112591250360e+00
9.061375736517580659e-01
4.735585690389462199e-01
9.981643710360941224e-01
2.667677233728982689e+00
4.488427544853997198e+00
5.048059714323581915e+00
3.680332649203132522e+00
1.113653988932712835e+00
-9.404345386929482409e-01
-9.981055762131685327e-01
1.069098158085119987e+00
3.836550852911420506e+00
5.235819802590474303e+00
3.944141894222946920e+00
2.829550342912394711e-01
-3.987723598122145496e+00
-6.809688448383700354e+00
-7.099742045698169690e+00
-5.309741860866518337e+00
-2.964848659465949776e+00
-1.572995154546835028e+00
-1.669664241451297215e+00
-2.588309995927728480e+00
-3.013769276862505286e+00
-1.886275466956905955e+00
9.170063308225453458e-01
4.472442624239819864e+00
7.257520651835306147e+00
7.882479775695157009e+00
5.772733804040747430e+00
1.537666042371256037e+00
-3.138215584368759803e+00
-6.124588477406690323e+00
-5.843026795340227508e+00
-2.224880016826401796e+00
2.937084347707468179e+00
6.652757935654895149e+00
6.294216112992467416e+00
1.280067758376076448e+00
-6.191595559565687523e+00
-1.205184493071503127e+01
-1.262471714546035884e+01
-6.978302784831162064e+00
2.173888337986282338e+00
9.796665975922147496e+00
1.145550222010866470e+01
6.079682035123003203e+00
-3.229749684245597052e+00
-1.096605762253679650e+01
-1.251265984736538783e+01
-6.894497037930248595e+00
2.756196990394348845e+00
1.126143820743792467e+01
1.457664355123941924e+01
1.200373611569281707e+01
6.103257016918369970e+00
5.867799312342514284e-01
-2.197360813331762586e+00
-2.441897023787962695e+00
-2.079900259504523508e+00
-2.840475981185615062e+00
-4.757682594499614837e+00
-6.255214954910469416e+00
-5.634491836037342161e+00
-2.691809453537528096e+00
8.836028059511589205e-01
2.692798432699638589e+00
1.487225897911763184e+00
-1.761197359323520839e+00
-4.468118060578014195e+00
-4.329418949142642248e+00
-1.098067198632187935e+00
3.114710114172856592e+00
5.300956200642960248e+00
3.754704317093838117e+00
-5.932986040851374598e-01
-4.710564259479776084e+00
-5.533982455259149447e+00
-2.131432328474905713e+00
3.574224504819871306e+00
8.043985792660956591e+00
8.480552596181730962e+00
4.692093308580605360e+00
-7.966954110067838712e-01
-4.438310592579494340e+00
-4.003512303675808681e+00
-1.660045335122872778e-02
4.621584157912185020e+00
6.520901718125819535e+00
3.948707785846801599e+00
-2.109703512219376798e+00
-8.569048905139885264e+00
-1.207358576921815185e+01
-1.088816158634288023e+01
-5.766090127396011233e+00
6.033121659580910068e-01
5.133442151075456650e+00
5.946397798958024339e+00
3.202886763914375212e+00
-1.182023660941861287e+00
-4.673083763731497697e+00
-5.449567480752651960e+00
-3.267542054938597396e+00
5.330100997580324851e-01
3.824224088765755702e+00
4.857107070528861925e+00
3.198716680320958794e+00
-4.326280187939424149e-02
-2.832206968238662359e+00
-3.333435131714050925e+00
-9.506672917989056337e-01
3.318233632062220551e+00
7.425033462370675075e+00
9.414067904176368629e+00
8.498520639857101600e+00
5.430758969651929391e+00
1.952142219102608767e+00
-3.217670198482582844e-01
-8.704074905421710362e-01
-4.796026839422118937e-01
-5.781229521983595188e-01
-2.155091140282946682e+00
-4.986867605044991159e+00
-7.693517006449035023e+00
-8.593107208173782041e+00
-6.794161304922212707e+00
-2.812402304225696259e+00
1.684633671367081309e+00
4.829865104718627400e+00
5.587621703600588852e+00
4.220273065928146217e+00
1.944341981263856267e+00
6.955686177855012475e-02
-7.704596360370188357e-01
-8.010807661203827035e-01
-6.567159446515071775e-01
-7.094250786113002194e-01
-7.275275582423704757e-01
-1.386424024614653083e-01
1.319501663038491923e+00
3.115831913867778802e+00
4.082296812042806700e+00
3.207820117612908195e+00
5.337465669666547896e-01
-2.569810883648250055e+00
-4.111575718742725094e+00
-2.834608435454859965e+00
6.808006327207922759e-01
4.048581396696411261e+00
4.445310072474958574e+00
5.769795644053661299e-01
-6.052321260319094343e+00
-1.158354041564710180e+01
-1.193283125378169807e+01
-5.421877046862343619e+00
5.770064091931622841e+00
1.641848721784054987e+01
2.103617026263902545e+01
1.702840963204528535e+01
6.278721186597385540e+00
-5.872332062486441906e+00
-1.367574127915338345e+01
-1.418515535679597406e+01
-8.668843863651469306e+00
-1.432142351117942081e+00
3.073667308852312541e+00
2.928656202293558053e+00
-4.679157772661969306e-01
-3.826826114180581495e+00
-4.450487502739103540e+00
-1.990538299655199683e+00
1.646849804813937279e+00
3.986321325147939909e+00
3.888313191588392836e+00
2.252759390429639907e+00
1.090829051785199511e+00
1.785992491978863450e+00
3.938416325925033323e+00
5.678725570936509648e+00
5.171354618598765995e+00
2.111530119883519241e+00
-1.952755903248957647e+00
-4.714844907778902083e+00
-4.765935485617254663e+00
-2.546575470908429395e+00
1.003487505073514807e-01
1.371642465761598650e+00
7.834054946756479065e-01
-6.940870376177525891e-01
-1.677120309166141965e+00
-1.657297119643732941e+00
-1.420234838647475906e+00
-2.214840079225642633e+00
-4.370634205421058738e+00
-6.592769541006857636e+00
-6.682836763197245844e+00
-3.277663462140189665e+00
2.723602852231197247e+00
8.288215972555333266e+00
1.007323259273295513e+01
6.758180368494819845e+00
1.840517503076748440e-01
-5.654848177706205625e+00
-7.194839497049922983e+00
-3.701537857884183325e+00
2.224206710901666106e+00
6.434016397573680379e+00
6.080052459273815657e+00
1.520697562749207421e+00
-4.047519262354081881e+00
-6.928962250662346278e+00
-5.528616572158055575e+00
-1.347154851859520441e+00
2.292682420323032044e+00
2.787747345327717952e+00
1.616139842626291845e-01
-3.053328089527114209e+00
-3.822600261231952956e+00
-9.705590680394033942e-01
3.877435908803227527e+00
7.464428732721499316e+00
7.296832676496434189e+00
3.477840884543941691e+00
-1.374195657294347228e+00
-4.047275729293025037e+00
-3.066926646721356065e+00
2.783335140109252093e-01
2.955533997321535100e+00
2.484887740283495905e+00
-1.172439144700077485e+00
-5.511232760895632410e+00
-7.239898273479719926e+00
-4.646821496081069647e+00
1.089078978410800813e+00
6.545605314812766196e+00
8.206963927192143515e+00
4.673783333086233505e+00
-2.475339952358402318e+00
-9.624500315594296751e+00
-1.315755623361490656e+01
-1.130479233768417657e+01
-4.811441557508887357e+00
3.709611387151968920e+00
1.112324763094562741e+01
1.500038968858187438e+01
1.425833256805318783e+01
9.234996164099930738e+00
1.458782431149325820e+00
-6.727111029505091544e+00
-1.273332924284754419e+01
-1.454113377628614323e+01
-1.156781048267603040e+01
-5.107862518785466932e+00
2.083690552578093325e+00
7.048317244792493774e+00
8.109537179202732204e+00
5.697784533679832286e+00
1.948458390498584603e+00
-7.208989436127033468e-01
-1.146266023734799688e+00
-4.426703045737143127e-02
6.923265087165628717e-01
-4.647118254079030120e-01
-3.393519016660738075e+00
-6.223073693900069259e+00
-6.532813962679085762e+00
-3.052449733871430482e+00
3.301445595543216260e+00
9.779759671981512525e+00
1.334236676531305932e+01
1.239916036652334341e+01
7.652725179914160236e+00
1.558444404455313848e+00
-3.185320828167519380e+00
-5.129949168176429097e+00
-4.663290784340960116e+00
-3.449814471991333065e+00
-3.209688451295109157e+00
-4.654075076431460900e+00
-7.174126325051473074e+00
-9.332960588275525993e+00
-9.734767104038038354e+00
-7.726445627698161900e+00
-3.619241538600752151e+00
1.535433911002515028e+00
6.375189568622053216e+00
9.640287239893845950e+00
1.049140546345545744e+01
8.741440453697608248e+00
4.978256756008325290e+00
4.759957262932960065e-01
-3.195034042586101464e+00
-4.791099400894739624e+00
-3.974758769962467131e+00
-1.502163806740294483e+00
1.162024942525511584e+00
2.641304666045127370e+00
2.406054485131471132e+00
1.026125542352741782e+00
-2.548270089469815147e-01
-3.625172334028079479e-01
8.899749367525562338e-01
2.683651104532531306e+00
3.761870000658126934e+00
3.316006312564939940e+00
1.594172318104112307e+00
-1.993460718171923274e-01
-6.926450856181629590e-01
6.586796609931332425e-01
3.023285017592459933e+00
4.509855650624828627e+00
3.248335093922690042e+00
-1.354796931140346272e+00
-7.948968245714800318e+00
-1.364659538668152905e+01
-1.540185628198925372e+01
-1.167385243264435957e+01
-3.448829752083791611e+00
6.025940427734101767e+00
1.276341379338728643e+01
1.405589062613654860e+01
9.889186755202111101e+00
2.923059262856261498e+00
-3.004789883475039503e+00
-5.027377150129417771e+00
-2.803937077543958711e+00
1.445884199254324320e+00
4.448488063339428145e+00
3.984209357273353902e+00
2.639204571563724677e-01
-4.301431198101528075e+00
-6.770174507557206844e+00
-5.653593138926261474e+00
-1.872086734031737976e+00
1.961008313218050247e+00
3.414553389001713679e+00
1.939339054533641304e+00
-8.308445566830892082e-01
-2.403588961252732581e+00
-1.411869595898820329e+00
1.232008613760537274e+00
2.940170985713272511e+00
1.452796245061181324e+00
-3.206831553201141105e+00
-8.343852123673855203e+00
-1.022106510900601961e+01
-6.676697875402497928e+00
1.117776001859137391e+00
9.117005469893104674e+00
1.291459828320818914e+01
1.065093093106966116e+01
4.283173636602345624e+00
-1.739107096771538297e+00
-3.536622058665324975e+00
-4.779283505693706635e-01
4.435407320968313805e+00
6.788413105112003798e+00
4.024285951408928419e+00
-2.580138227223459424e+00
-8.703583252969615103e+00
-1.003914746322974949e+01
-5.470044716276501795e+00
1.938870580500885010e+00
6.931151962434753955e+00
5.713359717320697584e+00
-1.268912858760775197e+00
-9.425168752050915089e+00
-1.300886501723887356e+01
-9.009982602557887077e+00
6.948997531123630722e-01
1.041707131627126870e+01
1.426098349829791800e+01
9.877409132734058517e+00
-8.268574175544229909e-02
-9.697052638936790814e+00
-1.347564303075333036e+01
-9.620570187910972848e+00
-8.456843297387588443e-01
7.568337871962647512e+00
1.106227255131195797e+01
8.320892026793053731e+00
1.622805804385733186e+00
-4.902588216880385374e+00
-7.798593173656113819e+00
-6.027337185427286137e+00
-1.110980054350326984e+00
4.085368526769237008e+00
6.991679469276755654e+00
6.471923213891850324e+00
3.063725524183694926e+00
-1.525765309439711892e+00
-5.257073876664452250e+00
-6.570496683949982319e+00
-4.962911896319587512e+00
-1.191379194148680432e+00
3.011683727787511256e+00
5.709078420858241465e+00
5.747780672006143732e+00
3.447984746548984347e+00
4.999044806209496095e-01
-1.011156943362737870e+00
5.985902673981768896e-02
3.076523173101188391e+00
5.903930468882130356e+00
6.229738793806841812e+00
3.100531976097782305e+00
-2.361197035348584272e+00
-7.582030371425139137e+00
-1.011862008244550459e+01
-9.143732298244934498e+00
-5.849849138024130646e+00
-2.536970274581308082e+00
-1.054509155914232776e+00
-1.673722311204579150e+00
-3.105306463514951432e+00
-3.541761274575772944e+00
-1.920364609500344155e+00
1.453972048509280413e+00
5.235184701585845701e+00
7.928260973054990224e+00
8.655536097311552268e+00
7.357226283450675197e+00
4.514945474711249851e+00
8.196838456794393046e-01
-2.911828824856045550e+00
-5.668616062739823214e+00
-6.381478567284483816e+00
-4.454449481657224652e+00
-4.139157342974559839e-01
3.928827099049120974e+00
6.212189936554723957e+00
4.905899950590106862e+00
4.595329127543410497e-01
-4.697524111585528850e+00
-7.514437059443952904e+00
-6.251678189293897070e+00
-1.675266468486466209e+00
3.392432563556278868e+00
5.942564957570447781e+00
4.798674643192889278e+00
1.344550813655556176e+00
-1.585325649028884065e+00
-1.860732688207666685e+00
3.320803961258848025e-01
2.642923941159261325e+00
2.402991567481025381e+00
-1.188136609565853430e+00
-6.188821407359944793e+00
-9.084376110273021609e+00
-7.232804779127548933e+00
-8.538794826405302629e-01
6.888778154188312186e+00
1.182266829414226095e+01
1.140149755497245820e+01
6.241286855172348602e+00
-4.442905361526121588e-01
-5.032159252057583743e+00
-5.738576377765903125e+00
-3.427877057485851697e+00
-5.888870748919337039e-01
6.116224493353603631e-01
-2.616999783244943201e-01
-1.959224907548815509e+00
-2.812364698916429706e+00
-2.111973933829512706e+00
-5.285124006371331173e-01
6.511945418381890338e-01
7.438436131849083255e-01
2.996123449317070753e-01
6.191888248466703715e-01
2.553630397826730292e+00
5.565862601754732353e+00
7.838946168497770373e+00
7.416829722836491889e+00
3.581683295163986536e+00
-2.509034891415872881e+00
-8.374280574586720149e+00
-1.157723806367994257e+01
-1.102062835328957213e+01
-7.399680728108258165e+00
-2.646689701224895330e+00
1.176663699035132904e+00
2.850815236792791474e+00
2.373152124862726975e+00
7.080805889797310293e-01
-8.073393038625427121e-01
-1.080206906270629430e+00
2.949419009741224285e-01
2.852401819908799929e+00
5.393711003097608092e+00
6.483662795404641521e+00
5.193722926000445383e+00
1.752478791978322903e+00
-2.347140641829493557e+00
-5.024610081185776345e+00
-4.817202962427170831e+00
-1.895486344812429280e+00
1.863802931908059790e+00
3.965231379232602826e+00
2.952033330191020877e+00
-4.645894486649715382e-01
-3.673448055631426623e+00
-3.801758299030152166e+00
2.812342007013359790e-01
6.951459198947652851e+00
1.257942605165764327e+01
1.364887024537254590e+01
8.906214547046026553e+00
1.512950143197850927e-01
-8.822760704093280282e+00
-1.440796033993896863e+01
-1.504855898081446242e+01
-1.166827195131382311e+01
-6.578460370032207294e+00
-1.811071537366612638e+00
1.906363917043506273e+00
4.937122129987244534e+00
7.684460837574697223e+00
9.711570981370577726e+00
9.820025270199604250e+00
7.039271992176608705e+00
1.704014299593768378e+00
-4.312932229933388761e+00
-8.510171508574499555e+00
-9.226866467815547423e+00
-6.640496717379442693e+00
-2.584869486442468389e+00
6.765116012449110539e-01
1.856258027869816196e+00
1.276139175439856777e+00
3.686563011740259244e-01
4.975454341451236440e-01
1.977437306661423033e+00
3.943934951457193971e+00
5.058998033542577488e+00
4.454855083283005612e+00
2.234649357264155700e+00
-7.357981940601722171e-01
-3.462433893577587796e+00
-5.348264262664923940e+00
-6.269931677416127336e+00
-6.295809900360360700e+00
-5.421131045082803190e+00
-3.612175462965403483e+00
-1.102040275039043671e+00
1.409036784341493265e+00
2.958994391519348177e+00
2.900166234496633244e+00
1.446485570156661682e+00
-2.744883857711024611e-01
-8.128551388700432367e-01
6.974450306668389388e-01
3.916227935970283625e+00
7.401655091095546979e+00
9.402726782137010630e+00
8.836567017803524493e+00
5.833968827463708706e+00
1.547443003366230752e+00
-2.582187806395488394e+00
-5.572041167380877624e+00
-7.185809865750437453e+00
-7.673163852623462233e+00
-7.272911011138276649e+00
-5.928933988234300401e+00
-3.453658191566869817e+00
1.300559928367439610e-02
3.664861909804759676e+00
6.169954605394830871e+00
6.311054522250968191e+00
3.764408211520257730e+00
-5.016286755504806294e-01
-4.538895755947415900e+00
-6.349521570393962477e+00
-4.942758595933471888e+00
-9.079022614991356654e-01
3.860807209592175937e+00
7.169727436492310702e+00
7.705245003520204250e+00
5.701329358515335954e+00
2.688450935053276591e+00
4.630246580910815091e-01
-8.828735933209330700e-02
4.522469749619203450e-01
4.951750737136153546e-01
-1.326326835033611928e+00
-4.963275647445641425e+00
-8.659807612578315883e+00
-9.898351890239336370e+00
-7.085180862867664686e+00
-8.908560550349058360e-01
5.747744338745536474e+00
9.162386307365578020e+00
7.194479738524450774e+00
7.329528186349740793e-01
-6.540247236267848763e+00
-1.019917283809185982e+01
-7.738108376730818527e+00
-1.889923754760112207e-01
8.382033212861799143e+00
1.324946369906635013e+01
1.181798040342813039e+01
5.086871777244781789e+00
-3.101942417966829346e+00
-8.495039296013089825e+00
-8.940695699639150007e+00
-5.397130439498612375e+00
-9.022337265874456058e-01
1.664298245084237848e+00
1.448177647440689331e+00
-1.085608541872717381e-01
-6.509081392625800655e-01
1.141354001652516548e+00
4.468816056145874072e+00
6.945715685964790609e+00
6.333383747758753124e+00
2.217955917999796078e+00
-3.556853883220961521e+00
-8.000635959082847748e+00
-8.861529830107159000e+00
-6.010301891936770780e+00
-1.423556419350326951e+00
2.170366428969050077e+00
3.042762668192714237e+00
1.460021271608981541e+00
-6.785790994785165786e-01
-1.252756712155527197e+00
5.842262693479838287e-01
3.801412117352401587e+00
6.143534104721873668e+00
5.607813098052573331e+00
1.813031489928321527e+00
-3.587490194426756318e+00
-7.719300975432398459e+00
-8.080492086268378671e+00
-4.019987327190853499e+00
2.742900460866296353e+00
8.886884718704713748e+00
1.117511941105802187e+01
8.174620043170682138e+00
1.073239059290804764e+00
-6.879979713732881308e+00
-1.203948244043857763e+01
-1.223518462631960624e+01
-7.817152489902722934e+00
-1.301559755761382942e+00
4.137579862686882493e+00
6.405771474128924226e+00
5.419084819558145583e+00
2.740431266172450808e+00
2.876367335945759218e-01
-9.319268533423775702e-01
-1.193683547052491578e+00
-1.374028905549404156e+00
-1.864096881277278017e+00
-2.036386931960116442e+00
-7.724437521092220038e-01
2.327974183065004699e+00
6.080016069201172435e+00
8.071032976110098289e+00
6.228983116779150286e+00
5.744563893733767301e-01
-6.210716021670670273e+00
-1.007780470813310458e+01
-8.138569987212603607e+00
-7.882806753649236331e-01
8.129905876117145880e+00
1.345111798309962126e+01
1.186363910916250930e+01
4.070319979380941255e+00
-5.557321968124782074e+00
-1.169210005481136605e+01
-1.138761662525797291e+01
-5.839873903574184233e+00
5.852461674197627639e-01
3.377993868277312295e+00
9.042490665005030737e-01
-4.610177361602656454e+00
-8.745625971680123456e+00
-8.010201326583295867e+00
-2.263250516249972755e+00
5.182624338120850993e+00
9.787743544331695134e+00
8.781089661465099283e+00
2.914825734252233236e+00
-4.116056456518740525e+00
-8.086601896692458880e+00
-6.823761353207165925e+00
-1.315056014651744931e+00
5.201749297589127075e+00
9.368348420714248448e+00
9.581077435274611531e+00
6.508409951242833280e+00
2.186678390363670843e+00
-1.450495721985687769e+00
-3.558434804618479497e+00
-4.381838506349416740e+00
-4.555578262984200322e+00
-4.417194263598512194e+00
-3.858468984521970846e+00
-2.692892127505185140e+00
-1.084164398161080900e+00
4.056231534863161681e-01
1.199165968266508786e+00
1.168297998473382782e+00
7.577767302165443475e-01
6.450941035209978303e-01
1.209990371654128483e+00
2.243923025475312194e+00
3.123230716207280544e+00
3.285963823497755065e+00
2.618015776095811376e+00
1.458487957762356402e+00
2.741463364103224887e-01
-6.721512646390169765e-01
-1.361768551300632124e+00
-1.772136262216807978e+00
-1.641819925812366021e+00
-5.666379343468683771e-01
1.561114554274809052e+00
4.132004030316485554e+00
5.875880685851837093e+00
5.535303534944138626e+00
2.774598984381475120e+00
-1.358568778622613937e+00
-4.886920599646439101e+00
-6.100708359708378659e+00
-4.717339771060259146e+00
-2.135295456765134325e+00
-4.872092716663758427e-01
-1.067847139473556917e+00
-3.248290787735196528e+00
-4.745487957715504912e+00
-3.199690879447903757e+00
1.960618137074531253e+00
8.703390457401074087e+00
1.333882230261100155e+01
1.275011087587065894e+01
6.493571379452147241e+00
-2.658733722517441223e+00
-1.018837264284003297e+01
-1.244416402733383542e+01
-8.757665910381390972e+00
-1.728895785249813022e+00
4.457011496734740952e+00
6.556131551882025121e+00
4.021573173763004938e+00
-1.031547343016185891e+00
-5.444261823591850735e+00
-7.008328722695755353e+00
-5.524894405068811132e+00
-2.407644337106055854e+00
6.264248656301349971e-01
2.683153147462733479e+00
3.853888480193681687e+00
4.506372416253784152e+00
4.508296109437960553e+00
3.180805662519234467e+00
7.977734402716296636e-02
-4.100042249894460866e+00
-7.425484366510644918e+00
-7.770909289931235975e+00
-4.384071843036001503e+00
1.225084812762795572e+00
5.927539333779567876e+00
6.921300150656081840e+00
3.705720232347264442e+00
-1.375781323388005406e+00
-4.578148242126463430e+00
-3.323791302482146826e+00
1.861748332047449939e+00
7.488474167794755942e+00
9.362820529664686475e+00
5.499719155319367836e+00
-2.335019988402211144e+00
-9.606370042402009091e+00
-1.194333256088953377e+01
-8.061708427192646909e+00
-6.603345406959317820e-01
5.367396766734870539e+00
6.219235383156899388e+00
1.732699805444686936e+00
-4.544206403862928845e+00
-7.801938038788211571e+00
-5.255453424059783885e+00
1.969041103780752699e+00
9.595478083009084003e+00
1.303345586530891609e+01
1.032956111394190479e+01
3.270461334169521450e+00
-3.995033340768467056e+00
-7.746082883668480079e+00
-6.937486463022938921e+00
-3.450618111071738880e+00
-3.610929873908310661e-01
3.990316271749667631e-01
-7.113471186965558690e-01
-1.492025382428072922e+00
4.880845052939386530e-02
3.944972368570602406e+00
8.017944910845450579e+00
9.301459159231274754e+00
6.133236985727091195e+00
-5.442802368796753054e-01
-7.562791185865608057e+00
-1.133355913381112856e+01
-9.911532009450848335e+00
-4.047332959377435202e+00
3.335536033279029589e+00
8.809289117998631014e+00
1.020276932112938084e+01
7.481317922958417910e+00
2.408623658059577899e+00
-2.620075230539383959e+00
-5.807738759417408581e+00
-6.604670482943335585e+00
-5.581247452280985399e+00
-3.782204162233743450e+00
-2.034291313351713981e+00
-5.976274091055741033e-01
7.166645479675717301e-01
2.124124845563554853e+00
3.464232949488542879e+00
4.117719713125903347e+00
3.347699610711832197e+00
8.891711995568538640e-01
-2.601006682271304271e+00
-5.617008139850233839e+00
-6.508103589723086557e+00
-4.496369435969744366e+00
-3.800464717944282977e-01
3.643145654179371640e+00
5.114742143422381204e+00
2.846319415740446335e+00
-2.113110107994183640e+00
-6.818683820650816685e+00
-8.062927945075589520e+00
-4.413237745829895253e+00
2.623615920513147959e+00
9.169389366573593492e+00
1.110264433520205785e+01
6.560649399412362470e+00
-2.701666501783130947e+00
-1.200222022205579364e+01
-1.617572416975854566e+01
