-4.100384092759876253e+00
-8.323977644026843592e+00
-8.969706015447034275e+00
-5.536158228006201831e+00
3.939258915306091957e-01
5.975260201434457130e+00
8.592012071717983090e+00
7.187670890505425625e+00
2.719034474343295926e+00
-2.467093058117417748e+00
-5.936807174742945392e+00
-6.404233903000697836e+00
-4.231609990316666625e+00
-9.747665087287433749e-01
1.690531332801409325e+00
2.978837833101819044e+00
3.320306033835726200e+00
3.819499480510041955e+00
5.230367129230302226e+00
7.169658353302448717e+00
8.169600206198367687e+00
6.627973680081931995e+00
2.075561618482491877e+00
-4.122716720229156806e+00
-9.233794739611303370e+00
-1.064773181682418901e+01
-7.516897267008378236e+00
-1.456058224145000413e+00
4.261140203132303128e+00
6.609513036380786133e+00
4.649810536897772018e+00
9.402472644919807054e-02
-3.813587621608128586e+00
-4.401193135085234687e+00
-1.283840569997150016e+00
3.445731469614465858e+00
6.662059402539670216e+00
6.293518213588344956e+00
2.634117664887383192e+00
-1.977218129903147048e+00
-4.823982282951428502e+00
-4.622306528976808160e+00
-2.222523439167276571e+00
2.138707716807199399e-01
8.803210291440592972e-01
-4.098512022904972629e-01
-2.244279480133132054e+00
-2.817563225158599582e+00
-1.357446604929150258e+00
1.305381895669624814e+00
3.407440755253499098e+00
3.598679261484297065e+00
1.919642478991880896e+00
-3.074070849105907111e-01
-1.534422259365360475e+00
-1.139847109370773159e+00
2.036576278622972414e-01
1.180023153295125304e+00
9.343611878967506001e-01
-2.597601704648431764e-01
-1.278859541949260770e+00
-1.114570569240364684e+00
2.717803671388842046e-01
1.891876014092596758e+00
2.503284207901431024e+00
1.579490886514889336e+00
-3.028826685912400229e-01
-1.958463218120650051e+00
-2.551921220552237024e+00
-2.230573702830362492e+00
-1.909216971498782556e+00
-2.381686995643529592e+00
-3.498347173540402366e+00
-4.124337183819893227e+00
-2.986746856631161240e+00
2.012625748093443967e-01
4.219345465971114706e+00
6.896109937609975482e+00
6.432784744404067112e+00
2.608033117955514957e+00
-2.963063293674760068e+00
-7.696066234378601933e+00
-9.454991823292445474e+00
-7.620467872729736136e+00
-3.212772860633743122e+00
1.857450212243275001e+00
5.810470740429328984e+00
7.653343753722481324e+00
7.235954843228609157e+00
4.943942595773700432e+00
1.431697406820339857e+00
-2.418491009315214324e+00
-5.474351168486661479e+00
-6.567451539615049683e+00
-5.026568920066979196e+00
-1.237067622711980341e+00
3.253662298652224116e+00
6.347744254762484495e+00
6.488801128133413698e+00
3.590019089489311810e+00
-8.261246792681971041e-01
-4.427347726924470983e+00
-5.352538573227656471e+00
-3.202081854868487731e+00
8.352189964838601099e-01
4.728172817986456167e+00
6.704657918422796570e+00
6.048974136854432082e+00
3.228672251107934876e+00
-5.468022685099198643e-01
-3.937334676758482033e+00
-5.900967434485263396e+00
-5.860569289462057796e+00
-3.754481855218653852e+00
-1.082603276987748053e-01
3.929596670668454639e+00
6.795218688646586180e+00
7.079323598525902206e+00
4.278363285389983339e+00
-7.229148863693309890e-01
-5.858837855029475961e+00
-8.821263501435112175e+00
-8.269523278526964560e+00
-4.594827291145167081e+00
2.684978006536962725e-01
3.917591578959841669e+00
4.807737789342493073e+00
3.028323271505777292e+00
7.818213138192148248e-02
-2.167816939977095458e+00
-2.608802871720664829e+00
-1.461412205040002688e+00
8.640200509516815508e-02
7.990044884393963098e-01
2.353202353235130662e-01
-1.033645074820975340e+00
-1.909964546434021360e+00
-1.559878592629253102e+00
4.925897481344676532e-02
2.195307526814744392e+00
3.928770197848609147e+00
4.663077092543356450e+00
4.417619793314349508e+00
3.600563772995795553e+00
2.567633509035153416e+00
1.337047707880142156e+00
-3.132683083098140031e-01
-2.462517071829758208e+00
-4.716003971575027265e+00
-6.241496395885409498e+00
-6.214813242626473055e+00
-4.393056515278139784e+00
-1.401975980443425973e+00
1.508975966456543638e+00
3.131587464264691256e+00
2.971338466260370126e+00
1.490707892838790016e+00
-2.340163149328636227e-01
-1.205589078490554966e+00
-1.078854434367371162e+00
-2.415310294174926042e-01
6.088790763411839890e-01
1.039079425131968826e+00
1.153631000144213381e+00
1.364403311906290828e+00
1.864468216205522610e+00
2.275613894459493913e+00
1.829061168346279187e+00
1.697613978999468198e-02
-2.770494148860933592e+00
-5.187667895431578913e+00
-5.647771604347732399e+00
-3.413801050856063668e+00
6.982031632906220420e-01
4.598959856304859706e+00
6.138225430391907267e+00
4.506742965214799668e+00
8.606251373959881157e-01
-2.340212623938599634e+00
-2.918729792964548597e+00
-4.522403820044391676e-01
3.393809310742497143e+00
5.944732131055132207e+00
5.303968416471249725e+00
1.627761536447566382e+00
-2.998577357402680832e+00
-5.994665383140691972e+00
-6.015036675576993730e+00
-3.753810679125505700e+00
-1.276679701695698110e+00
-4.063841606885232327e-01
-1.375820016943654078e+00
-2.752075988432612252e+00
-2.672147515004725804e+00
-4.292231207082624067e-01
2.836394874097039942e+00
4.923270215573737119e+00
4.280275686427870596e+00
1.340959233110538218e+00
-1.602383553310498199e+00
-2.004729836758117223e+00
9.633291461025685898e-01
5.557727780233694403e+00
8.454323163512521333e+00
7.009069009108356951e+00
1.234272927446596668e+00
-5.944278565057885544e+00
-1.043043323069428041e+01
-9.585565119164286330e+00
-3.975358873985594954e+00
2.961232933023075997e+00
7.113847430140953776e+00
6.301968052786087071e+00
1.553138914275745242e+00
-3.741316813028744637e+00
-6.151115413890213546e+00
-4.409431623926559851e+00
-4.862434394933279336e-02
3.849419210490229393e+00
4.824905934125976792e+00
2.613143399370310149e+00
-8.932765179262810440e-01
-3.140312920649514616e+00
-2.729187702118530012e+00
-2.777714831660074157e-01
2.200163966604024690e+00
2.858644780781991912e+00
1.360548585867279447e+00
-9.480358855075791125e-01
-2.104673056163296252e+00
-1.031311391418190837e+00
1.621691035735683961e+00
3.892459462433939255e+00
3.895534790257486613e+00
1.212474061169863004e+00
-2.691316554394061367e+00
-5.345355621003542446e+00
-4.898430587017626792e+00
-1.425506257974625823e+00
2.967599897190502656e+00
5.371719780416216672e+00
3.909753008574687883e+00
-9.611951735094689253e-01
-6.535301609377398790e+00
-9.357756050232982403e+00
-7.290940315062726107e+00
-9.106171140674588216e-01
6.653750227633827841e+00
1.141506898177724416e+01
1.080862607223928151e+01
5.210085897645271302e+00
-2.243567780448557869e+00
-7.465640753627051041e+00
-7.802088157024349435e+00
-3.547678844356542349e+00
2.333693388646897127e+00
6.110597834870890921e+00
5.614102579861720344e+00
1.523565062176897911e+00
-3.201195561845344706e+00
-5.351915973077129962e+00
-3.619282556715083921e+00
5.716711665535468834e-01
4.091753035296662233e+00
4.299278530522027353e+00
8.923688796182021044e-01
-3.861368023117907278e+00
-6.696569088107251488e+00
-5.652525125512212867e+00
-1.502727745855414465e+00
2.720159820078005719e+00
3.828269018678978508e+00
7.836778990108332899e-01
-4.412929890993190440e+00
-7.936091192009676831e+00
-6.700163394274357920e+00
-5.613970556044947102e-01
7.365057114349585099e+00
1.255660212467966552e+01
1.192628942609509579e+01
5.792416779396155846e+00
-2.328299725846622703e+00
-7.964042112099233073e+00
-8.476820892694961529e+00
-4.561105880996721318e+00
4.922184277682323805e-01
3.194002152576064013e+00
2.237280276088497111e+00
-7.667109496537034552e-01
-2.657282906210226336e+00
-1.188360811089991032e+00
3.179914917399820684e+00
7.455046203398256743e+00
8.166316318483080039e+00
3.886159136471038167e+00
-3.550937528096850482e+00
-1.003340701170441918e+01
-1.175928070657828250e+01
-7.712896920209733054e+00
-3.676248118338723003e-01
5.871605673125026570e+00
7.462908795200728029e+00
3.918557298281482026e+00
-2.025703468880379443e+00
-6.317119975211103799e+00
-6.249196901737700927e+00
-2.106285525449843377e+00
3.240325010301419617e+00
6.404520049677925542e+00
5.747415507531446366e+00
2.300920132327576528e+00
-1.183376502992431689e+00
-2.284135590624032819e+00
-5.700912034792727789e-01
2.263449796441896922e+00
3.783637053562932451e+00
2.657542575543073049e+00
-4.057867519918620380e-01
-3.248648547817090115e+00
-3.897476759224393739e+00
-2.001922134640620854e+00
9.721788497515139182e-01
2.905683965896571408e+00
2.652465783418155976e+00
9.048285038276042691e-01
-3.573099602334608438e-01
5.575131034888022308e-01
3.605093943174527027e+00
6.774520007649985409e+00
7.314961481308009716e+00
3.636214781915722227e+00
-3.393914543173031539e+00
-1.066167947074160338e+01
-1.446404274394693878e+01
-1.262496870299428942e+01
-5.804128354568693027e+00
2.768698696595414788e+00
8.968912917853177902e+00
9.915536935392593065e+00
5.423910480974081239e+00
-1.949980722499697450e+00
-8.238396687259367468e+00
-1.005796254691160740e+01
-6.286471070480311063e+00
1.379230594943623434e+00
9.251344360315911786e+00
1.348629794316994790e+01
1.205076150216034137e+01
5.820298999125975037e+00
-1.824963689508219966e+00
-6.796851189539131255e+00
-6.585409545934576947e+00
-1.750633552550323824e+00
4.327289059835364604e+00
7.418315594360126219e+00
5.039164954186522216e+00
-1.909065383632043922e+00
-9.558220436024825517e+00
-1.339092053652678693e+01
-1.106054627543002944e+01
-3.916989500276141456e+00
3.783632265073222367e+00
7.520054826748277854e+00
5.311279458591982028e+00
-1.118611780934593236e+00
-7.536627703050180926e+00
-9.920783068087501988e+00
-6.897851916695515229e+00
-3.615509293674530333e-01
5.982538189589229560e+00
9.022751690110251133e+00
7.957297271700067398e+00
4.319160233483250622e+00
5.658742975459336577e-01
-1.578875396373148332e+00
-1.873373062401413325e+00
-1.098651552562452727e+00
-4.873788439269954864e-02
1.071968865853304642e+00
2.407628931813501350e+00
3.765403802725786342e+00
4.297512098104936840e+00
3.004239133262696981e+00
-2.942023130311217649e-01
-4.402005414136040962e+00
-7.252728769418904875e+00
-7.259851593650859414e+00
-4.523810770487793675e+00
-8.962770832883466543e-01
1.268554086093309774e+00
8.037234948528062528e-01
-1.422598249015680549e+00
-3.188736127552726174e+00
-2.643937362284033643e+00
2.459142974197574549e-01
3.664261393137509870e+00
5.358767054606141222e+00
4.391982217565375990e+00
1.833753019732782485e+00
-1.609162224720224188e-01
-1.394070201165065193e-01
1.465947960076108503e+00
2.758646702049810884e+00
2.083202387237156117e+00
-4.086314042785045841e-01
-2.714878761053587386e+00
-2.633484720464637441e+00
1.741037126496858267e-01
3.475546907829043963e+00
3.930955693509404547e+00
-1.926301000149426290e-01
-7.135655762918249323e+00
-1.226214083659972509e+01
-1.106064022286135362e+01
-2.536405970421393263e+00
9.507864686819377908e+00
1.845606824799303780e+01
1.897769099646597368e+01
1.050600664869944723e+01
-2.308692060753896325e+00
-1.251431861948194246e+01
-1.516104846264326866e+01
-1.010041329816161770e+01
-1.520325746989903859e+00
5.218751389731936641e+00
7.072731050834386579e+00
4.737249549437074769e+00
1.303909488957827101e+00
-4.952458583312838725e-01
-2.195593620511103738e-01
5.307964465721370928e-01
5.739268812577885681e-02
-1.619773574196783583e+00
-2.673724084113146215e+00
-1.185478280323586819e+00
2.829758574525682135e+00
6.903090598425622559e+00
7.724688377378818416e+00
3.751039826285667012e+00
-3.247343174556985179e+00
-9.054059481018265743e+00
-9.832342818018970476e+00
-4.903969556546011077e+00
2.592590459813584935e+00
7.741218891693443460e+00
7.195528834014758957e+00
1.473661211878904531e+00
-5.418659300029146308e+00
-8.751920079569591948e+00
-6.267601557212723939e+00
3.965265382608137434e-01
6.944041574957963370e+00
9.347617323278356594e+00
6.408738927660165174e+00
2.920130660825654978e-01
-5.128936881556759531e+00
-6.816180624421408929e+00
-4.275108351780600557e+00
5.284920307930563999e-01
4.701060574831653405e+00
6.201441117948969683e+00
4.748478751164735279e+00
1.530978667130764137e+00
-1.783248209061093048e+00
-3.960170736187955676e+00
-4.566708800616954278e+00
-3.838534815202832018e+00
-2.371074554170689463e+00
-8.690084092100505142e-01
4.234531378418782133e-02
2.638834145528506925e-02
-7.792720512701987179e-01
-1.788412732086779311e+00
-2.316608666993928090e+00
-2.082873367790815777e+00
-1.456198693683910195e+00
-1.148578808002292284e+00
-1.503216412688901160e+00
-1.961337925162305762e+00
-1.286030744412250071e+00
1.429664841237109796e+00
5.661880097890045427e+00
9.229977539134432973e+00
9.408649969559618853e+00
4.830705154713246685e+00
-3.132049847527826003e+00
-1.067460309409687369e+01
-1.363154745470307283e+01
-1.009570261946856995e+01
-1.815655608249330477e+00
6.695606660145291045e+00
1.087928367321969958e+01
8.921523965725283389e+00
2.756243545843790610e+00
-3.377627841616643423e+00
-5.804294049806680178e+00
-3.724492371769239529e+00
5.654699368235185375e-01
3.577958050009454105e+00
3.208039621163349064e+00
1.267532913456493882e-01
-2.921899923220756534e+00
-3.291239490966173520e+00
-4.224360819464044736e-01
3.775365760785863500e+00
6.352503421555723229e+00
5.442308710397182558e+00
1.531063763387855658e+00
-2.979255448962686348e+00
-5.508079899522089207e+00
-5.036619890511033759e+00
-2.642353764337615374e+00
-5.467414863846543627e-01
-4.454776200809923425e-01
-2.322279078792424123e+00
-4.521492708044739572e+00
-4.947520862247053230e+00
-2.529094489710639770e+00
2.009752323832629806e+00
6.514502730323310509e+00
8.622828754360451597e+00
7.101568775864836702e+00
2.560655776554147778e+00
-2.808175315845707232e+00
-6.316014137429449171e+00
-6.149625738554552967e+00
-2.363362231806252378e+00
3.032338851093119736e+00
7.015860272453533497e+00
7.143921702226593951e+00
2.980578393843231311e+00
-3.480971528005291304e+00
-8.781168460026050226e+00
-9.913730710620733078e+00
-6.105391191955271246e+00
6.788196010878575493e-01
6.907674082087290834e+00
9.642277510473441282e+00
8.276605946727206842e+00
4.683015952221926348e+00
1.673878165903666115e+00
9.008992406683851151e-01
1.747699246747755453e+00
2.050803184167428128e+00
9.249501608160826116e-02
-3.715454760168553694e+00
-6.871249019530591085e+00
-6.655691550188146621e+00
-2.461541455499641984e+00
3.297573387118580612e+00
6.615924818635246396e+00
4.801623017084803102e+00
-1.261134722512406547e+00
-7.327482751333304734e+00
-8.585020036490487172e+00
-3.170537346214647556e+00
6.141318004809221520e+00
1.346109431509243670e+01
1.363800563476592842e+01
5.829285951265955390e+00
-5.732348176981933108e+00
-1.437810999562429259e+01
-1.527547171516743418e+01
-8.425385123411436084e+00
1.598528193522267937e+00
8.850981314448620907e+00
9.834212113988938242e+00
5.328213518577046059e+00
-8.071544516306516925e-01
-4.695349212651022341e+00
-5.003192452121223432e+00
-3.239112680317907778e+00
-1.886215710932194201e+00
-2.095260660706907530e+00
-2.841178548399361681e+00
-2.123297568039564265e+00
9.240198015786258434e-01
4.874120251772406043e+00
6.860175086551985046e+00
4.822555261094013446e+00
-6.451730858280539938e-01
-6.393813187695418954e+00
-8.804852555786544244e+00
-6.346689665458971064e+00
-6.786386156847603601e-01
4.541814346412223813e+00
6.264922232079680242e+00
4.133261635139908741e+00
5.315727599052200159e-01
-1.360502864684455693e+00
8.608023549312227019e-03
3.482203429481935952e+00
6.198169652083350911e+00
5.822954637811690759e+00
2.281341918590355178e+00
-2.287190193199771571e+00
-5.209971255304160387e+00
-5.231773820361925509e+00
-3.238410673971636733e+00
-1.284131990261897061e+00
-7.946943190643041000e-01
-1.423330766189901508e+00
-1.463707621827216032e+00
5.438046308643569304e-01
4.332387371613860338e+00
7.783008505953359801e+00
8.328703355527586893e+00
4.876303021180503627e+00
-1.187363459243728325e+00
-6.686887596115873578e+00
-8.610774031271031248e+00
-6.003680476809261535e+00
-5.442754990651462732e-01
4.523084391212479183e+00
6.348748988859718168e+00
4.072523859715308170e+00
-8.543753336708945767e-01
-5.657921732285347893e+00
-7.819314510619925329e+00
-6.321351995452445749e+00
-1.999642388860873199e+00
3.001115682725780776e+00
6.270896899275803626e+00
6.195105144828579213e+00
2.659052428054210715e+00
-2.832298669110442368e+00
-7.709863446697264422e+00
-9.459498734623668526e+00
-6.901919337099545082e+00
-9.974438538907315355e-01
5.390320263047350124e+00
8.851609123596169582e+00
7.291890267217195465e+00
1.232633392572625386e+00
-6.321214633389912407e+00
-1.149918309183728127e+01
-1.175947528190081925e+01
-7.310796499351804201e+00
-8.541543473963195687e-01
4.186306220183290350e+00
5.778571983305765158e+00
4.359222059046986786e+00
2.209776448153997208e+00
1.641873242218978346e+00
3.299435320463151466e+00
5.759248807911444779e+00
6.663337553195129104e+00
4.531037535144907480e+00
-5.774680946674015658e-02
-4.741819587800991442e+00
-6.911375303622575572e+00
-5.422574789180481858e+00
-1.331169966294698970e+00
2.812127029785076004e+00
4.585505904709066272e+00
3.151137990786737841e+00
-3.573568261263891932e-01
-3.658003572257636726e+00
-4.728572813223186344e+00
-2.895773269172770892e+00
9.709944582149674375e-01
5.106859082565812891e+00
7.808442734760630444e+00
8.124682905247006204e+00
6.028082537644412042e+00
2.197749673216983446e+00
-2.292179092040687927e+00
-6.203943455405248386e+00
-8.336626980697063871e+00
-7.837051767568677718e+00
-4.627926871643836648e+00
2.784149749457311973e-01
4.918299663121029397e+00
7.124167947269402390e+00
5.638675830434936032e+00
9.977101624901925092e-01
-4.440830681073444808e+00
-7.542802955888731731e+00
-6.094846145618731725e+00
-2.323909525734451087e-01
7.316521134184500674e+00
1.249716987514721822e+01
1.214161249075179505e+01
5.905087212676199293e+00
-3.280720689063306494e+00
-1.066397519245365899e+01
-1.232560996447600310e+01
-7.504388182644124328e+00
8.551573725550503102e-01
7.775849683800077905e+00
9.214740645696329224e+00
4.522388740382260686e+00
-3.170850641727239072e+00
-8.938167132801217107e+00
-9.181323338156159863e+00
-3.892275433449812638e+00
3.425826605104852707e+00
8.125086017887177547e+00
7.485098794264259503e+00
2.427386297721040087e+00
-3.270126291215895709e+00
-5.685175043687665131e+00
-3.487171911151317083e+00
1.213675670200694778e+00
4.482908958474375538e+00
3.479753470513624158e+00
-1.409895724281146290e+00
-6.754811000981005620e+00
-8.460216101721975690e+00
-4.675325759863199870e+00
2.817962282124518048e+00
9.705136025166529734e+00
1.195559090791946311e+01
8.412904304680800749e+00
1.425140031560319986e+00
-4.820663485389002467e+00
-7.031057020355016896e+00
-4.740194607178144892e+00
-2.554931604121807309e-01
3.146594452364213979e+00
3.402798953240308677e+00
7.661932984668673452e-01
-2.718040461042587896e+00
-4.759229167063695698e+00
-4.220881824793053738e+00
-1.532162484706714345e+00
1.894058145496257284e+00
4.592990107997257709e+00
5.659521970701568705e+00
4.840793953354492807e+00
2.378769917168448877e+00
-1.068709365496673502e+00
-4.416233446865849288e+00
-6.330889818622845056e+00
-5.799125943016565365e+00
-2.844053377468494848e+00
1.195345858436094089e+00
4.263010858027695527e+00
4.855680026010497308e+00
3.107190419187042973e+00
7.812338838298749089e-01
-8.080895684205779972e-03
1.489718434610936448e+00
3.844715278322824226e+00
4.331124831911731476e+00
1.051866632572077354e+00
-5.228824981282170548e+00
-1.106275565295862684e+01
-1.240265082831320242e+01
-7.490727705753857713e+00
1.525770246795984830e+00
9.595893026100464240e+00
1.191415844278582448e+01
7.138878194695318591e+00
-1.589225010940224392e+00
-8.644084421707027843e+00
-9.634937208978518797e+00
-4.307271467552372002e+00
3.382756363776375785e+00
8.057137555567679854e+00
6.603116450101802037e+00
1.945148447188582708e-01
-6.695520731316139340e+00
-9.491335671312626232e+00
-6.609300727978895118e+00
-3.158084407993291265e-01
5.105401549062695388e+00
6.414165487987752101e+00
3.474345813964860863e+00
-1.040219707630694046e+00
-3.859911896835649614e+00
-3.474329728108917603e+00
-9.044542218543378809e-01
1.506577520684568183e+00
2.156164913421058316e+00
1.403072537152434629e+00
1.020327139122590987e+00
2.406611121736370595e+00
5.072780681760090005e+00
6.697748340507799547e+00
4.811174233156470414e+00
-1.127115272492540399e+00
-8.840911984566650617e+00
-1.430561830461474848e+01
-1.413838605603206844e+01
-7.738490141609428719e+00
2.226793339000132654e+00
1.128122959224756094e+01
1.558239659127408139e+01
1.384290438332256734e+01
7.680521253012365435e+00
3.994170123888900470e-01
-4.891530274110261090e+00
-6.700580766288728007e+00
-5.470247243240340396e+00
-2.884416211673961339e+00
-7.619849579414196272e-01
-1.732408155955782458e-01
-1.116897503931989055e+00
-2.743547627836886438e+00
-3.904458545882291354e+00
-3.758085772983855932e+00
-2.195412774196118022e+00
9.717941076055458538e-02
1.999852923838493668e+00
2.603063531961584243e+00
1.781412545452954133e+00
3.063098707642447072e-01
-6.529670829701578194e-01
-3.677552691144665986e-01
8.535641670954077220e-01
1.808179148050975016e+00
1.282542380407687421e+00
-9.048245654413955563e-01
-3.502882913432082468e+00
-4.493242265618966336e+00
-2.479418518806390637e+00
2.146142931280894395e+00
7.159788202451624173e+00
9.759667516612838156e+00
8.350351859759246764e+00
3.642832304403520460e+00
-1.742208961768970443e+00
-4.959776197428670486e+00
-4.783641619418402158e+00
-2.329007535557582997e+00
-1.426566184538611837e-01
-3.016445634587657243e-01
-2.877591276292781330e+00
-5.875871469194853702e+00
-6.709159269027539452e+00
-4.157069602231008965e+00
6.061974807333867510e-01
4.692078104197669575e+00
5.454743284723489793e+00
2.374655153359270798e+00
-2.461908451383607588e+00
-5.666277528403753649e+00
-4.787792163704519766e+00
7.920125997411542329e-03
5.957564938778740604e+00
9.421773511204895257e+00
8.189243767899501592e+00
2.869816577769161547e+00
-3.504258814107870990e+00
-7.376299362533117687e+00
-6.818021510882289249e+00
-2.574873932579411218e+00
2.594668933423704527e+00
5.766327881153323176e+00
5.631313795307153924e+00
3.074414830624523365e+00
2.681030440245057989e-01
-9.917273630921725758e-01
-5.038386656961311161e-01
4.088923125132984393e-01
1.556602489328551830e-01
-1.653830643873101858e+00
-3.680604876695841465e+00
-3.756280533890294926e+00
-6.362891879010064144e-01
4.682784261676973259e+00
9.184301120617076819e+00
9.663723512256449766e+00
5.044469937891907563e+00
-2.460236119441945757e+00
-8.352912734655314253e+00
-8.608204306564569919e+00
-2.469065819876697709e+00
6.650641643740280884e+00
1.297859688497947772e+01
1.194594856427705665e+01
3.261050488064276109e+00
-8.579369914099299166e+00
-1.683378899416770835e+01
-1.660689172105482925e+01
-7.904834227745313413e+00
4.318657193843332465e+00
1.317138131454481176e+01
1.396276925946746950e+01
6.855276707196756192e+00
-3.561839431539893575e+00
-1.133197836043009410e+01
-1.273065115315995222e+01
-8.126511466318810051e+00
-1.140629409452893039e+00
4.030704689576122490e+00
5.192662833208022022e+00
3.025468097053798378e+00
9.609782095935076596e-03
-1.521376473740794655e+00
-7.536882596569981496e-01
1.556221611199890553e+00
4.011276109520219180e+00
5.538683644590261856e+00
5.706390572515200432e+00
4.463449909742675636e+00
1.891328799473623867e+00
-1.619418661804667536e+00
-4.990498517065520723e+00
-6.529954103777980912e+00
-4.838745986428827806e+00
-1.064549967930636942e-01
5.288371412518914738e+00
7.729593969598640868e+00
4.622818506833322516e+00
-3.464947878846651008e+00
-1.247388014489571972e+01
-1.696003950847192598e+01
-1.353386458519846691e+01
-3.362460529395690401e+00
8.133813306080668326e+00
1.444396926088984223e+01
1.203142033571592506e+01
2.602510945052774805e+00
-7.985591634648065984e+00
-1.347371233022863635e+01
-1.109452549362718621e+01
-3.041147903027921373e+00
5.336733980813099798e+00
9.202505584078506828e+00
7.186651354434820504e+00
1.733697979982140147e+00
-3.087524510634789721e+00
-4.493122469248363338e+00
-2.509230042917309333e+00
7.278978180927213604e-01
2.998036467715960995e+00
3.589494728473606067e+00
3.297094264709218958e+00
3.123052288126451526e+00
3.048934950015639966e+00
2.066427338693310745e+00
-5.686259356578551305e-01
-4.078795358242190083e+00
-6.226253047191109502e+00
-4.906977283988551264e+00
-8.668394031964798963e-02
5.605407926266975593e+00
8.386069097354541313e+00
6.015043400424407771e+00
-3.301367399847778827e-01
-6.572609438507941881e+00
-8.481521107241347224e+00
-4.733647928753898171e+00
1.996649823520582956e+00
6.845107795376517146e+00
6.250862574277288530e+00
6.105217293977277526e-01
-5.894492410212322397e+00
-8.248422196574928478e+00
-4.235042899821779727e+00
3.873540875645496318e+00
1.081477787555411396e+01
1.196636227850646605e+01
6.530825005575485065e+00
-1.960156017557490138e+00
-8.122020722835387119e+00
-8.377544321219003720e+00
-3.245028356172113160e+00
3.239253542329187496e+00
6.412718300834773899e+00
4.102834653480906368e+00
-2.115456569132028619e+00
-8.182879403452341549e+00
-1.027160435713313014e+01
-7.064229678097821541e+00
-2.425301037144689253e-01
6.823059932917473702e+00
1.107251406089472212e+01
1.115190244727264357e+01
7.603138605944197437e+00
2.136489132420101633e+00
-3.299322446458086588e+00
-7.137050946061473056e+00
-8.457370912177697875e+00
-7.112322443385748372e+00
-3.794510537913979409e+00
1.062678764140331245e-01
3.028396996090327420e+00
4.004300620401960664e+00
3.184893568616454562e+00
1.664494119737471856e+00
6.284875778196905571e-01
4.294683306963762437e-01
3.566890473122966698e-01
-6.286506938585988413e-01
-2.733053149886078170e+00
-4.750239801131544759e+00
-4.719431093079352380e+00
-1.504215814353485614e+00
3.888780229659333454e+00
8.434443509288950480e+00
8.860956674870605454e+00
3.984334883338641831e+00
-4.080491619066411779e+00
-1.088379481504550839e+01
-1.233250517442120398e+01
-7.365579090700292042e+00
1.236990005055150554e+00
8.537432034344602627e+00
1.052906567988695130e+01
6.569628394150483608e+00
-4.337738255509084873e-01
-6.111754317754254373e+00
-7.478965602298265125e+00
-4.607192144327102667e+00
-1.340835364135170016e-01
2.825594298211584032e+00
2.769974595999463940e+00
4.921578627966907149e-01
-1.897019734636173904e+00
-2.660008018388778872e+00
-1.529969425331100474e+00
4.520377180621525937e-01
1.986193688772556420e+00
2.476962572843762977e+00
2.187915193826627913e+00
1.656932572094919953e+00
1.058610083950383807e+00
1.431097736734376347e-01
-1.243349984472015057e+00
-2.647957048460845897e+00
-3.123799447962936959e+00
-1.997924849093549060e+00
3.393538268753417686e-01
2.399140829633634731e+00
2.528082194215769185e+00
1.992080589496906251e-01
-3.354425268315235797e+00
-5.771370309566966839e+00
-5.123777558655893571e+00
-1.321502050000113559e+00
3.683850247347868478e+00
7.093757047239850344e+00
7.041668689603815423e+00
3.724493090968002296e+00
-8.551892919554007211e-01
-4.267778801912858633e+00
-5.127147526710995606e+00
-3.663399483515831889e+00
-1.162093851791348165e+00
1.123748862603238141e+00
2.701028268328038884e+00
3.754395686718489777e+00
4.538468804067738560e+00
4.924094957172709286e+00
4.533201034933155960e+00
3.273640794880022575e+00
1.667953242300657113e+00
5.470176348550439549e-01
3.010154427291273915e-01
3.796014162710819040e-01
-3.792338792364217115e-01
-2.704290514194165773e+00
-5.949733449224780202e+00
-8.155591687687042679e+00
-7.297625004837959395e+00
-2.919509594883122006e+00
3.127607629685170920e+00
7.593084307163389113e+00
7.933372343571191365e+00
4.172322717680354565e+00
-9.074511424732620846e-01
-3.546932831938310660e+00
-1.627641484937518701e+00
3.712899901659683088e+00
8.684697961309966630e+00
9.344981282261048960e+00
4.305936469953630663e+00
-4.226502168665860815e+00
-1.181317951869173299e+01
-1.460314511219883293e+01
-1.168166338459610820e+01
-5.389932083493846449e+00
4.816172449321237670e-01
3.256841913847436487e+00
2.889587074394651900e+00
1.488886245131986197e+00
1.389049469553767624e+00
3.298326977202970411e+00
5.882585066615266811e+00
6.982458067212149011e+00
5.426818691458335842e+00
2.008862041183463898e+00
-1.110831772892930447e+00
-2.082483555419658128e+00
-8.134465403214162782e-01
9.437573692273735215e-01
9.552464463717628140e-01
-1.683869269426771620e+00
-5.653038027087363915e+00
-8.143311029890137220e+00
-6.779040259601682550e+00
-1.412889165179356254e+00
5.471841122810989333e+00
1.010230716018908126e+01
9.693530524796223347e+00
4.225835315419425697e+00
-3.414272801102197441e+00
-9.049029867073164368e+00
-9.619598401922171860e+00
-4.954260431883734661e+00
2.147122436241970966e+00
7.549798678225263515e+00
8.174694418468266832e+00
3.753028603484019676e+00
-3.057850292911496126e+00
-8.242788630784154691e+00
-8.755312557865526202e+00
-4.248177587800454624e+00
2.785394687859492180e+00
8.511872626526443497e+00
9.980933009580546411e+00
6.736786680375260516e+00
8.783244190715140398e-01
-4.395495805914535481e+00
-6.773333334307598541e+00
-6.064712080905685809e+00
-3.933056740269413432e+00
-2.418245720900735307e+00
-2.365135058493109455e+00
-2.911943485771094853e+00
-2.397937479311729625e+00
2.311247753884193568e-02
3.348557459642243384e+00
5.177129287391310619e+00
3.451458652793859549e+00
-1.734186620721773986e+00
-7.674425301512659559e+00
-1.048851483772903848e+01
-7.643049286684833632e+00
1.268734012895254004e-01
8.913792054263346643e+00
1.386178725731941341e+01
1.216266775776116837e+01
4.870739842171886380e+00
-3.694720095532529225e+00
-8.609036482914458333e+00
-7.346773601939571741e+00
-1.198953819152618339e+00
5.750621068798277946e+00
9.319459254121754910e+00
7.764379102884247708e+00
2.545932688350707629e+00
-3.017239835054097874e+00
-6.110691122201600933e+00
-6.117100326549426370e+00
-4.559266561369885729e+00
-3.525766869608411458e+00
-3.873000991469139898e+00
-4.571567672092308854e+00
-3.648911941864884323e+00
2.821500020438305611e-02
5.511641972891581531e+00
1.005792275486490617e+01
1.082328598038109568e+01
6.821920747924535178e+00
-2.212296581090500425e-01
-6.762726368074618577e+00
-9.542677777664954064e+00
-7.541732908564543258e+00
-2.521919167080136859e+00
2.195120684655834875e+00
3.908778732169289949e+00
2.252993491043390861e+00
-6.764610004361830686e-01
-1.864693658885739458e+00
4.230031134151679417e-01
5.251633451962388399e+00
9.410858705898357712e+00
9.425774654574331279e+00
3.941339447277403707e+00
-5.076391310747519370e+00
-1.319689523392081654e+01
-1.602880162056336388e+01
-1.187124701416336947e+01
-2.838617387068802955e+00
6.314726123031444871e+00
1.099778994843074464e+01
9.473480692454852914e+00
3.726571470150944698e+00
-2.040762116910723734e+00
-4.276839939038139526e+00
-2.382791864805898996e+00
1.109757685275007955e+00
2.593300462474733337e+00
2.165048563808509297e-01
-4.543771241928564741e+00
-7.763829079107595454e+00
-5.876250653875925600e+00
1.546237844902881076e+00
1.104236182037513103e+01
1.720385612515926255e+01
1.608610740061257616e+01
7.798610724645014258e+00
-3.496392268467157116e+00
-1.218379600553509690e+01
-1.462503710277047553e+01
-1.111787290058535582e+01
-5.170632073411118412e+00
-7.792996779305449984e-01
2.564938365821382016e-01
-8.937032157747036853e-01
-1.592101507027702478e+00
-1.674757719641511988e-01
2.678581117081860530e+00
4.561042882096640660e+00
3.569276738360909196e+00
9.338750017170083240e-02
-3.222545608172970866e+00
-3.453230429368021159e+00
2.160693894379575042e-01
5.589895208181214770e+00
8.871196041366651741e+00
7.418686422022308768e+00
1.801739729421964142e+00
-4.442357721290881578e+00
-7.251985156314090908e+00
-4.927858759485137519e+00
6.602349024979413672e-01
5.444312706414081937e+00
6.098037697168002147e+00
2.380939080798811336e+00
-2.815173954427361735e+00
-5.693778237793925889e+00
-4.348552125346943242e+00
-4.328484566762169639e-02
3.912148494655317776e+00
4.746256060597961124e+00
2.257863117741047976e+00
-1.225675728751003613e+00
-2.841183473244345503e+00
-1.502505072196565150e+00
1.304147449352764276e+00
2.843385328709216786e+00
1.476535082064485582e+00
-1.884867725123630766e+00
-4.427099564659989106e+00
-3.711823944282777621e+00
2.221565525945061736e-01
4.659415847551125367e+00
6.176973352596340838e+00
3.325482483552125501e+00
-2.068915548364413937e+00
-6.087862396486771743e+00
-5.604689304106392989e+00
-7.274421101121932853e-01
5.098138814921276740e+00
7.516579375279276221e+00
4.496049286574437254e+00
-2.034408261311448918e+00
-7.435389561077916376e+00
-7.676523778680677701e+00
-2.344899202222352486e+00
4.879645298903677819e+00
8.712060392456111302e+00
6.001612157235451050e+00
-1.923613044882250156e+00
-1.000042413449398992e+01
-1.278988396601395650e+01
-8.146763954667788354e+00
1.312948559115773683e+00
9.916430742944360333e+00
1.260233578095644269e+01
8.060243741336414303e+00
-6.888178211324267330e-01
-8.485676552321571364e+00
-1.136193231274522830e+01
-8.745582712358968891e+00
-3.237343550680233939e+00
1.593227006924581524e+00
3.658831576433981159e+00
3.356177560153162709e+00
2.635819466860523264e+00
3.087844661845442040e+00
4.599797526058360120e+00
5.561806547243789645e+00
4.339687554084008525e+00
7.791313279571208117e-01
-3.466916006113657023e+00
-6.053334380811382864e+00
-5.651591774316245598e+00
-2.951816519794277394e+00
-1.860480646387776549e-01
5.013220532763261739e-01
-1.344868146192602198e+00
-4.091460046462519706e+00
-5.141034563608573471e+00
-2.814606668181496740e+00
2.320488658269955540e+00
7.625139694247486943e+00
9.993794414925861957e+00
7.849116593590328428e+00
2.217284517528582910e+00
-3.823457001467915450e+00
-6.973206463726842941e+00
-5.662068251438359567e+00
-9.152937826283678024e-01
4.361508386077938226e+00
7.175740356001569786e+00
6.181716082153378089e+00
2.317639844239228530e+00
-1.958562813506154576e+00
-4.266451243085354506e+00
-3.702421564847569790e+00
-1.214153902937160412e+00
1.181795924098859585e+00
1.752895716972409756e+00
9.308507273491717360e-02
-2.749822715617043389e+00
-5.041732333957103407e+00
-5.455148974013408036e+00
-3.782166025988386693e+00
-8.857615844208117650e-01
1.964765649237375067e+00
3.859958139869172911e+00
4.618387411635357154e+00
4.601971631063340062e+00
4.226734702258156062e+00
3.592842858487520274e+00
2.504807027118292950e+00
8.137012130759586626e-01
-1.244570984535780411e+00
-3.027185566196719080e+00
-3.828623690210534836e+00
-3.341795087392911423e+00
-1.883505966620819372e+00
-2.040246384557358461e-01
9.856545577742574782e-01
1.422575432856218125e+00
1.343799250083807628e+00
1.168239131909935447e+00
1.084341143800265694e+00
8.916423019360328883e-01
2.369099368669876915e-01
-9.451785824968064187e-01
-2.171132974230236989e+00
-2.604095497200016762e+00
-1.634791645941888749e+00
5.551021725751406066e-01
2.904308780641331023e+00
4.020082242890966384e+00
3.068903928019835359e+00
4.222071701637202246e-01
-2.430129940658448895e+00
-3.728550398116806885e+00
-2.564232223214348405e+00
4.468107036006301325e-01
3.414069196259755579e+00
4.254465927947713944e+00
1.974433023615533855e+00
-2.633045591481532277e+00
-7.323263352529327364e+00
-9.592625748586948831e+00
-8.041943834760441945e+00
-3.132078638990610564e+00
3.070580109705202343e+00
7.967321888324177870e+00
9.684452713017343228e+00
7.840610398486271393e+00
3.499649861104001225e+00
-1.527079591107809886e+00
-5.547269394011886234e+00
-7.559073095302691669e+00
-7.349266078545259262e+00
-5.263361596789695618e+00
-1.933588277409569400e+00
1.852127772152522889e+00
5.178914758646317118e+00
7.109793795469284916e+00
6.981673655483284335e+00
4.793230723567762475e+00
1.404133238294572372e+00
-1.708890758675662092e+00
-3.136157189007718671e+00
-2.327237958798291650e+00
4.071669654108767133e-04
2.168123705989624561e+00
2.472112268098120236e+00
2.403978233139312248e-01
-3.638631126975873098e+00
-7.099565665888829535e+00
-8.040767775732685863e+00
-5.583297994970472189e+00
-6.905775019848121588e-01
4.262635815961838048e+00
6.766254115725624629e+00
5.573897412957467878e+00
1.409064607147339832e+00
-3.441617542454267209e+00
-6.415674887412099459e+00
-6.093755515228821196e+00
-2.931799216528492735e+00
1.096239545070020416e+00
3.701367713062135856e+00
3.597589840552064100e+00
1.163784810781376855e+00
-1.903606803915614432e+00
-3.686472445600891490e+00
-3.193861255965621648e+00
-8.686072323489564262e-01
1.820176566614319924e+00
3.394106656603003369e+00
3.316128359070600773e+00
2.260662538298988444e+00
1.542012211351237561e+00
2.096109994649633101e+00
3.714628547402728742e+00
5.079644610875755362e+00
4.625572617829492472e+00
1.690521138762550724e+00
-2.817516342129620543e+00
-6.747382324705705869e+00
-7.907153802915362739e+00
-5.432821482419073256e+00
-4.487798926478996364e-01
4.455665061195760224e+00
6.675541618230586671e+00
5.101768655133783525e+00
7.591165079750237243e-01
-3.835030355450905315e+00
-6.191229045791487806e+00
-5.289803342019300025e+00
-2.047399559878416930e+00
1.441744481698789437e+00
3.337088242136466931e+00
3.182186509004182540e+00
2.002336779657658550e+00
1.368234240648081634e+00
2.135021817964081858e+00
3.766168684843649750e+00
4.712097789220350386e+00
3.555273058943058118e+00
9.618095774786095120e-02
-4.388588577482245512e+00
-7.889802915869350564e+00
-8.886285334865380747e+00
-7.212420598210397493e+00
-4.025617021704920084e+00
-9.703790714150590802e-01
8.347446920217320709e-01
1.309309897051306848e+00
1.166926993941095336e+00
1.212028287875036803e+00
1.746832957056247970e+00
2.484284504758963230e+00
2.925022152631258976e+00
2.816732650031819052e+00
2.320237524356362435e+00
1.807995660122510895e+00
1.535350310634141291e+00
1.488993260925346451e+00
1.504555693665427851e+00
1.474812776583489526e+00
1.400909509593260882e+00
1.234211693670314691e+00
7.219479649473903304e-01
-4.716213295248393722e-01
-2.344890113115949415e+00
-4.175226475377912472e+00
-4.633090715372675916e+00
-2.554366996332590123e+00
2.027915695546981922e+00
7.367153776783395891e+00
1.059363731777599860e+01
9.287494129387670938e+00
3.133077016990763575e+00
-5.483294930504269082e+00
-1.250291603413160679e+01
-1.436955965237255839e+01
-1.004856943896295540e+01
-1.612315819236161296e+00
6.986684555259767393e+00
1.215763550660348358e+01
1.249524180130053885e+01
9.099380599673409620e+00
4.373166511575078630e+00
2.962500334612943043e-01
-2.586808857550908947e+00
-4.882798491380985872e+00
-7.214383170977465731e+00
-9.279098408308204426e+00
-9.898302089135423643e+00
-7.988055403128313969e+00
-3.614327075973281289e+00
1.771451470221094837e+00
6.148621920400263008e+00
8.173293606669590261e+00
7.889748569795483668e+00
6.386040798699575305e+00
4.735321563211511098e+00
3.138427396939179381e+00
9.932659037838118543e-01
-2.188073046652838638e+00
-5.850706222255734446e+00
-8.361131343805851657e+00
-8.056030129166479981e+00
-4.629234805483395832e+00
2.816255895861308756e-01
3.925607415249276144e+00
4.224541445337399281e+00
1.248399303386121151e+00
-2.756265855022427047e+00
-4.898112359353863354e+00
-3.675979693061607545e+00
-3.700678409031998850e-02
3.343170866714805456e+00
4.055991153293490470e+00
1.768814979377164587e+00
-1.502591245886085503e+00
-2.886872102545243735e+00
-8.380130065275926965e-01
3.596276870194413000e+00
7.370207433024500432e+00
7.506497439631536039e+00
3.185327221808758047e+00
-3.600370949943683563e+00
-9.256955516161827546e+00
-1.081111279472238351e+01
-7.642558896818770542e+00
-1.655345843921545157e+00
4.067574250067798047e+00
7.103469693489198988e+00
6.821838594074745465e+00
4.259427574528381832e+00
1.103567952203989400e+00
-1.353638252468024383e+00
-2.632496899882518893e+00
-2.825506899944024930e+00
-2.167254130887851904e+00
-8.779112656384099322e-01
6.678630480642532286e-01
1.788290373213464068e+00
1.706034889862710902e+00
9.443791061198014702e-02
-2.474246188558707260e+00
-4.649704419533048139e+00
-5.061179283352053027e+00
-3.246868700017718989e+00
-7.516841038707700040e-02
2.711500045146677973e+00
3.575272100217193660e+00
2.162705825042534169e+00
-4.833780422495679296e-01
-2.614274123031241626e+00
-2.882476068016168291e+00
-1.125679126630714011e+00
1.640996808972349674e+00
3.929959719746233926e+00
4.656639755422801841e+00
3.640180617933008289e+00
1.525531480033855747e+00
-6.798560315029756884e-01
-2.097715403231814157e+00
-2.264335189097448797e+00
-1.201844236898045093e+00
6.208670255007497918e-01
2.395127867044876790e+00
3.205276584348802693e+00
2.417692488417198415e+00
8.630249938318856895e-02
-2.909219807258049961e+00
-5.200534646218673451e+00
-5.642450503987307187e+00
-3.978905801216767735e+00
-9.975162648411968203e-01
1.969122150408720406e+00
3.860676428360719559e+00
4.438815361676786253e+00
4.185902321809956916e+00
3.690324672299003961e+00
3.077954987499415207e+00
2.005365307666304719e+00
2.278328765581187909e-01
-1.798131752474638523e+00
-2.930300491911710825e+00
-2.143358139913047022e+00
4.376959266879224542e-01
3.183552942991898060e+00
3.804342645883084906e+00
9.877630488028592559e-01
-4.326249462282085290e+00
-9.124544535532924883e+00
-1.008696840935586536e+01
-5.870271681495439431e+00
1.695725430918611831e+00
8.486855903532189771e+00
1.061093464851700929e+01
6.938150632830122788e+00
-1.114659410638156878e-01
-6.123450157784116499e+00
-7.570254022265433314e+00
-4.067512738440028919e+00
1.515380372072622883e+00
5.115616708376914623e+00
4.242323712044420603e+00
-4.494208875641270140e-01
-5.767939003803966180e+00
-8.222102567990562605e+00
