9.394798082649899129e+00
5.937081437681534624e+00
1.035430420593285827e+00
-2.942309648572820624e+00
-4.487532091703961612e+00
-3.484819363411548299e+00
-1.001089466440241438e+00
1.428064035050026437e+00
2.590433069657528620e+00
2.103530272117082767e+00
4.726309225038316519e-01
-1.252377503537080106e+00
-2.034276447229729889e+00
-1.374763134090694949e+00
4.201163961517598855e-01
2.371569534166287241e+00
3.322374803392859732e+00
2.564400243719678674e+00
2.598830179262594520e-01
-2.606204427202633678e+00
-4.745361474998911255e+00
-5.260563860939617697e+00
-4.091424856061831150e+00
-1.937926773048091800e+00
2.561789670207865188e-01
1.875328244033979797e+00
2.851680032917991880e+00
3.412762107113683108e+00
3.622525059651413137e+00
3.156162864672438229e+00
1.558578282176735996e+00
-1.185795347554853496e+00
-4.261336346194590341e+00
-6.230792257213322749e+00
-5.832313047069233924e+00
-2.862504656277951032e+00
1.503785703056235157e+00
5.262263732863757149e+00
6.692861756916833826e+00
5.311519805309103504e+00
2.028731598831213123e+00
-1.555597142478489792e+00
-4.178788163748811790e+00
-5.520821568995268436e+00
-6.010263019511395299e+00
-6.096174058207572521e+00
-5.666359817325943737e+00
-4.145415698599526522e+00
-1.209570174088971939e+00
2.511170307612379915e+00
5.436592511416723283e+00
5.914279030701877105e+00
3.417390920634659324e+00
-8.412888562955334049e-01
-4.445961602649046718e+00
-5.220084473757598431e+00
-2.634298533887751148e+00
1.804648123186121333e+00
5.497385724536457019e+00
6.419730305088350519e+00
4.395517772639519372e+00
1.124145362536707493e+00
-1.029798595803173678e+00
-6.399264282778491797e-01
1.866993818342386202e+00
4.561518207107770451e+00
5.339183824676346113e+00
3.316152777569615129e+00
-5.985222822501803375e-01
-4.258297691343897462e+00
-5.549134152521189911e+00
-3.581711799730360468e+00
8.458476632121831873e-01
5.681408987836582547e+00
8.633483709690104035e+00
8.231619613369748123e+00
4.469843718987819514e+00
-1.195223686404054408e+00
-6.465965889554501800e+00
-9.205464908190176487e+00
-8.418089254464648619e+00
-4.748591626298322765e+00
-1.787696104922953388e-01
3.025136600775303553e+00
3.595771128334748212e+00
2.007422968914595707e+00
1.282922169994000772e-01
-1.031707654376434746e-01
1.849589126942856376e+00
4.557453380919495700e+00
5.505450509996279607e+00
2.946470166689381553e+00
-2.539342100516288170e+00
-8.001278321092996748e+00
-9.840920224666561467e+00
-6.270971577598257518e+00
1.183516972154537550e+00
8.320800226780139752e+00
1.078958274691073527e+01
6.897407403428508665e+00
-1.212903524596708138e+00
-8.885317068132161822e+00
-1.192784557105229659e+01
-9.233780315201583377e+00
-3.267805436253260254e+00
1.865102714379029081e+00
3.348093558981675155e+00
1.478962825593025165e+00
-8.662142180797480773e-01
-6.504544736911576086e-01
2.875848002344265630e+00
7.535147507014594126e+00
9.857286365094296343e+00
7.743873884431562438e+00
2.145290684372906043e+00
-3.528699878927529898e+00
-5.848316955133489259e+00
-3.849850373513183044e+00
2.800470822449051544e-01
2.841789946042890147e+00
1.386821489697814380e+00
-3.420507859360687242e+00
-8.214463677914224604e+00
-9.327971344698916312e+00
-5.457508370101780137e+00
1.313347963012472253e+00
6.855288329359581212e+00
7.751316296426454144e+00
3.560921929304309508e+00
-2.923068148655286080e+00
-7.520134070086857747e+00
-7.301272992160885877e+00
-2.282794332342360732e+00
4.805017106236912028e+00
1.032628292054969776e+01
1.182903604085048954e+01
9.135005439109317393e+00
3.980790464754820235e+00
-1.270147476184471547e+00
-4.885116934223531437e+00
-6.302326671952888759e+00
-5.906253156464345011e+00
-4.469072149890735091e+00
-2.716486063443562582e+00
-1.172521933731666577e+00
-1.493840299077948131e-01
2.832474338429423755e-01
3.410177581866160046e-01
4.372628673854603298e-01
9.036072376567657605e-01
1.682065364592858714e+00
2.273381435796944849e+00
2.072565714373721057e+00
8.851357186883392902e-01
-8.042449830803125588e-01
-2.103500896689150856e+00
-2.383167730973224430e+00
-1.816816485886625587e+00
-1.287122541415563592e+00
-1.631708367998149889e+00
-2.786091243268808970e+00
-3.574270376281555972e+00
-2.473490666567821794e+00
1.093412657471968252e+00
5.909737955047098978e+00
9.342284116718207798e+00
8.881953319575860206e+00
3.880864243518352907e+00
-3.745341374404895785e+00
-1.044490611491776910e+01
-1.305923297793429683e+01
-1.062905525349555980e+01
-4.786230434797245969e+00
1.469589379983806898e+00
5.682727425616618255e+00
7.184298629728960606e+00
6.888049744220862358e+00
5.996929867086031152e+00
4.790720760824923374e+00
2.526530146176157121e+00
-1.489788927947758079e+00
-6.632790397755795375e+00
-1.070439971684847080e+01
-1.114334199675960058e+01
-6.928113568617535023e+00
2.883137508223003742e-01
6.846421134216810422e+00
9.291003279123188463e+00
6.655493645260553315e+00
1.167436856409468149e+00
-3.227398066890111217e+00
-3.565013129196078268e+00
9.843421816085617948e-02
4.778067027778833520e+00
6.748009075913945054e+00
4.277230378622742357e+00
-1.055429381343652384e+00
-5.436462006524156010e+00
-5.538443430264172740e+00
-9.470484133537633298e-01
5.453034104658979864e+00
9.433343233181181731e+00
8.351048243117670467e+00
2.990164901562482935e+00
-2.980477733632074244e+00
-5.551690627584115134e+00
-3.146110696066205303e+00
2.296014275226238688e+00
6.643734803946967915e+00
6.380419153802964871e+00
9.743382739258512615e-01
-6.749145904242086047e+00
-1.241441401669843536e+01
-1.282537433807329563e+01
-7.834327235204339601e+00
-2.372469084709396547e-01
6.078316106537489105e+00
8.431356516832202885e+00
6.651748422988796428e+00
2.739351144161420226e+00
-6.735444767833542734e-01
-1.940547766017031828e+00
-1.115548236978820995e+00
4.956836539885458581e-01
1.442623749963913848e+00
1.082942862630763781e+00
-1.735637526839363121e-01
-1.332849831322689749e+00
-1.560911018646805370e+00
-6.943678036329026249e-01
7.410953976227974138e-01
1.917624138803374789e+00
2.201519955422504893e+00
1.471842793036546748e+00
1.295776603091034485e-01
-1.158536647435502998e+00
-1.825891258450329291e+00
-1.696712502807908196e+00
-1.056572189240271742e+00
-4.560603267000709060e-01
-3.402003041549436224e-01
-7.206218834003754736e-01
-1.127647224350138533e+00
-9.357402953388662681e-01
1.032971767275029373e-01
1.493367951399666493e+00
2.140886512941573283e+00
1.052356313541984001e+00
-1.806164921961522341e+00
-5.110894031924985370e+00
-6.678826197812476551e+00
-4.735297013510423092e+00
7.699979952741982103e-01
7.707426684865910538e+00
1.265390931432456156e+01
1.276541414548223585e+01
7.561664984084051966e+00
-5.341236412130155875e-01
-7.376225070462572475e+00
-9.411200886485989514e+00
-5.772246490672690911e+00
1.146182804203089489e+00
7.044264590383592761e+00
8.230207887375030396e+00
3.789076899924180175e+00
-3.896517438565857194e+00
-1.056970323525681366e+01
-1.258148057876130466e+01
-8.932621620180963617e+00
-1.696956715986269515e+00
5.328306441153694450e+00
8.835956688204673171e+00
7.730837880869452228e+00
3.413077490277590886e+00
-1.376615890127641739e+00
-4.288308077416433051e+00
-4.563856219950166881e+00
-3.067268812532748079e+00
-1.321412661787133125e+00
-3.404769618453976632e-01
-7.729115011360032650e-02
2.167327307195380803e-01
1.100693604677851489e+00
2.267717781112046360e+00
2.639853488556417105e+00
1.199718200760950371e+00
-2.047398790061304208e+00
-5.732213180454216683e+00
-7.755535949155071052e+00
-6.572300365309780013e+00
-2.299779009514868910e+00
3.136060035446100791e+00
7.014510943782060082e+00
7.423949512087604674e+00
4.447335933853810985e+00
1.337760246191759261e-01
-2.779323249391035588e+00
-2.602246095092508593e+00
2.416222080237356296e-01
3.542150729632104866e+00
4.827733518013433311e+00
3.075880150097950683e+00
-5.629013698428713131e-01
-3.554658657091787965e+00
-3.773363115827053083e+00
-1.059031491087543797e+00
2.576598916311906073e+00
4.301700756939947468e+00
2.475267688728873150e+00
-2.094993664676630729e+00
-6.587675004406948531e+00
-8.064607918989549873e+00
-5.535634716271404798e+00
-7.137876061094401425e-01
3.141655748428503259e+00
3.541060200025852645e+00
6.064153482345722157e-01
-2.933284901976497938e+00
-3.692521930354375925e+00
-2.062408022444133238e-01
5.728759055190700167e+00
1.003341898672312205e+01
9.120548966182786543e+00
2.601460759946460755e+00
-6.023991012194230166e+00
-1.135016415785077726e+01
-9.545612076080509212e+00
-1.043311050602701684e+00
9.430330000094430787e+00
1.564339440178364704e+01
1.373596449077747295e+01
4.686290877589986081e+00
-6.255040825151453099e+00
-1.281991320102644849e+01
-1.158026949687994644e+01
-3.953805181794845858e+00
4.863831304840972258e+00
9.267067224238182632e+00
6.701973254775899669e+00
-9.454454184678593442e-01
-8.778005821782926432e+00
-1.206079403236843994e+01
-9.049900408625955350e+00
-1.767309007564985102e+00
5.559710322395117643e+00
9.202047801067298138e+00
8.005135382874946970e+00
3.663449784691712452e+00
-7.233538724694321687e-01
-2.686846628990064989e+00
-1.699784546042296451e+00
9.006600521891274802e-01
3.073828452044219617e+00
3.412971559901950780e+00
1.826798153727313245e+00
-6.877557158305662721e-01
-2.825288125750666346e+00
-3.708929615888224784e+00
-3.188062630813140785e+00
-1.691748077375959447e+00
1.028202437406933178e-01
1.537277805666940944e+00
2.110503851257353514e+00
1.572286550333420907e+00
3.669998513631034243e-02
-1.952039381149561104e+00
-3.544916300161401690e+00
-3.955617675552085544e+00
-2.911965627368213738e+00
-8.893526979420119938e-01
1.098530961662369076e+00
2.092560824624761118e+00
1.808459983678137206e+00
8.514722471424287509e-01
3.263844868136492883e-01
1.052066510231476126e+00
2.892252297806612749e+00
4.684540817035971472e+00
4.881869711551475532e+00
2.546340641515947745e+00
-1.928512953009217989e+00
-6.856298161187697637e+00
-1.008624763482849573e+01
-1.015517584250293837e+01
-7.084266366758262379e+00
-2.351495192333927342e+00
1.930533596329726542e+00
4.129119998278465431e+00
3.845230622783966101e+00
1.908862427146791996e+00
-2.956550485742709400e-01
-1.687652169278896608e+00
-1.984268068678194830e+00
-1.581831097182984536e+00
-1.014218842684062594e+00
-4.513206852333986330e-01
3.745892142931936952e-01
1.785223542156625154e+00
3.659011337404573183e+00
5.270096809669376547e+00
5.664484903978802777e+00
4.346228057397395261e+00
1.761829103282228415e+00
-8.367409003663237588e-01
-2.138786913086688557e+00
-1.650618641561754307e+00
-6.857909158359587476e-02
1.170016245299057456e+00
8.961388429966765656e-01
-9.190175342224409238e-01
-3.077644891328830123e+00
-3.967279202749998124e+00
-2.726868611120977004e+00
7.316606992454977032e-02
2.766171225819629598e+00
3.745204467943994420e+00
2.624593774232461207e+00
5.456320885724950109e-01
-6.402984875501687156e-01
2.468227589741525119e-01
2.775693381753915556e+00
5.127885437911462674e+00
5.371877817854629811e+00
2.884854785401767430e+00
-1.125325784128071049e+00
-4.413914546938569217e+00
-5.260354051241549200e+00
-3.663000257956332995e+00
-1.279530011356891483e+00
-1.426086208112214981e-01
-1.098965019704003288e+00
-3.147694555874591682e+00
-4.200022137750757167e+00
-2.718042991451142587e+00
9.924016129146635556e-01
4.834498464674129359e+00
6.333573820149237754e+00
4.404447478924367054e+00
1.771355065473423362e-01
-3.742853764412616968e+00
-5.057847719816140675e+00
-3.315030588221682617e+00
-9.297701129448820989e-02
2.262052737605358743e+00
2.377740174631837622e+00
7.674469340050562582e-01
-7.446023679844866461e-01
-5.991409287511139103e-01
1.171758247802394237e+00
2.922233401401249431e+00
2.717840819566536226e+00
-5.308304792731810551e-03
-3.755515358865941344e+00
-5.877118864178894952e+00
-4.435708815819225492e+00
2.640411510297308029e-01
5.669482439765762827e+00
8.555677012989258756e+00
7.126631352872969671e+00
2.204462833518165965e+00
-3.289633975593037274e+00
-6.176621522067851977e+00
-4.927610267143963441e+00
-4.206593807357867920e-01
4.810911219033066288e+00
8.176521209890752928e+00
8.357944970223220693e+00
5.623942608451043768e+00
1.205434010297821157e+00
-3.577251517675044568e+00
-7.762203600397462822e+00
-1.063764175310465099e+01
-1.149367382167224072e+01
-9.728934704175653536e+00
-5.375417359001070317e+00
4.262667489824627509e-01
5.594595638580043051e+00
8.067927753013385939e+00
7.028457891018415893e+00
3.512229638166437073e+00
-1.458762217281115992e-01
-1.771581691869600350e+00
-7.551562895859929014e-01
1.592412608006501751e+00
3.017618393154788414e+00
1.971317455138942298e+00
-1.240835747458881588e+00
-4.633298439362136811e+00
-5.927334916201594694e+00
-4.167562187272068286e+00
-4.226471072675392904e-01
2.918844096286806966e+00
3.750229789158689542e+00
1.622445737998026827e+00
-2.036780804998495231e+00
-4.951908846981475598e+00
-5.504345886269216059e+00
-3.664198524801221879e+00
-7.745926084754342078e-01
1.542789663198128380e+00
2.504041515857463818e+00
2.512448416371854343e+00
2.579839675998472970e+00
3.351832781071582890e+00
4.519823554574949220e+00
5.058953148329942806e+00
4.083046492015696138e+00
1.646903027747879555e+00
-1.121934648853079253e+00
-2.680879563515293107e+00
-2.072748988894554056e+00
4.087536225004376744e-01
3.324715203208328695e+00
4.888351944319694553e+00
3.949407105338012425e+00
5.910045017609344420e-01
-3.951244584397531234e+00
-7.926607737775164253e+00
-9.870894506271842062e+00
-9.176599727101194759e+00
-6.234044508985338240e+00
-2.179006641102485098e+00
1.581878037939721038e+00
3.879541422446495247e+00
4.177550909270131285e+00
2.747468077205067249e+00
5.562989787112557760e-01
-1.130351425157415379e+00
-1.307927834797377287e+00
2.786264508907059234e-01
2.970028270077022636e+00
5.476544202410870810e+00
6.506646948858223034e+00
5.433117282062055686e+00
2.642750978422056196e+00
-6.304304487990610717e-01
-2.914061939555915970e+00
-3.234336632969688541e+00
-1.597752916999727324e+00
1.028442017616252979e+00
3.220046334040358005e+00
3.820476157611058632e+00
2.517828910835193668e+00
-1.204486054237330350e-02
-2.462729758033995964e+00
-3.572643792547775643e+00
-2.778822705698140716e+00
-5.172040023190020985e-01
1.989649038344681209e+00
3.358158943509795158e+00
2.766275113934121954e+00
3.956309283351343575e-01
-2.646902833632145402e+00
-4.896413286087589967e+00
-5.289891300564693921e+00
-3.713831794094071270e+00
-1.045712800408003407e+00
1.331470688295892879e+00
2.279288621420734628e+00
1.518497217860840021e+00
-2.143353127802239966e-01
-1.548794550269628978e+00
-1.209116538799998697e+00
1.270202695171946283e+00
5.193771730298002431e+00
8.907167479358923501e+00
1.049503312300476132e+01
8.692629361620969775e+00
3.603765290558020418e+00
-3.146180480467653862e+00
-8.983481200630624386e+00
-1.151653296045803287e+01
-9.736382459947758861e+00
-4.668992409755665207e+00
9.572165303758417565e-01
3.996083952077014168e+00
2.545369676289078065e+00
-2.893300423307836322e+00
-9.468524953446030068e+00
-1.334776905311684025e+01
-1.175395100277816773e+01
-4.579443677930313150e+00
5.354306093815631939e+00
1.360901163553022286e+01
1.635425470091088584e+01
1.231884683203507258e+01
3.424157513009447484e+00
-6.216046041488769269e+00
-1.235583716795455445e+01
-1.262682935422560604e+01
-7.484864700357780620e+00
2.851494992769714187e-01
7.111449089289313186e+00
1.034908094586029570e+01
9.319630620664405285e+00
5.283231598099645154e+00
5.242975881186726639e-01
-2.875892729888247068e+00
-3.953001844187984837e+00
-3.078409451760698357e+00
-1.481459554162395831e+00
-4.031272408086863379e-01
-3.570539264620687936e-01
-8.921378921952767271e-01
-9.772073582139286785e-01
2.187303126344775084e-01
2.625811344085827059e+00
5.122565413720519878e+00
6.107125292160937136e+00
4.508438243666057055e+00
6.184364217731093127e-01
-3.844831079495880655e+00
-6.596788558687946669e+00
-6.118527527161392143e+00
-2.637966253392030946e+00
1.915333774107824905e+00
5.029704623187785550e+00
5.136744287002164455e+00
2.561573271283180020e+00
-7.418790624210069851e-01
-2.512609775598388495e+00
-1.683788121852072939e+00
9.469064720019209069e-01
3.321969754828518973e+00
3.565876953942067829e+00
1.249265216806642709e+00
-2.396210508162269992e+00
-5.420423760769562449e+00
-6.530389496605975452e+00
-5.880723114356197989e+00
-4.721110301093450978e+00
-4.216263821448420046e+00
-4.387554499141267605e+00
-4.038419889593805046e+00
-1.771226308324620469e+00
2.660244633530266078e+00
7.736150324301330983e+00
1.087611338277305784e+01
1.008297340046308932e+01
5.405405453859242648e+00
-8.546446297741610021e-01
-5.435954889162363024e+00
-6.117626511883049290e+00
-3.107787056178870966e+00
1.116302518874903615e+00
3.427072220824315174e+00
2.062902791470629715e+00
-2.273138411033065687e+00
-6.919946498426644332e+00
-8.991307830682973901e+00
-7.175282201349362232e+00
-2.453430203451862912e+00
2.645576390972965264e+00
5.677345806233751624e+00
5.695321594532131826e+00
3.578642362911161889e+00
1.187897931724247069e+00
3.155464734282059647e-02
3.739244501165526202e-01
1.320467860447813946e+00
1.696283787116887432e+00
1.002515839500846662e+00
-2.568823617280594496e-01
-1.078381660784396567e+00
-8.658112398428041701e-01
-1.531137989554021139e-02
3.119495322988317110e-01
-8.837820497532414832e-01
-3.475811488142928063e+00
-5.965958803311862013e+00
-6.270522156851239259e+00
-3.131099586256126166e+00
2.763452139850672395e+00
8.783815058959635991e+00
1.167276605141500667e+01
9.478674218881296909e+00
2.925354996642048011e+00
-4.731641784670395978e+00
-9.425854699971285555e+00
-8.628891651441556121e+00
-2.898321512487735063e+00
4.391080902557613186e+00
9.044992012415104199e+00
8.576424492805996280e+00
3.677217009712547391e+00
-2.312955892538195890e+00
-5.603387690120460896e+00
-4.382110352749249316e+00
1.171620001017521506e-01
4.597776647479523859e+00
6.032374640201513039e+00
3.723919653814186326e+00
-3.309181722074536758e-01
-3.008963184641682442e+00
-2.422017104759591533e+00
6.399565424171664851e-01
3.253291204522639646e+00
2.536424637471531796e+00
-2.096889184220025015e+00
-8.260310790708540907e+00
-1.205072908320840952e+01
-1.066785415580317320e+01
-4.365701561799749442e+00
3.657612659952850009e+00
9.377753673083049080e+00
1.058580125174891684e+01
8.188652526978982493e+00
5.259449185631551948e+00
4.548801675138939515e+00
6.288769559201348613e+00
7.928747877185856829e+00
6.057925977779499149e+00
-8.263383252863516493e-01
-1.070911512283934108e+01
-1.885794617728292977e+01
-2.062553302130521260e+01
-1.444197352851271887e+01
-3.005836244571118421e+00
8.145394350552784601e+00
1.379252769343561624e+01
1.193186425334432066e+01
4.655198436345765245e+00
-3.396257724303061387e+00
-7.886143409811358751e+00
-7.121845568366773627e+00
-2.557716462425327908e+00
2.581302299906419240e+00
5.449245961237338065e+00
5.092510350209630943e+00
2.544925556625981855e+00
-2.578705178005147314e-01
-1.817594322349767033e+00
-1.777301319354602338e+00
-7.162140454560919078e-01
5.668251695888746333e-01
1.629172675263300452e+00
2.434868087979886297e+00
2.998561341787037371e+00
3.064981558328038869e+00
2.183313090923088229e+00
1.541012343223948644e-01
-2.529508271084423221e+00
-4.672211233513712259e+00
-4.928968746641029242e+00
-2.630097157663022323e+00
1.650385601344409370e+00
6.200264470878407153e+00
8.967474616513383623e+00
8.636973335297859933e+00
5.372460561512375499e+00
7.692500443052474601e-01
-3.000826588079353652e+00
-4.403547258692272592e+00
-3.429776975020742746e+00
-1.612877294385908211e+00
-1.101302236272962976e+00
-3.267230065355047230e+00
-7.660199211477451975e+00
-1.199443739061806724e+01
-1.330577887944559023e+01
-9.709721313457530201e+00
-1.751638734793553809e+00
7.527668201024914296e+00
1.399536996436193270e+01
1.460265838126046667e+01
9.105756233134702171e+00
2.911655913436794751e-01
-7.490746624818907407e+00
-1.066832848979992399e+01
-8.306421572804040920e+00
-2.403724190888911316e+00
3.489173926631724321e+00
6.423204701938579397e+00
5.629105589723318204e+00
2.601654083476662382e+00
-2.275000955683027515e-01
-1.240370149694175694e+00
-6.056851754874714722e-01
1.260807506029471559e-01
-5.758830925490421304e-01
-2.889308725914583320e+00
-5.360139587514249904e+00
-5.897371774171473291e+00
-3.345996540574083689e+00
1.482965788100009785e+00
6.093003764829351354e+00
7.774502507171162868e+00
5.334898347449517075e+00
-4.439514353447593376e-02
-5.407155603989689752e+00
-7.733472345653629176e+00
-5.716308756540476210e+00
-5.210452406674619397e-01
4.919422192079702327e+00
7.630060165822889928e+00
6.301039059018339827e+00
1.984574634368349244e+00
-2.584712226911631827e+00
-4.604391517142826018e+00
-2.801302137283586013e+00
1.883439298690508634e+00
6.860597345817742720e+00
9.340876827854929232e+00
7.835945614027700401e+00
2.905131242931569879e+00
-3.204344684708009261e+00
-7.764863858981209788e+00
-8.937459643454765512e+00
-6.586157013987790521e+00
-2.172696682422950776e+00
2.120316944050755215e+00
4.504875728845156857e+00
4.347609793236149045e+00
2.243785669719835951e+00
-5.175115119406931141e-01
-2.710816593320988677e+00
-3.718415365001248141e+00
-3.625861205801137022e+00
-2.929702558595593587e+00
-2.120296304972685064e+00
-1.408077828275905663e+00
-7.076178981197722706e-01
1.888000759364685255e-01
1.405164630403364701e+00
2.863736384491230247e+00
4.277533134926531311e+00
5.209531214710930058e+00
5.162859802276485333e+00
3.712437344777646864e+00
7.001731941660529479e-01
-3.542991112474910054e+00
-8.073687236777043807e+00
-1.146673574626711556e+01
-1.226431120986801027e+01
-9.622680139007133704e+00
-3.864768095278022564e+00
3.386372860002973884e+00
9.663235010560022431e+00
1.258790836662732993e+01
1.090994493826618772e+01
5.169687528549302691e+00
-2.368800673044012317e+00
-8.564764127066091248e+00
-1.071681088073952637e+01
-7.784013764290891757e+00
-9.318327849565033461e-01
6.916202657169206347e+00
1.238462811408865427e+01
1.322257424428632078e+01
9.359896539288575568e+00
2.857028718445823401e+00
-3.269394265823409196e+00
-6.712953658033814719e+00
-7.063779864803551689e+00
-5.778210289404546174e+00
-4.933249669147934391e+00
-5.579098155634027556e+00
-6.840541217342066105e+00
-6.484944365885939810e+00
-2.680957934287583555e+00
4.239824517881373822e+00
1.136566913895541120e+01
1.467420770112390294e+01
1.162318026456686404e+01
3.172676566385050023e+00
-6.276915775968975986e+00
-1.127156222907731653e+01
-8.666621166184135916e+00
1.914196801337604281e-01
1.001292951124150044e+01
1.467217471193083433e+01
1.098534311608978875e+01
7.380107859721778407e-01
-1.038557231979676665e+01
-1.630937307386739477e+01
-1.424373593476719257e+01
-6.170714263564741842e+00
2.743990295172861416e+00
7.638905299519449521e+00
6.953772326456888919e+00
2.984805179555184651e+00
-1.966531379474369956e-01
1.617209344355447498e-01
3.620568434162731553e+00
7.145806617236783786e+00
7.594177676947120759e+00
4.168366900141835529e+00
-9.785251469212630226e-01
-4.388548293734130468e+00
-3.919503945467812667e+00
-3.649269020725298684e-01
3.136871082079808470e+00
3.468707985436934038e+00
-7.239853830011699909e-02
-5.128625526623595832e+00
-7.890589842930789466e+00
-5.843472534371880300e+00
2.917771240844845293e-01
6.809518565688508218e+00
9.332811519126943622e+00
5.654136882892844440e+00
-2.765645245261414864e+00
-1.158873555691764068e+01
-1.613046451572894213e+01
-1.401498377634435144e+01
-6.373749688303872674e+00
2.990943121715447628e+00
9.805605712529033013e+00
1.151956069141809458e+01
8.320979042752281174e+00
2.630422011620245470e+00
-2.408681365474014680e+00
-4.515411784292432174e+00
-3.165846942070184689e+00
4.767091785498019929e-01
4.381147171068590751e+00
6.732563595326610084e+00
6.770244809030782740e+00
5.020920519027510132e+00
2.834984298716332063e+00
1.459934832606903932e+00
1.163918115173350198e+00
9.796562005855038446e-01
-6.532603541531614155e-01
-4.634972122425118357e+00
-1.013913207287591334e+01
-1.458646696095203410e+01
-1.494192923374737880e+01
-9.704922777202183326e+00
-3.161373297253788905e-01
9.131793550749071287e+00
1.398812941923897668e+01
1.180164518741373136e+01
3.980590333275955572e+00
-4.865267513096530827e+00
-9.664827866018828928e+00
-8.038708449153762814e+00
-1.797763079471329739e+00
4.281092628752046103e+00
5.676175399346993444e+00
1.228190175194926237e+00
-5.974029787098791289e+00
-1.058895732653861721e+01
-8.618491965454484927e+00
-2.128788947037518753e-01
1.021260736187045381e+01
1.666376281660004111e+01
1.530647088881266704e+01
6.824654659045133798e+00
-4.092157327773474407e+00
-1.171236995478864706e+01
-1.268801966994525721e+01
-7.757672182427681307e+00
-7.887473307931092137e-01
3.993459609480176198e+00
4.639864673617029034e+00
2.292674441687071241e+00
-1.411848455214063103e-01
-3.262880199477325993e-01
1.851729640305926239e+00
4.389114708690803113e+00
4.790843190929654050e+00
1.969851056802065958e+00
-2.916546093816485108e+00
-7.202758865590043413e+00
-8.439494967973489636e+00
-5.916911688698460736e+00
-1.028321511325003712e+00
3.658538707939401835e+00
5.940159838371188883e+00
5.152793099957468925e+00
2.350851907214637215e+00
-4.842203442266816982e-01
-1.641613952942990728e+00
-5.942161681014006547e-01
1.804820502472224142e+00
3.855914564526453425e+00
3.954859036470300460e+00
1.481840068952298584e+00
-2.771580589506803527e+00
-6.859158244858566178e+00
-8.565259338521492793e+00
-6.560121378684215188e+00
-1.256904138664661552e+00
5.158121898525445559e+00
9.687954746509312542e+00
1.008419084537141686e+01
6.166080027674828656e+00
7.117846267086525014e-02
-4.838956059695550316e+00
-5.877308108544023746e+00
-2.626481801586233011e+00
2.776040154403489169e+00
6.896736097883330530e+00
7.065883377801299048e+00
2.959994901356725272e+00
-3.280888266659900410e+00
-8.440979537917696618e+00
-1.018652152488011353e+01
-8.319286158070607229e+00
-4.576107068277732282e+00
-1.237615100269342516e+00
4.051263488203979968e-01
6.629635262711378596e-01
8.152698823482213975e-01
1.836274126471778345e+00
3.521193351795257609e+00
4.685855994997975671e+00
4.243884121452060398e+00
2.264656067898490832e+00
1.204567581271793475e-01
-4.610712050255462158e-01
1.245678904672773424e+00
4.242621789391842313e+00
6.332331432255008608e+00
5.582198083876398265e+00
1.708318169963033206e+00
-3.613866194924822306e+00
-7.750205908086446271e+00
-8.730188899959753002e+00
-6.381238089628561205e+00
-2.248622523435219733e+00
1.541529515159487662e+00
3.598731919186577421e+00
3.850049933255550449e+00
3.107419395368408832e+00
2.127446098085813198e+00
9.994173660722827091e-01
-6.625174223487031444e-01
-2.974951873935219204e+00
-5.230816174863136325e+00
-6.125672359793192356e+00
-4.684084323992276921e+00
-1.166050697886023002e+00
2.834677336981456630e+00
5.298220584055390425e+00
5.090402065466480330e+00
2.708623150531625612e+00
-1.242705578255640098e-01
-1.736504213158312160e+00
-1.689344940998408040e+00
-9.509125738659114369e-01
-9.238940591334834362e-01
-2.103633710498481690e+00
-3.475121781569116663e+00
-3.214987357799690582e+00
-2.338589724979545093e-01
4.633509804016638256e+00
8.813758353726871775e+00
9.588773927563181587e+00
6.036661231765714675e+00
-1.023708493469390746e-01
-5.367170705036421019e+00
-6.777474947718840959e+00
-3.807583807874924009e+00
1.255872011997413606e+00
4.856316883912086269e+00
4.563799439727939777e+00
6.755335541466296334e-01
-4.071610651744964393e+00
-6.445855164242091817e+00
-4.946295145854053388e+00
-7.699960869802806585e-01
3.106937367435778086e+00
4.040652760039757041e+00
1.533393128923139503e+00
-2.479427209101546126e+00
-5.007508268200310475e+00
-4.056079130289978352e+00
4.566192941184610277e-02
4.878649187091280481e+00
7.501103389970667834e+00
6.279556178261153754e+00
1.829795558044992720e+00
-3.438962303372757656e+00
-6.793481516182398039e+00
-6.719814887006874571e+00
-3.661910838179016192e+00
3.763251080909951751e-01
3.049371087645122991e+00
3.000300832446267219e+00
6.008312414341443475e-01
-2.269561750258469512e+00
-3.301994122419721567e+00
-1.163564129401188918e+00
3.515848335018523230e+00
8.200324782343800578e+00
9.692372459620855807e+00
6.031022314556008013e+00
-2.009999382286943082e+00
-1.085145754419282227e+01
-1.578492108154891760e+01
-1.363822881225704897e+01
-4.886769797437442442e+00
6.218029996356944977e+00
1.383220671789687728e+01
1.386748646392031681e+01
6.476774173731945083e+00
-3.953749680893494212e+00
-1.140974457315810398e+01
-1.185991074536690881e+01
-5.578383099116267729e+00
3.293368689475221434e+00
9.582355718976877768e+00
1.036143912773694531e+01
6.476200860226593470e+00
1.418871419270893330e+00
-1.463593974626830052e+00
-1.313356510866352522e+00
1.572002381222348255e-02
-1.272020185072787468e-01
-2.743383751865360765e+00
-6.178601423869211295e+00
-7.374683744337120928e+00
-4.407065618717792788e+00
1.706500844354343904e+00
7.423868879462924397e+00
9.120237272367905490e+00
5.761357380946416029e+00
-2.322213832705777303e-01
-4.656120852573389257e+00
-4.551095400382857648e+00
-3.596603581767433555e-01
4.408402067159451931e+00
5.782186199136854832e+00
2.292904446468151392e+00
-3.899652081847541751e+00
-8.559479046752763054e+00
-8.469428457615666872e+00
-3.797755266283046272e+00
1.993440520139342809e+00
4.625322261373708166e+00
2.068902236415712359e+00
-3.986277803158046140e+00
-9.261612756363351906e+00
-9.762346018229143496e+00
-4.373099533425044427e+00
4.531026339778367884e+00
1.269251499157689977e+01
1.653331993022757729e+01
1.493540887552384255e+01
9.282365977272371893e+00
2.120829005436938530e+00
-4.363547462820962508e+00
-9.039233528525816297e+00
-1.156278722009160376e+01
-1.181028571693470219e+01
-9.723773346950904894e+00
-5.683661505164475436e+00
-8.698317858201654040e-01
2.997095283393148790e+00
4.568050154128632911e+00
3.774448907904128792e+00
1.926676232522104737e+00
7.811798720800406937e-01
1.218873668532476584e+00
2.577059405990678176e+00
3.221392536492613701e+00
1.953460492967406648e+00
-8.759762498810026443e-01
-3.507400102624881111e+00
-4.140261838895625601e+00
-2.468192961225035287e+00
-9.601481981895476636e-02
6.235387945439110347e-01
-1.472881736304372469e+00
-5.162992675541794974e+00
-7.436988319750355458e+00
-5.605191986481275812e+00
5.763877677026525426e-01
8.376194361729059068e+00
1.365713521314232715e+01
1.351267016611600269e+01
8.124798714144501943e+00
5.424080999520390911e-01
-5.419526624770983680e+00
-7.619041774554647262e+00
-6.641234044920643953e+00
-4.833409338219414764e+00
-4.202452613463518283e+00
-4.846081988429771670e+00
-5.083815743250264418e+00
-3.081694342856653002e+00
1.393048784257097328e+00
6.510985222093593094e+00
9.586093671919341475e+00
9.006000305737657641e+00
5.393520423230571126e+00
1.125941538393031127e+00
-1.383279212567664951e+00
-1.308719847252594493e+00
2.574719168415970927e-01
1.420637044637694801e+00
1.074431628242417780e+00
-3.115954656761231734e-01
-1.275836741923582540e+00
-7.564652888900698091e-01
9.081263867687007219e-01
2.213426351178153784e+00
1.761657613797500854e+00
-4.905958578829627270e-01
-3.066443375927650372e+00
-4.065346268523326145e+00
-2.668640162277437611e+00
1.560048312446198349e-01
2.344577162657374370e+00
2.310209405016664164e+00
1.751290698868268048e-01
-2.314796987058315825e+00
-3.144454120797531171e+00
-1.607048905871826694e+00
1.126314979843050956e+00
2.899688396446286731e+00
2.246760096962490572e+00
-4.458287372690045158e-01
-3.190551372760218385e+00
-3.883571354206698967e+00
-1.893517209342626018e+00
1.451245795021094853e+00
3.838681340412382070e+00
3.663417802367164633e+00
1.155464519485657870e+00
-1.878300600228765438e+00
-3.457411790329803836e+00
-2.872918039802038415e+00
-1.071915644844197102e+00
2.740172686958284309e-01
2.405681920842838162e-01
-5.338106289614640287e-01
-3.724730783231648967e-01
1.945285663297631418e+00
5.883033588408298264e+00
9.121394532255129306e+00
8.977763598976185477e+00
4.355957857247719112e+00
-3.154881378740274300e+00
-9.903419824125194282e+00
-1.224562947141894043e+01
-8.785393564587486992e+00
-1.342221181649303929e+00
6.017363704939866054e+00
9.330541157185995971e+00
7.048742769046409506e+00
9.102439201026926163e-01
-5.140352096117844383e+00
-7.322310025919096077e+00
-4.259124761210497212e+00
2.228764863299640631e+00
8.224773614778206010e+00
1.004399116245241608e+01
6.415784228838012915e+00
-7.547599891280829532e-01
-7.490524820086969626e+00
-1.006745129700426489e+01
-7.197406811310528063e+00
-7.740878018773198477e-01
5.278365438766934759e+00
7.384581136878238361e+00
4.495579814259548890e+00
-1.278410465271261565e+00
-6.004740246135394699e+00
-6.439514057765843624e+00
-2.148895638812967412e+00
4.129876264053193857e+00
8.177160501605019505e+00
7.005330410630112858e+00
8.720500434221856167e-01
-6.740749291002282817e+00
-1.123732061697023532e+01
-9.806010447564936783e+00
-3.254971606499470482e+00
4.419521218388049455e+00
8.495479241306870932e+00
6.472026914566058942e+00
-3.663330245931935014e-01
-7.752839044472661811e+00
-1.108345351665325396e+01
-8.222430204671301368e+00
-7.257557635330176282e-01
7.213652187183082098e+00
1.134622085461549545e+01
9.810301085793513565e+00
3.967381703108951108e+00
-2.740916068816012352e+00
-7.022671729407564456e+00
-7.563385954523885069e+00
-5.365262277967344673e+00
-2.579465223207747737e+00
-7.989363535909712599e-01
-4.126227073191590655e-02
9.336758394537456596e-01
3.310940383130669851e+00
6.948134778678944024e+00
1.012534658912964503e+01
1.055833220347330936e+01
7.008975202212848643e+00
3.750245926204196500e-01
-6.549623304708928728e+00
-1.058555893661286440e+01
-1.003790488656359159e+01
-5.739724810636621655e+00
-5.754461198078422157e-01
2.257696499338914808e+00
1.189627133352008315e+00
-2.779844291290502589e+00
-6.716156318940825543e+00
-7.562076233612769371e+00
-4.005144746802678846e+00
2.728166779870353054e+00
9.584756280199611567e+00
1.340137844264000755e+01
1.255174115032587423e+01
7.587858886708005457e+00
6.488069844871908742e-01
-5.815547349660771914e+00
-1.013536389250165115e+01
-1.175218004638085745e+01
-1.085262071615639101e+01
-7.841271186244402003e+00
-3.165353429244689210e+00
2.446490132625645852e+00
7.733984151673373830e+00
1.111389494305758596e+01
1.141502550016495121e+01
8.668395503706948446e+00
4.284937557090637839e+00
3.220840677729333024e-01
-1.765568155983289422e+00
-2.021860012273267948e+00
-1.828243576938891390e+00
-2.731901992267701473e+00
-5.098380188512609656e+00
-7.631796070458466197e+00
-8.214193060286888226e+00
-5.523156259709681493e+00
-2.379015407741431609e-01
5.132100559942186280e+00
7.780648975932649591e+00
6.456341076460946127e+00
2.297478385321816141e+00
-1.980088848915814381e+00
-3.970352408773182962e+00
-3.165527183662982580e+00
-1.090087638808116655e+00
7.879829000719262844e-02
-6.871056283879726223e-01
-2.456149780316699172e+00
-3.157846991562342165e+00
-1.392073127489960704e+00
2.223739456416094384e+00
5.302221765124359720e+00
5.435089761143789389e+00
2.146106215787922711e+00
-2.488270476077020010e+00
-5.137371507249779867e+00
-3.573203409695456578e+00
1.625538573943955400e+00
7.318530582464360279e+00
9.892341680479834309e+00
7.729851051156741981e+00
2.299352474658745926e+00
-2.907474220228634998e+00
-4.808902945137665697e+00
-2.789190689255516720e+00
1.057114073252690023e+00
3.585264511031677426e+00
2.893482388640546077e+00
-4.153828103510758263e-01
-3.843317225013882954e+00
-4.928398963653695120e+00
-3.032138439344460146e+00
2.890142868710965374e-01
2.505035747831428683e+00
1.959185020543340983e+00
-9.949863463102683880e-01
-4.296422682733677334e+00
-5.594095033338645884e+00
-3.742755545945471329e+00
5.740305832320383717e-01
5.340003040190635986e+00
8.337721273616478967e+00
8.180579763695117634e+00
4.789133682131054393e+00
-6.921274061480413575e-01
-6.308446704357970169e+00
-9.882100018514908157e+00
-9.753246858952856257e+00
-5.583229262508552004e+00
1.137990668813535722e+00
7.382920323252321282e+00
9.882877058342641519e+00
6.949921617220060632e+00
-2.491499990029770739e-01
-7.973844278120309603e+00
-1.187952602409090019e+01
-9.631189994894238993e+00
-2.492572149746740795e+00
5.281099526218929974e+00
9.018013994846565851e+00
6.572283432085695765e+00
-3.074316748193999249e-01
-7.122301247351422226e+00
-9.529182080782717890e+00
-6.062466779993169297e+00
1.116029200914156139e+00
7.832250613966028396e+00
1.065022583252695654e+01
8.836904874864984549e+00
4.317938515620928008e+00
-8.611370310900190450e-02
-2.670817632773913264e+00
-3.627618160173572193e+00
-4.207183018320598933e+00
-5.170855876588127842e+00
-5.916290188209321066e+00
-5.008891707940814619e+00
-1.635347521550276184e+00
3.287036657105533610e+00
7.345033329459327298e+00
8.128372497139435993e+00
4.896056810231470102e+00
-8.359099920733057409e-01
-6.214146077693069259e+00
-8.783486519188349106e+00
-7.800482809804461404e+00
-4.302070373307879336e+00
-9.804234980041748315e-02
3.393114274017368093e+00
5.604761922765289839e+00
6.461083560880739540e+00
5.816489096823175053e+00
3.410155496553195054e+00
-5.581194534145075270e-01
-4.857761078668268340e+00
-7.445507827236904852e+00
-6.627045523147680584e+00
-2.408343460549622783e+00
3.099887340659860602e+00
6.791564657109396386e+00
6.595339242265400692e+00
2.992373478214183535e+00
-1.193158273995450491e+00
-2.733808481708207339e+00
-3.439027630992197437e-01
4.298955337246553654e+00
7.685344645086519044e+00
7.005625379249524443e+00
2.247144764942947681e+00
-3.711380428618948013e+00
-7.121092469705535777e+00
-6.039741422370457080e+00
-1.699148757784694652e+00
2.443625976300244584e+00
3.265593703080129639e+00
2.546528676120786150e-01
-4.164657488056339396e+00
-6.466422715348545402e+00
-4.636527536961728480e+00
3.619531079110429594e-01
5.309336957283166569e+00
7.049860502524170514e+00
4.685926470288972467e+00
8.459624459182935041e-02
-3.572333334316424303e+00
-4.045184263935017732e+00
-1.451948529932800991e+00
2.077929238997558770e+00
4.095416411396629819e+00
3.533152342921693112e+00
1.216262914791112371e+00
-1.020797449715189043e+00
-1.780032823647762941e+00
-9.785824367583098038e-01
3.876296896644647050e-01
1.223134731931472263e+00
1.172028394616669411e+00
6.833744485985331352e-01
3.927388536651763573e-01
4.678787427319222036e-01
5.143058086339865609e-01
7.273723000724352516e-02
-8.106404175842856219e-01
-1.515282599154247123e+00
-1.379025514529752749e+00
-3.608731952671748733e-01
7.933385071354981388e-01
1.098033476850269086e+00
1.700035772719129534e-01
-1.357001191947015517e+00
-2.257964322239032207e+00
-1.702454906686384106e+00
-1.446082153122718594e-02
1.458911631516756513e+00
1.349230760485450098e+00
-5.992832680066286777e-01
-3.167784040771429943e+00
-4.428530742001566267e+00
-3.133495633745617681e+00
2.891479283001263667e-01
3.898639071193644501e+00
5.498712354806810865e+00
4.119311076713625397e+00
6.816904906381424656e-01
-2.613594580669374778e+00
-3.737379268454914527e+00
-2.120704538619439194e+00
1.059704673574458189e+00
3.714517250708306850e+00
4.162951450031203926e+00
2.063064029584110060e+00
-1.562566686766062363e+00
-5.068059005549574891e+00
-7.102688022776801446e+00
-7.138728164274069421e+00
-5.430660245391194962e+00
-2.635890492011153441e+00
5.406487053156567857e-01
3.486128521778848022e+00
5.672330855230322655e+00
6.680982824938080711e+00
6.339152931049023110e+00
4.861543361532983276e+00
2.828344120861200572e+00
9.391076947662193586e-01
-3.294662349540764534e-01
-9.406837735866842021e-01
-1.249849254975834212e+00
-1.733744670543329480e+00
-2.675504424134661718e+00
-3.979858135179995315e+00
-5.187579170105715676e+00
-5.654773311071480180e+00
-4.827497091477367164e+00
-2.545230318074687137e+00
7.202596194674064645e-01
3.843932572967221795e+00
5.395538070254018770e+00
4.344142626819229136e+00
8.160593327923065798e-01
-3.605532166610408762e+00
-6.434722105838101669e+00
-5.597564498557588308e+00
-8.212978725024453475e-01
5.837109932083980546e+00
1.087078106816452028e+01
1.128015115558399195e+01
6.469240753278737266e+00
-1.181394345848554739e+00
-7.575440754952311728e+00
-9.312865662720534843e+00
-5.746819060344897423e+00
6.598547179581273348e-01
5.929632393896650200e+00
7.068977696636104646e+00
3.824981310519658173e+00
-1.413595093247325352e+00
-5.396541638544496422e+00
-6.171572637113649229e+00
-4.144844512602637643e+00
-1.430983426797952429e+00
-1.236127702458741373e-01
-8.219334999632137428e-01
-2.436351966890061060e+00
-3.262726639364793346e+00
-2.377441689912697331e+00
-2.610499879588221717e-01
1.741514604318294523e+00
2.572087449691105032e+00
2.236506390279267453e+00
1.609621960080481751e+00
1.516636315589101169e+00
1.932806827150000961e+00
2.006330248125893334e+00
8.803047973862380138e-01
-1.406443200593249010e+00
-3.738402481938694955e+00
-4.660392658571787194e+00
-3.457638184243250645e+00
-7.073315068189840460e-01
2.141539793446671780e+00
3.808803843224982444e+00
3.998014188395557333e+00
3.358090117751621140e+00
2.706702413592102285e+00
2.259519367140320867e+00
1.577811501850493681e+00
2.710734127421203232e-01
-1.244644940389906251e+00
-1.761544432751940059e+00
-2.505190170668274430e-01
2.942383897468564768e+00
5.784099644351337055e+00
5.672791457525255154e+00
1.382342105099132468e+00
-5.597857208572905030e+00
-1.152273586075354928e+01
-1.260466104952354272e+01
-7.571132816975625346e+00
1.258851966729286787e+00
9.268088481296587133e+00
