3.873564115084857207e+00
3.439370753533528280e+00
4.299678781555964502e-01
-2.842151971246025699e+00
-3.894874613973480670e+00
-1.743799806481612036e+00
2.470322839231626322e+00
6.228900200850032043e+00
7.189479495024862388e+00
4.529599077672843421e+00
-6.872838473740963128e-01
-6.196856926581268077e+00
-9.720123441980041079e+00
-9.938911864021127585e+00
-6.854577277593064011e+00
-1.578161770797328334e+00
4.147983141690032127e+00
8.456728735220835347e+00
9.845277233939089712e+00
7.672992212621289276e+00
2.557921710361083623e+00
-3.612873464895240971e+00
-8.299083747045798987e+00
-9.440165961452885668e+00
-6.559135942146153475e+00
-1.134823918190789094e+00
4.116909878160100789e+00
6.729412905413869161e+00
5.856643382167057155e+00
2.650202920666929529e+00
-6.142862618403021058e-01
-2.077395153936558714e+00
-1.456412982264851941e+00
-4.514440068801556238e-02
4.064229650259404414e-01
-9.024870075843473005e-01
-3.161367677333104531e+00
-4.510299826829418102e+00
-3.417775269782161729e+00
1.178160282557094707e-01
4.401012338668648383e+00
7.026760502705374556e+00
6.347787122071173904e+00
2.457025174051463257e+00
-2.895522735172862738e+00
-7.296808208245664673e+00
-8.878767240597055022e+00
-7.042038661330023430e+00
-2.450241781078768000e+00
3.449431413203754460e+00
8.951708002346046911e+00
1.244637867420927968e+01
1.269383244257752175e+01
9.201437028761750625e+00
2.650591385802179900e+00
-4.973206826438512529e+00
-1.091281417938412446e+01
-1.281405325588720956e+01
-9.982038764395799291e+00
-3.913887834966875090e+00
2.368026612313562040e+00
5.909070181629830998e+00
5.414541136396104015e+00
1.853562564798628021e+00
-2.291370596114528091e+00
-4.607773381042953531e+00
-4.121555096614634373e+00
-1.608541856691118710e+00
1.218923635259248295e+00
2.953169806347664128e+00
3.256585234196903045e+00
2.711142737388675616e+00
2.048711687501056478e+00
1.487494135348670810e+00
7.122966079853769727e-01
-5.726439045995025401e-01
-2.095996582522672735e+00
-3.038202496015227627e+00
-2.663061982180644716e+00
-1.037053202750797043e+00
8.224182401737964998e-01
1.591868451558677178e+00
6.389325190690876566e-01
-1.409957471825910247e+00
-3.029589083064018418e+00
-2.872467436571084054e+00
-7.707858523988408983e-01
2.105534825972544155e+00
4.076270229377016108e+00
4.149908526292602318e+00
2.689006093499552552e+00
1.045429629716517317e+00
4.655862105135450957e-01
1.128809457310908204e+00
2.069097521500632197e+00
2.028457052633968694e+00
5.508008429897675029e-01
-1.567921299018788961e+00
-2.850054188435461988e+00
-2.293067091902098120e+00
-2.042113156122757345e-01
1.957206547935803620e+00
2.631212713219689636e+00
1.304684092156906283e+00
-1.123543607970142189e+00
-3.036616939902409662e+00
-3.313050408716964768e+00
-2.124722515174607196e+00
-7.161438423393391428e-01
-3.586550598579785198e-01
-1.313454260478473579e+00
-2.623515994750909464e+00
-2.899957589159649629e+00
-1.484065937904753607e+00
9.381912063609260111e-01
2.779549764245085264e+00
2.748622714233389441e+00
9.031658372501224497e-01
-1.258045344297939794e+00
-1.785597806556796119e+00
3.227539956199964033e-01
4.302535165905153391e+00
7.973520482514674157e+00
9.048873638967515731e+00
6.547945323115754057e+00
1.411236307119593913e+00
-4.038148646993073854e+00
-7.405787900678487468e+00
-7.493260806696495635e+00
-4.810385938770761705e+00
-1.132986572972798367e+00
1.542019079197604503e+00
2.025521318590770115e+00
4.371187323041618722e-01
-1.994778252548286224e+00
-3.656960742309800949e+00
-3.416497549894829344e+00
-1.218612335693512572e+00
1.864637268867651798e+00
4.182205057230482304e+00
4.411088747395907284e+00
2.358555207735859582e+00
-8.272533376563592222e-01
-3.255618606870752885e+00
-3.440382623883909918e+00
-1.323370050063405579e+00
1.534569193750562777e+00
2.850134905111167072e+00
1.141484983735264080e+00
-3.088793277547473348e+00
-7.379975341398306021e+00
-8.692064600578660816e+00
-5.365711520739755436e+00
1.588933057558386430e+00
8.794703752238390848e+00
1.233986480560697174e+01
1.007520177182770560e+01
2.960719663778372812e+00
-5.393486668816627194e+00
-1.073203718244423754e+01
-1.049901615743953975e+01
-5.145673538074086117e+00
2.292968741383706544e+00
7.985932734497801277e+00
9.339547865370162683e+00
6.144192733074583579e+00
3.489644890956198342e-01
-5.195407817489105184e+00
-8.197011462590110042e+00
-7.826404545666286516e+00
-4.764491181572839018e+00
-5.899043905398229093e-01
3.051558631036265012e+00
5.098469317274207491e+00
5.347987223010861157e+00
4.344510238703904292e+00
2.991420259967965567e+00
2.061825690834193647e+00
1.822920068196222321e+00
1.963383684076926539e+00
1.876752466714517231e+00
1.137997614032488114e+00
-1.464635004862067102e-01
-1.384501360376993562e+00
-1.936931335334517668e+00
-1.631445158566118936e+00
-9.339573853022283823e-01
-5.958833947181080282e-01
-1.020034439117349923e+00
-1.863040291988006913e+00
-2.257931424934334075e+00
-1.551890942919444738e+00
1.782322712477696358e-02
1.329791832486876935e+00
1.195790846970040233e+00
-5.670308578785172582e-01
-2.692654175936841199e+00
-3.168176139070424391e+00
-7.350991247143257024e-01
3.878851662012563928e+00
8.038098545901545933e+00
8.765337830428617139e+00
4.846609698079390682e+00
-2.016283763841894672e+00
-7.972527263534095354e+00
-9.371660269156864231e+00
-5.185561809495447427e+00
2.170754627809215798e+00
8.262809822585030162e+00
9.412222522100794464e+00
4.980250947969031117e+00
-2.354553998446129892e+00
-8.448506885316104942e+00
-1.034190529367375966e+01
-7.889600415445046977e+00
-3.372050699886944614e+00
4.305480873914754869e-01
2.168894159279243006e+00
2.462901044425777730e+00
2.815657380050526015e+00
3.942575591854965200e+00
4.957546909223506049e+00
4.106817316008368302e+00
4.495221105128093253e-01
-4.924353946796648174e+00
-9.232329467645460142e+00
-9.785491683402135266e+00
-5.952341532862418738e+00
1.867155317118791569e-01
5.068781308553060860e+00
5.966494667198464441e+00
2.790860319853557314e+00
-1.875293912255551643e+00
-4.523375342988476433e+00
-3.028193189681943398e+00
2.033180164698359604e+00
7.856158577528132625e+00
1.123181201733057932e+01
1.043103767989592967e+01
5.973043447440353759e+00
-1.252280764781521505e-02
-5.168714920008204317e+00
-8.034792408391881580e+00
-8.317328867637332479e+00
-6.457006749836377679e+00
-3.096296511258369577e+00
1.078082471317984403e+00
5.156218927086965387e+00
7.921882895403599356e+00
8.220479237727724708e+00
5.666767646097176758e+00
1.153722891324933997e+00
-3.361465169344551196e+00
-5.828791281015226033e+00
-5.274941092481260085e+00
-2.389839181426861803e+00
9.009872360072317399e-01
2.626821222974415004e+00
1.952589629266182403e+00
-4.074539374032151162e-01
-2.771163931633590316e+00
-3.633986047302292910e+00
-2.612882312503115312e+00
-6.109398035553643691e-01
8.367807955167161360e-01
5.702950116723535245e-01
-1.463247718192113300e+00
-4.153765886597486912e+00
-5.833309069164013039e+00
-5.184607201807575727e+00
-1.983952237916013495e+00
2.677455973574316417e+00
6.808700461099400414e+00
8.416986687112640197e+00
6.510641273841621057e+00
1.725470761812932574e+00
-3.809931685621906539e+00
-7.425111284822991209e+00
-7.276594784222368162e+00
-3.409098161229135115e+00
2.158700412951604086e+00
6.488206746878253384e+00
7.379683768753325879e+00
4.653924372736759629e+00
2.306344735493979226e-01
-3.095290065705076366e+00
-3.425105830379203908e+00
-9.255765066005248176e-01
2.382074532478238194e+00
4.071363472945373374e+00
3.006786774435866505e+00
1.173963722218497874e-01
-2.288093920614571619e+00
-2.185934384917804341e+00
6.826733209834981997e-01
4.553951431714685860e+00
6.794192358214775851e+00
5.675085903065370196e+00
1.561693764818631536e+00
-3.284909323949770421e+00
-6.144205499846185248e+00
-5.546860975317645881e+00
-2.145348616475730275e+00
1.780860780733180437e+00
3.811589225222348887e+00
2.881774884040440021e+00
-1.438692374999767098e-01
-3.120416907835483311e+00
-4.030804000958478461e+00
-2.254944382648674139e+00
1.065464838734225594e+00
3.760064052504498822e+00
4.000912110419107215e+00
1.483423788841407465e+00
-2.305317605118406110e+00
-4.937222578431756048e+00
-4.562719970809379078e+00
-1.205310792302405565e+00
3.020128132645912622e+00
5.046972487065229274e+00
2.803179089832354531e+00
-3.201392101037221938e+00
-9.764557836077770503e+00
-1.267031771815011787e+01
-9.309935771857404063e+00
-6.245610478401042442e-01
9.033764579930888772e+00
1.430252373758058937e+01
1.212721406880090136e+01
3.865047516317622112e+00
-5.357645438452151687e+00
-9.829154270824474793e+00
-7.004434235091254735e+00
6.957245696357111653e-01
7.387846824527381173e+00
7.677726157594515044e+00
4.588404912463359686e-01
-1.007161215424141787e+01
-1.699544355698744269e+01
-1.521157354545415252e+01
-4.888978972570590109e+00
8.521954414873395223e+00
1.774383675502552649e+01
1.825192902167561115e+01
1.090310441651889661e+01
9.438689148858263600e-01
-5.740697993498202756e+00
-6.426349980691529851e+00
-2.812451875160443482e+00
8.933077035528889098e-01
1.414201173643689469e+00
-1.258837391965285324e+00
-4.260670949769526317e+00
-4.460558993443534348e+00
-1.129840175149009251e+00
3.418847602010508968e+00
5.653211660664621441e+00
3.613998588946229162e+00
-1.521971660681505245e+00
-6.302686618559524945e+00
-7.581477737407476880e+00
-4.808791134700181047e+00
-3.037618421627117371e-01
2.626913381260602698e+00
2.205779046158583778e+00
-6.067449003128542184e-01
-3.070034609565806427e+00
-2.937710751000921938e+00
-2.152546817529739087e-01
2.952867109015162583e+00
4.100487824220022226e+00
2.459268203808886888e+00
-4.324305341030220129e-01
-1.981295325833234866e+00
-6.190463514348827356e-01
2.946575755455440593e+00
6.268750849932816394e+00
7.016249708691873366e+00
4.666424184788562357e+00
7.489010975448673335e-01
-2.451977524856800095e+00
-3.616693333635569996e+00
-3.152042677434216067e+00
-2.474507204288623807e+00
-2.536482362936389290e+00
-2.911730992259129014e+00
-2.233848322730343394e+00
4.020121841770076809e-01
4.311181534983733243e+00
7.402426780830504427e+00
7.622351527395541559e+00
4.537167164762490934e+00
-2.377860888422667074e-01
-4.151687418781696337e+00
-5.524448108671942137e+00
-4.624927186546407221e+00
-3.180589046974634293e+00
-2.751253219564518293e+00
-3.334182809193177999e+00
-3.390602663071220046e+00
-1.315482217726684944e+00
2.853603115857622274e+00
6.971400262946786164e+00
8.112901568134541108e+00
4.803722706049826208e+00
-1.548037660868051280e+00
-7.228807096079179040e+00
-8.555486391302938642e+00
-4.383511759068409397e+00
2.995061822368245252e+00
9.236201539179072384e+00
1.068373897139436401e+01
6.613357429982467117e+00
-4.726702702642386900e-01
-6.571789208247665215e+00
-8.661843500184005507e+00
-6.301858677611989812e+00
-1.483640671519264265e+00
2.893304819998828936e+00
4.748438490995147809e+00
3.690451855878793097e+00
7.604661751976615758e-01
-2.453562982898109812e+00
-4.622389793480383702e+00
-5.041434974789689605e+00
-3.666161692899691182e+00
-1.077478457223731256e+00
1.576717858440902953e+00
2.867550808401673201e+00
1.737507269839374313e+00
-1.725246496234206450e+00
-5.966027569356441518e+00
-8.549777331227339516e+00
-7.505469025118852500e+00
-2.632528316755259112e+00
4.158474924793990724e+00
9.815935672280261315e+00
1.185918642904713316e+01
9.713267827841107760e+00
4.811276286774899269e+00
-4.954073241671314021e-01
-4.344288438862148105e+00
-6.088595294057554064e+00
-6.005973200882037233e+00
-4.520168726228146916e+00
-1.801214304906442631e+00
1.870585148556486610e+00
5.447643508854419281e+00
7.069333836152665640e+00
5.078392317961696101e+00
-4.740435279794048551e-01
-7.116094201695067234e+00
-1.098081381424916891e+01
-9.235946099276528543e+00
-2.310316844166684813e+00
5.866889780959406053e+00
1.014914626258824981e+01
7.643019115947206288e+00
-5.239361696990174622e-02
-7.610526215938751449e+00
-9.465557966399257950e+00
-3.717185730429033441e+00
6.320363171528442514e+00
1.415365817670751802e+01
1.444100030199749085e+01
6.649912335128425056e+00
-4.516057086633703754e+00
-1.222964757103973099e+01
-1.202209045138118171e+01
-4.546399993616522472e+00
5.182521229896672743e+00
1.135410328164316951e+01
1.110976387260878973e+01
5.903452606050676899e+00
-2.061008124303682632e-01
-3.768077649516481387e+00
-4.161980979771822575e+00
-3.323847208880422066e+00
-3.513450589557153947e+00
-5.133986970894545365e+00
-6.415576278587446168e+00
-5.142067256759032645e+00
-8.902086885468269983e-01
4.168684787866013153e+00
6.671795131726443451e+00
4.626015385764876697e+00
-9.030780349310137955e-01
-6.369054046292816018e+00
-8.226942717583021647e+00
-5.462885263826601445e+00
-2.551161230978462591e-01
3.725755585519130442e+00
4.070085773263017792e+00
1.344547747383409542e+00
-1.500476731750702619e+00
-1.525935393480144731e+00
1.860399301300151853e+00
6.402677015103476421e+00
8.675115661836503733e+00
6.634320308456627124e+00
1.125133936214256281e+00
-4.733117181075797042e+00
-7.739863147977506408e+00
-6.715086264984902797e+00
-3.015886875121357669e+00
7.484029724668267436e-01
2.673415538447759143e+00
2.672385911842782402e+00
2.027600140305381160e+00
1.951162092406044213e+00
2.459977242962911426e+00
2.502726721677997368e+00
1.159453926129416113e+00
-1.195448471582591710e+00
-2.860263535833921900e+00
-2.055184311483640336e+00
1.493505207287059600e+00
5.945359308019014577e+00
8.340707803606465021e+00
6.604914001041000127e+00
1.145721416700777873e+00
-5.159523683249084058e+00
-8.681577123664320439e+00
-7.355538239707485104e+00
-2.055813100595861975e+00
3.882619138718199636e+00
6.681658473907301499e+00
4.385669200595050832e+00
-2.010917477682021559e+00
-9.180440052217413438e+00
-1.334884500624231762e+01
-1.229618483783779936e+01
-6.387764052746384813e+00
1.779560832236169565e+00
8.754919372279735157e+00
1.183426032164864772e+01
1.013132716459537086e+01
4.748250232746200616e+00
-1.879211556345477430e+00
-7.081267232483817509e+00
-9.017245721269906866e+00
-7.297943768635910544e+00
-2.966255572637575888e+00
2.095288295301795944e+00
6.018308597067115961e+00
7.652152550781611495e+00
6.820968491444515891e+00
4.115405964746422285e+00
4.641451758198122945e-01
-3.202400983885834940e+00
-6.055978273223309394e+00
-7.361695942854600716e+00
-6.589852859256725814e+00
-3.731599730696478545e+00
3.921181637935056141e-01
4.198103804435045383e+00
5.977579687721711110e+00
4.856335801521299622e+00
1.467238105622843847e+00
-2.227213731447658773e+00
-4.009433898385633910e+00
-2.773171185362225621e+00
7.199928937394927120e-01
4.260106344536196410e+00
5.568602128104563675e+00
3.742099627738549206e+00
-2.054686587048842883e-01
-4.050193005258666545e+00
-5.794783392410728595e+00
-4.830715804200632846e+00
-2.074404526637000590e+00
8.906458280333156008e-01
2.923664611031628446e+00
3.845400737120495904e+00
4.080431449047496884e+00
3.882638223307384173e+00
2.924535070321529151e+00
6.699675413324504003e-01
-2.786939003073094057e+00
-6.219926237338698982e+00
-7.711208008033039185e+00
-5.882106620274178965e+00
-1.045208945609881646e+00
4.660971350092843579e+00
8.407155106052091043e+00
8.381941466326292556e+00
4.898900186187692185e+00
1.143753334558681445e-01
-3.442693392171855660e+00
-4.473621311122981226e+00
-3.518017988157095211e+00
-2.204314013469903522e+00
-1.798094454377950235e+00
-2.200296338733830570e+00
-2.153881537573082650e+00
-4.517631902008436562e-01
2.846522047532898725e+00
6.184099338438584503e+00
7.485864221038280419e+00
5.632228554179623536e+00
1.327940413126469377e+00
-3.280412263028628317e+00
-5.956881371539556547e+00
-5.727022974468335192e+00
-3.307904657774148216e+00
-4.146402806210435221e-01
1.452618821068996979e+00
1.845847261337805412e+00
1.329247562786083581e+00
7.747477062257662750e-01
6.584028849728418287e-01
8.927825585652129359e-01
1.188573105141566888e+00
1.477743100909910678e+00
1.937638600772140451e+00
2.593580665752799774e+00
2.934544253189571350e+00
2.028063353897930021e+00
-8.008415513250535245e-01
-5.203745370845358487e+00
-9.617955085183115926e+00
-1.194529068901118407e+01
-1.073859382387361983e+01
-6.107571991905382802e+00
2.870644631494756460e-01
6.145997294573395386e+00
9.716526664046423178e+00
1.047608909617514961e+01
8.975704474091463325e+00
6.150167773123014214e+00
2.735772619484465817e+00
-7.867089176428972985e-01
-3.860649608673831334e+00
-5.655786844375290556e+00
-5.393034636591713671e+00
-3.037127321838453131e+00
2.676445337383464018e-01
2.584046482661172206e+00
2.343412846312424413e+00
-4.672939945987051313e-01
-4.034015501164289752e+00
-5.743516452075023260e+00
-3.942888904008444495e+00
7.699106315643001741e-01
5.710400966291342861e+00
7.739013756360108687e+00
5.316919523289280747e+00
-4.132240736488024258e-01
-6.286671383690964454e+00
-9.087273283798385393e+00
-7.499560482351118829e+00
-2.751493541477091576e+00
2.400692312464614453e+00
5.541315305387546353e+00
5.981599317564924689e+00
4.773380211476589530e+00
3.515007192420406046e+00
2.976858303457459609e+00
2.617856144353592818e+00
1.298970672609652599e+00
-1.459477815398341871e+00
-4.744373981955380515e+00
-6.677670366882498598e+00
-5.720396813535339575e+00
-1.871554844856902378e+00
3.158735359972238754e+00
6.961265768109567986e+00
7.908671142596446657e+00
6.058995756232540941e+00
2.885749024769652671e+00
1.113923666123550760e-01
-1.446848093357889997e+00
-2.182240244565295750e+00
-3.014138822729086620e+00
-4.344091651004428734e+00
-5.538586531879926333e+00
-5.381212215688552014e+00
-3.147146614383135255e+00
5.694576227737537799e-01
3.992299081806145455e+00
5.260470335956717314e+00
3.733297828335334856e+00
5.383088858092266449e-01
-2.098612683876948992e+00
-2.335436101352749816e+00
2.902538910995677846e-03
3.252079036838783743e+00
5.006953973798770718e+00
3.767312429119252570e+00
8.214519439396106293e-03
-4.076102933067098810e+00
-6.011055539795482794e+00
-4.709572336770175838e+00
-1.242340495596686134e+00
1.830682610940171484e+00
2.153552499351847782e+00
-8.107251654357628956e-01
-5.313062236303340846e+00
-8.333475841216277047e+00
-7.457449646155672518e+00
-2.435516548085502553e+00
4.555519635022381664e+00
1.011646843912049398e+01
1.155478160740547544e+01
8.372021090917582953e+00
2.447740355725517514e+00
-3.123764695495396815e+00
-5.785315061342734211e+00
-4.806187033589692348e+00
-1.420449254344414713e+00
2.129643605458247713e+00
3.954123390170181551e+00
3.443549146616931012e+00
1.309086005665164087e+00
-1.117890840027247590e+00
-2.761741492514814489e+00
-3.296149162414122813e+00
-3.056550039266928032e+00
-2.587782467166480860e+00
-2.225737563635438399e+00
-1.980081491239896074e+00
-1.695006740963177272e+00
-1.262753130683465841e+00
-6.897018150983740270e-01
-5.153696090085535531e-03
8.320554310373219353e-01
1.882860508668018573e+00
3.052459817403355924e+00
3.969902594127740159e+00
4.098209122524893999e+00
3.066005094240767725e+00
9.976352319244439215e-01
-1.432925399113293974e+00
-3.320881019238366427e+00
-4.035861664641087643e+00
-3.565329608717104914e+00
-2.449460002631957956e+00
-1.361390779872641232e+00
-6.551055416691862199e-01
-2.225337661743076456e-01
2.521300224698409531e-01
8.813675166958603313e-01
1.382453877005345610e+00
1.301957903063730493e+00
4.938607099250934551e-01
-5.613748135876883705e-01
-9.298086089909620711e-01
1.503177295492672538e-01
2.615417772475132185e+00
5.408134555509454877e+00
6.997976738294154231e+00
6.300882613164578316e+00
3.392685581753102753e+00
-4.771277380280753988e-01
-3.594084012916852089e+00
-4.740252302718417354e+00
-3.783247185743535912e+00
-1.555650803845141761e+00
8.026535699049665018e-01
2.517831160024871728e+00
3.410361769257063358e+00
3.617081355573437129e+00
3.156508834524522022e+00
1.783690800040540037e+00
-7.039653205698704896e-01
-3.974932676244125496e+00
-6.964576354960332338e+00
-8.261359034653809275e+00
-6.916167329428533073e+00
-3.141312780713144903e+00
1.623493124979263236e+00
5.395087587957227981e+00
6.684401669272117985e+00
5.243530391592920559e+00
2.074876420292621759e+00
-1.249926111825717889e+00
-3.476638366279301451e+00
-4.197729315606245848e+00
-3.770332270195877911e+00
-2.814372047779659436e+00
-1.735115334598218650e+00
-6.118945329354171792e-01
5.501995187602980453e-01
1.511511563910587164e+00
1.766381000088514064e+00
8.709962043793587627e-01
-1.110752097953970008e+00
-3.420317343543019639e+00
-4.892170601913489847e+00
-4.590712889779263506e+00
-2.400050004959250138e+00
8.323202331245764807e-01
3.723803773279268814e+00
5.116824032488396234e+00
4.713351585647394870e+00
3.197332468898629543e+00
1.770094226911931301e+00
1.381299341239959677e+00
2.124839081422921439e+00
3.175229426708495950e+00
3.320381503268883261e+00
1.784872604062361034e+00
-1.156038433982055080e+00
-4.176329298849790206e+00
-5.572109197367916877e+00
-4.257682888404021426e+00
-5.047311808301851999e-01
4.049103355652012404e+00
7.186898530944559660e+00
7.276891668277224667e+00
4.143303160030400889e+00
-8.715354912835719947e-01
-5.677707449414036489e+00
-8.547311718819866400e+00
-8.873672926832551155e+00
-7.159628708191442037e+00
-4.366424333097471688e+00
-1.193495711246141511e+00
2.143935336067679831e+00
5.523468055928185905e+00
8.347461118538372915e+00
9.439777833984450695e+00
7.699971767287315139e+00
3.137484262086327469e+00
-2.555472030971885466e+00
-6.563197080021359930e+00
-6.535330737039485527e+00
-2.251866563722289438e+00
3.851420381455222586e+00
7.888321232752920409e+00
6.884126314769241972e+00
8.145180524237081165e-01
-7.106117900816671273e+00
-1.224311083189163618e+01
-1.140825220347992897e+01
-4.935030377364452825e+00
3.438013537460986591e+00
8.861616032861704184e+00
8.386001499259375436e+00
2.738339875504196996e+00
-4.262201326820048486e+00
-8.212720997547579671e+00
-6.872810780975978417e+00
-1.376990397907603025e+00
4.762612306395421768e+00
8.050984340348470880e+00
7.136119629249074947e+00
3.320956953839185211e+00
-6.866438732540098844e-01
-2.744546165190858034e+00
-2.559151671550478735e+00
-1.505903537160819372e+00
-1.312661551827106088e+00
-2.682196140385707306e+00
-4.840835128961175293e+00
-6.223711465457581582e+00
-5.671125895021442709e+00
-3.220296339515181572e+00
2.129844281972226305e-02
2.712072580593181570e+00
4.132718938294254407e+00
4.456157762584119553e+00
4.338723999559912059e+00
4.252283887116199423e+00
4.108046114027180451e+00
3.425568668287360730e+00
1.852768565205340057e+00
-4.026413820935461629e-01
-2.560067698595410501e+00
-3.668677547206908418e+00
-3.141998448019014401e+00
-1.096611191315792988e+00
1.664186991048152375e+00
3.968266030494355334e+00
4.730676400969334949e+00
3.390686264748046685e+00
2.093286619164711482e-01
-3.688636798022268071e+00
-6.633042787991583644e+00
-7.082309197971317971e+00
-4.427377139817133767e+00
4.989721137629135050e-01
5.606348071655844478e+00
8.487315649805289297e+00
7.687768119594751148e+00
3.573458478894604440e+00
-1.792873581332889543e+00
-5.772149990288300003e+00
-6.625582860524406925e+00
-4.438300908732708550e+00
-9.161384052033370029e-01
1.783667689397032241e+00
2.395095560725426509e+00
1.181142971638345696e+00
-4.921597776824055415e-01
-1.257751658120978000e+00
-6.998039153257942235e-01
4.978809853733063284e-01
1.232040382163956060e+00
9.070572494836315336e-01
-1.125029298164501174e-01
-8.409399157205027509e-01
-5.007146843599346031e-01
8.182329757556608962e-01
2.174136146399304081e+00
2.443207534069574471e+00
1.138292721042563738e+00
-1.216536998552538051e+00
-3.401561556145435095e+00
-4.257005134003557956e+00
-3.351938446501156132e+00
-1.155499800318101844e+00
1.322918331293980287e+00
3.118985892421769712e+00
3.744775026681892882e+00
3.273775552534080369e+00
2.144890292241695029e+00
8.825220565442004617e-01
-1.131160631179619624e-01
-6.670760745032073835e-01
-8.454318744000113295e-01
-8.897388470711363739e-01
-1.053553983176726438e+00
-1.380618604785854409e+00
-1.568367498421519901e+00
-1.086636763209027023e+00
4.236296403338766225e-01
2.699025063554377102e+00
4.727306211199540087e+00
5.186321556728827886e+00
3.290771234076520280e+00
-4.959479759545637467e-01
-4.467492691079701039e+00
-6.560715998038627816e+00
-5.649940423265354283e+00
-2.390460713695008899e+00
1.046685078937695579e+00
2.291607986627279825e+00
3.352206997787985365e-01
-3.713835074981131967e+00
-7.230856783310659175e+00
-7.687892159866612118e+00
-4.241760679155144764e+00
1.723155887180959134e+00
7.411413401817029012e+00
1.021555170475130225e+01
9.068376322143194557e+00
4.785717470206344082e+00
-6.275770195470189439e-01
-5.095091207021638979e+00
-7.285215793866877121e+00
-6.808709378822760172e+00
-4.000022251229611747e+00
3.168567573449482255e-01
4.905510536610544925e+00
8.229211340621571225e+00
8.887575267190317874e+00
6.358926772467078159e+00
1.585044105454871843e+00
-3.192472247003351971e+00
-5.519773617798852783e+00
-4.205859576741311834e+00
-2.043066275357702244e-01
3.824513412097787057e+00
5.131840581578301475e+00
2.665093468604302629e+00
-2.205269012640121318e+00
-6.564389717767215693e+00
-7.870021608950569458e+00
-5.594203675604797255e+00
-1.461858711732218818e+00
1.841888535387324444e+00
2.539185097838311478e+00
8.704195808358077269e-01
-1.285669620021938631e+00
-1.913467990582083278e+00
-3.337849713125889961e-01
2.398669326445445282e+00
4.362123506417457719e+00
4.158929144123650445e+00
1.791709454220888009e+00
-1.513987605121220659e+00
-4.235689676243490354e+00
-5.426313442539710152e+00
-4.933709442560868297e+00
-3.026777619615764525e+00
7.209312636150100317e-03
3.815283130299668812e+00
7.571620238498186772e+00
9.798220201602093837e+00
8.918548014066601581e+00
4.391044021501793182e+00
-2.412709554616368379e+00
-8.476745317684276415e+00
-1.070336153915136279e+01
-7.879748748018751137e+00
-1.662477649290208026e+00
4.272937894545382420e+00
6.504370609064273445e+00
4.061671907877228094e+00
-9.915282834094258924e-01
-5.039311343302710355e+00
-5.430513468815828304e+00
-2.243928135568830307e+00
1.941395733688604741e+00
4.048849442832217704e+00
2.760881822206616043e+00
-6.434582864302782479e-01
-3.438737766178955546e+00
-3.639845094422605953e+00
-1.500375215635262549e+00
8.378094018224212514e-01
1.239235719093717991e+00
-5.221893404279711604e-01
-2.423284134896176667e+00
-1.779992645824684194e+00
2.404618407103169098e+00
8.180335389818486291e+00
1.159923736524077498e+01
9.373437149748250263e+00
1.415011962408093904e+00
-8.602501116271595194e+00
-1.520986336291872121e+01
-1.444594501991284119e+01
-6.368490955730520930e+00
4.857956795534967398e+00
1.335013826218772692e+01
1.485861841909419034e+01
9.044249411034215314e+00
-5.835601523686758663e-01
-8.843608929452475564e+00
-1.175152656943863505e+01
-8.436155866055379704e+00
-1.209492929302489417e+00
5.977843679115271591e+00
9.666694142734192141e+00
8.472393693298915451e+00
3.466895450615023577e+00
-2.620858424072115334e+00
-6.858936645868333848e+00
-7.505085135844011823e+00
-4.730163980732994489e+00
-3.798710363427666437e-01
3.090548531671168497e+00
3.968219688771370102e+00
2.189306588738141102e+00
-7.407486365927069549e-01
-2.799645552213015254e+00
-2.828021292955604338e+00
-1.311814288982012133e+00
1.905502328142372193e-02
-4.436253303134443660e-01
-2.811962388585582673e+00
-5.375652763158687897e+00
-5.692432989637167928e+00
-2.422258758254696609e+00
3.406038823979066876e+00
8.717048917883236214e+00
1.023966661681975410e+01
6.700885580994075497e+00
-1.577641285134497862e-01
-6.513225735943797723e+00
-8.783310961073823364e+00
-5.809620856084907636e+00
5.314570236861546615e-01
6.629823149943110394e+00
9.399810747980879455e+00
7.967798966460079235e+00
3.782524119035793220e+00
-6.866390513549088803e-01
-3.568558397341169197e+00
-4.396967922795470329e+00
-3.766369632221020503e+00
-2.421327077577544173e+00
-6.807640771880489883e-01
1.379170012390331657e+00
3.353635470949234865e+00
4.306377857440336854e+00
3.330268760245626236e+00
4.792674799983387413e-01
-2.811114735512185714e+00
-4.403082207800924408e+00
-2.924632195224708742e+00
1.051430423411773285e+00
5.137920901355128578e+00
6.662255964052954837e+00
4.564805007480275734e+00
2.371352965267532475e-01
-3.421358867018066352e+00
-4.114418315172857277e+00
-1.869504399222394309e+00
9.715390308741040926e-01
1.556981177150311479e+00
-1.196729080727838568e+00
-5.599520454231750044e+00
-8.294640920512680538e+00
-6.730634710919596309e+00
-1.180196912239307228e+00
5.233450378937625658e+00
8.593528410065530920e+00
6.876302119196242124e+00
1.332669177248670955e+00
-4.422027444723944711e+00
-6.927974286553846284e+00
-5.182188387683055453e+00
-1.106183994503558976e+00
2.052598250990885997e+00
2.122306591024636369e+00
-5.560880261311423878e-01
-3.609948886212694497e+00
-4.528745225204096059e+00
-2.477477780052596668e+00
1.274431835793770729e+00
4.472440894240507170e+00
5.546170399482988955e+00
4.531173641184461864e+00
2.667300666714076396e+00
1.193151619612819347e+00
4.282629666121104961e-01
-1.367490622269580403e-01
-9.667190309142061899e-01
-1.742567062103478115e+00
-1.527701654894729533e+00
2.378468550668806358e-01
2.810381271819239135e+00
4.238637761298181594e+00
2.643972072752233338e+00
-2.183531483098231973e+00
-8.150827668317226937e+00
-1.186606689411375370e+01
-1.075292550330353514e+01
-4.849658052108583028e+00
3.010479021528151833e+00
8.847039812629578392e+00
9.938498504916273291e+00
6.386283146475906669e+00
8.366275478958902223e-01
-3.358927164946654997e+00
-4.233469473576467301e+00
-2.168744351475160315e+00
7.596118340984788775e-01
2.409884732722363587e+00
1.958133122335588006e+00
1.598214687201724993e-01
-1.486355044565699890e+00
-1.897006917699262107e+00
-1.028612764224279941e+00
3.416083867640244409e-01
1.319461781654178933e+00
1.457153381288682548e+00
8.219574174626813612e-01
-2.910553458546377703e-01
-1.600231404710127592e+00
-2.793571218066135398e+00
-3.346021108081495221e+00
-2.554670550016116870e+00
3.539794318191669120e-02
4.064580976603681783e+00
8.165325567146526353e+00
1.047578706486554800e+01
9.665100400212221388e+00
5.812665935385946447e+00
4.906178464316210963e-01
-4.082033839914448237e+00
-6.285385011089207552e+00
-5.920774329201901054e+00
-4.089094574944693861e+00
-2.283101585702628000e+00
-1.389089770556199088e+00
-1.291910435199508322e+00
-1.263981322801215779e+00
-7.156584727671843060e-01
3.357788980127781597e-01
1.411310856342268050e+00
2.108253474619249612e+00
2.484936766960092136e+00
2.916293790831883559e+00
3.552873451848943986e+00
3.914481544046079176e+00
3.079525863326411539e+00
4.279924995723543013e-01
-3.627417712226772117e+00
-7.575864389075992023e+00
-9.599602411257462720e+00
-8.736199866912302880e+00
-5.573367066397171499e+00
-1.919000842545857122e+00
3.756836175041922687e-01
6.205625541092596453e-01
-3.491305345413995842e-01
-9.127455737775098665e-01
4.287614645618004205e-02
2.243658831739540283e+00
4.223481469841381397e+00
4.453199124748542737e+00
2.558940573034027999e+00
-2.924723261902655302e-01
-2.154539980804132782e+00
-1.676691040971870272e+00
8.970512516195170427e-01
3.836851895256506939e+00
5.085688936313724540e+00
3.666355391285249343e+00
3.636969747514366968e-01
-2.782200797760276068e+00
-3.819506434148830287e+00
-2.159429606692266468e+00
1.049267718725664267e+00
3.659041976768483195e+00
3.866341080814682307e+00
1.299054081641710212e+00
-2.795664097822923466e+00
-6.314789400976297706e+00
-7.499239543630155325e+00
-5.853246412985954272e+00
-2.301087247010902725e+00
1.424980350936886353e+00
3.755713762849952619e+00
4.064430613798493575e+00
2.869053015766944714e+00
1.409085888573173406e+00
8.728516271927594383e-01
1.707695878315662164e+00
3.380377963154737930e+00
4.708306136062607727e+00
4.573985989124775386e+00
2.618560431608608408e+00
-4.917615365821280671e-01
-3.399519778656040714e+00
-4.810265224420371410e+00
-4.221332163308220586e+00
-2.178049373830940549e+00
1.026861207746772586e-01
1.497005663917279961e+00
1.627641625421773597e+00
9.849933288685329691e-01
4.625434876449316945e-01
6.599867386696063321e-01
1.461447213783604537e+00
2.182135477632039411e+00
2.148318664811056600e+00
1.250279084666499285e+00
3.309378523023265295e-02
-7.485040088680150472e-01
-7.598527115070118354e-01
-3.900352749710141453e-01
-4.587272062055737232e-01
-1.521969907405036571e+00
-3.310048963686250012e+00
-4.768628152680811638e+00
-4.739693351846108627e+00
-2.826344775132781262e+00
1.924620794833937221e-01
2.744734848995311616e+00
3.435021174181824843e+00
1.959395692873336037e+00
-6.628698064132318990e-01
-2.714871926621576392e+00
-2.859700184713432236e+00
-9.659050410215328508e-01
1.841606076627281263e+00
3.904877462274070510e+00
4.035691740731519594e+00
2.166133090938747952e+00
-7.029005841050683934e-01
-3.133191384341086128e+00
-4.010816854967767853e+00
-2.998969966068788739e+00
-5.270173788864660480e-01
2.528322642489027050e+00
5.197992700903141028e+00
6.653836366124020074e+00
6.351863282373575892e+00
4.190931906793428752e+00
6.880085752523443787e-01
-2.992378571347065641e+00
-5.349058619046004992e+00
-5.202650341144723356e+00
-2.410788194450568689e+00
1.820492344976316623e+00
5.349611289826965432e+00
6.140648591869813266e+00
3.400102973623971181e+00
-1.870429735884505673e+00
-7.300017730273565597e+00
-1.037504204852108458e+01
-9.784908089989627911e+00
-6.101290088582020488e+00
-1.387622440389774781e+00
2.024393762665507523e+00
2.855692838697837743e+00
1.517276765054067722e+00
-2.846300403624550945e-01
-6.922455049751353728e-01
1.131171636906733724e+00
4.499813964983648162e+00
7.633553402832045975e+00
8.706382000380429531e+00
6.865628791981404966e+00
2.648795963006081777e+00
-2.368316732532139479e+00
-6.403704031113035100e+00
-8.271540434000263176e+00
-7.756764706729240011e+00
-5.483402790516735514e+00
-2.486502287180690551e+00
2.207493141768093192e-01
1.916854990180004048e+00
2.290256164254288240e+00
1.491414987097261280e+00
1.341793229788972308e-01
-8.445502144781414922e-01
-5.515362072997189724e-01
1.349884435118164472e+00
4.265357717781276925e+00
6.762172971560317158e+00
7.231962316265609481e+00
4.834748447599678478e+00
1.534236328360956136e-01
-4.933701905416724820e+00
-8.198941703405104420e+00
-8.308140520059920320e+00
-5.575341501024094093e+00
-1.707675497022483224e+00
1.323210190350067261e+00
2.534780763167699735e+00
2.446732599030069899e+00
2.488221232108375869e+00
3.726625740924532248e+00
5.865072165347191557e+00
7.300526679907390459e+00
6.277113962899797173e+00
2.337046722587363234e+00
-3.019711289055335257e+00
-7.054342544422120831e+00
-7.500855545706361482e+00
-4.128462375819726304e+00
9.612982866476089683e-01
4.588916897129198702e+00
4.517359569276416131e+00
8.960151748064615340e-01
-3.848909571682392006e+00
-6.608081215801507646e+00
-5.597054614574274112e+00
-1.449874111022100065e+00
3.280611496668065286e+00
5.808609763666804149e+00
4.821863674088838536e+00
1.116214912374193347e+00
-3.132674917349596466e+00
-5.827563020513016667e+00
-6.106774020953910309e+00
-4.519169255161543219e+00
-2.303454412144057439e+00
-4.475647320015894159e-01
7.840894874847605944e-01
1.656513364131844135e+00
2.448729683292278470e+00
3.131676033368858469e+00
3.469405661657264162e+00
3.339906853087400318e+00
2.889125130169148292e+00
2.345656745608383886e+00
1.708940535676287453e+00
6.961861555003738822e-01
-8.973457673165387005e-01
-2.713102353782531395e+00
-3.743172318450555203e+00
-2.919337727900238377e+00
-6.283637461179214512e-02
3.565565983293048191e+00
5.736553448962022017e+00
4.644876772061291348e+00
3.314515979224599285e-01
-4.968440214334142624e+00
-8.014563511904764681e+00
-6.648034250190019812e+00
-1.372090017365273695e+00
4.763131516406708066e+00
8.037131718885973442e+00
6.491585833092452518e+00
1.237690665850874616e+00
-4.317554225242110633e+00
-6.825495297020312435e+00
-5.282067195990119757e+00
-1.615013740132500430e+00
8.528773414411678910e-01
-5.051473614662360667e-02
-3.657035338653210843e+00
-6.884800128003108810e+00
-6.504390432590616555e+00
-1.614490444726311758e+00
5.482419578483426648e+00
1.067968595752987326e+01
1.078848656952549234e+01
5.683468128714915579e+00
-1.614923319588114525e+00
-6.950214428522247800e+00
-7.712532467973992389e+00
-4.360323276394077574e+00
1.775888482896825771e-01
2.681733169654448190e+00
1.823739442822104095e+00
-1.118714405016045133e+00
-3.373295698021921751e+00
-2.705505934993385431e+00
1.068620132287337210e+00
6.038742055289266553e+00
9.500406442841271115e+00
9.616847545671014075e+00
6.369333691852025581e+00
1.343575823316767170e+00
-3.305050715997789101e+00
-5.956580897616696291e+00
-6.110682517289909299e+00
-4.329334041016841716e+00
-1.787940098364518393e+00
2.577919897069221866e-01
9.327508494224583391e-01
8.488954133059384288e-02
-1.583005397164453765e+00
-2.760073114849369347e+00
-2.212573251712290023e+00
3.588660344082883480e-01
3.854473646156494127e+00
6.196862188411649264e+00
5.593533996238534201e+00
1.906287395676790730e+00
-2.890484188722107106e+00
-5.712364066005161334e+00
-4.368142636152413161e+00
7.457887189614332835e-01
6.557002858627623887e+00
9.128548090341721988e+00
6.300205635446204155e+00
-6.442531534899749168e-01
-7.566584183953357190e+00
-1.009112798811361245e+01
-6.550128212129307848e+00
7.857087543311600530e-01
7.127499869721961367e+00
8.343744020940164319e+00
3.732996615010479857e+00
-3.527307821194201054e+00
-8.571495226700566405e+00
-8.146358950337674543e+00
-2.728289877408399455e+00
3.971316075317139038e+00
7.675668740625656739e+00
6.437972614544753114e+00
1.734607364742092983e+00
-2.896021359912289483e+00
-4.532261189861245043e+00
-2.846024791661094344e+00
4.137651946044651474e-03
1.317993099961959125e+00
2.761164564339750604e-02
-2.590117103000133092e+00
-4.135464048640915991e+00
-3.174512004190524372e+00
-4.662811977883125625e-01
1.677724959337006272e+00
1.384364404369638368e+00
-1.073668493892965037e+00
-3.304693100189060040e+00
-2.649690782180314841e+00
1.536795933425614935e+00
7.008437704225610076e+00
9.985910533354976693e+00
7.878813772846148922e+00
1.376639119063079342e+00
-5.728549571540272112e+00
-9.004102424672318250e+00
-6.435251858601417574e+00
1.180360063303653728e-01
6.163468318465072038e+00
7.680251319201655491e+00
3.885543798663573689e+00
-2.313819629655503807e+00
-6.500695134773835093e+00
-5.972965301093772439e+00
-1.671152534263810940e+00
2.593766318998330433e+00
3.050181088580726119e+00
-1.113978810064444103e+00
-6.978336852842902616e+00
-9.888273612618316832e+00
-6.846389266198574575e+00
1.117677438274125024e+00
9.341084657342380027e+00
1.251178723771723789e+01
8.252361550927554745e+00
-1.138659720315576385e+00
-1.000719212528044721e+01
-1.289243511241679663e+01
-7.987591255715123850e+00
1.731421636117685292e+00
1.040538835416612429e+01
1.295162900597832056e+01
8.132369725962256268e+00
-8.578261543304531722e-01
-8.534261696830876431e+00
-1.053091743406096903e+01
-6.117354207478324035e+00
1.643021996417710184e+00
8.011466702706158571e+00
9.509080590307057435e+00
5.837855406366194266e+00
-2.663836564453073708e-01
-4.959207200311334773e+00
-5.663366959302492454e+00
-2.435556151657827684e+00
2.375190020465187679e+00
5.778190248352759184e+00
5.964301337276358694e+00
3.194288943803015535e+00
-6.611020229527263536e-01
-3.477602040564593988e+00
-4.186188920970820959e+00
-3.231178222370162167e+00
-1.997193217383370412e+00
-1.695637941948918037e+00
-2.497893641633353479e+00
-3.471041345789468657e+00
-3.302187495876604650e+00
-1.278748626814184775e+00
2.145567322466567894e+00
5.561375444963140069e+00
7.427075138522930331e+00
6.953838096925390566e+00
4.497219034152084127e+00
1.258244122914086827e+00
-1.446767593665933438e+00
-2.846351480181690263e+00
-2.920676854688892377e+00
-2.134473980948210503e+00
-1.002154860792094482e+00
1.540308384192578539e-01
1.125517392485960499e+00
1.605222431670047634e+00
1.155867752105428803e+00
-4.980963303442581536e-01
-3.045328574875792338e+00
-5.430532288325358614e+00
-6.247908579781178418e+00
-4.566809482858145586e+00
-6.784271765515657027e-01
3.809680018002712387e+00
6.733164781388525810e+00
6.604023846763888983e+00
3.551993682445143463e+00
-6.742661428407765722e-01
-3.713304234201580734e+00
-4.001749414312604891e+00
-1.693042641781961066e+00
1.509954689562995167e+00
3.491355614570856858e+00
3.070809265063941140e+00
6.779791351460489057e-01
-2.063147125418727690e+00
-3.512040494270799673e+00
-3.118616890315035750e+00
-1.703375834983333670e+00
-7.483108618455853733e-01
-1.226614765592244360e+00
-2.809522738421522003e+00
-4.015895527097307571e+00
-3.216089690427780035e+00
1.800275980683072596e-01
5.143599574009851239e+00
9.449081454892182208e+00
1.085407549034097130e+01
8.336211665738694876e+00
2.682014323046104209e+00
-3.868130873921060253e+00
-8.678957394919530444e+00
-9.904367566784562982e+00
-7.231144685015082452e+00
-1.907550536745324266e+00
3.860551087332606102e+00
7.826290459982448766e+00
8.558020130942097126e+00
5.943999327527312637e+00
1.193222304229204056e+00
-3.665755857750003344e+00
-6.624019382116007826e+00
-6.558322609791678914e+00
-3.748851797110790418e+00
2.285215212408538976e-01
3.243838533054803186e+00
3.666442013926213050e+00
1.204475001765077380e+00
-2.923672220486831286e+00
-6.600234754340569054e+00
-7.888652070472707223e+00
-6.009585654894110895e+00
-1.702248811431116504e+00
3.188381883309871156e+00
6.635429618756480963e+00
7.357027517652254822e+00
