-1.001221720495875545e+01
-6.720153929464403042e+00
-1.666202377445976435e+00
2.922798054317132355e+00
4.863044918485734947e+00
3.246064900078792004e+00
-8.715417553501458858e-01
-4.869018199881302245e+00
-5.960526260276873600e+00
-2.833460906613106900e+00
3.466454162249486437e+00
9.998123372702229616e+00
1.352076462569999293e+01
1.229396935866568263e+01
7.006584319707663155e+00
2.888345172702875274e-01
-4.861129388105180915e+00
-6.743445636378805119e+00
-5.701285529672174057e+00
-3.555374013804253330e+00
-2.194860327658548549e+00
-2.311987487400231522e+00
-3.117906618148208686e+00
-3.170228834904448068e+00
-1.665881127956853724e+00
7.647066888566883547e-01
2.369077904123614076e+00
1.511064466778048843e+00
-2.017054612345013709e+00
-6.555818101878630344e+00
-9.398911185338453933e+00
-8.412039844538877986e+00
-3.428854716569848193e+00
3.490440040778859387e+00
9.140379344450401788e+00
1.094484037412783906e+01
8.347696495459896227e+00
3.002797744794676316e+00
-2.287971198760432756e+00
-5.178603229110509965e+00
-4.942004431927439434e+00
-2.565755539108804495e+00
1.352664958765831260e-01
1.722783592419501630e+00
1.889440845048782514e+00
1.386143372866208257e+00
1.309851082878059181e+00
2.295635136646686725e+00
4.113698141780413486e+00
5.832179494666163144e+00
6.348010278622629343e+00
4.940425669991959090e+00
1.594877163610394888e+00
-2.965865747295158172e+00
-7.485754501171188124e+00
-1.054675591261977630e+01
-1.105359600698664657e+01
-8.720741222692158345e+00
-4.340883119249726363e+00
4.097715138773208032e-01
3.690123830695802631e+00
4.451795658213851148e+00
3.079183034041671707e+00
1.220518144858353971e+00
7.766833287536460961e-01
2.608611071951352223e+00
5.823877684988448600e+00
8.220752185534953682e+00
7.715976460410950644e+00
3.852834121001981416e+00
-1.674893765264948930e+00
-5.951204788473388518e+00
-6.689882936501656552e+00
-3.777488815619278739e+00
5.958121287265869537e-01
3.385611601908139257e+00
2.774087848263926848e+00
-5.639255899405029027e-01
-3.936745057218794752e+00
-4.568969184951654050e+00
-1.650103818785866761e+00
2.972526016373238988e+00
5.999943438222572922e+00
4.980927304250876375e+00
9.181719137949984066e-02
-5.883071913422607047e+00
-9.391436517732048017e+00
-8.499856044168739189e+00
-4.155263933215981531e+00
5.579366255411373210e-01
2.621052067031524935e+00
1.168736764556942864e+00
-2.013996089659876532e+00
-3.904216344600420996e+00
-2.509436915344085861e+00
1.659329657733072505e+00
5.961390032592184696e+00
7.549208947343059251e+00
5.427694416383689102e+00
1.158632573091625817e+00
-2.283323225509074739e+00
-2.659481518521592314e+00
-6.743240205125555775e-02
3.147430388015064029e+00
4.094165335537618411e+00
1.442370416031954372e+00
-3.536407563015063982e+00
-7.695183234630720293e+00
-7.995261867302128067e+00
-3.428067879636142123e+00
4.328696617533275948e+00
1.183834249457680343e+01
1.573714154798476272e+01
1.434525072801250190e+01
8.239443008948084568e+00
-2.946792906656510169e-01
-8.404852905589597967e+00
-1.375003406375942028e+01
-1.513590615879678758e+01
-1.268647609472546911e+01
-7.679280144870709535e+00
-2.108548500043070373e+00
2.017538260524687654e+00
3.514318557534088061e+00
2.623875012379249583e+00
9.393179773618093309e-01
5.014727847644496750e-01
2.480605692714264343e+00
6.274058793198514117e+00
9.723995655377473568e+00
1.045797770951325489e+01
7.524879228995747127e+00
2.173088223641369332e+00
-2.874089098713065393e+00
-5.235359097833423903e+00
-4.518420476625012228e+00
-2.562474663334405101e+00
-2.010653188316614770e+00
-4.196359178801174039e+00
-7.923664862105217921e+00
-1.015643291435333140e+01
-8.246861246287735980e+00
-2.126086044754771365e+00
5.221757239910888693e+00
9.521235266244712392e+00
8.091437525366030670e+00
1.833451352054765948e+00
-5.174274122296505851e+00
-8.313926972161686635e+00
-5.528006119083245906e+00
1.282578969272118785e+00
7.569610370996917581e+00
9.260668722754353155e+00
5.507621635547038430e+00
-8.589391338045002655e-01
-5.445179556194871040e+00
-5.420096882254247461e+00
-1.396616800244752543e+00
3.243560273539078054e+00
5.006543262650993142e+00
2.909094044114227895e+00
-8.867337321215134072e-01
-2.874185314770915767e+00
-1.052715286987190968e+00
3.352491086370616546e+00
6.653430158420057694e+00
5.448516457059426443e+00
-6.401441067779778393e-01
-8.288476489078540510e+00
-1.244988714087441117e+01
-9.692498866038787853e+00
-6.113399521674192094e-01
1.034098033168847763e+01
1.749180232920605960e+01
1.729138791759909566e+01
1.020649802925974292e+01
8.435740192616281163e-02
-8.374511804168299989e+00
-1.225036377216129857e+01
-1.151682165244622347e+01
-8.223294153885076341e+00
-4.665326175447874313e+00
-1.963709129500918138e+00
8.978726904608358428e-02
2.138944960830637676e+00
4.273599838599090539e+00
5.789096776356106311e+00
5.792143009836167700e+00
4.029243066015349761e+00
1.189820317890529999e+00
-1.554697716150629017e+00
-3.350780039932884868e+00
-4.122647543675371118e+00
-4.351865201721484055e+00
-4.443538077277398024e+00
-4.287952233963060245e+00
-3.419050380332688821e+00
-1.611008194919052894e+00
6.607102966414362122e-01
2.369372911508177637e+00
2.640966145143836652e+00
1.446790311997441236e+00
-3.160231871747188892e-01
-1.468352022957283287e+00
-1.418680927463937369e+00
-5.489437146593001415e-01
2.046445711521434896e-01
2.173984804243785929e-01
-2.676115793677016352e-01
-4.054465734578456271e-01
3.618159624444622913e-01
1.581947333450421045e+00
1.963451680752315465e+00
4.483711917863271168e-01
-2.627330764231182059e+00
-5.323915693560177687e+00
-5.236876306184695906e+00
-1.311469706325044005e+00
5.008656904765004469e+00
1.031268916941715652e+01
1.127685649470704377e+01
6.907966334760043736e+00
-6.271954241309358746e-01
-7.274558533083956391e+00
-9.668974580314817047e+00
-7.243146462633477611e+00
-2.390302686187809389e+00
1.414283483869400282e+00
2.149457988086319826e+00
5.824113927539240620e-01
-5.618739063493112251e-01
1.060001697515838393e+00
5.356012334874431957e+00
9.624211196062253393e+00
1.044761393090699997e+01
6.281622328970475344e+00
-1.199397876154557174e+00
-8.047764376857424296e+00
-1.065394511475299311e+01
-8.163417225220268136e+00
-2.963275301431021358e+00
1.102554008217019987e+00
1.491176284658314533e+00
-1.292412227930031854e+00
-4.186849772797237357e+00
-3.903107957131550343e+00
6.166496046460629987e-01
7.366251968237199854e+00
1.261786637127086586e+01
1.343219705851191748e+01
9.549200652655663646e+00
3.390378680164802816e+00
-1.711975603843912008e+00
-3.722534562094885757e+00
-3.008652558029794477e+00
-1.694298367207675016e+00
-1.885074866958007966e+00
-4.113453302581826954e+00
-7.066871959919559743e+00
-8.657256296559674880e+00
-7.548503790156878779e+00
-4.037842368226890244e+00
2.365738049230197149e-01
3.417969886989555839e+00
4.525587777662529732e+00
3.820319365223454167e+00
2.353105566830732798e+00
1.166540210897527574e+00
7.359491612635553626e-01
9.160886923008473293e-01
1.237431821414005650e+00
1.218465869238807509e+00
5.063096116244385492e-01
-1.084598566678562026e+00
-3.472862976398371160e+00
-6.137790200550384156e+00
-8.078278591441501177e+00
-8.128023492070187928e+00
-5.596453600395978611e+00
-8.656955848666409992e-01
4.533521271739565428e+00
8.562895367762763499e+00
9.725804461704459669e+00
7.870479274486628540e+00
4.203817601497347844e+00
4.975244641024194614e-01
-1.967752668026836904e+00
-2.998955851582574716e+00
-3.262126243921336766e+00
-3.485341365166181760e+00
-3.762200727104325626e+00
-3.510483875838293688e+00
-2.091807254993277354e+00
4.494227591636038022e-01
3.177765501749720833e+00
4.815565176666356528e+00
4.651480912435774329e+00
3.087740370428913472e+00
1.354876637122702121e+00
5.685398667965970709e-01
8.445990989780423064e-01
1.188726900877603576e+00
3.072356183020812370e-01
-2.235062604080332083e+00
-5.403027011336818397e+00
-7.168355389047853521e+00
-5.833194254023636560e+00
-1.307584615550760887e+00
4.578888084463525132e+00
9.015076142534677928e+00
9.824342131044303983e+00
6.717792871646590669e+00
1.389569883640826120e+00
-3.560837838715558146e+00
-6.132569266722578405e+00
-5.885255003696659770e+00
-3.831136831365692164e+00
-1.486956046726052527e+00
1.576600841652086027e-01
1.049049694949452549e+00
1.690706019089137868e+00
2.412070918760442773e+00
2.935526903324387593e+00
2.591602819901609678e+00
9.765470209664250945e-01
-1.524544353173305611e+00
-3.827836433817697781e+00
-4.846196555834688446e+00
-4.283856564598519157e+00
-2.902383174696788082e+00
-1.992809520849707194e+00
-2.381569108559473236e+00
-3.685807582917911773e+00
-4.416095741259713492e+00
-2.956560089352350484e+00
1.184248162675003879e+00
6.715323358266431342e+00
1.103507449131649487e+01
1.165016651134832770e+01
7.711173035805718001e+00
6.963020212800343778e-01
-6.241919783403777622e+00
-9.937907707696226112e+00
-8.921853844014190571e+00
-4.171831963913803953e+00
1.519299175977811611e+00
5.157124201429235555e+00
5.165764700242684526e+00
2.085531733388680919e+00
-1.974653900424703012e+00
-4.688892579503653124e+00
-4.795076441656183519e+00
-2.575767259473822346e+00
6.066747844502973219e-01
3.265259397014611764e+00
4.556214243674321374e+00
4.442955523925299133e+00
3.341050925218095102e+00
1.677967392484439824e+00
-2.463323299903495689e-01
-2.074438158639630991e+00
-3.205175501491012824e+00
-2.950853846417415660e+00
-1.049557286522229571e+00
1.862774968803450726e+00
4.322461100606363793e+00
4.807210088727211783e+00
2.787422421491577040e+00
-7.044502179174897405e-01
-3.535725075545621099e+00
-3.815379370602493214e+00
-1.260853479145368494e+00
2.419265369524674192e+00
4.541873575970733157e+00
3.294482057609611658e+00
-8.428610321847743725e-01
-5.182492294597270899e+00
-6.522883430833497087e+00
-3.399870512455181348e+00
2.656360729116566066e+00
7.842066996752090624e+00
8.451153096621521144e+00
3.395413956501728947e+00
-4.830817241509752336e+00
-1.148656175253970346e+01
-1.245506427218023049e+01
-6.836972692061120682e+00
2.409842869496082507e+00
1.021381877791377590e+01
1.241749173894963043e+01
8.189203290131317203e+00
3.555381329299232007e-01
-6.454882646900508725e+00
-8.606909800943791211e+00
-5.450638118240311414e+00
6.065406241828282807e-01
5.801343095252157411e+00
7.296480213744452215e+00
4.647441098212626187e+00
-2.774088642836369800e-01
-4.650001527311395044e+00
-6.351567196693581607e+00
-4.991271081013568534e+00
-1.848970757375945961e+00
1.026177347806993101e+00
1.954764323966273754e+00
4.280936141428821617e-01
-2.717549236192295048e+00
-5.731931401559127615e+00
-6.766144584329616407e+00
-4.756927521041038887e+00
-3.147766525796447112e-02
5.671762769869545195e+00
9.882761338746096413e+00
1.056133050552333330e+01
7.189031358325353338e+00
1.155389893309684446e+00
-4.883490781254639757e+00
-8.397708216385517233e+00
-8.336329598721729184e+00
-5.600319681069846567e+00
-2.316250223333355507e+00
-3.758921352911455127e-01
-2.198597655065291923e-01
-6.967164798287470706e-01
-8.635774924245942508e-02
2.456272071551107494e+00
6.102258081336265683e+00
8.813077060576615551e+00
8.770264774246157913e+00
5.743490524478033876e+00
1.373475655208292956e+00
-1.893919799801855319e+00
-2.502331702504798194e+00
-8.956121108131693820e-01
7.917447632810779012e-01
3.015549303822595562e-01
-3.003920286292374175e+00
-7.473219478318271491e+00
-1.011004884340353804e+01
-8.553581031825284953e+00
-2.777970459377065993e+00
4.651951228587708265e+00
9.986480472448423740e+00
1.048341080236565048e+01
6.006753985168836074e+00
-9.450474997134089561e-01
-6.741789510124558404e+00
-8.673173437179690026e+00
-6.300223550374814074e+00
-1.386786212666887952e+00
3.383770283542496315e+00
6.000657853850928980e+00
6.057085043677943759e+00
4.587393907687624228e+00
3.099192929136354469e+00
2.525294751039283359e+00
2.744160882051058348e+00
2.860715626907451181e+00
1.947091029078417801e+00
-2.805797175097892726e-01
-3.246844199859783231e+00
-5.830421473949204625e+00
-6.971754231203980190e+00
-6.223240415972731476e+00
-3.972098215603548255e+00
-1.253462412118683478e+00
7.419789235033805719e-01
1.240199502172268708e+00
2.763945514462642361e-01
-1.291538454728273333e+00
-2.196288461826606309e+00
-1.441643762237227344e+00
1.082225972964036220e+00
4.405478247888903631e+00
6.879611695928861792e+00
7.017290563080928578e+00
4.328478857239132616e+00
-3.380937215668212703e-01
-5.180465110156254660e+00
-8.356823569549346686e+00
-8.894499747285099289e+00
-7.058558831249054144e+00
-3.990796217638787446e+00
-9.053393344690023881e-01
1.593208341781341186e+00
3.618959714246352100e+00
5.526590410516610596e+00
7.275600156107675964e+00
8.191028880893231445e+00
7.373335965634830735e+00
4.491856929341278004e+00
3.457968580577475137e-01
-3.322636737647176375e+00
-4.764435900622593145e+00
-3.336826008914158592e+00
-1.402305984187196541e-02
3.134078020000355291e+00
4.227916869966113822e+00
2.796988555246338048e+00
8.674826832218407446e-02
-1.803006652158578582e+00
-1.399029916135380081e+00
1.056280902846464809e+00
3.689352408840173680e+00
4.243924842629658301e+00
1.666603257728521914e+00
-3.063982496437553049e+00
-7.465985393063139242e+00
-9.116098794390966376e+00
-7.198931681625235335e+00
-2.995026139804226606e+00
1.015343351463229071e+00
2.802776026152190791e+00
2.053377423141016234e+00
1.974803873057512371e-01
-7.655758525269988901e-01
2.286781446497788139e-01
2.558574559824321693e+00
4.430489208637595766e+00
4.249168964582331398e+00
1.828605640636202789e+00
-1.432167248005294935e+00
-3.515844318365473065e+00
-3.178980110016792260e+00
-7.700045768819339109e-01
2.078907938570003999e+00
3.612336498549448383e+00
3.102333504777384565e+00
1.193104641222058060e+00
-7.205687606824595637e-01
-1.537383091346969266e+00
-1.125676770130163318e+00
-2.024153665549892622e-01
3.669712536334479580e-01
2.181422682490564702e-01
-4.145126913265238522e-01
-1.129498620493610828e+00
-1.836993558811330640e+00
-2.796500936936073156e+00
-4.167033863019161899e+00
-5.519614545535770134e+00
-5.861364767297664535e+00
-4.303467389256183218e+00
-9.033652307587460850e-01
3.051199846754524714e+00
5.694843914883824354e+00
5.811337471420272571e+00
3.731289158912794779e+00
1.140678816623757363e+00
-1.686448173710747289e-01
2.865960828242412051e-01
1.230488745710631271e+00
6.182799798467475405e-01
-2.566386999310506845e+00
-7.074041193432787367e+00
-9.811426823532652719e+00
-7.859980206286223847e+00
-7.789689135406119291e-01
8.505399063762224543e+00
1.507632368291704772e+01
1.496369319087811967e+01
7.761199724400944078e+00
-2.877918811347947248e+00
-1.131875634573470180e+01
-1.332694528338182316e+01
-8.581723972961270874e+00
-7.009121200581238664e-01
5.196568421918272840e+00
5.753967929415021665e+00
1.341479664222889667e+00
-4.466577775327511546e+00
-7.412091054372195842e+00
-5.315171572523079924e+00
7.088413815128837836e-01
7.219628572311805215e+00
1.077942278897308626e+01
1.001278312157517192e+01
6.122118631214445550e+00
1.730761889983692292e+00
-9.734555620323799285e-01
-1.493171043738626969e+00
-9.455293762232819255e-01
-9.059859744219049826e-01
-2.108688805642937592e+00
-3.916592363425804191e+00
-4.850829829027534679e+00
-3.732251137233601135e+00
-6.262915432458298071e-01
3.029316592355998594e+00
5.187459707452134694e+00
4.383189559411593272e+00
6.637078938864324762e-01
-4.276516234993962939e+00
-7.869106671629108263e+00
-7.999257077102742031e+00
-4.223367453778835490e+00
1.795569986807342477e+00
6.974121725399482941e+00
8.385118437814970349e+00
4.946366289783208359e+00
-1.753545266613401044e+00
-8.106089316321495986e+00
-1.041035981346813877e+01
-7.050687512889997066e+00
3.942319575047839031e-01
7.901151563058658844e+00
1.129026260455420427e+01
8.715176320219438111e+00
1.797980686356244640e+00
-5.352930772921146385e+00
-8.660924761659110516e+00
-6.543270616032756948e+00
-7.492786970251710255e-01
4.923599780628498124e+00
7.132553534272805251e+00
5.032904071085601672e+00
5.601541170707360351e-01
-3.107913216277573998e+00
-3.743413598410095133e+00
-1.394198015958740156e+00
1.958673547475175969e+00
3.990724217343864400e+00
3.624454596940047679e+00
1.509274560047470626e+00
-7.955293659233100279e-01
-2.149974623593530865e+00
-2.598557701812377552e+00
-3.048426920458646716e+00
-4.244689716963031323e+00
-5.957020368028592472e+00
-7.054055243919013840e+00
-6.374834788758843018e+00
-3.656879281047030972e+00
2.314601535993643378e-01
3.902006278706411813e+00
6.352976721070524135e+00
7.418781610055846798e+00
7.456526710926303814e+00
6.659440335041606929e+00
4.725360339301239776e+00
1.279067905959465179e+00
-3.283137529841375635e+00
-7.356816571708479913e+00
-8.723411882897627478e+00
-5.983565949332676936e+00
1.524998136493015410e-01
6.794241108929287343e+00
1.032888806737512688e+01
8.602400460942575933e+00
2.386262728983424619e+00
-4.935298175550677513e+00
-9.358282104382297462e+00
-8.682443051977760007e+00
-3.800479635408706258e+00
1.962040774313100977e+00
4.982448342624358872e+00
3.545789197684150018e+00
-1.251047976759235514e+00
-6.344081466785179479e+00
-8.619470634139167586e+00
-6.655346027432007538e+00
-1.321315439165985151e+00
4.908093038957851206e+00
9.324448022282760817e+00
1.022038604422700736e+01
7.470784750939220231e+00
2.411457955171066647e+00
-2.753525880220063726e+00
-5.771634770333284870e+00
-5.212548251288446011e+00
-1.170432239940542019e+00
4.543304324411914230e+00
9.024106275672089339e+00
9.658487774335565490e+00
5.653099546198641079e+00
-1.236255285151893091e+00
-7.436893525066684774e+00
-9.547213331221714228e+00
-6.455131022761967152e+00
-1.854930206907537960e-01
5.233396325407953853e+00
6.301596165149282669e+00
2.372980865808133721e+00
-3.813478878379851444e+00
-7.851442433965869050e+00
-6.569904454334491106e+00
-2.061736989048319479e-01
7.622604985368179875e+00
1.215855843686657778e+01
1.048148376240783541e+01
3.280484782114702291e+00
-5.679910810386849640e+00
-1.194024884955607391e+01
-1.293719149022394355e+01
-9.158221921858498149e+00
-3.305260365879405526e+00
1.721231205880769499e+00
4.530193561235440924e+00
5.572403549023697167e+00
6.140023572559947240e+00
7.012605460642840960e+00
7.833752177324230459e+00
7.589223400286344123e+00
5.646633206342281497e+00
2.423819027667192927e+00
-8.628299358959277132e-01
-3.119386742043588345e+00
-4.163711773669603211e+00
-4.712946388959894151e+00
-5.583506995388740179e+00
-6.790061227855225923e+00
-7.343326291348894586e+00
-6.002429294644572089e+00
-2.456132805192440038e+00
2.001767562196632433e+00
4.941866205186943972e+00
4.246849635388029398e+00
-3.691222149536699249e-01
-6.815988844332879992e+00
-1.153095431519331981e+01
-1.139033171608374317e+01
-5.537734972650596887e+00
3.947390488874431114e+00
1.295707752884979769e+01
1.736674423668919687e+01
1.508550060693843697e+01
7.086234296680748557e+00
-3.081967698566268954e+00
-1.101557951622695342e+01
-1.353519492659816770e+01
-1.010796612524524463e+01
-2.955101083280585517e+00
4.162036702380973452e+00
7.845721544533855507e+00
6.699462107533706856e+00
1.890105600942439512e+00
-3.619178526174049892e+00
-6.726937792552723394e+00
-5.839719744750574648e+00
-1.627847371313902780e+00
3.477403161079261285e+00
6.703266055730201067e+00
6.435000274146455368e+00
2.968013807820541139e+00
-1.826308331657383377e+00
-5.614418996699369835e+00
-6.789925183953024579e+00
-5.102837072189826628e+00
-1.524633730073967186e+00
2.389466376648829549e+00
5.185234370586396579e+00
5.929889097021079358e+00
4.351090059283804656e+00
8.526801814754949582e-01
-3.498833591969838341e+00
-7.111185805362746137e+00
-8.297013647215248255e+00
-5.998974331091691425e+00
-4.993184153522740587e-01
6.373302816411651861e+00
1.185423778772954329e+01
1.350577253768074470e+01
1.049062199978712151e+01
4.097890812487188228e+00
-2.855833759796631899e+00
-7.462313218950190397e+00
-8.186240808995799867e+00
-5.525161418089423293e+00
-1.524159661906135055e+00
1.505197725082999760e+00
2.266891133558925908e+00
1.032334197755328198e+00
-7.731532559697058549e-01
-1.598017067614276643e+00
-7.401480281911319015e-01
1.285832856100855404e+00
3.133718166389241500e+00
3.471349928002694707e+00
1.778226920756419638e+00
-1.333949733548409178e+00
-4.422567236384145950e+00
-5.961231485881815395e+00
-5.146009113856129247e+00
-2.349215463104387780e+00
1.027310356072594022e+00
3.257427105828438751e+00
3.214964687351097972e+00
1.023275181330919104e+00
-1.961506357972587766e+00
-3.877332971036450804e+00
-3.415869796899124289e+00
-6.017821505672853455e-01
3.190808392465657839e+00
6.015124120349656600e+00
6.454162187732758404e+00
4.372747840747868153e+00
8.800145467663342824e-01
-2.409507281792991229e+00
-4.279752405886649846e+00
-4.394146389220804139e+00
-3.135292667580310333e+00
-1.079933808904250947e+00
1.381616910449545266e+00
3.977509279781707541e+00
6.193799118753387845e+00
7.093376455713114481e+00
5.669828052487315695e+00
1.612827691848488953e+00
-4.087336969427084021e+00
-9.284260802107054289e+00
-1.166613775431847344e+01
-1.003851742191331731e+01
-5.046952728294204604e+00
1.184670581250691690e+00
6.278685256817640337e+00
8.858920330718085268e+00
9.003099774520656240e+00
7.680816870955723630e+00
5.735266290974713854e+00
3.280649407000558071e+00
-7.406363175619379291e-03
-4.020845300706819003e+00
-7.621001447609348389e+00
-8.995296889028224996e+00
-6.869842023736289605e+00
-1.699884428916924373e+00
4.168466000429385865e+00
7.688086799103304614e+00
6.961089984054358304e+00
2.488799971054059590e+00
-3.094515929975745205e+00
-6.677111481045676200e+00
-6.603405946953232686e+00
-3.580439523931166157e+00
7.013039915590005280e-03
1.812083916921851889e+00
1.032162194403046351e+00
-1.292339589219351215e+00
-3.248793811853754043e+00
-3.456591024493619990e+00
-1.868278838689712895e+00
4.857965802408129585e-01
2.416983840305746867e+00
3.342950968394528211e+00
3.361418749223303415e+00
2.778387012340430839e+00
1.695313942906720772e+00
1.061975579910510170e-01
-1.639265292217597203e+00
-2.610691701192767056e+00
-1.773710745431811509e+00
1.037025499055013178e+00
4.467951334755502657e+00
6.092538825923973889e+00
3.935972877404071646e+00
-1.895334963742823398e+00
-8.767774586044815521e+00
-1.284515661624488736e+01
-1.148241680663882569e+01
-5.074245305803019690e+00
3.026788569386716254e+00
8.604051322789096901e+00
9.298196103988525252e+00
6.048388629997577759e+00
2.213005599561150838e+00
9.975127178534356487e-01
3.064663536405028754e+00
6.084773849303216409e+00
6.561393926583088287e+00
2.582441153854052374e+00
-4.547201038164390141e+00
-1.101620238473312696e+01
-1.306012120333669735e+01
-9.510505097701537736e+00
-2.518084147733627987e+00
4.012629904771889855e+00
7.077120038879394670e+00
6.379980280422605787e+00
4.074864718965896415e+00
2.785194545777867514e+00
3.495963491976043613e+00
4.907439924840581114e+00
4.657756264348330788e+00
1.390973110406956259e+00
-3.950324695172933165e+00
-8.587642570176587498e+00
-9.762997635646458505e+00
-6.617180289805872917e+00
-7.624203311166528607e-01
4.780353967011460981e+00
7.453669299140178950e+00
6.549328934716339035e+00
3.292537178172474377e+00
-2.154497219410217990e-01
-2.323363197859156681e+00
-2.562934911512384950e+00
-1.519870296686024691e+00
-2.003806685004834165e-01
5.545597934026642584e-01
3.224001132026637628e-01
-8.890613231674012740e-01
-2.660976508391518003e+00
-4.187522365435496496e+00
-4.484093269442119833e+00
-2.891344301107493298e+00
3.455881835334297936e-01
3.907829108210851388e+00
5.981014355492899170e+00
5.366760859310087284e+00
2.380928705369580012e+00
-1.213008331222931613e+00
-3.340977067893055263e+00
-3.075031964281733199e+00
-1.296375367468690643e+00
3.427619114296986957e-02
-4.791000720849575290e-01
-2.392667678968944500e+00
-3.627292775671898006e+00
-2.144431574721809231e+00
2.153549190836020699e+00
6.887109109151571928e+00
8.678563309685429772e+00
5.713241830887167971e+00
-5.553972023792600465e-01
-6.042888999278148709e+00
-6.805069563705518298e+00
-2.030143839440294862e+00
5.029398793743587781e+00
9.090778851082102818e+00
6.559186754656097129e+00
-1.720785085148372584e+00
-1.077822874340781922e+01
-1.482332649483261200e+01
-1.125696359350695452e+01
-2.489732657404370997e+00
5.788589770251364897e+00
8.663685079356870489e+00
5.425181243768519401e+00
-1.374417903559489451e-01
-2.763698158352378975e+00
2.046263414181268836e-01
6.763248822612295541e+00
1.174328728828581170e+01
1.073821448991034089e+01
3.504919864018006592e+00
-5.718161925513219224e+00
-1.121383108301224318e+01
-9.861398614716327060e+00
-3.257429091459299375e+00
3.641852038500136057e+00
6.252793370814525353e+00
3.616176161143629830e+00
-1.245674631994721393e+00
-4.014927059863056868e+00
-2.620855664424204257e+00
1.159737405621490414e+00
3.279299564643365805e+00
8.945716663621747777e-01
-5.048866002243112661e+00
-1.024169166209793680e+01
-1.022463584176282581e+01
-3.962368934163256640e+00
5.013887350367967066e+00
1.089822986249394177e+01
9.741253041269127166e+00
2.387053708224598836e+00
-5.992659819128257404e+00
-9.489498516450481702e+00
-5.599132295604492882e+00
3.065186292272594315e+00
1.068319113131118492e+01
1.232971108555450890e+01
7.296621893204823905e+00
-6.861359603015948494e-01
-6.343950603142985756e+00
-6.646697998608250835e+00
-2.737958696459778185e+00
1.271705843225424459e+00
1.591299158444727802e+00
-2.389098454906755542e+00
-7.722939241124372245e+00
-1.016564086948334023e+01
-7.303864302515477469e+00
-2.706508388863082537e-01
7.082804063599415834e+00
1.080628933543340331e+01
9.313730629253107907e+00
4.041119490079643661e+00
-1.909869844367307667e+00
-5.923842508194032241e+00
-7.222781334879864623e+00
-6.650523573643870812e+00
-5.403080625087483213e+00
-3.922827525346582078e+00
-1.831855571651158421e+00
1.222644610078658101e+00
4.724847520372073895e+00
7.303717660528177724e+00
7.658387373804218967e+00
5.619261941862925269e+00
2.413328890255606929e+00
-1.532164319403776509e-01
-9.813017134187564938e-01
-4.147537779978526240e-01
1.659288042557021670e-01
-4.333090004841855802e-01
-2.166903779016383869e+00
-3.723420911537271838e+00
-3.563568432778568607e+00
-1.205586503995817571e+00
2.266356263561394968e+00
4.891522177527745541e+00
5.205019191052152827e+00
3.248770796562826746e+00
4.633737244109592535e-01
-1.428000674701156658e+00
-1.667550709599737946e+00
-8.966605120552154640e-01
-4.904813072504732308e-01
-1.364909765300658329e+00
-3.208258761948308724e+00
-4.715866692446736508e+00
-4.598842664741849440e+00
-2.548205774526495659e+00
5.826607962380132566e-01
3.456330808899798601e+00
5.186643973409296393e+00
5.770577794903556601e+00
5.731150281368319277e+00
5.376272095376880777e+00
4.397999244600504731e+00
2.215788171121905847e+00
-1.221338449935614801e+00
-4.923856298829195843e+00
-7.214763572319627727e+00
-6.812201168790497974e+00
-3.841881427201930155e+00
7.140675194710222051e-02
2.824176552659713568e+00
3.275016633644761477e+00
2.015542834344818957e+00
8.281538905688354824e-01
1.183052004507550548e+00
2.915566972162183745e+00
4.166234393221292187e+00
2.749687983508561029e+00
-1.994747883232476759e+00
-8.276220391198638282e+00
-1.266622012621621884e+01
-1.222416498794655837e+01
-6.507540670649017756e+00
1.957000105350878316e+00
9.128487008059114061e+00
1.188091265279223840e+01
9.779410146599367692e+00
5.049597891840793551e+00
8.612475342519163579e-01
-8.019670463344874545e-01
-2.068752134900375683e-01
7.611182447024129605e-01
3.065942482457986173e-01
-1.837297787763482404e+00
-4.286944987159135856e+00
-5.197007673685353879e+00
-3.767158742880291733e+00
-8.867722365857522160e-01
1.548670260086845607e+00
2.080726676812577836e+00
7.634435563664285773e-01
-9.351775050253745558e-01
-1.292768867441774994e+00
3.534931798553603288e-01
3.117892857645755633e+00
5.214236959511498348e+00
5.193742077515739020e+00
2.838937268056049845e+00
-8.715207177696311369e-01
-4.552766940632235304e+00
-7.240788171722173594e+00
-8.628074792168797913e+00
-8.679526002130835138e+00
-7.171676915722228429e+00
-3.741172309066367774e+00
1.495643575571444117e+00
7.321389774700175934e+00
1.152606199131031772e+01
1.196775432206635870e+01
7.996143150527004195e+00
1.199069124961026134e+00
-5.228677338075817360e+00
-8.250023499690541939e+00
-6.775859215765493104e+00
-2.267766517654044911e+00
2.277268539142834669e+00
4.266538285906101180e+00
3.042865661459265958e+00
2.298900334807285617e-05
-2.677042199860032667e+00
-3.624226726750305438e+00
-3.057722216955256478e+00
-2.211000552283564957e+00
-2.040020568745385621e+00
-2.336497290385657788e+00
-2.000483012539567618e+00
-2.197199704469303683e-01
2.495807693946352046e+00
4.403813993167592145e+00
3.809918060002010609e+00
5.693981283181440700e-01
-3.458424139873675252e+00
-5.536864579223667704e+00
-4.046865010082591141e+00
1.472246698339378934e-01
4.112715076872220266e+00
4.904632131966343067e+00
1.829631517329429746e+00
-2.802146272592991760e+00
-5.144700148658943206e+00
-2.586254218660857696e+00
4.139332829315829798e+00
1.110815729611306502e+01
1.367745222545186223e+01
9.647751425899659949e+00
9.209437443761592235e-01
-7.561321452242164121e+00
-1.094957688474771729e+01
-7.600162929803555123e+00
-8.476505170129211564e-02
6.550658736218567313e+00
8.065482140248322551e+00
3.644288920723354863e+00
-3.806713732365562208e+00
-9.726144525657739237e+00
-1.081661656336630450e+01
-6.879134437025913762e+00
-5.242879198686341002e-01
4.779185886091694258e+00
6.837901511133348542e+00
5.671560740020733071e+00
2.895333677437929243e+00
2.926405566234073774e-01
-1.274473225733029569e+00
-1.956314410130956860e+00
-2.228965624008809598e+00
-2.204878467344321358e+00
-1.558797156796822847e+00
-4.088149514298533571e-02
1.996725276456241982e+00
3.624061259387382439e+00
3.950208176314700559e+00
2.816073705065950339e+00
9.445094881724327429e-01
-6.214324881035310222e-01
-1.341621735402570792e+00
-1.557863181821702359e+00
-2.071425322009066150e+00
-3.245744985910908653e+00
-4.414966439074608395e+00
-4.198254638834589159e+00
-1.604562532612745951e+00
2.887379377026840110e+00
7.195766287494079982e+00
8.741857697387366954e+00
6.154761956304258597e+00
3.961792176584588709e-01
-5.574238174180519145e+00
-8.501491719087791665e+00
-6.846008445514947027e+00
-1.775728261948232856e+00
3.540544331876490425e+00
5.893886007312020503e+00
3.979325077845320191e+00
-9.107364387323385602e-01
-5.821021307444151915e+00
-8.003572025305007998e+00
-6.479488618413074441e+00
-2.354729355594022078e+00
2.148488124303419511e+00
5.146725343041568479e+00
6.028807210515203963e+00
5.360905644622295796e+00
4.048468025803213521e+00
2.531542760722796714e+00
6.519260224598288911e-01
-1.783274312538907225e+00
-4.311313280362162104e+00
-5.684568153471978746e+00
-4.548789660173182092e+00
-5.132119972115660733e-01
5.182627518608780903e+00
1.000017453065558826e+01
1.136825405453179449e+01
8.159663729107705876e+00
1.451113743664695477e+00
-5.950059723469326656e+00
-1.096874872930818690e+01
-1.185651850543088770e+01
-8.987140345492711901e+00
-4.429518178572693365e+00
-6.249327477046446866e-01
9.895222654368069914e-01
6.002281604392345482e-01
-4.054302234407972660e-01
-5.257273471367996942e-01
8.550065283033249086e-01
3.172152101497208498e+00
5.199489016775490136e+00
5.950190844023472536e+00
5.317995665451137555e+00
4.045642949751927731e+00
3.095988197915314544e+00
2.906792999179427017e+00
3.065873599974824781e+00
2.630090089783715612e+00
8.585427610437346146e-01
-2.151449702547949983e+00
-5.366277186259786447e+00
-7.336043456169372590e+00
-7.013242393449282019e+00
-4.372346180866372833e+00
-4.730221560073496478e-01
3.046018902939891859e+00
4.738730340719584433e+00
3.980054971632537519e+00
1.174140308390132059e+00
-2.486913703319000302e+00
-5.542373095991599996e+00
-6.822582575097256630e+00
-5.858223736309563279e+00
-3.031545601030678494e+00
5.685380706249354432e-01
3.560773859985856049e+00
4.838988504961305281e+00
4.076133155288431453e+00
1.912369620424843042e+00
-3.215923727613473893e-01
-1.260930869115785669e+00
-2.201180755421158208e-01
2.431888802424841067e+00
5.455356735364772724e+00
7.372852960733661476e+00
7.174890325725086448e+00
4.706557385020444073e+00
5.902985285985851149e-01
-4.142032401077429427e+00
-8.392351178044336280e+00
-1.113541691322127569e+01
-1.145437397074883634e+01
-8.727147717076018552e+00
-3.071321193993219900e+00
4.199033647274804437e+00
1.059551472092666558e+01
1.329204598862569142e+01
1.056325405032817599e+01
3.033498333526515545e+00
-6.180844100934837826e+00
-1.280673041415053603e+01
-1.365043296792481797e+01
-8.443107810663686763e+00
-8.749419319735207701e-02
6.973390344770411531e+00
9.332764998698428016e+00
6.540610219802809766e+00
1.147739632847283531e+00
-3.125305214548497190e+00
-3.847300161465123658e+00
-1.312988805499677003e+00
1.959000999121529807e+00
3.221127338674653284e+00
1.512099145494413710e+00
-1.743358461510795543e+00
-3.922263213184242758e+00
-3.242056647271727599e+00
-1.151177449715972134e-01
3.175733445623643902e+00
4.209706616688936087e+00
2.251936320162049920e+00
-1.198771101284655138e+00
-3.535715026599544508e+00
-2.985645391892324252e+00
9.003732325872293440e-02
3.489781507782431902e+00
4.809124290420426995e+00
3.170077098883917532e+00
-2.448643599223515599e-01
-3.204371159362406463e+00
-4.152131487600811965e+00
-3.288189939078744572e+00
-2.188199218422144821e+00
-2.310212371310218060e+00
-3.628554049133818626e+00
-4.544387822011513478e+00
-3.209498185109086688e+00
7.568735871383915903e-01
5.568159221480625476e+00
8.281903569480125071e+00
6.905131586958434653e+00
2.058746429353848217e+00
-3.128897649011169957e+00
-4.997043408868769632e+00
-1.908607613567922190e+00
4.416621775053071630e+00
9.825197827771976478e+00
1.039492596867752994e+01
5.084908981105046522e+00
-3.434127581983440258e+00
-1.037437007763509378e+01
-1.182797879090225024e+01
-7.206064097257864454e+00
4.570572240853747470e-01
6.485200305011874278e+00
7.490681519844328839e+00
3.358164307917219649e+00
-2.914882917209344448e+00
-7.284412460678057144e+00
-7.206348838919444333e+00
-3.045796601747373877e+00
2.416413462879375640e+00
5.887600277855225883e+00
5.565545628806621181e+00
2.020291958587473236e+00
-2.423706630099372816e+00
-5.224026524922531500e+00
-5.035392848452675096e+00
-2.217303313001333542e+00
1.665226875261970330e+00
4.839743256644716496e+00
6.155522969808605360e+00
5.366846860815335241e+00
2.935435307186342158e+00
-3.267809566462130944e-01
-3.511457618006045500e+00
-5.737739351972962254e+00
-6.286745130509006962e+00
-4.840400318777015265e+00
-1.726425550767239248e+00
2.060899893528802540e+00
5.211596755943118886e+00
6.706519785599676098e+00
6.325870969987283488e+00
4.706602971144999259e+00
2.874519547326152225e+00
1.550577065942491561e+00
7.183111786723475056e-01
-2.244817206546350086e-01
-1.830120317424045462e+00
-3.963984061549513882e+00
-5.691929778053198774e+00
-5.856872007029686245e+00
-3.981108166231825507e+00
-8.245724605108568639e-01
1.896691652707479303e+00
2.552551849207437495e+00
7.371702795258654461e-01
-2.316184048283384644e+00
-4.428250095297341815e+00
-3.894437214712465956e+00
-6.905726798010087819e-01
3.406614074314252782e+00
5.945489173293152518e+00
5.452082225654393710e+00
2.464974888510148787e+00
-8.167582191920886858e-01
-2.085204886173224637e+00
-6.081168272293572263e-01
2.176020184132791524e+00
3.647968993504681290e+00
1.947479685814410555e+00
-2.505210379230323525e+00
-7.051422995658825243e+00
-8.477354530540512911e+00
-5.236324578288489739e+00
1.335666781791633451e+00
7.712021026539950697e+00
1.036680367906926392e+01
8.000214772176253319e+00
2.290095680264648159e+00
-3.321619395983439915e+00
-5.936472735618568031e+00
-4.992632684673575127e+00
-2.344655875481785667e+00
-6.794502567165575657e-01
-1.492135111095486577e+00
-4.097081612736019451e+00
-6.319385374556962809e+00
-6.241775766597563724e+00
-3.628011684592508779e+00
4.180339860901716165e-02
2.870537520921819130e+00
4.077130235621570620e+00
4.498752634013436946e+00
5.643424814845657167e+00
8.069662018462061326e+00
1.047030568573353904e+01
1.034644593797134959e+01
5.919274008204705950e+00
-2.116385331680101345e+00
-1.041678858840353250e+01
-1.474154056814046321e+01
-1.257469848635082421e+01
-4.848265836653744110e+00
4.458654571251138066e+00
1.064312334490960410e+01
1.101472346623094367e+01
6.275632678675502341e+00
-2.673877448530650458e-01
-4.994036271326566023e+00
-6.149837424369660077e+00
-4.511037532023193464e+00
-2.289924907403414700e+00
-1.265883728891812110e+00
-1.559546453451191805e+00
-1.856770268296300985e+00
-7.548993116894540112e-01
1.896538552671932276e+00
4.702283978103419138e+00
5.673983731462894475e+00
3.696316696584035721e+00
-5.687170241685134409e-01
-4.969647575063837586e+00
-7.123950603840840223e+00
-5.797064364251132140e+00
-1.551053900756877990e+00
3.642209698722567612e+00
7.476897034613466886e+00
8.409822959237786222e+00
6.244504987999186518e+00
2.056248801240704527e+00
-2.359564611410240875e+00
-5.224228422910760727e+00
-5.454140714320599770e+00
-3.096426317044313148e+00
6.450692402215397747e-01
3.895486295790807407e+00
4.999992868736408802e+00
3.421574637467728497e+00
1.004353923231999790e-01
-3.057666827426848588e+00
-4.361130315662768098e+00
-3.457416230061012730e+00
-1.599265864819726213e+00
-7.644734529022942926e-01
-2.158361323695749512e+00
-5.156446983273248463e+00
-7.534496871015464947e+00
-6.953979610399049882e+00
-2.722229923657663697e+00
3.454373800960321539e+00
8.371357511375880023e+00
9.360679912624982890e+00
6.075552954154971097e+00
7.480865744648526050e-01
-3.309697835406438582e+00
-3.934370152495902495e+00
-1.497318564668799645e+00
1.533201512409860356e+00
2.520167267536387534e+00
6.568007375694958627e-01
-2.434641090184277434e+00
-3.946493828082468625e+00
-2.056229678531562577e+00
2.579064417105852769e+00
7.118956355631492983e+00
8.439121807412426790e+00
5.287521484122605031e+00
-8.236566396070627016e-01
-6.593329715093938503e+00
-9.055834511172962564e+00
-7.371469626768877959e+00
-3.113813952040421551e+00
1.005408138082017011e+00
2.965538472821112048e+00
2.541560190246131334e+00
1.055374905324458989e+00
1.609034620215979983e-01
6.606704311918670802e-01
2.160910827465637674e+00
3.623855830123396515e+00
4.208263929664193270e+00
3.705464597894486456e+00
2.361949763826960869e+00
4.539592048761564858e-01
-1.863861406887425298e+00
-4.282385043132440394e+00
-6.004518811189810457e+00
-5.887754876087953448e+00
-3.201824153713985766e+00
1.498579802724886001e+00
6.191237950955393643e+00
8.319665841083621061e+00
6.414278860647096181e+00
1.300197758578041096e+00
-4.107743539967749768e+00
-6.509359202939794642e+00
-4.397470547314428657e+00
7.896158612820425304e-01
5.451755227020196770e+00
6.148056462618733953e+00
1.938068140338740974e+00
-4.875541415519798250e+00
-1.017815159406419845e+01
-1.073293682189440190e+01
-6.319495341157892021e+00
1.404641294981840982e-01
4.564647439823347419e+00
4.450484027388973196e+00
5.105774706641597049e-01
-3.893406007488288356e+00
-5.104538951405257485e+00
-1.690912034996854274e+00
4.572079430470388672e+00
9.888546813282800940e+00
1.095734319338564688e+01
7.111437697904101185e+00
6.825049769196502858e-01
-4.582242542769485283e+00
-5.933623056985371846e+00
-3.253712583552683668e+00
1.108476895085189540e+00
4.081274861651857933e+00
3.948207416783181323e+00
1.358486887221653117e+00
-1.351288247810063625e+00
-1.987030306137858027e+00
-1.805852388896039828e-01
2.249166629916599103e+00
2.532368728362751398e+00
-1.021325624251870678e+00
-7.554917966010856745e+00
-1.379286790556090381e+01
-1.580320889525400219e+01
-1.138182236550408355e+01
-1.604417105337159200e+00
9.461235337553357994e+00
1.681004474688576877e+01
1.718181566910529412e+01
1.082646180656558599e+01
1.321633745652498693e+00
-6.451821223638246394e+00
-8.992356302312224159e+00
-5.964858327966837237e+00
-1.026465166438649268e-01
4.619906173405265548e+00
5.371343943957340272e+00
1.966160811768576711e+00
-3.323062259045040712e+00
-7.364930485084632217e+00
-8.062878647385046449e+00
-5.362901224550759238e+00
-8.944171885608467321e-01
3.296221014980820652e+00
5.934315448726519726e+00
6.859297123188671463e+00
6.492934388549650215e+00
5.079870503896319001e+00
2.445977268831005969e+00
-1.506945075381926236e+00
-6.061339369451680170e+00
-9.491661801415849808e+00
-9.830902681504525731e+00
-6.211986441011164040e+00
1.848537867470900764e-01
6.421235955846539056e+00
9.354407937661449068e+00
7.544711318464923266e+00
2.244867752343769229e+00
-3.268969128717721162e+00
-5.670604504127271461e+00
-3.610589749328265263e+00
1.512549481917457861e+00
6.509605413528802842e+00
8.411202633661702066e+00
6.196128719519350625e+00
1.171925351769897983e+00
-4.086197395857462666e+00
-7.374659761375598421e+00
-7.941592051827818466e+00
-6.417697397094697997e+00
-3.908055249696143818e+00
-1.111646065567500230e+00
1.840205348958261711e+00
4.843422610862178956e+00
7.229904594697837972e+00
7.815060252971141708e+00
5.693732063130315879e+00
1.182847171287892518e+00
-3.930133370607487020e+00
-7.210915344179174014e+00
-7.024248020757649869e+00
-3.608116720663443022e+00
1.026160908465052479e+00
4.353976682967843459e+00
4.904154668675303697e+00
3.052877237373525343e+00
5.322713358739503686e-01
-9.213825353820004338e-01
-7.521938347415052517e-01
2.446780316392636045e-01
8.004468177182720856e-01
