-9.041035988356139086e+00
-2.204203916516886963e-01
8.628636199204416712e+00
1.231174202990904121e+01
8.905056115594788935e+00
7.364287034255583286e-01
-7.237700080460756524e+00
-1.060259304390637780e+01
-8.183604596414106425e+00
-2.564920288129448611e+00
1.868409549516007129e+00
2.041644344678579692e+00
-1.643410040718051635e+00
-5.578666980751840754e+00
-5.523468860211644405e+00
2.345164792592628888e-01
9.315269983212591143e+00
1.645475429521257027e+01
1.680713389941745817e+01
9.198826311686538304e+00
-2.863288373094157180e+00
-1.318643327269266052e+01
-1.664802423361160066e+01
-1.226970601921096815e+01
-3.600946629209360594e+00
3.794407291055515330e+00
6.009798309912723013e+00
3.138213602000837987e+00
-1.235543640165667423e+00
-2.908886817873524766e+00
-1.865578918606074499e-01
4.970911773201725836e+00
8.532295608291496691e+00
7.484670024726770343e+00
2.128393248398365856e+00
-4.105084937237926113e+00
-7.157792565961617726e+00
-5.306496707930133283e+00
-3.853140974306348276e-01
3.635218100723189405e+00
3.659585325720248861e+00
-1.652483921626061170e-01
-4.494267406597758807e+00
-5.236976695289443207e+00
-6.413982564401612407e-01
7.239964656522289488e+00
1.378277738948783515e+01
1.485603936980498396e+01
9.552815590896699405e+00
6.969161568160409104e-01
-7.142867618968264054e+00
-1.064062628239458697e+01
-9.589088971778304327e+00
-6.465044826203969919e+00
-4.210258834181371590e+00
-3.994514589414774886e+00
-4.605207279559222044e+00
-3.785971411034530831e+00
-3.651512484076412379e-01
4.520494243059891559e+00
8.043011022837847079e+00
7.656890675838461391e+00
2.951311160023868396e+00
-3.952461801724699519e+00
-9.686020036984180237e+00
-1.163637993841646789e+01
-9.296224662366205038e+00
-4.192911019167803843e+00
1.310144517326820690e+00
5.351358221959623407e+00
7.189139201797152268e+00
6.966334723957186448e+00
5.147596388162099856e+00
2.234658622665084415e+00
-1.106047583179443849e+00
-3.884225395563900562e+00
-5.034425249801792290e+00
-4.064029381020922926e+00
-1.575154967502762071e+00
9.239822261174268636e-01
1.976037823724267284e+00
1.260499801613520265e+00
-7.541201850282475139e-02
-2.298319956322796842e-01
1.808282029276719438e+00
5.276708035824776211e+00
7.958917655768037669e+00
7.678806351861296342e+00
3.904654219297158058e+00
-1.758953670229993271e+00
-6.609347837059011965e+00
-8.664158838159520926e+00
-7.891895263297213248e+00
-5.930421138874288900e+00
-4.553165978173355555e+00
-4.140939748416911037e+00
-3.422518432544099376e+00
-7.272466907732448860e-01
4.258281031754971302e+00
9.711955949492743656e+00
1.264033651736189512e+01
1.096908481537478330e+01
5.186477671458781913e+00
-1.779627673202712534e+00
-6.457851879660228889e+00
-7.136436660896143813e+00
-4.856748646122412971e+00
-2.357600183646885394e+00
-1.803596350076681176e+00
-3.079294959299516243e+00
-3.998107706949634910e+00
-2.272530861929763724e+00
2.320450735251630814e+00
7.354224482760980841e+00
9.334039151087914377e+00
6.338198005007197544e+00
-2.793033243278625344e-01
-6.501167433056497913e+00
-8.257199130062597092e+00
-4.217214504426093136e+00
3.223649238598331745e+00
9.474537813952576215e+00
1.071694936589810609e+01
6.262396441741715947e+00
-1.232224349399617891e+00
-7.659548051083186593e+00
-1.001231089194986090e+01
-7.864362953808312184e+00
-3.026153294995269860e+00
2.011444523825693054e+00
5.520652014466960189e+00
6.940200544306017072e+00
6.350949839104232275e+00
3.885424778829813519e+00
-2.135395008936169514e-01
-5.002604098464084714e+00
-8.540248833248195837e+00
-8.590828449657493593e+00
-4.142766302913376109e+00
3.360387493552154048e+00
1.025433881352950749e+01
1.257276293698434699e+01
8.550794636035481844e+00
-1.314875307672380700e-02
-8.619528370113640037e+00
-1.271658956540272989e+01
-1.041293231747256876e+01
-3.457184682063308312e+00
4.093620780422961403e+00
8.485657193180594859e+00
8.321534016340823570e+00
4.780909007867289340e+00
1.809846480626517984e-01
-3.768834473610407798e+00
-6.641683276653492563e+00
-8.599472346488198582e+00
-9.268302130143357687e+00
-7.466283266861847068e+00
-2.235032816135477773e+00
5.667963022396001804e+00
1.328026749034401810e+01
1.675367839607278952e+01
1.380577750237021384e+01
5.524138261934189664e+00
-4.002746080889991731e+00
-1.021182960274009233e+01
-1.104061462499829460e+01
-8.152416780579613942e+00
-5.414982675151816416e+00
-5.703308709630070972e+00
-8.462061016780978662e+00
-1.000685795291177627e+01
-6.506712295427448112e+00
2.538954296099104280e+00
1.308564436763990457e+01
1.881621146415651680e+01
1.553076680477908944e+01
4.539234763822612706e+00
-7.580250756011025715e+00
-1.301694066651053205e+01
-7.965237603104660558e+00
4.550359948287370671e+00
1.635675538251854277e+01
1.935026230013491499e+01
1.081194662376054971e+01
-4.742679261418149217e+00
-1.841267770168636986e+01
-2.252717472738459037e+01
-1.528869607541825637e+01
-1.475887714220558422e+00
1.101533721151725054e+01
1.624295151920791014e+01
1.346162226517452254e+01
6.601472485475781582e+00
7.718267139701886492e-01
-1.447569579921875071e+00
-1.281421033003499410e+00
-1.945070738433522628e+00
-5.413682676527694859e+00
-1.040386581170503000e+01
-1.315281201531394473e+01
-1.038364509511873912e+01
-2.158919999656558009e+00
7.614669783953481819e+00
1.353170859409328486e+01
1.227244954782642949e+01
4.877135525967533525e+00
-3.926164151272798275e+00
-8.885069142505646056e+00
-7.664227620333008417e+00
-2.179275341098611651e+00
3.043408552492872676e+00
4.240381543179429613e+00
1.082611053266749668e+00
-3.241735837287247346e+00
-4.542080057605710763e+00
-8.882799129016194506e-01
5.753207083592329241e+00
1.072026807146948180e+01
9.886210554613381163e+00
2.668587323220870111e+00
-7.301660810732358620e+00
-1.435843519268058088e+01
-1.437866530177276303e+01
-7.366135718281205058e+00
2.654995390065470584e+00
1.029590832476855411e+01
1.216988528038154094e+01
8.728429752957696408e+00
3.452759084448146609e+00
1.263086225559542086e-01
1.810089905809088018e-01
1.953635506743654382e+00
2.266657482882435737e+00
-9.095317121577654040e-01
-6.686487129364515170e+00
-1.167203928847243688e+01
-1.228198969320609635e+01
-7.311724798770178779e+00
1.050398519503582762e+00
8.493451497605683187e+00
1.128186425129491610e+01
8.557845743102316050e+00
2.724507986244173896e+00
-2.286864780419855414e+00
-3.641422289528055689e+00
-1.345219268166003568e+00
2.001759438869564089e+00
3.180933739167106644e+00
6.595807301220049101e-01
-4.328871030209088921e+00
-8.604571111717657317e+00
-9.162814449687127549e+00
-5.181365154104353721e+00
1.368310797040621196e+00
6.854192256717158926e+00
8.121152577027697106e+00
4.329219289577675767e+00
-2.560140702696806159e+00
-8.866361478522517103e+00
-1.117498639290253948e+01
-8.122210034765888764e+00
-1.059532480114626196e+00
6.686685950696141134e+00
1.152776072024373022e+01
1.140877574606158085e+01
6.790434483330291648e+00
3.346920634303289788e-01
-4.540778096082602744e+00
-5.491068822348060152e+00
-2.479339481342361928e+00
2.275695219376949741e+00
5.640538842216427540e+00
5.443060699309086203e+00
1.768672297624885204e+00
-3.137179398781590134e+00
-6.330180613031838988e+00
-6.077558813955711514e+00
-2.967482588150823997e+00
5.458971523270226278e-01
1.888232531224828481e+00
2.238295446580087500e-01
-2.879685877191811016e+00
-4.505573253338380546e+00
-2.494254733638629595e+00
2.842492037357299939e+00
8.637435653599363050e+00
1.116756362378994538e+01
8.260754220143660120e+00
8.129077207071730982e-01
-7.614844829613537591e+00
-1.287694205828928240e+01
-1.265434919966674343e+01
-7.660126954508021058e+00
-9.420011453077328234e-01
4.150386986610147488e+00
5.941135599465900086e+00
5.098219753200112336e+00
3.705328476035000929e+00
3.516181457901628615e+00
4.642457773301030599e+00
5.534353917113971733e+00
4.192408174980140068e+00
-2.543702531840723591e-01
-6.657694853130214696e+00
-1.222297458909589452e+01
-1.394093880645791650e+01
-1.027124796027983500e+01
-2.152887021098154108e+00
7.221323648206149137e+00
1.381193121960394876e+01
1.468625357270142828e+01
9.573354045180435534e+00
1.179000917872187859e+00
-6.052222150264285894e+00
-8.250895100275970506e+00
-4.346230322054044137e+00
3.120507977529531907e+00
9.282738940332606603e+00
9.820977477429970293e+00
3.798687458545222384e+00
-5.389648185071983733e+00
-1.182225552804942836e+01
-1.073347310811433353e+01
-1.816675969522072442e+00
1.012068016322869290e+01
1.785046530386741281e+01
1.624154520464550444e+01
5.697398734749553384e+00
-7.867560942469339125e+00
-1.667495431698988284e+01
-1.604164601316483640e+01
-7.345176950133845750e+00
3.043443873144962009e+00
8.162928426181618846e+00
5.183644544633408735e+00
-2.815628211461797203e+00
-9.229720261423533856e+00
-8.755474601837544668e+00
-1.230573034180151737e+00
8.233939153228218899e+00
1.289192352670747077e+01
9.155781044481360098e+00
-8.561848958664999287e-01
-1.077204813637332315e+01
-1.431248881598587808e+01
-9.431200398382690864e+00
5.784878553797208056e-01
9.580802262620590426e+00
1.273180414317089237e+01
9.303682835314390331e+00
2.437685643642295119e+00
-3.594352788096930595e+00
-6.342496128607858275e+00
-6.214924763401747043e+00
-5.188656281341078369e+00
-4.629223593560780614e+00
-4.174098739119316726e+00
-2.520166085142551804e+00
7.791955742970522181e-01
4.284158636867600123e+00
5.490512762859051321e+00
2.927132788649141837e+00
-2.260869369724701539e+00
-6.741542195984774999e+00
-7.327274718194213499e+00
-3.468907327913951288e+00
2.110179834704177360e+00
5.296521866540249590e+00
3.660027794917855015e+00
-1.627301460398440147e+00
-6.570844556255426738e+00
-7.320577211042075483e+00
-3.096479603775117440e+00
3.177553931510221918e+00
7.047945308193400926e+00
5.869357138782348215e+00
7.554138735553104222e-01
-4.340506608243449804e+00
-5.675354852835372554e+00
-2.514796179941393817e+00
2.479968144813958109e+00
5.521412599445669755e+00
4.765790426667340540e+00
1.706994065545444972e+00
-2.258586924392662620e-01
1.281365642743279132e+00
5.250545401267687318e+00
7.982473488179509857e+00
6.058211709160802094e+00
-5.713510073575034376e-01
-7.971094851217634059e+00
-1.081404476517580093e+01
-6.393765421284244965e+00
2.979426648788862320e+00
1.118223134083951464e+01
1.242929859820279148e+01
5.457137585180290351e+00
-5.331099347365416463e+00
-1.270906443820664755e+01
-1.153507960213451611e+01
-2.285865869663158634e+00
9.262533753036535700e+00
1.595222026921327796e+01
1.398787035335492313e+01
5.236928187868162610e+00
-4.366203693791794294e+00
-9.001672606340331839e+00
-6.717218074874317324e+00
-2.450238635865256143e-01
5.398874302919507429e+00
6.560380223112208142e+00
3.188468448603850369e+00
-1.721092207980966959e+00
-4.741751896477023998e+00
-4.559660190514087219e+00
-2.597220270365547812e+00
-1.474177688684406462e+00
-2.693779103276499942e+00
-5.395115234529698434e+00
-7.058754941656431470e+00
-5.518641013427289188e+00
-7.017680338551959274e-01
5.178746814796563847e+00
9.045245330777477832e+00
8.911938783836482969e+00
5.025289149663448640e+00
-4.646321985210986050e-01
-4.903745213975120976e+00
-6.585494113980695730e+00
-5.400347815947920793e+00
-2.514870377014312819e+00
4.679102704322257722e-01
2.270824843533583604e+00
2.321629843730040221e+00
8.036567480343688175e-01
-1.451632322782353324e+00
-3.192558726482090492e+00
-3.183964249312810857e+00
-8.400073068339397597e-01
3.233223215888748392e+00
7.226006253011538760e+00
8.874939187777474814e+00
6.696216681783014657e+00
9.870441447833182558e-01
-6.099300785825649385e+00
-1.155936005224849517e+01
-1.307368653948464932e+01
-1.015490323435966147e+01
-4.252724055558283922e+00
2.151285653759962280e+00
6.810330301750868287e+00
8.578066696509951683e+00
7.524566802029969637e+00
4.517769769712878691e+00
7.487678134740460845e-01
-2.512148959015058747e+00
-4.036331884437063700e+00
-2.926296375499208846e+00
8.555411640282182262e-01
6.065393265035835313e+00
1.038647881688565633e+01
1.145960141093217644e+01
8.273308228051901025e+00
1.997922400593735048e+00
-4.454573938375917308e+00
-8.048528151471760594e+00
-7.448580900581799114e+00
-3.821436094482580703e+00
-1.720903769646908721e-02
1.351053792151374999e+00
-3.871935155583828281e-01
-3.653703872100222405e+00
-5.898193432095257371e+00
-5.496218458051314926e+00
-2.866953335374498035e+00
-1.325588529323937226e-02
1.115073917403824222e+00
1.458719211225621981e-01
-1.491175458222314232e+00
-1.810386300874429200e+00
3.767965990176369573e-03
2.783897512880088687e+00
4.192643638821174079e+00
2.607615518366635410e+00
-1.362765833130054283e+00
-4.982556707436014420e+00
-5.193984569257736439e+00
-9.120621694586703576e-01
5.862561732118829028e+00
1.102830064126903942e+01
1.092452721476936617e+01
4.765374535239741860e+00
-4.684389473926734659e+00
-1.268236852115950697e+01
-1.532218415424637037e+01
-1.177358650240809368e+01
-4.557432892111884293e+00
2.208100484206064085e+00
5.349553638257769528e+00
4.317715574382419597e+00
1.054236506848663879e+00
-1.642669814259607231e+00
-2.006774179598195929e+00
-1.911039107471386167e-01
2.267789526866211602e+00
3.807979060451432307e+00
3.937356512159567945e+00
3.318546133898008232e+00
2.935670305596378427e+00
3.121922787913498976e+00
3.266247887505122183e+00
2.421323817562134106e+00
2.866641158274103596e-01
-2.280223406357464011e+00
-3.719349757932152389e+00
-2.924158331608792238e+00
-2.382149316531367300e-01
2.529042893282097637e+00
3.213668649184392656e+00
8.372428799308166969e-01
-3.518300317527832011e+00
-7.216509806952430495e+00
-7.734377346669674580e+00
-4.418258297282212865e+00
9.034319348418158313e-01
4.976269052621592692e+00
5.238876692095007392e+00
1.610254176442277085e+00
-3.317237366617602046e+00
-5.918318539308325299e+00
-3.989740948498293527e+00
1.628159541822575385e+00
7.433398813063341493e+00
9.499958761080574021e+00
6.134283180667056357e+00
-8.486969992227936244e-01
-7.166515955884506184e+00
-8.815809615522898213e+00
-4.723470207904439278e+00
2.492765800365130069e+00
8.209849170706540633e+00
8.833762394661409445e+00
4.151747582705310080e+00
-2.582415350333410409e+00
-6.876262380282794240e+00
-6.008485780138840937e+00
-7.672627301561198987e-01
5.238970718225476553e+00
8.164720352569045048e+00
6.572225795186720454e+00
2.301617150701920522e+00
-9.918201171969246444e-01
-5.475409271253570687e-01
3.477805678236900899e+00
8.083801152216356201e+00
9.505662867613811073e+00
5.818080531890599261e+00
-1.731709486603340453e+00
-9.515368860350369218e+00
-1.381113271945104337e+01
-1.299728208765639792e+01
-8.253193625404749767e+00
-2.495120517187958242e+00
1.532948337813884843e+00
2.673375087962432506e+00
1.495694841347272375e+00
-5.981164560053482404e-01
-2.403346933877198666e+00
-3.317419652734534985e+00
-3.078499424912885640e+00
-1.420178666372223120e+00
1.787950044290457008e+00
5.953851687779039281e+00
9.398031619391812086e+00
9.897849597736104954e+00
6.123452535919211570e+00
-9.526614931083607907e-01
-7.898882071885870104e+00
-1.046613971570432433e+01
-6.276741640003273837e+00
3.168607684411837155e+00
1.273479325805113405e+01
1.636884470550267778e+01
1.081248726072878341e+01
-2.030482113777320130e+00
-1.575166315536622719e+01
-2.294538975439384387e+01
-1.952819589055470217e+01
-7.213658261943683314e+00
7.430616812004920746e+00
1.679910298142605285e+01
1.660362736238967685e+01
8.126810349863974992e+00
-2.910848141960692637e+00
-1.003129390051175207e+01
-9.863659321975896788e+00
-3.842798151128014705e+00
3.139394663957776554e+00
6.082086556176356851e+00
3.019329983923756622e+00
-3.957099099758709215e+00
-1.026195917596247931e+01
-1.180615298113382394e+01
-7.466496849281144321e+00
4.328515906938688040e-01
7.757734860151396461e+00
1.114674729794246844e+01
9.891719640379299960e+00
6.038624176451627079e+00
2.805132720587126816e+00
2.422019145103207372e+00
4.759936762870794702e+00
7.519153435393082674e+00
7.764496245316117040e+00
3.808667238124814780e+00
-3.680733134494794445e+00
-1.194381976406013024e+01
-1.753802220564928405e+01
-1.806432531053562229e+01
-1.329241370092223384e+01
-5.177330170449976343e+00
3.125586827018848268e+00
8.677269243159834389e+00
9.925623234116407900e+00
7.176403128022121436e+00
2.277803991186881483e+00
-2.255633044492659334e+00
-4.298600177610157225e+00
-2.961117933143034175e+00
1.074545441414122449e+00
5.866790251384992771e+00
9.092861448145574954e+00
9.152827389994651952e+00
5.986455977973994536e+00
1.141998024106320564e+00
-3.027542466008018351e+00
-4.670302234147696296e+00
-3.509541829459919882e+00
-9.991073469127536022e-01
6.152626064886856927e-01
-1.987760355694354608e-01
-3.150834589121304319e+00
-6.201019696101114143e+00
-6.862567983845209163e+00
-3.935408102141848552e+00
1.492099464500222128e+00
6.518067995086821220e+00
8.155908442176977857e+00
5.222033705682376237e+00
-8.686302338059097572e-01
-6.945551109480938123e+00
-1.000931481702532189e+01
-8.957680982966810035e+00
-4.990463954665977475e+00
-5.191531727103799732e-01
2.545501794225878633e+00
3.867971273955811640e+00
4.415302388656005661e+00
5.193293379257608144e+00
6.111656938218620994e+00
5.968766829470768087e+00
3.613734729456737682e+00
-6.697839740851524448e-01
-4.794677407888924492e+00
-6.031535710054091837e+00
-3.001078202588511878e+00
2.975930939303976785e+00
8.331231093045118996e+00
9.414370603347641975e+00
4.980750731553665211e+00
-2.756207489141504485e+00
-9.364752860282672842e+00
-1.099964689538326112e+01
-6.905420097608072183e+00
1.026251222994905010e-01
5.533355027615117550e+00
6.205934480221423577e+00
2.292118164760504673e+00
-2.949662427307639501e+00
-5.502194680284977935e+00
-3.328483268108113347e+00
2.346408371284942618e+00
7.993656831909386362e+00
1.018780949820110671e+01
7.739227378560008752e+00
2.160795765696067239e+00
-3.641310322569970559e+00
-7.318398719274171071e+00
-8.229450298999296365e+00
-7.132672529628040436e+00
-4.963695698160111469e+00
-1.911511857146197535e+00
2.367497072363485167e+00
7.631783238059820285e+00
1.215413196819734054e+01
1.310973483909524262e+01
8.325433678775759461e+00
-1.733949915350113891e+00
-1.330799818472334373e+01
-2.083928440429775364e+01
-1.998865364428603897e+01
-1.035964475285821429e+01
3.876069259250693122e+00
1.602022640684103649e+01
2.043974322073825789e+01
1.558439962431896220e+01
4.650144636967270095e+00
-6.427795778792302350e+00
-1.234889097105241618e+01
-1.114783648330130994e+01
-4.743455981815534628e+00
2.722491722594369890e+00
7.497936545400776254e+00
8.125996292672496679e+00
5.654010922563356800e+00
2.346615452326279438e+00
-7.571936562200676235e-03
-1.046262214026431048e+00
-1.582895257457851201e+00
-2.578406162615057173e+00
-4.215965564705996371e+00
-5.744247753773800369e+00
-6.106849914895563280e+00
-4.800289527141164747e+00
-2.294448458197857033e+00
2.691699997066229200e-01
1.836896290117858044e+00
2.086075343304757190e+00
1.506766832537837608e+00
9.144220066590116325e-01
7.953248598241262624e-01
9.773888495386183761e-01
8.486751692270638747e-01
-6.857859755372763821e-02
-1.634624317048877451e+00
-3.066805954158393632e+00
-3.400833633364937825e+00
-2.122081238212688348e+00
4.588032638938253083e-01
3.322011527209010051e+00
5.246155304288856236e+00
5.369706861558228184e+00
3.487033922711089140e+00
-7.298526546379302538e-03
-4.361881673489746980e+00
-8.662804745945967611e+00
-1.188800468008043865e+01
-1.294980903653707394e+01
-1.093434024531109650e+01
-5.586535529623017027e+00
2.203629082438633091e+00
1.033477988745558918e+01
1.612876446417385523e+01
1.751704704732077289e+01
1.417997517838870358e+01
7.913327315752425761e+00
1.853754845257455930e+00
-1.133013299125684936e+00
-2.873324042428904157e-02
3.736407872373030514e+00
7.072467607688571078e+00
7.000516596241427081e+00
2.393703675241318329e+00
-5.320040872480037208e+00
-1.288706085796769862e+01
-1.694210420006863416e+01
-1.571843879581237680e+01
-9.834736860585010731e+00
-1.834591839262937452e+00
5.131880390921855550e+00
8.700900417246803187e+00
8.088969316642868890e+00
4.072211134164318125e+00
-1.605057435604652083e+00
-6.962626349776952495e+00
-1.034743926048250273e+01
-1.075962601811075459e+01
-8.019329447004759359e+00
-2.821580442310078318e+00
3.382558876880271015e+00
8.767397606448717795e+00
1.174223067291338296e+01
1.156802227363743718e+01
8.673622460480652663e+00
4.475693828371829497e+00
7.615254868687635348e-01
-1.073469529540745260e+00
-5.788033177624880565e-01
1.633178178983317075e+00
4.211459278629403613e+00
5.663733258060341669e+00
4.989573239929544712e+00
2.127588309657995502e+00
-1.953065868928737903e+00
-5.602347631532808236e+00
-7.216673794637513240e+00
-6.072496951422751366e+00
-2.834053950362855900e+00
6.465606560479451037e-01
2.280641648733075399e+00
9.991797458119591191e-01
-2.451584364549868944e+00
-5.793553828899846714e+00
-6.568768380129071716e+00
-3.798766235428265858e+00
1.149899726122132204e+00
5.199185908006692003e+00
5.438924445793050566e+00
1.098490505386002347e+00
-5.725013201916423711e+00
-1.117461729596135811e+01
-1.195156991992800499e+01
-7.359605302815261041e+00
2.742020420065731656e-01
7.076107004058069805e+00
9.993376517121566494e+00
8.468501808166823963e+00
4.374806240725409801e+00
4.267680890312895992e-01
-1.672227849721934723e+00
-2.008711700383057241e+00
-1.755199986980696902e+00
-1.759887470214210214e+00
-1.715641686216613726e+00
-6.296821059951598354e-01
1.857993596077539999e+00
4.569294912703542266e+00
5.297582567556611721e+00
2.553885642173270742e+00
-2.795747266622186977e+00
-7.502365319130251287e+00
-7.908379558553798816e+00
-2.711921961119353242e+00
5.540587475198344158e+00
1.161470330871442158e+01
1.092982641063965765e+01
2.899051283798496748e+00
-8.165261844514274614e+00
-1.547682381716602684e+01
-1.410720625357103231e+01
-4.344766004531832593e+00
8.277222350187578570e+00
1.642334779012605850e+01
1.561793497844152512e+01
7.003873319940526088e+00
-3.629686498936476546e+00
-9.814815698084748519e+00
-8.601859487841391427e+00
-2.146924123111455085e+00
4.246665981155734571e+00
6.075000730591739284e+00
2.701685886048709850e+00
-2.553651297603833026e+00
-5.185786560307356297e+00
-2.975264161860122769e+00
2.398366888181874934e+00
6.702938741691645497e+00
6.369963218847332520e+00
1.176146020028676853e+00
-5.541827619931511961e+00
-9.228134152032016146e+00
-7.266320054756107538e+00
-7.149897671059872728e-01
6.509264200337446127e+00
1.029233606006381763e+01
8.900577023281849520e+00
3.771234562657465261e+00
-1.804579522666313274e+00
-4.960905977796979727e+00
-4.852274253799569337e+00
-2.635025322501667766e+00
-1.777594088004657014e-01
1.320616900755781087e+00
1.790723549763032052e+00
1.723913187558843818e+00
1.320433472475219139e+00
2.209658814461108456e-01
-1.950572868264992543e+00
-4.806648675533089943e+00
-7.015107271359312335e+00
-7.053369988867175699e+00
-4.392581107565106890e+00
-1.428941106073328138e-01
3.476808072388450910e+00
4.582948384194917679e+00
2.961978973403214255e+00
2.710999103901002849e-01
-1.119401232656438872e+00
1.492775351005255491e-01
3.382939925423149141e+00
6.260730800425882592e+00
6.452834115998260067e+00
3.277932107720838317e+00
-1.788273902053322484e+00
-6.109003397237128041e+00
-7.651888525229693983e+00
-6.244613783519911365e+00
-3.441024675203935512e+00
-1.161937876413932091e+00
-1.873266073731545411e-01
3.219115177739583777e-01
1.886512304695063813e+00
5.076705448158146616e+00
8.504976465733911084e+00
9.382699465112814607e+00
5.451549582526983961e+00
-2.987873555470728526e+00
-1.247868480698082649e+01
-1.793843234163693978e+01
-1.560190140143821047e+01
-5.599323022844380660e+00
7.566721409814173072e+00
1.718836666518951617e+01
1.806406994318324877e+01
9.599232676196200131e+00
-3.623645127555660039e+00
-1.428164487616736267e+01
-1.642945984446643237e+01
-8.914021009107132798e+00
3.942237626463605871e+00
1.482745775642479202e+01
1.765459300052485503e+01
1.103038089794709897e+01
-1.048068042844079173e+00
-1.163767134059283137e+01
-1.493846383221562668e+01
-9.587757787105200435e+00
7.459967385695907005e-01
9.716437507717335720e+00
1.209507993734694509e+01
6.721012420414355759e+00
-3.067693579179831431e+00
-1.161488368069669974e+01
-1.429695162646512507e+01
-1.002518378410913336e+01
-1.541166305191608021e+00
6.455166230025962015e+00
1.006693448036279470e+01
8.208281348073157346e+00
2.836102699902135260e+00
-2.498461560169092710e+00
-4.775661563995660330e+00
-3.086835002202345635e+00
1.086926482650176551e+00
4.876444850759964034e+00
5.660531145692625721e+00
2.480622538219483975e+00
-3.422558637118990887e+00
-9.171053578874673207e+00
-1.165208201381344466e+01
-9.128310587168805057e+00
-2.275146146833169958e+00
5.955683256379419532e+00
1.172435362289104965e+01
1.233247595570809096e+01
7.797389500984118982e+00
9.662552561473640722e-01
-4.074819452154544663e+00
-4.477002599357572166e+00
-4.783417622507414313e-01
4.651620929342113797e+00
6.703892575402124798e+00
3.409338423492433101e+00
-3.808206885455613033e+00
-1.050712722066627158e+01
-1.204721551132517021e+01
-6.747553219772072453e+00
2.783906596283222790e+00
1.116935063676544715e+01
1.371015850423949090e+01
9.455786044240449328e+00
1.763874786646683734e+00
-4.078268284909192687e+00
-4.541185958666626554e+00
-2.657336761903821287e-01
4.513926615106299778e+00
5.137455362534911529e+00
1.559150514822871259e-02
-8.062591215227536523e+00
-1.378102224634422157e+01
-1.301254182947893590e+01
-5.760576529996844108e+00
3.764281369695062995e+00
9.977814972589193587e+00
9.647956445140524195e+00
3.900818594249011895e+00
-2.823381126546194775e+00
-5.997390049827860281e+00
-4.044529747519353791e+00
9.301606843453893436e-01
5.060577183565150072e+00
5.698687269349159479e+00
3.184542289464141973e+00
1.795323647729860639e-01
-7.522353771156211621e-01
6.841096537065490812e-01
2.322264948786523675e+00
1.453040123469575784e+00
-2.701286524313911919e+00
-7.974177558177043323e+00
-1.060798257195364158e+01
-8.040310527277746644e+00
-1.035821078276157881e+00
6.507524878126128343e+00
1.005685349010466290e+01
7.516355449652682985e+00
6.853548788262919800e-01
-5.947316719415036701e+00
-8.225445216232353474e+00
-5.042417628882092551e+00
1.111481754625373686e+00
6.063338503585640638e+00
6.894053556543551231e+00
3.804162679719285123e+00
-3.344524640186383180e-01
-2.293367945192433588e+00
-9.201987069651866857e-01
2.068577689730196401e+00
3.458434398532595377e+00
1.038808461387449089e+00
-4.574832905944797190e+00
-1.010486867898105068e+01
-1.167956056722981373e+01
-7.430776533961758190e+00
1.094090767514663387e+00
9.634968040231084885e+00
1.361643518524009622e+01
1.078595701057646572e+01
2.533325874306454839e+00
-6.849264204317644378e+00
-1.250726662104624332e+01
-1.163090991914531003e+01
-4.902984113908346764e+00
3.960516652281065753e+00
1.028133038444712000e+01
1.095558270395209277e+01
6.081267365274687364e+00
-1.198594767414098206e+00
-6.540041218282671487e+00
-6.893978889157630796e+00
-2.231112077345093869e+00
4.510448773698932712e+00
9.232593940585331893e+00
9.154837683788166203e+00
4.438997346579466985e+00
-2.054288367344668131e+00
-6.707000609668508417e+00
-7.495546681939207367e+00
-5.174838410947126377e+00
-2.496541424467888959e+00
-2.024643841912112663e+00
-4.121391299966956190e+00
-6.596506284944834597e+00
-6.346125300420112580e+00
-1.847505761042276262e+00
5.327077475961377928e+00
1.120276758895639624e+01
1.197721873407325432e+01
6.749107283723196460e+00
-1.559317404332186241e+00
-7.873490816061639030e+00
-8.224403184399424305e+00
-2.424322421045489673e+00
5.690773371847540396e+00
1.068877905002023176e+01
9.065389507367784816e+00
1.535668481610409586e+00
-7.413344381232320757e+00
-1.238725899925402274e+01
-1.046412060710420278e+01
-2.911305931985271656e+00
5.772729428238813298e+00
1.073720251578945373e+01
9.655165304187621089e+00
3.828770861558394856e+00
-2.973649917041471635e+00
-6.985353041746781066e+00
-6.561822793494540562e+00
-2.737454155007489121e+00
1.863156134699835320e+00
4.826544091995745411e+00
5.260990833073487138e+00
3.930401678210648342e+00
2.364403203165917233e+00
1.678552185516182238e+00
1.865493030951272058e+00
1.902738056620947305e+00
5.101111099631325807e-01
-2.923045310935075136e+00
-7.743950401843474829e+00
-1.209187020470029239e+01
-1.363837086787948749e+01
-1.074875586907688252e+01
-3.550651844436317539e+00
5.690661019159385603e+00
1.328044203015889657e+01
1.575560146918002147e+01
1.175449057785728080e+01
3.036283743620264097e+00
-6.112486481877748012e+00
-1.098423165822271308e+01
-9.011132135199739324e+00
-1.303684480525434175e+00
7.827562297085103538e+00
1.319718383541535012e+01
1.161175467818380369e+01
3.612909259447059540e+00
-6.893907161033128617e+00
-1.483213051620100664e+01
-1.661719668578365372e+01
-1.177317412573665578e+01
-2.759159563573910567e+00
6.605740285137303935e+00
1.300660706385066412e+01
1.476814617042902356e+01
1.195020762792218783e+01
5.806015395386594946e+00
-1.786492774226131175e+00
-8.648697467234883973e+00
-1.258358641521903820e+01
-1.194803374859774614e+01
-6.498005473023860112e+00
2.008429390043708018e+00
1.010759722568379182e+01
1.403088788986354629e+01
1.162879986156715972e+01
3.708432111042732515e+00
-6.136905602106103252e+00
-1.326602244711634881e+01
-1.437390261514973311e+01
-9.166144967667557708e+00
-3.880818838450839081e-01
7.734874693194495165e+00
1.168061074827852508e+01
1.021267677207994140e+01
4.623206455388475966e+00
-2.261755032527705822e+00
-7.580238878798392754e+00
-9.611650866091070000e+00
-8.188357059990579501e+00
-4.394777871248365386e+00
9.983058946873663020e-02
3.725549043819806005e+00
5.511030809429869670e+00
5.317167175009386071e+00
3.769123898253122107e+00
1.895622535428603150e+00
5.995951739041671669e-01
2.174711128020954121e-01
4.319565160040360619e-01
6.049162458722885383e-01
2.969704813532906273e-01
-4.224046836832103802e-01
-1.124557398463604807e+00
-1.502675493806664431e+00
-1.745794947454017976e+00
-2.415885954750188525e+00
-3.855475651734556308e+00
-5.616838879170590104e+00
-6.496415918982648918e+00
-5.328155544408589073e+00
-2.027757783752285103e+00
1.968193030973941937e+00
4.396046701165163384e+00
3.677200328835665388e+00
2.017102147705043258e-01
-3.659858630064235285e+00
-5.016065996518272563e+00
-2.470118913056289056e+00
2.755677776197959616e+00
7.498843077546665015e+00
8.766675114623025067e+00
5.805874357929979190e+00
6.121691758602278988e-01
-3.531658923382201554e+00
-4.427196141093244108e+00
-2.462697707023145721e+00
-1.006931684716448894e-01
2.476073222420757114e-01
-1.725455896626027386e+00
-3.926360537552021857e+00
-3.643493664021356881e+00
-4.216271573542584861e-02
4.692553313358629019e+00
6.698171734542339273e+00
3.463887757082283247e+00
-3.721374675816697675e+00
-9.973309534221309391e+00
-9.892540338809698852e+00
-1.543404996802054008e+00
1.154041627325172570e+01
2.200865120582279744e+01
2.317111688373226741e+01
1.339117643541930036e+01
-2.606718649414284439e+00
-1.649533856788815100e+01
-2.139607364583927662e+01
-1.590277128082281166e+01
-4.500406999509388939e+00
5.710350677127202346e+00
9.609432004072655076e+00
6.875122577298907522e+00
1.359524867731964015e+00
-2.165642503725077717e+00
-1.366039664974160850e+00
2.517607220966540993e+00
6.241931073028323951e+00
7.326553504868760669e+00
5.792230053214757923e+00
3.668107811853560385e+00
2.908518838457718303e+00
3.568270163510637083e+00
3.764317139264545364e+00
1.427391680561149290e+00
-3.636200102662808131e+00
-9.124405626923527635e+00
-1.167711975242211331e+01
-9.348498587063909682e+00
-3.230138064980176527e+00
3.070694277680749096e+00
5.803109445837945302e+00
3.612143676003888526e+00
-1.581130039886569527e+00
-5.985917697606922161e+00
-6.614248821580843263e+00
-3.312693193199716557e+00
1.256306437846218982e+00
3.606573551691003576e+00
1.933195265002570107e+00
-2.635816615929899687e+00
-6.866146338431480700e+00
-7.675219243242720424e+00
-4.220549027070976678e+00
1.591162162479442754e+00
6.445017761949066504e+00
7.824673144041080164e+00
5.578809501003149762e+00
1.849279010983163829e+00
-5.065270101343951614e-01
1.070508254409178184e-01
2.956450992350030837e+00
5.489982052261146883e+00
5.069291999820693562e+00
8.048628692455599420e-01
-5.667955175874454632e+00
-1.097943467063949363e+01
-1.194215854307358171e+01
-7.472605991958861438e+00
6.289053732546237008e-01
8.539790238832585700e+00
1.246260737380950268e+01
1.068836219044804636e+01
4.467312258797013769e+00
-2.827640806911665639e+00
-7.724737722700225184e+00
-8.603193115890212184e+00
-6.356455752804034631e+00
-3.403599723126655263e+00
-1.796420927270358181e+00
-1.790224325009886819e+00
-1.909524774348097420e+00
-4.389259870022497179e-01
2.826543025177727486e+00
6.004094758808832921e+00
6.325494408651723077e+00
2.355401981194231720e+00
-4.439236793396574399e+00
-1.012415684696177109e+01
-1.069665424173230406e+01
-4.897798083538813962e+00
4.592093045411276719e+00
1.259957393143487536e+01
1.471936516257005323e+01
1.019252990134541115e+01
2.363789856333413208e+00
-3.660718516266285416e+00
-4.533359128636446300e+00
-8.640147933629229726e-01
3.468123072622005587e+00
4.357217302921377211e+00
6.023550213745347826e-01
-5.205681257661504802e+00
-8.701272768749671371e+00
-7.136735763277087585e+00
-1.565877172457525779e+00
3.877724937121765247e+00
5.110281558081012143e+00
1.282631415999432090e+00
-4.432924724516889015e+00
-7.142004724115025738e+00
-3.971016381661352845e+00
3.535608951029028724e+00
1.022869880621537142e+01
1.090404939875568147e+01
4.081939978709019812e+00
-6.709276513729824920e+00
-1.510658348114070115e+01
-1.604557919369706553e+01
-8.992359589101953432e+00
1.893937253301762436e+00
1.063682789358337999e+01
1.324482618340310225e+01
9.842366319598596647e+00
3.894213024604858298e+00
-5.942914093229394457e-01
-1.719769735525702004e+00
-3.716232691229118257e-01
1.184519757079654401e+00
1.420947528959283890e+00
6.203442135752512687e-01
2.065128927797983405e-01
1.115047654871844429e+00
2.710538901592428829e+00
3.201997482441667486e+00
1.197045834173178669e+00
-2.932185973325404316e+00
-7.048132438951488332e+00
-8.674518613621764018e+00
-6.759974724713369021e+00
-2.422748505503106387e+00
1.866142287008814904e+00
3.989073445550353370e+00
3.463061696093310715e+00
1.397445888745218134e+00
-6.745285060297746549e-01
-2.024167483616239327e+00
-2.999639828071126502e+00
-4.215039351003492030e+00
-5.491766860570370667e+00
-5.611801686728696836e+00
-3.237088754598087981e+00
1.700147296023693855e+00
7.343307207075227439e+00
1.071858548592181570e+01
9.599639546125668943e+00
4.134225628576530198e+00
-2.996377775987497216e+00
-8.104572598042434350e+00
-8.721808839157858984e+00
-5.028811759004896409e+00
4.364651519272461089e-01
4.516293779699998900e+00
5.383887911912217383e+00
3.432005269914316870e+00
6.563945614215023205e-01
-8.629311786559433761e-01
-2.721040940486454951e-01
1.749718607415901017e+00
3.684313176533036138e+00
4.222690402280008470e+00
2.951895570295151039e+00
3.920807880643888410e-01
-2.411437794128488132e+00
-4.360921783657654593e+00
-4.637314398668165971e+00
-2.927355149907793663e+00
3.809705655035899863e-01
4.140156033947805625e+00
6.755868157108866789e+00
6.938661944976170837e+00
4.558162853376719781e+00
9.766643197259843312e-01
-1.577872678062279377e+00
-1.396799744113468744e+00
1.426913595564154980e+00
4.791752414635737090e+00
5.790073271334179594e+00
2.649443399491113738e+00
-3.889466255616328638e+00
-1.078749993367189219e+01
-1.448461865127178605e+01
-1.310155031176228668e+01
-7.586956882690359727e+00
-1.041496743245497347e+00
3.286818516776389476e+00
3.941625881915581608e+00
1.849612006125793018e+00
-7.005220668152438712e-01
-1.810645868102114697e+00
-1.147783516943352566e+00
2.079697275550977387e-01
9.281654029712748111e-01
5.767585343970385026e-01
-1.640577409574991430e-01
-2.435891193670327581e-01
7.718210630191728594e-01
2.340614740429810769e+00
3.467977559363349727e+00
3.573895441116683003e+00
2.896255337102187966e+00
2.080764872236347429e+00
1.391463076074806793e+00
3.666595979261895177e-01
-1.636863794454731291e+00
-4.425696024595374922e+00
-6.470371745186645818e+00
-5.641125447355724631e+00
-8.899473403536788396e-01
6.357713999777477198e+00
1.238911308392719235e+01
1.322409275565221876e+01
7.303163340755698840e+00
-3.039433249113459468e+00
-1.256287291119137528e+01
-1.616334494727211180e+01
-1.206162463602818669e+01
-2.982673711764999069e+00
5.544363843872145203e+00
8.692644194750709374e+00
5.334574343272366903e+00
-1.439919957716142340e+00
-6.557277840753823028e+00
-6.371080959318689452e+00
-9.554289760892364924e-01
6.149693304085176671e+00
1.039591890161272048e+01
9.123734398040069138e+00
3.014840980980072693e+00
-4.642758672816400534e+00
-1.011962675151646707e+01
-1.128641999940592910e+01
-8.333852824723990693e+00
-3.060185902737420527e+00
2.443824259855370773e+00
6.725718560010724545e+00
9.113788151984277164e+00
9.392287945110117775e+00
7.590502900613774528e+00
4.132263639512166797e+00
6.256309942832327664e-02
-3.123027217382283727e+00
-4.181571294069003741e+00
-2.936157910615463607e+00
-5.286886001974131499e-01
1.223063973996112885e+00
1.012976276018729749e+00
-1.050066119699621270e+00
-3.501594876273351531e+00
-4.526617496557921783e+00
-3.185613986483922577e+00
2.200791644739941155e-02
3.619572308847286646e+00
6.213526249886180963e+00
7.296565917652499955e+00
7.205062699669631421e+00
6.380259539562734616e+00
4.679868209709199256e+00
1.442117200115494047e+00
-3.661096756353059423e+00
-9.693328608618486442e+00
-1.435572231491017625e+01
-1.506994575622286447e+01
-1.065921240508341405e+01
-2.462645499311096664e+00
6.027553317572965419e+00
1.095464927511363840e+01
1.025949934808704000e+01
4.848155093554048278e+00
-1.989676358372161502e+00
-6.537891341598617956e+00
-6.744803532772158938e+00
-3.175076778667233146e+00
1.655762120894337386e+00
4.996352432890866169e+00
5.462021091455949495e+00
3.568975628804109235e+00
1.035666742871316437e+00
-5.175378737860658607e-01
-5.566151813132831361e-01
2.590319150185866337e-01
7.627088642605270863e-01
1.778096018540104017e-01
-1.390670187899313959e+00
-3.117415992305632155e+00
-4.053406340218083770e+00
-3.700871162912485524e+00
-2.209933212105084088e+00
-1.527632582530547012e-01
1.886044326476650879e+00
3.589156306789379691e+00
4.888921635870487670e+00
5.724649121284359765e+00
5.812911216091523947e+00
4.661059661678581989e+00
1.884077656235016995e+00
-2.341625506160718295e+00
-6.998024602977129582e+00
-1.039075821648531317e+01
-1.080493928031392770e+01
-7.389225980037828378e+00
-7.972052808813350211e-01
6.840572881873495881e+00
1.272080518019395257e+01
1.461366797322813582e+01
1.191676705014338999e+01
5.933910893738015169e+00
-7.956068301945751209e-01
-5.755461827504674943e+00
-7.604673241806342077e+00
-6.615746676839762586e+00
-4.237500542090533173e+00
-2.135713084605006973e+00
-1.316465528487249737e+00
-1.789994208873829429e+00
-2.829839095479644406e+00
-3.524905168719583592e+00
-3.240516182997833727e+00
-1.795074220104635909e+00
5.843924882705642254e-01
3.360963726513468863e+00
5.771492941288405731e+00
6.976120629759768654e+00
6.365576104558307691e+00
3.946392301688069537e+00
5.307832280246742584e-01
-2.530520811522760205e+00
-4.047067501009492752e+00
-3.719594407936965386e+00
-2.364500496588616496e+00
-1.373426497202246299e+00
-1.702223618464287824e+00
-3.100066747575882076e+00
-4.204602218143564940e+00
-3.534685995256826807e+00
-7.138327170942925237e-01
3.003846044482833655e+00
5.400927872678687791e+00
4.789606472117222680e+00
1.294730981428522831e+00
-3.049856185167954870e+00
-5.567267901245843476e+00
-4.747608338109892578e+00
-1.330114563477268863e+00
2.158642603172961749e+00
3.150997380711014983e+00
8.755205054751370453e-01
-3.016106301268489887e+00
-5.516061377083070205e+00
-4.326884825529266898e+00
4.742410138501608197e-01
6.316018356069215578e+00
9.662664486928154162e+00
8.204313812857783716e+00
2.310853955248892699e+00
-5.133600637433473501e+00
-1.035297024426374790e+01
-1.073105521085797420e+01
-6.107224367694754186e+00
1.310245267383218337e+00
8.201395188220411470e+00
1.177063034508108430e+01
1.092225111420438921e+01
6.520080579611646776e+00
7.762479839743621213e-01
-3.840472581972972144e+00
-5.681320173884061298e+00
-4.559657938892309303e+00
-1.718997635380629774e+00
8.597676088248389359e-01
1.508146055335413793e+00
-2.427731720285547512e-01
-3.434950900992286282e+00
-6.278387800896357618e+00
-7.229666121128706990e+00
-5.875100593029974227e+00
-3.043238313029339004e+00
-1.027157951205086572e-01
2.003129266955693488e+00
3.239068144947647276e+00
4.129083665236104039e+00
4.931757831408963177e+00
5.135294024605215668e+00
3.832694672539854519e+00
7.597880120607269916e-01
-2.916228705434604773e+00
-4.941892312602295334e+00
-3.491240198527080452e+00
1.177817356653460212e+00
6.329480373678393335e+00
8.265980075002998362e+00
4.946032755679153681e+00
-2.159266590081636572e+00
-8.563786816581892225e+00
-9.617764005786948900e+00
-3.889540515888363359e+00
5.397230466371238045e+00
1.217204982811914959e+01
1.157713333176566906e+01
3.510374118168573254e+00
-6.970622578045513329e+00
-1.289407635823186382e+01
-1.014405319049779308e+01
-4.061581336040938073e-01
9.882571260210742281e+00
1.393289046097476103e+01
9.267912213017284628e+00
-6.724319152665128030e-01
-9.124214650072911326e+00
-1.087991923734446154e+01
