-1.763686529182595919e+01
-1.820435011560718763e+01
-1.541868467546233035e+01
-9.000923858775088604e+00
-2.920750418461346420e-01
8.040550286766926291e+00
1.327620984091698375e+01
1.403780988101901173e+01
1.084267734820699758e+01
5.475313415040662157e+00
-2.675461973984041286e-01
-5.486189138712178170e+00
-1.012731826301449622e+01
-1.418682241351022810e+01
-1.698692973686423713e+01
-1.724248134623209694e+01
-1.391504196518502212e+01
-7.140254369527726297e+00
1.587772215414236854e+00
1.018645828165420752e+01
1.711438554359354924e+01
2.194684095386104872e+01
2.494489886751586738e+01
2.604346838183462154e+01
2.423990053679620260e+01
1.809479917365188939e+01
7.127553759650876231e+00
-6.962946566999463904e+00
-2.037073694630508669e+01
-2.879577438162466052e+01
-2.967867827447286899e+01
-2.357842720668879721e+01
-1.373351349474008565e+01
-4.098100882558687985e+00
2.796016224702883246e+00
6.729544708551278731e+00
8.983376714227553350e+00
1.063576471136694934e+01
1.138425262514711811e+01
9.806512542641403485e+00
4.785083628449257276e+00
-3.114566649459991954e+00
-1.147849899623720304e+01
-1.728600405392422346e+01
-1.863837495393086385e+01
-1.568163084596149304e+01
-1.008583462794205232e+01
-3.592866281793570593e+00
3.138849565111935469e+00
1.045543105706622811e+01
1.851939363894014789e+01
2.610762364586945594e+01
3.056963794475337792e+01
2.921519740884243888e+01
2.121298248715785562e+01
8.562172236523235114e+00
-4.707528763229017699e+00
-1.466697441809745683e+01
-1.950952783592526174e+01
-2.008527753531078730e+01
-1.866161115867834397e+01
-1.692566488893326238e+01
-1.476833466592671229e+01
-1.074338897655190372e+01
-3.779156422771253077e+00
5.257888752369158425e+00
1.344570597458988459e+01
1.733587423806595140e+01
1.507718997050613119e+01
7.620602079490064185e+00
-1.841409220773799538e+00
-9.772086035427481221e+00
-1.417093373066318662e+01
-1.518183266348427018e+01
-1.417856294178044863e+01
-1.220446994234515081e+01
-9.047016084710561401e+00
-3.643148849833739433e+00
4.574042212429910492e+00
1.451956723764063995e+01
2.347445145699724378e+01
2.836324175064860498e+01
2.743165561862569035e+01
2.117590373422580186e+01
1.192817620591043237e+01
2.454226260457581965e+00
-5.439967438224391216e+00
-1.140177363386842124e+01
-1.595360550226105545e+01
-1.943710917365353907e+01
-2.134057565272872381e+01
-2.049922749959784340e+01
-1.598002624396411520e+01
-7.987374683379091067e+00
1.842924744177304230e+00
1.094701592177895755e+01
1.681723176314316248e+01
1.792714191908577703e+01
1.418991576874879890e+01
6.856282424247339691e+00
-1.987366244210601485e+00
-1.008030518778116047e+01
-1.560950687463232356e+01
-1.764610616607519944e+01
-1.627586438576400596e+01
-1.236077663694105944e+01
-7.014797378669520356e+00
-1.059340271767162278e+00
5.207499914670242092e+00
1.175771464412214229e+01
1.826500747707772732e+01
2.367112376758613124e+01
2.631507811707552946e+01
2.468668598495997202e+01
1.838757160821075587e+01
8.652393735437293287e+00
-1.991116347700961686e+00
-1.078895873621302748e+01
-1.592597202102623655e+01
-1.709647810951932456e+01
-1.521024109549285797e+01
-1.156132735340519702e+01
-7.112868680414133671e+00
-2.367005503348068363e+00
2.241191784391155739e+00
5.929027214569059012e+00
7.626951879973451476e+00
6.563223903532067638e+00
2.909072756097114798e+00
-2.111454299711604587e+00
-6.853809392070212780e+00
-1.021731973236824942e+01
-1.219595825289186664e+01
-1.353053529176622405e+01
-1.467877954122441508e+01
-1.492684468155373168e+01
-1.246886643658835503e+01
-5.609024453676054733e+00
5.647536015872448800e+00
1.878188348076474767e+01
2.949364158743212627e+01
3.373448585130005739e+01
2.986768244817109519e+01
1.959931012397467143e+01
7.061095287572475954e+00
-3.406379503789326080e+00
-9.407002311230749925e+00
-1.130134375908979827e+01
-1.130939935539627328e+01
-1.163728392084677132e+01
-1.292005382137505443e+01
-1.395465450941080654e+01
-1.277327459403983845e+01
-8.231311914815968578e+00
-1.022680672557561010e+00
6.502110278985743008e+00
1.152823597269081191e+01
1.219100612961386965e+01
8.385728506841914509e+00
1.614081464485468409e+00
-5.886085971438397735e+00
-1.212997275582245216e+01
-1.596386424180034247e+01
-1.706126241067110527e+01
-1.554219683678712016e+01
-1.158974514952757318e+01
-5.348824758152268544e+00
2.850194524834893883e+00
1.213699871721869350e+01
2.091887175719322300e+01
2.710896626138409005e+01
2.879281245008599299e+01
2.508928419475705596e+01
1.676488540807167027e+01
6.175617767025125104e+00
-3.601225744554563235e+00
-1.012244068155333210e+01
-1.272278201047909185e+01
-1.273907906646335420e+01
-1.256398886287206373e+01
-1.399444592267071030e+01
-1.687001144404939268e+01
-1.893883935784762684e+01
-1.718764767175578356e+01
-9.918652162142668871e+00
1.724183632794416221e+00
1.384507912350488823e+01
2.160389989252647425e+01
2.174190112983822232e+01
1.432210073905553749e+01
2.637218404135405869e+00
-8.621605185655553782e+00
-1.576885572411518766e+01
-1.764257436447866567e+01
-1.544542178414302214e+01
-1.126621616221514266e+01
-6.467082990637889495e+00
-1.075625600068909726e+00
5.518906988635584376e+00
1.326334948379067136e+01
2.065827512456243298e+01
2.519296720915766130e+01
2.475330001452825712e+01
1.900958949693838207e+01
9.780926144818767654e+00
9.213070388801547494e-02
-7.447452758430463504e+00
-1.186643544434014608e+01
-1.389719677302420919e+01
-1.495527220800482837e+01
-1.583478291562967044e+01
-1.605516926738990691e+01
-1.427623970858072333e+01
-9.434283753819357798e+00
-1.783345072824793931e+00
6.859106796398483752e+00
1.380345265044020131e+01
1.667521541122859219e+01
1.442836731979267384e+01
7.718104850029789077e+00
-1.417829456440976132e+00
-1.029952690572437746e+01
-1.642830620236073003e+01
-1.816752269117511887e+01
-1.517314670811029131e+01
-8.490205813549051683e+00
-2.213822541089651708e-01
7.236403331531286121e+00
1.216377772822534453e+01
1.424692629888332185e+01
1.460375455042813186e+01
1.497626424481332030e+01
1.647307606957156523e+01
1.861440676655797333e+01
1.935306481083066288e+01
1.619702860875702299e+01
7.854363417658158042e+00
-4.581282111141376845e+00
-1.769244011297644903e+01
-2.712994416067047965e+01
-2.962827061369671711e+01
-2.455300486753211686e+01
-1.414950700241401371e+01
-2.400085903728017556e+00
6.840667967136980998e+00
1.142305643091844658e+01
1.143193279148347763e+01
8.554114777995017960e+00
4.805451314103446059e+00
1.410892598592900615e+00
-1.570581088950652404e+00
-4.787932602173573748e+00
-8.708231462462494576e+00
-1.290421825462667549e+01
-1.597309241891536225e+01
-1.614312595247714199e+01
-1.222144527202111419e+01
-4.344804507579297592e+00
5.892169832586013456e+00
1.601124924091309154e+01
2.362270353579020465e+01
2.728171607859380288e+01
2.680250287990100944e+01
2.293779320536616240e+01
1.671344767982200352e+01
8.898670361163963705e+00
-3.761809935483206857e-02
-9.508027187751547871e+00
-1.831969402695048643e+01
-2.461449036741216645e+01
-2.646694216532152666e+01
-2.289429423391771223e+01
-1.466691060943670699e+01
-4.324765654264257186e+00
4.763229099439384662e+00
9.870299945636102024e+00
1.011893235305358019e+01
6.739263799717569725e+00
2.231680014473661711e+00
-1.075841303273266325e+00
-2.242516748803289328e+00
-2.026761876483815339e+00
-2.169386878921304884e+00
-4.117868171610194139e+00
-7.953836433460618416e+00
-1.213031721697216980e+01
-1.414922792015488007e+01
-1.180506700108410278e+01
-4.355217964033043287e+00
6.947556756384238419e+00
1.919344427104947925e+01
2.885710168365458372e+01
3.308437869679406873e+01
3.068839363713047064e+01
2.246427133698735545e+01
1.073402971324055599e+01
-1.629507976898564081e+00
-1.222591069638891526e+01
-1.972902978394359153e+01
-2.385180200754278346e+01
-2.483353693260669104e+01
-2.288634733823014145e+01
-1.802879826958375986e+01
-1.042605581703388395e+01
-9.444656071568129363e-01
8.590569457309790380e+00
1.578759917685723657e+01
1.863444555862269070e+01
1.646132651539783609e+01
1.029847964623706602e+01
2.360482572348773012e+00
-5.040436547657544786e+00
-1.047065865367444459e+01
-1.365511215381597054e+01
-1.498491256073814526e+01
-1.472811157796815351e+01
-1.260103126472451329e+01
-8.036225667821012664e+00
-9.097826337617247461e-01
7.886860395428012538e+00
1.653182565124332726e+01
2.300309336336714594e+01
2.594176218338821727e+01
2.504889895776247144e+01
2.081200988697473875e+01
1.390715779523644358e+01
4.865895780353662659e+00
-5.681151150066417799e+00
-1.644636459153147001e+01
-2.525373911331405807e+01
-2.960072027794088712e+01
-2.784557814893959815e+01
-2.025631679476386537e+01
-9.114499856871251637e+00
2.321184015215556951e+00
1.135543339572508970e+01
1.686681988086081674e+01
1.914155272145999476e+01
1.879523002684228317e+01
1.577632439865485736e+01
9.385169388174604777e+00
-6.107343483205238677e-01
-1.268294734004693147e+01
-2.331148338806655218e+01
-2.836823840852305878e+01
-2.541644500033401499e+01
-1.537185916762959081e+01
-2.232751174589620469e+00
9.129190682027095605e+00
1.571747782163347296e+01
1.783227424669043870e+01
1.818375610070627602e+01
1.936287330656617556e+01
2.154584648862884322e+01
2.216556411757481015e+01
1.785095529488795307e+01
7.246085889785813805e+00
-7.377067066076218538e+00
-2.097043958787875439e+01
-2.852324999533183103e+01
-2.792727035931864421e+01
-2.096056425555735458e+01
-1.181779402369236465e+01
-4.343490192286568075e+00
4.961499329445384632e-02
2.441155530487252534e+00
4.682990818971263458e+00
7.428602471709281119e+00
9.491345512335094270e+00
8.945167827982857034e+00
4.958023141892366148e+00
-1.209598439027150141e+00
-6.888769369116879204e+00
-9.825167402923355553e+00
-9.663158471312561559e+00
-7.887115649902968428e+00
-6.277287934150418636e+00
-5.170004513326798445e+00
-3.014103466865866388e+00
2.300520999201180139e+00
1.131474726079004789e+01
2.177687238147479576e+01
2.943581397190801852e+01
3.046593626681271871e+01
2.387420244156668403e+01
1.218518507052790056e+01
-8.627567061238750057e-02
-9.088529981127040358e+00
-1.356738256119806074e+01
-1.484428446428812975e+01
-1.508671565151257710e+01
-1.534048079067901860e+01
-1.484446514308385900e+01
-1.204219370369654385e+01
-6.340038942395218591e+00
8.941740488786446006e-01
6.941694287005873321e+00
9.487034284903762327e+00
8.133536638289447396e+00
4.498180221655611710e+00
8.430879018387007484e-01
-1.638373605375228470e+00
-3.505560807321012717e+00
-6.193632922164176158e+00
-1.031455071046221050e+01
-1.455902372841909553e+01
-1.617528707858407699e+01
-1.276887510657453007e+01
-4.114373003255540340e+00
7.382102074875326991e+00
1.794108048474333827e+01
2.449357098564652446e+01
2.612254877206448711e+01
2.393605909563359546e+01
1.965973717804146048e+01
1.417345288897285371e+01
7.165581060803452473e+00
-1.889992939143065875e+00
-1.233381604212415183e+01
-2.176804005882855009e+01
-2.697320580511111388e+01
-2.576108775065151946e+01
-1.846255095332077545e+01
-7.957226883450813304e+00
1.828058240638528620e+00
7.961936861733397208e+00
9.772578908882815441e+00
8.622055382521820022e+00
6.535039879538278029e+00
4.745280722535111018e+00
3.129855635848902473e+00
7.497407435357636984e-01
-3.079819453406064333e+00
-8.031616682526493634e+00
-1.279166304698171963e+01
-1.570642700038454365e+01
-1.551555958373945643e+01
-1.174279131292339429e+01
-4.713697749162877315e+00
4.551085392092339532e+00
1.438904695484250595e+01
2.260776652610960724e+01
2.692674658998279824e+01
2.581789550996507998e+01
1.937970533849563992e+01
9.614714784401547476e+00
-2.955418240211908909e-01
-7.477880525420102842e+00
-1.076669032921576985e+01
-1.109573505138558325e+01
-1.057231359951098248e+01
-1.082595623992632206e+01
-1.176947478486028587e+01
-1.166804298706830068e+01
-8.513122420597099449e+00
-1.764445478481540874e+00
6.776430454105838663e+00
1.363694235506951102e+01
1.552801718531164710e+01
1.122636961020459978e+01
2.312384591928352329e+00
-7.660074646202222226e+00
-1.500340738090296355e+01
-1.762470297185834767e+01
-1.570204394890364696e+01
-1.109549736451903001e+01
-6.030241553494869677e+00
-1.899393764847974175e+00
1.203082593449478210e+00
4.136987239083596002e+00
7.916439361427698884e+00
1.294440869667476157e+01
1.862181853814629306e+01
2.343407529379410192e+01
2.544292478147118075e+01
2.302083027009730998e+01
1.560008578977213745e+01
4.149726247995939588e+00
-8.890728752011622049e+00
-2.031572490349289595e+01
-2.727866521854963011e+01
-2.834211829948630168e+01
-2.392929556262334856e+01
-1.595034307494103132e+01
-6.843199254069890713e+00
1.402322026877507843e+00
7.710712328581548647e+00
1.173914088788384014e+01
1.336503404675352513e+01
1.235037111827150369e+01
8.484117374145208501e+00
2.070881920356318240e+00
-5.686017728643911973e+00
-1.281617159134192541e+01
-1.726511006837279893e+01
-1.774944304049499166e+01
-1.426024187096764706e+01
-7.921560337630367599e+00
-3.382608980725834158e-01
7.123530788085871812e+00
1.369738448175358059e+01
1.909266934624045930e+01
2.309978970296892697e+01
2.527856644545351017e+01
2.496031771024827250e+01
2.154199266661300882e+01
1.486908053263458385e+01
5.494687728378920610e+00
-5.286678335752307945e+00
-1.562473044151863988e+01
-2.347777044337323105e+01
-2.711437022537790398e+01
-2.566478368499192797e+01
-1.953389646964479098e+01
-1.043040490830195921e+01
-8.722088371114842253e-01
6.700190030622461101e+00
1.079427937552629402e+01
1.125618023392409128e+01
8.978956904267946015e+00
5.160190742438730105e+00
6.378024341736621139e-01
-4.246618170397075787e+00
-9.229846295482229124e+00
-1.358063209084732925e+01
-1.597576761462353367e+01
-1.502574938374623059e+01
-1.014059755947240760e+01
-2.100303374579523208e+00
7.142885563773703872e+00
1.535335667812145211e+01
2.099857013448081844e+01
2.366913662149335451e+01
2.371457572574332673e+01
2.149335799812985215e+01
1.692676976300217362e+01
9.765202563889589626e+00
3.397473243718227565e-01
-9.897017771151809029e+00
-1.863192712973249598e+01
-2.371718937721254150e+01
-2.426916499591198217e+01
-2.101488987393205221e+01
-1.560309308261878058e+01
-9.412285493307495088e+00
-2.819407883505911983e+00
4.451044982955489893e+00
1.217322343570861776e+01
1.868632643135195437e+01
2.116841781260551159e+01
1.722613010731352645e+01
6.813316965243391365e+00
-6.962211597084497328e+00
-1.896804024762196050e+01
-2.461907773277633282e+01
-2.231760775522207751e+01
-1.416490745487243785e+01
-4.461217632212685302e+00
2.999996688827878621e+00
7.031568646766919173e+00
9.193834952917830705e+00
1.202193931173481900e+01
1.671206698485281805e+01
2.195543229451129719e+01
2.471644147860091323e+01
2.233165873225786058e+01
1.439770000650822368e+01
3.145697777185585409e+00
-7.860058685003666668e+00
-1.568868075172579069e+01
-1.930748921311035460e+01
-1.943410737457946880e+01
-1.736660433314644081e+01
-1.387085762477688533e+01
-8.994035502899018653e+00
-2.800218986456048498e+00
3.775960395302391248e+00
8.850783825229555646e+00
1.051217339368018777e+01
8.096110863759985676e+00
2.814635321796364220e+00
-2.828400638867535566e+00
-6.496696921609080633e+00
-7.354017910284458281e+00
-6.346905245418752450e+00
-5.272094959759050958e+00
-5.326209393193727770e+00
-6.171975130801467202e+00
-6.147129171310869111e+00
-3.423220029689757915e+00
2.702835099503428928e+00
1.121610524967388045e+01
1.978472418632204111e+01
2.580063933879463534e+01
2.740093539991726601e+01
2.398784543677038528e+01
1.619326583381583617e+01
5.546036126084031181e+00
-5.896400351305496557e+00
-1.589418499340899160e+01
-2.244217032583923555e+01
-2.428573953444182365e+01
-2.135880103343947667e+01
-1.485622264608715426e+01
-6.794488564060136682e+00
7.644121282464740874e-01
6.405014420874869607e+00
9.593396522300423612e+00
1.040928506557784772e+01
9.086458171643172932e+00
5.776391248551097313e+00
7.174950567366313869e-01
-5.386530211339801255e+00
-1.119002576889147527e+01
-1.501198734656352940e+01
-1.553236204852819391e+01
-1.245758108706845491e+01
-6.711563659058271014e+00
-6.362805175124108814e-03
5.957691983905784028e+00
1.019998275186691039e+01
1.270870046354020921e+01
1.416331415741415789e+01
1.534446523683779162e+01
1.655329032017927204e+01
1.729953249213041033e+01
1.638920581069197979e+01
1.242347208853124130e+01
4.594957593974296373e+00
-6.502729162912689986e+00
-1.849588383883676812e+01
-2.770346002812863873e+01
-3.053675397072116482e+01
-2.531244659438934619e+01
-1.349229415600236237e+01
5.689353174623112963e-01
1.153632309017237390e+01
1.577124741557820009e+01
1.320539966020952782e+01
7.153053235130642840e+00
2.040294439377840607e+00
4.470151907982407025e-01
1.449863489487053236e+00
1.491560545281061412e+00
-2.709652444549196737e+00
-1.120642032750348349e+01
-2.001169777255644533e+01
-2.324138256496258137e+01
-1.695310631112778310e+01
-2.113239456873297506e+00
1.543765169180685071e+01
2.817939185359000476e+01
3.125419101309101677e+01
2.510650461178956050e+01
1.469990074468559982e+01
5.927354364058986746e+00
1.742423401248808901e+00
6.716546453294833796e-01
-1.368967406674075349e+00
-7.395224614645908190e+00
-1.655816235821113125e+01
-2.429761199477322364e+01
-2.536492502487208611e+01
-1.756976841390287802e+01
-3.597106679388367034e+00
1.038099852370960896e+01
1.833060102377091027e+01
1.775064591992048335e+01
1.064180329375604472e+01
1.627427731188285875e+00
-5.242080391257137428e+00
-8.719546589025686245e+00
-1.024563766542214793e+01
-1.190593755619656413e+01
-1.422401372984536216e+01
-1.551109748798780785e+01
-1.319218357737738501e+01
-6.004851833426995356e+00
4.648844998648318239e+00
1.522946884817084268e+01
2.208670080534938762e+01
2.353955213740183439e+01
2.059296056702990541e+01
1.590460105422626569e+01
1.184525688256130671e+01
9.041487553118688680e+00
6.328470678678220551e+00
1.990278408242692976e+00
-4.689534793534168244e+00
-1.264206805240366904e+01
-1.944052810328777880e+01
-2.256223472570185962e+01
-2.065551555975740072e+01
-1.412798183330478174e+01
-4.891358320640988744e+00
4.432064822116640102e+00
1.139022912669586418e+01
1.436403311244061065e+01
1.291739206933239714e+01
7.835705961174699752e+00
8.453896084717960058e-01
-5.968227896738294014e+00
-1.089038147401686096e+01
-1.314015955208833120e+01
-1.295637988315876399e+01
-1.114445654076588355e+01
-8.383644242912996702e+00
-4.787325694727982750e+00
-4.371896350723858404e-02
5.974827272574986026e+00
1.263188371201047921e+01
1.848747146962282883e+01
2.190879718131310483e+01
2.192222386294003655e+01
1.867871660285453572e+01
1.318573253511956622e+01
6.538823421863011021e+00
-6.969882085927263660e-01
-8.414259317679775307e+00
-1.624223733225250399e+01
-2.283303949849049275e+01
-2.593023139768272500e+01
-2.346013811815828021e+01
-1.505145514281731067e+01
-2.893104976807104656e+00
8.874931972237966704e+00
1.609848244262671102e+01
1.676854770726173527e+01
1.202378315295202249e+01
5.292885182096451757e+00
8.465828208210801620e-02
-2.144372257075109367e+00
-2.638398068217977954e+00
-4.084802828883798753e+00
-8.319571875877858957e+00
-1.458301820101817015e+01
-1.956353404568403320e+01
-1.927984569633474621e+01
-1.162459018514440245e+01
2.058754074743135654e+00
1.738044719187950093e+01
2.905068279899444406e+01
3.346061645047969790e+01
3.018776848714216499e+01
2.166151044239830981e+01
1.139258063258017017e+01
1.995624728472883191e+00
-5.779370378787677787e+00
-1.256773804949693307e+01
-1.900887135859405319e+01
-2.455549928398793469e+01
-2.735508481282501947e+01
-2.530447912662338794e+01
-1.756795686196593564e+01
-5.532234768915079925e+00
7.469144147841955572e+00
1.755156182217778493e+01
2.199479877033213882e+01
2.030511762942157006e+01
1.408236847162695327e+01
5.892105212068892151e+00
-2.082566140911312758e+00
-8.781337014403469254e+00
-1.405085912927471981e+01
-1.780514692029188595e+01
-1.931874878645255933e+01
-1.729147403669427518e+01
-1.074096140726276261e+01
-1.270237251321990612e-01
1.215392094479856056e+01
2.243324596499534351e+01
2.737944243998026650e+01
2.566671434401832386e+01
1.867971829442871012e+01
9.759054213499972263e+00
2.377487965256880109e+00
-1.681928024395008325e+00
-3.050562201717739175e+00
-3.978456612945914905e+00
-6.548500822407991251e+00
-1.105865488547808617e+01
-1.562520888011287390e+01
-1.728345097056559609e+01
-1.390719072484843011e+01
-5.742127151218441306e+00
4.419835025969678810e+00
1.256151589609746466e+01
1.548296159540829464e+01
1.237314445325773171e+01
5.033464801593189542e+00
-3.294503474225158435e+00
-9.725562396185576830e+00
-1.306721759360042512e+01
-1.396734315335999277e+01
-1.391885871763646243e+01
-1.386762472166109816e+01
-1.337357318065235923e+01
-1.087873510082362571e+01
-4.903497376585024270e+00
4.616204892663412274e+00
1.574881882929074806e+01
2.518873271910839762e+01
2.978365175775817875e+01
2.809880353580233958e+01
2.109992022948694057e+01
1.155275854138792013e+01
2.509186780676713191e+00
-4.198501625530012049e+00
-8.554643462946085464e+00
-1.174066988259303024e+01
-1.478464546653698619e+01
-1.744638844997071558e+01
-1.814690149383960005e+01
-1.504242831511758105e+01
-7.545643609884479019e+00
2.752766503394912245e+00
1.245884106534652247e+01
1.791249284366587702e+01
1.699368482754007204e+01
1.012712006479930160e+01
-6.428793437444646486e-02
-1.015133725579115698e+01
-1.742594128019731414e+01
-2.069479887681346497e+01
-2.008003882108689808e+01
-1.627005635776118453e+01
-9.943486167989089353e+00
-1.777785809774662162e+00
7.153539038020666929e+00
1.517768938453372662e+01
2.043769610536874737e+01
2.177794331363553226e+01
1.945072622625785286e+01
1.501235076827716597e+01
1.035090542564843652e+01
6.487362909000433220e+00
3.045732453207517842e+00
-1.156578437770833467e+00
-6.795410407198889224e+00
-1.300870552291977589e+01
-1.751868276615934406e+01
-1.795185319959930581e+01
-1.347871860254706711e+01
-5.583689816563730091e+00
2.651443529435082880e+00
8.304791487911440839e+00
1.020057680163449199e+01
9.229885298230833257e+00
7.244117631855253592e+00
5.416927387610250832e+00
3.354308570514071164e+00
-3.563858151794683238e-01
-6.591139062828095696e+00
-1.436629300940834142e+01
-2.085424852637923365e+01
-2.286017682476755652e+01
-1.878046209213618312e+01
-9.672669435479555489e+00
1.317746838724282554e+00
1.076577316039084842e+01
1.675375688273243924e+01
1.946061901110627446e+01
2.029591487238925751e+01
2.037144232433652746e+01
1.950876911439936023e+01
1.648180417490038252e+01
1.021657986491666037e+01
9.740865173909210029e-01
-9.376239270226157885e+00
-1.815049642993874457e+01
-2.309413137458685839e+01
-2.323078270118971034e+01
-1.890253335482128705e+01
-1.125641405269031914e+01
-1.765785124180428767e+00
7.865715713216229865e+00
1.560908364165191031e+01
1.931877247714945867e+01
1.749520851331509874e+01
1.025028775807189341e+01
-2.823734565116819972e-01
-1.063482781944953359e+01
-1.757643889632964118e+01
-1.963314247555351244e+01
-1.754036488102030944e+01
-1.332163025002438594e+01
-8.680369883299977829e+00
-3.910130864680043672e+00
1.866739063510484353e+00
9.361219212207505080e+00
1.779892577892798755e+01
2.476701038850578840e+01
2.748375302261689868e+01
2.461168273155527686e+01
1.724474987498940237e+01
8.270849652123814622e+00
5.334960208567700590e-01
-4.848757696190807209e+00
-8.745236806843397659e+00
-1.268788846977687612e+01
-1.704322162102658211e+01
-2.020516486266098610e+01
-1.957613527384775054e+01
-1.369761238396943170e+01
-3.909680531345382626e+00
5.852428601386398199e+00
1.119586616387269196e+01
9.959402652056377647e+00
3.579384663649674891e+00
-3.872115524306303236e+00
-8.353401716453220160e+00
-8.391115790328928625e+00
-5.749805852257627414e+00
-3.822377071460051567e+00
-4.937835190982669431e+00
-8.517925861814870103e+00
-1.137300461881504887e+01
-9.898941668558920881e+00
-2.624317510968407596e+00
8.631288087100219997e+00
1.971479748021637590e+01
2.649312264360673908e+01
2.702156363643467429e+01
2.221051670316768778e+01
1.478329560079194493e+01
7.436095727410981127e+00
1.482171323608744373e+00
-3.270533165837886003e+00
-7.610226635265178174e+00
-1.184060546550420412e+01
-1.534450814163520782e+01
-1.700248794534677188e+01
-1.602560256244745318e+01
-1.253279297501728529e+01
-7.491033720218796432e+00
-2.151185949639835115e+00
2.551230486847948953e+00
6.214998915504848398e+00
8.739991325309050652e+00
9.915668751867812603e+00
9.213781925844648057e+00
6.000345382772287017e+00
8.227238380825840913e-02
-7.734525067113406926e+00
-1.545534931355959429e+01
-2.031551795130123850e+01
-1.977182209433644289e+01
-1.271637465050663351e+01
-3.409855303829036899e-01
1.390289857454698108e+01
2.546251277319131745e+01
3.059184067903909110e+01
2.810845125794904931e+01
1.999016848239840627e+01
1.031859583543737457e+01
3.023090643732830429e+00
-3.014964381388356429e-01
-1.131084311099646911e+00
-2.744134963469500921e+00
-7.683596522766318770e+00
-1.561079649882610987e+01
-2.307778070669507287e+01
-2.553170686587823468e+01
-2.033267710000334461e+01
-8.774053231680001730e+00
4.341906306854479425e+00
1.341169517491394636e+01
1.528700828905581055e+01
1.092283470603153006e+01
4.332201802133388568e+00
-3.827773563439742510e-01
-1.814752496301545115e+00
-1.883564818270795582e+00
-3.900447103420067840e+00
-9.514268672003437288e+00
-1.683438992971727899e+01
-2.121844402326329515e+01
-1.830743428127970773e+01
-7.235705218761381730e+00
8.270092023121627278e+00
2.178510568441786077e+01
2.790508586890047837e+01
2.535582117422673321e+01
1.745919517357805262e+01
9.703628528169675249e+00
6.093815695864778448e+00
6.713911832484724229e+00
8.047957349434710750e+00
5.716481512224114603e+00
-2.288902959086371869e+00
-1.402492066443079111e+01
-2.463100190296714231e+01
-2.919642859285647774e+01
-2.556354150364390065e+01
-1.536181712234806085e+01
-2.827751536927554987e+00
7.622793438813605604e+00
1.346653030488321789e+01
1.464656177612004484e+01
1.263129181279990654e+01
8.912410076999835340e+00
4.091425115532426382e+00
-1.907271093817206609e+00
-8.865604607417868266e+00
-1.545988979449962741e+01
-1.936727564056543116e+01
-1.834923452669308830e+01
-1.164008507115666369e+01
-7.069113024087210206e-01
1.118411374284389304e+01
2.041653139755440094e+01
2.467462531220861521e+01
2.385604784465322936e+01
1.975538831337483003e+01
1.476985717929547448e+01
1.045338879455104220e+01
6.803441504803872775e+00
2.674882831719095577e+00
-3.014089483502329081e+00
-1.012729913697501871e+01
-1.701045211038519511e+01
-2.127971111214279176e+01
-2.120148416687203863e+01
-1.675743901313056838e+01
-9.687811818131411457e+00
-2.491217925943530087e+00
2.933219789664031296e+00
6.082721944267969860e+00
7.587699661490258762e+00
8.175016887347904770e+00
7.727712155385225934e+00
5.248164042832984322e+00
-1.619068347734142765e-01
-8.022005188677820087e+00
-1.595014847016647330e+01
-2.050066245037582746e+01
-1.900155756199971435e+01
-1.123807663498093490e+01
1.883818901300973181e-01
1.117211052409368399e+01
1.831219404135369899e+01
2.061737599175013358e+01
1.962917514895525528e+01
1.795174141936080758e+01
1.724414697965088905e+01
1.705627188542035100e+01
1.526122101141314857e+01
9.719651874972933925e+00
-2.163250208669253993e-03
-1.200390890535481248e+01
-2.285546084538459155e+01
-2.922638542892463676e+01
-2.930135275572630960e+01
-2.326061221848605953e+01
-1.283769814049037095e+01
-5.171288415769614843e-01
1.107143457795253383e+01
1.944941579229809392e+01
2.257346151133322465e+01
1.938803328920240077e+01
1.050588531248944690e+01
-1.531007271048698604e+00
-1.290717770867834346e+01
-2.003272462207087301e+01
-2.113127605957874522e+01
-1.693972980136569717e+01
-1.003379030471621114e+01
-3.196246330007358694e+00
2.098584457793891467e+00
6.109865941046891180e+00
9.992751185016896187e+00
1.443730643013157611e+01
1.885513092118367240e+01
2.169589029082404608e+01
2.156225290350937129e+01
1.818057090395539888e+01
1.245667514331825387e+01
5.647865481129477061e+00
-1.555888017038687288e+00
-9.172213164846672484e+00
-1.711611382840479223e+01
-2.417462860153131032e+01
-2.784217860355502339e+01
-2.551099189047873850e+01
-1.639806559904911509e+01
-2.815430828821620324e+00
1.036803940763890708e+01
1.804096729051971693e+01
1.760328571581636936e+01
1.037801934610013888e+01
7.065269562421905292e-01
-6.711325212640991467e+00
-9.487561085465561206e+00
-8.504640877878795635e+00
-6.655606502254675760e+00
-6.395146786496649582e+00
-7.890754192246061116e+00
-9.031104792192541808e+00
-7.154946913946721665e+00
-1.146211042680072012e+00
7.632607044963017451e+00
1.615924954274505865e+01
2.161377748334565752e+01
2.288852906262569320e+01
2.074196450309830553e+01
1.669496982249269124e+01
1.170160254490145491e+01
5.689376931432171602e+00
-1.738751026101018837e+00
-1.014311595894158202e+01
-1.771934012220211585e+01
-2.198599433390396740e+01
-2.127852826172716760e+01
-1.595475467595961661e+01
-8.375658263298385364e+00
-1.604987874722832331e+00
2.300735854047903928e+00
3.258912695483333621e+00
2.788178697335086831e+00
2.657293687860661002e+00
3.562178752013010374e+00
4.729599618128409233e+00
4.621055113826590954e+00
2.140858875926194393e+00
-2.513034358829524528e+00
-7.855846417437817308e+00
-1.184177552373751752e+01
-1.275464901485893421e+01
-9.770618411157354188e+00
-3.080975593348616037e+00
6.219083098180732350e+00
1.627260606242337104e+01
2.467457491524240254e+01
2.896701611438965784e+01
2.748027362473780144e+01
2.020424564024510516e+01
9.107895865936797009e+00
-2.505839146199619449e+00
-1.143961456870479765e+01
-1.606437131775290084e+01
-1.689887169644635279e+01
-1.590964575518622581e+01
-1.498142261083826199e+01
-1.459332195861931503e+01
-1.361347885226877530e+01
-1.034954904574197876e+01
-4.103299726324029173e+00
3.889425520323904095e+00
1.083059199062959621e+01
1.383277058170927454e+01
1.153409591136427537e+01
4.827255734399128251e+00
-3.697340430340631645e+00
-1.114188104598139972e+01
-1.559835096302048107e+01
-1.661995195434101902e+01
-1.478940136972433450e+01
-1.091035534317076383e+01
-5.482090393997831157e+00
1.244289301007309057e+00
8.844610409445644805e+00
1.640736576894666854e+01
2.263673942487525181e+01
2.629457756771646615e+01
2.663556869262751903e+01
2.354998210721031171e+01
1.742199395032991305e+01
8.949854795221119375e+00
-8.615894380374324868e-01
-1.058952148928421622e+01
-1.844273624084653562e+01
-2.269634280221828959e+01
-2.240533545540204585e+01
-1.795896231623496675e+01
-1.102050887588483796e+01
-3.772668047325161034e+00
2.099493652635942009e+00
6.016524705523780270e+00
8.296053810579138599e+00
9.329348296672083762e+00
8.842624117710547793e+00
5.918672934028405663e+00
-1.226166451136898594e-01
-8.608900164338812999e+00
-1.709732907664312052e+01
-2.219255964121200719e+01
-2.127477478837205283e+01
-1.408505664584724570e+01
-3.081341246816705848e+00
7.781744576640229560e+00
1.515916761830305148e+01
1.800003047055321659e+01
1.775096303735124792e+01
1.698672389203289157e+01
1.741372017672778583e+01
1.859532860068159010e+01
1.824697881244950182e+01
1.389060975722742342e+01
4.759082277325068944e+00
-7.307191903490297236e+00
-1.855542284952095144e+01
-2.517044747410827554e+01
-2.515126477793719317e+01
-1.914290296507122946e+01
-9.861307765112188761e+00
-6.029775593077202345e-01
6.217595946270939145e+00
9.738937792905231206e+00
1.037485162570822261e+01
9.016974011041074988e+00
6.347351313734720613e+00
2.651351021616433101e+00
-1.914409052984210824e+00
-6.946494853986742157e+00
-1.165069186335123064e+01
-1.502267343332367844e+01
-1.618873997015810318e+01
-1.466455320462489453e+01
-1.041366589099190776e+01
-3.774996111516179198e+00
4.588332828645077299e+00
1.364776496193751676e+01
2.196529906386177800e+01
2.782381633976208235e+01
2.963132029355895725e+01
2.649903289024030073e+01
1.871753599909592225e+01
7.842178746817790369e+00
-3.722906482226366442e+00
-1.348810845546956827e+01
-1.964886774904396560e+01
-2.153015648061620624e+01
-1.956072780435141567e+01
-1.488140964338343508e+01
-8.849052656248497684e+00
-2.682905565931088532e+00
2.653109073563422182e+00
6.413765663082361179e+00
8.042703405166815145e+00
7.253776195841827423e+00
4.191332668083764368e+00
-4.701475439324613870e-01
-5.621002359469049026e+00
-1.002162665895899707e+01
-1.268673334042074075e+01
-1.314994489964714397e+01
-1.147716879297344228e+01
-8.058184727369674505e+00
-3.348703954140376915e+00
2.245523297951776076e+00
8.275478291960897792e+00
1.406128140746034205e+01
1.862692023885569270e+01
2.090741379587924698e+01
2.017612632442302001e+01
1.644375469808719714e+01
1.054538879753332381e+01
3.808187036518722479e+00
-2.526061765494961531e+00
-7.761666933128702262e+00
-1.179072928176362822e+01
-1.470397871640996712e+01
-1.628742615562538987e+01
-1.584310183663658655e+01
-1.256889237387179215e+01
-6.316893801933101571e+00
1.792671719880821968e+00
9.428036560576334324e+00
1.391471048829106216e+01
1.351453963764927479e+01
8.376581962120450697e+00
5.480732525901186314e-01
-7.022143308177346555e+00
-1.193107892846507667e+01
-1.337138516909981334e+01
-1.218219822314710399e+01
-9.936810833440558710e+00
-7.714443634218483226e+00
-5.384892182005241779e+00
-1.867490741439494784e+00
3.841121733955619622e+00
1.159420025818516464e+01
1.972754576853494513e+01
2.567597263599684965e+01
2.720722984556979185e+01
2.352080178328116133e+01
1.557381615273916609e+01
5.510684980232786856e+00
-4.373896142192504222e+00
-1.248141575990744201e+01
-1.812807567704931699e+01
-2.117807755852748386e+01
-2.152656082564359252e+01
-1.890994859472921519e+01
-1.321274192445132201e+01
-5.020333104150919823e+00
4.059455456601987144e+00
1.166217872183281656e+01
1.549505479510605177e+01
1.432091256518602762e+01
8.557280106127359787e+00
1.454262206887833031e-01
-8.257566939814068974e+00
-1.434961603853028933e+01
-1.698250438279088925e+01
-1.632706792122991146e+01
-1.339906770164462912e+01
-9.278882152520136373e+00
-4.500702986193610755e+00
1.036434352473080356e+00
7.604148579830432908e+00
1.494105191595592075e+01
2.180178646041387225e+01
2.614281672307918569e+01
2.596860908701152226e+01
2.043550703133578494e+01
1.057418991182552226e+01
-8.765949743666174854e-01
-1.056030387541330562e+01
-1.599338653114236664e+01
-1.663682017780356404e+01
-1.391976781672028629e+01
-1.019430531342165480e+01
-7.264857379562436712e+00
-5.421521267076343520e+00
-3.592861438917779093e+00
-4.928473519425677907e-01
4.051220941873858727e+00
8.559494253631175553e+00
1.060516322309307924e+01
8.360274809002040897e+00
1.955768585016920191e+00
-6.303459526591044693e+00
-1.308787834611103129e+01
-1.585534794071597275e+01
-1.416056735340320039e+01
-9.626915444824595269e+00
-4.653841860597985658e+00
-7.895858830001465378e-01
2.098551141324402902e+00
5.319633882016361781e+00
9.952016257202652483e+00
1.561306317500283569e+01
2.034666043835864713e+01
2.174759517907943618e+01
1.853412553077540892e+01
1.144675177303028057e+01
2.834271378297585464e+00
-4.766136237781694263e+00
-1.003140276668126241e+01
-1.325024939007082025e+01
-1.548932868364336279e+01
-1.722678172727944457e+01
-1.756051372111399900e+01
-1.468318723666790859e+01
-7.370728217886084011e+00
3.562442781797636293e+00
1.495265001725540799e+01
2.250678752496027002e+01
2.292027695421149147e+01
1.564520333278511188e+01
3.257347633437776224e+00
-9.770246164970259883e+00
-1.914090635689958830e+01
-2.248929516106151638e+01
-1.996607339320329544e+01
-1.357151296801049689e+01
-5.849785101401041132e+00
1.239608774276678815e+00
6.771406470631079699e+00
1.064964486832581159e+01
1.312908917590467084e+01
1.444827109156955913e+01
1.471497951981652896e+01
1.394497578418972061e+01
1.210035051977349951e+01
9.089131040489638380e+00
4.811883843509319192e+00
-6.669148818499639475e-01
-6.880677580674072757e+00
-1.284130677617332061e+01
-1.720687802872370042e+01
-1.873054252424564226e+01
-1.678145420768407092e+01
-1.165612014875782876e+01
-4.516315882474327026e+00
2.991207435103285572e+00
9.218773954790439262e+00
1.289422374910693314e+01
1.331137263200362320e+01
1.039075101695670078e+01
4.694160661397476453e+00
-2.602630084253414910e+00
-9.859526985475060457e+00
-1.531124056098215647e+01
-1.754241435231563884e+01
-1.591432761146801766e+01
-1.073717408361950731e+01
-3.105931120289186609e+00
5.495781786789668999e+00
1.360746501490149640e+01
2.004328601520835917e+01
2.395708342649146516e+01
2.482673437018836182e+01
2.247703247211619626e+01
1.716052535642663202e+01
9.605916732508827494e+00
9.292701092391109086e-01
-7.601053588131735594e+00
-1.483703124911802362e+01
-1.992271762337390584e+01
-2.231591330951723151e+01
-2.174011326178021619e+01
-1.819684246991011634e+01
-1.208650654825178528e+01
-4.340460856524235744e+00
3.608237607495412558e+00
1.011179574766144285e+01
1.377011966643229712e+01
1.384931978410383557e+01
1.045782491044208484e+01
4.444904680632154381e+00
-2.847629553878603836e+00
-9.823013491934275976e+00
-1.482420491105133209e+01
-1.639396758794612907e+01
-1.369743375881482628e+01
-7.007799246718960262e+00
2.066008776815317027e+00
1.094096340508946952e+01
1.703804655314808159e+01
1.894805327787597804e+01
1.709285533291406978e+01
1.338597836103130057e+01
1.000067512255647451e+01
7.980623002802188282e+00
6.612732543915731398e+00
4.031764337031019885e+00
-1.295481303378317239e+00
-9.190845660869584322e+00
-1.745271900403228926e+01
-2.288171283733757733e+01
-2.302038168945326291e+01
-1.751014384969737847e+01
-8.243710597022831266e+00
1.694262221124614776e+00
9.539741363255689777e+00
1.386782042696552253e+01
1.464185615787267025e+01
1.254830402667951894e+01
8.301292528715007890e+00
2.446260043952867669e+00
-4.351584406970948393e+00
-1.099442586302444802e+01
-1.605739287889482370e+01
-1.832379687608169405e+01
-1.732417554569870433e+01
-1.341529792227136397e+01
-7.341443378107344486e+00
2.920504655962830043e-01
9.093189674053702376e+00
1.837870476378971674e+01
2.657110919008865579e+01
3.123099928916919055e+01
3.005496928200819795e+01
2.235665645403748769e+01
9.973785078903787849e+00
-3.251426099412177972e+00
-1.332757409406779203e+01
-1.819068371241217008e+01
-1.859148679738970600e+01
-1.713012328765030290e+01
-1.608994727555672100e+01
-1.564263605475646735e+01
-1.379062592941614440e+01
-8.163380974110390653e+00
1.622610273981105244e+00
1.284007582568983530e+01
2.075085778592185903e+01
2.133320955276323616e+01
1.383083990287605936e+01
1.378647845991841869e+00
-1.073624561486343865e+01
-1.801068564686098483e+01
-1.893179004604284899e+01
-1.513273000610767482e+01
-9.660261386504418013e+00
-4.769552878990939604e+00
-8.038789922902251917e-01
3.264975885880906592e+00
8.345045035955065416e+00
1.409398056450809378e+01
1.899537595080780861e+01
2.141767140340758147e+01
2.066666012312952816e+01
1.717449089157963371e+01
1.181420472276244737e+01
5.117522197990954425e+00
-2.788127011418894519e+00
-1.144416400064276829e+01
-1.929605143038470061e+01
-2.384335170410216875e+01
-2.292965554463723521e+01
-1.634780039608478575e+01
-6.462289502736758173e+00
2.858745699999892143e+00
8.436935503187784846e+00
9.578385990587579002e+00
8.123960177762246104e+00
6.678921710454985394e+00
6.365941626606979042e+00
5.886063220205498325e+00
2.715653826500436629e+00
-4.411397032841818167e+00
-1.369623005603826016e+01
-2.072666096982135642e+01
-2.111668668918687075e+01
-1.354707434482312678e+01
-9.725857412060312512e-01
1.101042337149588946e+01
1.760052436213319993e+01
1.765325732585893803e+01
1.397059684106069888e+01
1.087155213339165272e+01
1.086135417622638499e+01
1.283942221956334606e+01
1.311350667682309101e+01
8.403169838646915579e+00
-1.427367524051208036e+00
-1.291683245082239928e+01
-2.112810004171864975e+01
-2.276271910171783475e+01
-1.804458562147842571e+01
-1.015721978602038256e+01
-2.855516610341510386e+00
1.869119124505491891e+00
4.415626020514512362e+00
6.283237669640099554e+00
8.147550843905815299e+00
8.974353903989015890e+00
6.887845860281400334e+00
1.027029037418958790e+00
-7.191895898100703732e+00
-1.451221814707187896e+01
-1.772082136147644604e+01
-1.558650558153811261e+01
-9.428207618280588065e+00
-1.965417629953398304e+00
4.585620839682212235e+00
9.692719747492001048e+00
1.414729290104533632e+01
1.861655507241752616e+01
2.242111632913833574e+01
2.362543748313724734e+01
2.042552998232039130e+01
1.273628247783996414e+01
2.684206790928067576e+00
-6.452825935850155403e+00
-1.212039367847424742e+01
-1.382329613205190988e+01
-1.300261016029869232e+01
-1.165432737483575387e+01
-1.080974411873136987e+01
-1.001684569192861574e+01
-8.106718110914709285e+00
-4.506801036591706833e+00
1.835794085751862870e-02
3.789067770115368994e+00
5.408429692690893908e+00
4.726242797250799654e+00
2.780905451586483945e+00
7.966304310890541807e-01
-8.947873573987956686e-01
-3.066398307637500320e+00
-6.709306378837329277e+00
-1.173373577268665358e+01
-1.634072172085910069e+01
-1.769381940962697541e+01
-1.355643848449218147e+01
-3.817275760551213537e+00
9.139233652373949468e+00
2.148271457498186976e+01
2.973069363783394792e+01
3.217720440138010929e+01
2.918908228955667639e+01
2.241605103989139280e+01
1.363578129920018256e+01
4.045016311406708809e+00
-5.669071562956819577e+00
-1.477131448139457959e+01
-2.204400313180957838e+01
-2.591216770697845106e+01
-2.510036135032015281e+01
-1.940011926867668990e+01
-1.005687141734779821e+01
4.762406500808631371e-01
9.325434636902247831e+00
1.418765227983669952e+01
1.412674925659148606e+01
9.860696539369602220e+00
