2.290261863679199372e+00
1.696978210077855431e+00
7.677745490397924755e-02
-1.694695495076716352e+00
-2.791729017663532986e+00
-3.143324262852946305e+00
-3.343128983784172892e+00
-3.928676270723534092e+00
-4.751964363614398223e+00
-5.063687171741873883e+00
-4.274606106810102446e+00
-2.714609516516955257e+00
-1.647832012896502940e+00
-2.398920166320112290e+00
-5.218641969959941562e+00
-8.815280091996090306e+00
-1.102090662776445207e+01
-1.018394447047734630e+01
-6.277490776735737299e+00
-8.863784692184761838e-01
3.924372598199004081e+00
6.999306595007139364e+00
8.684409557485592401e+00
1.019889002197367134e+01
1.233675960034333485e+01
1.458708940522786968e+01
1.542726842078333682e+01
1.358646365545988033e+01
9.255186307776279264e+00
4.203208581805699673e+00
6.062506619294243393e-01
-5.678224607047690498e-01
-3.374292161565966008e-01
-9.504520625320518334e-01
-4.067254248754778700e+00
-9.237350650805744579e+00
-1.389934104424134453e+01
-1.504660623825708754e+01
-1.143649720875843379e+01
-4.733282906592110706e+00
1.332457257798607797e+00
3.303823445890221144e+00
2.549798752640322075e-01
-5.599656551831111884e+00
-1.037409953632814386e+01
-1.104200468798391022e+01
-7.295441403176782913e+00
-1.506028932642845319e+00
3.083909291359735239e+00
4.598190416458969310e+00
3.628045706423482120e+00
2.520162444278642333e+00
3.485802215145836325e+00
6.948955064499337198e+00
1.128035868632344219e+01
1.399887958576437264e+01
1.347872843836869272e+01
9.927621189763433662e+00
5.035000692242754816e+00
6.971334957545747280e-01
-2.160325679817781896e+00
-3.839073639288578477e+00
-5.169455515620299479e+00
-6.553361457104589505e+00
-7.565597295289514079e+00
-7.394886694412318384e+00
-5.685011150655091328e+00
-3.019824930508749894e+00
-6.200488482952788427e-01
5.041459044401958023e-01
2.393726121398303541e-01
-6.771770506076386642e-01
-1.389806066899002879e+00
-1.706217112296883887e+00
-2.228989809569024594e+00
-3.672034085404037196e+00
-5.912571138720860375e+00
-7.633294286435686971e+00
-7.014332380333916817e+00
-3.103801868642889872e+00
3.134916473095602285e+00
9.004395763142577280e+00
1.156658628333854466e+01
9.549872831202044665e+00
4.357532748894997532e+00
-6.254421914919729986e-01
-2.102624518500512352e+00
9.863094987753312504e-01
6.666956839901873266e+00
1.106266567114217381e+01
1.077936011816042594e+01
5.036023583178155683e+00
-3.802947264472041233e+00
-1.160066783980241389e+01
-1.482515866084729517e+01
-1.244764703155901842e+01
-6.269839016485041938e+00
3.593836380708565481e-01
4.494048392610060283e+00
4.979193827096702663e+00
2.574328586526678730e+00
-9.911630379241951339e-01
-4.203582267108037840e+00
-6.388886893007112988e+00
-7.540172231643406775e+00
-7.743627691470509333e+00
-6.820946872268850214e+00
-4.505621535688134394e+00
-9.382743511039102202e-01
3.048001320612702791e+00
6.223827255169623207e+00
7.715222523361255469e+00
7.652978914088254037e+00
7.157579025667269335e+00
7.555743338804436604e+00
9.319302274554413401e+00
1.149794841710668791e+01
1.214487222603230698e+01
9.565489202045723616e+00
3.609957682625697828e+00
-3.881724519690183950e+00
-9.877388298862552318e+00
-1.179072409967538704e+01
-8.981635887707181354e+00
-3.179249230211598665e+00
2.465485263471987931e+00
5.141730278060432369e+00
3.891846614638396318e+00
-2.636427599697765967e-02
-4.102053557827616714e+00
-6.203690380946694560e+00
-5.827910916772866656e+00
-4.193606001736728928e+00
-3.183981231398373524e+00
-3.897101130897054233e+00
-5.809815932521419590e+00
-7.129916965859735001e+00
-6.091884494788438964e+00
-2.292072790729042353e+00
2.887936468844955584e+00
7.107754708148936729e+00
8.611362602791274412e+00
7.421850965951080070e+00
5.317575897131508356e+00
4.542528670290562509e+00
6.109243722069035876e+00
8.903916793592015821e+00
1.031399925197971079e+01
8.057490905397692416e+00
2.000826937791423177e+00
-5.346438382166784464e+00
-1.014816507009305013e+01
-9.625755353791472402e+00
-3.964673083084547578e+00
3.583313425682333797e+00
8.580261797259055356e+00
8.110808822998077261e+00
2.563874586926423227e+00
-4.694926283593622962e+00
-9.549659788223090473e+00
-9.774796582381780397e+00
-6.330926121354252700e+00
-2.482102626728679429e+00
-1.395241809187794280e+00
-3.907874147486754879e+00
-7.997037739527157463e+00
-1.026726818564961796e+01
-8.364781787889009834e+00
-2.612810178717946741e+00
4.236783457435566724e+00
8.884874622652517928e+00
9.623047007264203145e+00
7.248693331013644325e+00
4.227437035436486745e+00
2.842219028102257905e+00
3.721354190625651537e+00
5.733843331159111045e+00
7.143484888777853925e+00
6.989740876141464554e+00
5.604689883263288763e+00
3.974423487449715076e+00
2.631101284258448914e+00
1.120010948446880317e+00
-1.455100141687913240e+00
-5.284799487025305886e+00
-9.172041316310172832e+00
-1.106442576645474318e+01
-9.545650288539603068e+00
-5.150803953698140702e+00
-3.662234878662629090e-01
1.878279792806933024e+00
2.209885556490768233e-01
-4.112952505892076616e+00
-8.124575478916865379e+00
-9.163155284468807338e+00
-6.801421291617121945e+00
-3.033925326144888857e+00
-6.137850326326024231e-01
-7.863077107855405146e-01
-2.199140960160674396e+00
-1.917898439884644590e+00
2.143784101982273427e+00
9.230278733908296118e+00
1.581009983850567835e+01
1.782432280944882308e+01
1.356454556401469347e+01
5.059970284738500190e+00
-3.128129712193105760e+00
-6.917911135570422587e+00
-5.381031169800541747e+00
-1.147370636686519507e+00
1.737120212612421666e+00
8.967614279025105661e-01
-2.644991732393812356e+00
-5.377649524921012336e+00
-4.156185268878587635e+00
1.172114949150031560e+00
7.375713367131439213e+00
1.002358617364532201e+01
6.658008374412037966e+00
-1.380109081530205062e+00
-9.814631551282463562e+00
-1.434195295672753723e+01
-1.344906188811848402e+01
-9.118612135526342755e+00
-5.004102491803939401e+00
-3.538252976692302987e+00
-4.182750428687370459e+00
-4.102744847340274781e+00
-6.812059252528412934e-01
6.102621045523408227e+00
1.328391847863962560e+01
1.684835703178035260e+01
1.457850132842069435e+01
7.720078034851193038e+00
2.553310654903504506e-01
-3.685395166151962609e+00
-2.435949542352061847e+00
2.345576271186659234e+00
7.027741974457910601e+00
8.475592861020105673e+00
5.890566059870808502e+00
9.024769856308374472e-01
-3.864223095353790161e+00
-6.523214238921416275e+00
-6.752643502460170311e+00
-5.402264499707470691e+00
-3.531563965338475608e+00
-1.799857758696476573e+00
-5.872381497759220359e-01
-4.356640648451997055e-01
-2.094083277579213309e+00
-5.894769516520811159e+00
-1.095948981901272212e+01
-1.510025029057294432e+01
-1.583872645125684819e+01
-1.202448655688827195e+01
-4.871644866460291823e+00
2.520753726384464599e+00
7.035527514135846872e+00
7.563115605699191946e+00
5.708647525287739555e+00
4.577428364091701951e+00
6.437775369605193809e+00
1.094118920666325856e+01
1.523871004131257578e+01
1.597368242933215754e+01
1.174228515705579845e+01
4.233611576319711745e+00
-2.805309801350470700e+00
-6.061464333892978118e+00
-4.831392023578988670e+00
-1.345092342549747855e+00
9.481611243184944193e-01
-1.412312646289566320e-01
-4.078108412512973402e+00
-8.138760452269661272e+00
-9.465501404426998278e+00
-7.100699062070669143e+00
-2.566819853468056856e+00
1.311380566312599694e+00
2.374044927769177971e+00
4.359376882910538376e-01
-2.898905736154179902e+00
-5.590557301830811454e+00
-6.547540450572952864e+00
-6.027827178099036232e+00
-4.924758190935142999e+00
-3.703028735386744152e+00
-1.953760039147520722e+00
1.069233567659181539e+00
5.450891860671512212e+00
1.009060173335331356e+01
1.320251833769031791e+01
1.352355920803513456e+01
1.127990655288879651e+01
8.094901229164285894e+00
5.832228769910061672e+00
5.222624048712846800e+00
5.335939604548814330e+00
4.343490618360645428e+00
1.028785873889080271e+00
-4.093061380531972659e+00
-8.925378500374819168e+00
-1.115069338372150298e+01
-9.833125914016937585e+00
-6.096094986564951412e+00
-2.375989969133261770e+00
-7.871741987180570499e-01
-1.768996354958748629e+00
-3.958911373251674970e+00
-5.328588478086917490e+00
-4.710540703019756137e+00
-2.595099295555742813e+00
-6.521942018689048659e-01
-3.836047089049932080e-01
-1.932809740625802242e+00
-3.930083522264607776e+00
-4.466529099559286564e+00
-2.465133157214449255e+00
1.550184861734200892e+00
5.823017523451441413e+00
8.573609068407419542e+00
9.162490701368025015e+00
8.387217115908541132e+00
7.736948172184320960e+00
8.175920966638768661e+00
9.344418522010982997e+00
9.750901452672366077e+00
7.825804814367057105e+00
3.113484926569476841e+00
-3.209977871684869477e+00
-8.853166624048315114e+00
-1.164847599457201888e+01
-1.075344740278664979e+01
-7.095534429447339697e+00
-2.817474734455669427e+00
-7.522687403210714940e-02
1.036030997832070866e-01
-1.737410490017126108e+00
-3.952616800471928205e+00
-4.867142244270028506e+00
-3.816960637072869922e+00
-1.552003610467875827e+00
2.364284911036973469e-01
2.490266372304206222e-03
-2.581331607131841288e+00
-6.220265220964583897e+00
-8.568334620034711691e+00
-7.525216310358182170e+00
-2.551388226315618901e+00
4.786478019746284396e+00
1.144356181701501463e+01
1.443801294688082137e+01
1.247880565906415207e+01
6.741377495939721243e+00
2.976559308580046803e-01
-3.525398613174195894e+00
-2.948327202886880105e+00
1.318556736774722404e+00
6.520119254444946222e+00
9.411331180950096353e+00
8.019585292160982704e+00
2.636380282189674240e+00
-4.445189862919488810e+00
-1.019742196157810987e+01
-1.236132152316601562e+01
-1.039482401439433623e+01
-5.492098257588377663e+00
1.568190044429763619e-01
4.366548373751403922e+00
5.738325033845772083e+00
4.001534128200591844e+00
-4.874752377371949219e-02
-4.879744155971518005e+00
-8.709959469035034374e+00
-1.008939815898125403e+01
-8.443164635617723235e+00
-4.349941650565299689e+00
6.663030097460556078e-01
4.843940300676127464e+00
7.077163253603194093e+00
7.475534914408759946e+00
7.191722086615828680e+00
7.558065267866984627e+00
9.058057129185369760e+00
1.083536124603565121e+01
1.113737512113920403e+01
8.470434610429695255e+00
2.728761389556544792e+00
-4.472904929775792127e+00
-1.053097199115472904e+01
-1.321367810582322733e+01
-1.180090003052961123e+01
-7.319128675539301021e+00
-1.810107439206020796e+00
2.801206833759395831e+00
5.486510599284815548e+00
6.148289189610689043e+00
5.114740474155516026e+00
2.667440764255815111e+00
-9.674283509865742037e-01
-5.236989546701814824e+00
-8.985399283235585344e+00
-1.074559054231346167e+01
-9.570344956794347269e+00
-5.825474935427831014e+00
-1.244799173227818745e+00
1.984495817030677456e+00
2.592916326172055363e+00
1.103033156642381662e+00
-4.883504969615490854e-01
-9.002993025991912202e-02
2.973851393878155669e+00
7.412705092130868145e+00
1.081210073172224995e+01
1.129228606775792620e+01
8.784950237497485048e+00
4.991059072156225795e+00
2.056923539202558437e+00
9.732910962681446954e-01
9.225287021346089134e-01
8.222394138760036331e-02
-2.732942175845885835e+00
-6.884835360150752592e+00
-1.016128999401977673e+01
-1.035057814383544184e+01
-6.983311179535291124e+00
-1.895300134482331922e+00
1.890498342417382238e+00
2.204390666432875179e+00
-7.866544849807325379e-01
-4.748541834882875179e+00
-6.881187856846882056e+00
-5.892919421505314226e+00
-2.798105306004045723e+00
9.193368613330310524e-03
6.453935016618629339e-01
-8.771244273449694262e-01
-2.805270116253374191e+00
-3.148637062292284572e+00
-1.281118005809789739e+00
1.659852513156746090e+00
3.878999551712311700e+00
4.584951845176281182e+00
4.767262111597997176e+00
6.340208456511908786e+00
1.025981255725406349e+01
1.515806373740108093e+01
1.776603714633367659e+01
1.505758631739849918e+01
6.642671311215712748e+00
-4.415813096170493779e+00
-1.315054886048327631e+01
-1.568475815326400102e+01
-1.164607485711285406e+01
-4.318902350270039214e+00
1.565165280194443120e+00
2.840335929111123203e+00
-3.520473686971430372e-01
-5.177811623435982114e+00
-8.430195575766020966e+00
-8.736763388616576975e+00
-7.077162839863436083e+00
-5.444267352753647593e+00
-4.922916912294584613e+00
-4.815212799987388159e+00
-3.474484269849207330e+00
-4.134875191004061534e-02
4.487498530503165384e+00
7.860106362155727666e+00
8.409565386542750431e+00
6.589380711315371286e+00
4.811416334237185843e+00
5.542666064853830399e+00
9.100948126548484396e+00
1.298449236962127884e+01
1.347934871752807062e+01
8.500527267073966442e+00
-4.669397214592461154e-01
-8.937577665116585024e+00
-1.229413000160146829e+01
-8.972109959053023331e+00
-1.627406108139123564e+00
4.644604828473479330e+00
5.819551277253571797e+00
1.667298915083985200e+00
-4.281255425436223838e+00
-7.480464336397804281e+00
-5.794142363927393902e+00
-1.072244069604170846e+00
2.270732939698524078e+00
6.119150731087997785e-01
-6.065419805546731880e+00
-1.395627395774829793e+01
-1.796297729769467821e+01
-1.513949618258866181e+01
-6.620480208030130598e+00
3.237370089038987597e+00
9.768100192414440386e+00
1.085963411444861393e+01
7.867810804442182615e+00
4.198482942563319220e+00
2.809747018757141834e+00
4.459238842752596632e+00
7.735265964730879240e+00
1.049578549186984588e+01
1.141253747095704085e+01
1.050122732939946424e+01
8.515098334376533629e+00
5.997034545479873913e+00
2.902467961025533505e+00
-9.679034683333656019e-01
-5.283749419871765163e+00
-9.016213786019509513e+00
-1.102413898064945563e+01
-1.088542532142843200e+01
-9.192822866370107704e+00
-7.002145310798378652e+00
-4.913975564907365090e+00
-2.658098747220168701e+00
3.615753646117223497e-01
4.000108828126122340e+00
6.815131997819683818e+00
6.756011052424248042e+00
2.796594632787500423e+00
-3.737742330086751608e+00
-9.404173884961052110e+00
-1.061557847781449837e+01
-6.129593580917171103e+00
1.777915026837629808e+00
8.514944568510856016e+00
1.012591320107712711e+01
6.002434216400922118e+00
-6.109918547800091693e-01
-4.783157295431258227e+00
-3.283761325983083790e+00
3.181941305988761570e+00
1.047890371950908950e+01
1.392145271040316956e+01
1.146042889697628731e+01
4.919298054886071192e+00
-1.530359826201710405e+00
-4.449784693684376791e+00
-3.475946410678903753e+00
-1.251344476472147083e+00
-1.101949099508623631e+00
-4.292519599807734565e+00
-8.956567949102604231e+00
-1.150019303813057370e+01
-9.412296555838340240e+00
-3.370187801027906715e+00
2.943342817356191077e+00
5.223314459633791706e+00
1.464497390039642744e+00
-6.592609803950457703e+00
-1.444302370498274257e+01
-1.751574511980376769e+01
-1.380225171417315977e+01
-4.816209282412296844e+00
5.512768919174666493e+00
1.310655008233255003e+01
1.572060645295997716e+01
1.363287345937638406e+01
8.978406864504943741e+00
4.411458520171744446e+00
1.906933101946511444e+00
2.147697495736769380e+00
4.504159856720345800e+00
7.417352428793794417e+00
9.034655620920840846e+00
7.987335639932442000e+00
4.090740702480906599e+00
-1.399119647368335606e+00
-6.269563014999078199e+00
-8.479849607730454153e+00
-7.342764629964972478e+00
-3.984050253025467558e+00
-6.836262442323173261e-01
5.430916978399085160e-01
-8.206786492024851221e-01
-3.616488026976370840e+00
-6.019890601903371774e+00
-6.972177708717381961e+00
-6.924014980387895868e+00
-7.287361460212880004e+00
-9.003239599797630888e+00
-1.137500782947160261e+01
-1.218509439289276663e+01
-9.161601677185890580e+00
-1.792434061084779096e+00
7.873715471270619659e+00
1.613751655637400617e+01
1.974921226513010453e+01
1.780351027845706469e+01
1.215937677109632631e+01
6.148958043938194784e+00
2.514757482395359123e+00
1.973710266224254717e+00
3.252911636173352328e+00
4.341477791012105847e+00
3.903521717324090368e+00
1.862127322811316432e+00
-1.044129090642739177e+00
-4.102960969057304119e+00
-7.041092541791172721e+00
-9.716908772272992323e+00
-1.155679281201154573e+01
-1.148617760685694300e+01
-8.656597604366696785e+00
-3.464974715135064720e+00
2.079905532264160861e+00
5.218387408873689459e+00
4.146424236733424529e+00
-6.047733769666381320e-01
-6.226760890679334359e+00
-9.280937566080325496e+00
-7.904445445411242943e+00
-3.044103920640855776e+00
2.201023394257578758e+00
4.724592393508896038e+00
3.563209960498210371e+00
5.388282028136406332e-01
-1.062105004035098110e+00
1.157760876120002891e+00
6.965247893657770639e+00
1.355422737354451534e+01
1.731491698510874855e+01
1.606862598344343240e+01
1.028652367436224324e+01
2.605219864370212690e+00
-3.859214258100495343e+00
-7.179966094689923750e+00
-7.257125479165082105e+00
-5.277965980401549295e+00
-2.670487556786630634e+00
-3.972565535610060872e-01
1.058975210343853668e+00
1.338308437414477581e+00
6.306910070106086508e-02
-2.824780225855504145e+00
-6.570622624822704871e+00
-9.569908952281945602e+00
-1.009781480414616261e+01
-7.448895143219697701e+00
-2.655465230585106973e+00
1.885817526437273628e+00
3.807988164663074659e+00
2.328531245084869195e+00
-1.117547816528187576e+00
-3.689170232647458914e+00
-2.940421566559755284e+00
1.549638458760975501e+00
7.803620394629058765e+00
1.259500783725672157e+01
1.338668399260285113e+01
9.826174427256978205e+00
3.886103355628898193e+00
-1.367171969998645320e+00
-3.543665281994632821e+00
-2.146858580251814974e+00
1.406952249660077925e+00
4.816650896079219812e+00
6.223222464503328943e+00
5.037741477317944749e+00
1.920227814103871999e+00
-1.863276029211658802e+00
-5.165105624225070358e+00
-7.326672387966359778e+00
-8.128400094031857037e+00
-7.572503831007316499e+00
-5.799168703298103189e+00
-3.217720023194809542e+00
-6.586903567640147728e-01
7.412061817268341679e-01
3.235679584695805300e-02
-2.889711092989156960e+00
-6.902049293305182687e+00
-9.923260041516464014e+00
-9.849901379100874266e+00
-5.729102927125392597e+00
1.505970580907535439e+00
9.254699814789175250e+00
1.442848507128431201e+01
1.501543061554559166e+01
1.116129504022526930e+01
5.110891128739758926e+00
-1.101786638939028506e-02
-1.907357563294924896e+00
-3.151282804475127319e-01
2.997309257179854747e+00
5.417817622144139200e+00
5.108792287466543236e+00
2.046337171671736677e+00
-2.136076734927324861e+00
-5.327411544252746545e+00
-6.312239186445053107e+00
-5.421850355848801151e+00
-4.085265725988616481e+00
-3.679412161968653727e+00
-4.545548174148966503e+00
-5.872361303963909762e+00
-6.478499161577305543e+00
-5.853939444649469692e+00
-4.635824914773192695e+00
-4.131816314181897098e+00
-5.234183965323266463e+00
-7.546044444350491709e+00
-9.410289907871430160e+00
-8.885931238977521573e+00
-5.028570868599034682e+00
1.398701481483507258e+00
8.270027637139719445e+00
1.326512616809699985e+01
1.509450045282036079e+01
1.402388661353487365e+01
1.145128279346867473e+01
8.914350424662156769e+00
7.212328243456651578e+00
6.149361664368123037e+00
4.933157218181964510e+00
2.856600623528164462e+00
-1.959552903965131598e-01
-3.659676414882611528e+00
-6.564160907237305054e+00
-7.961640057687319860e+00
-7.323066765752798801e+00
-4.807417740418283181e+00
-1.340108348567187857e+00
1.590442532588938862e+00
2.474959270256466226e+00
5.404361933160002351e-01
-3.646201894753771544e+00
-8.181196158573843746e+00
-1.063780459136743772e+01
-9.384414556608279057e+00
-4.661132445556900095e+00
1.330841313535520598e+00
5.533743965077791316e+00
5.764322641315811069e+00
2.026852729565093547e+00
-3.439896718687588617e+00
-7.442458389572214728e+00
-7.642240115263803091e+00
-3.767277063520940494e+00
2.469800800928957596e+00
8.560586844336766532e+00
1.260916815374620548e+01
1.404174779377352067e+01
1.331740792940724738e+01
1.110433748134102139e+01
7.708747153625047588e+00
3.206428146245901445e+00
-1.958482361938587379e+00
-6.593502286066168949e+00
-9.117491932872168192e+00
-8.531277697855802700e+00
-5.275843774150644094e+00
-1.227482595071901939e+00
1.317226211217812804e+00
1.032069722891328034e+00
-1.647139933992977312e+00
-4.908901829061870004e+00
-6.855262758617067576e+00
-6.752554638995136749e+00
-5.340165375295652161e+00
-4.016234042610162369e+00
-3.576775108868520014e+00
-3.518918987319751945e+00
-2.470413024371473476e+00
5.809028618660678767e-01
5.228863406310304107e+00
9.634782290127132498e+00
1.165462259850466076e+01
1.033372676459869055e+01
6.683241087260405777e+00
3.135756356638371489e+00
2.004404885445569384e+00
3.969999842932956824e+00
7.603632709251240129e+00
1.023082778423301420e+01
9.565486199429154013e+00
5.083369841289670177e+00
-1.668449326457800641e+00
-7.930740205342257099e+00
-1.118496810693511989e+01
-1.037156738852614879e+01
-6.289780526957114759e+00
-1.096541149564553397e+00
2.747199910038959914e+00
3.562361564353905052e+00
1.124220917561205013e+00
-3.317567028786733818e+00
-7.663999165648274214e+00
-9.981573559134901075e+00
-9.451881836788363245e+00
-6.757755978830961574e+00
-3.629902747985862987e+00
-1.736743822100894619e+00
-1.557901742124885747e+00
-2.002109394121068142e+00
-1.132804705134621281e+00
2.372849933678280010e+00
7.997201110693223036e+00
1.332618237216815338e+01
1.537699300144398862e+01
1.254000223710829331e+01
5.827115671439980105e+00
-1.523542967232046186e+00
-5.953961507864248937e+00
-5.792153388331292341e+00
-2.260467004167642457e+00
1.441915243030775784e+00
2.384229638876450785e+00
-7.154378863989663273e-02
-3.890027971770796622e+00
-5.902848434437872882e+00
-4.182272716290932557e+00
4.470994039746449822e-01
4.856736967052926346e+00
5.735931221381446399e+00
1.912519457487959151e+00
-4.748240235587353197e+00
-1.049556462796562784e+01
-1.210555494881158189e+01
-8.916272359353712318e+00
-3.143870151027263304e+00
1.665291503525630379e+00
2.950535602951855019e+00
6.813870499008429782e-01
-2.807226539643183916e+00
-4.457939489256721899e+00
-2.462382950318290131e+00
2.682882965840971856e+00
8.581365361063511443e+00
1.240087231981110705e+01
1.242771431439351382e+01
8.840344524759533584e+00
3.414188944500354594e+00
-1.508084560724463730e+00
-4.147199531968007946e+00
-3.983180742905223948e+00
-1.800659270642435139e+00
8.212488806289959253e-01
2.298077649166463843e+00
1.775389089010931842e+00
-4.924439835248537456e-01
-3.304698411875986785e+00
-5.179756831132803718e+00
-5.212225243774417649e+00
-3.641753343073599769e+00
-1.750686190517513285e+00
-1.083723776682721240e+00
-2.432647780709367602e+00
-5.238676421414810491e+00
-7.843204955612915974e+00
-8.471926804232111863e+00
-6.331657094811045106e+00
-2.101337213103065871e+00
2.501096681683141476e+00
5.769145943607721705e+00
6.963935949384833179e+00
6.566930714690656146e+00
5.740715912639152485e+00
5.454636274725233491e+00
5.906266478708147361e+00
6.575483494530244499e+00
6.746841176009119145e+00
6.027045940761937004e+00
4.483498799895623499e+00
2.409792405925005099e+00
3.921138377040644940e-02
-2.486842937225355321e+00
-4.894812870383429271e+00
-6.599679069823294775e+00
-6.874842397717376485e+00
-5.358237784332994025e+00
-2.516779822486918228e+00
3.798819930523014143e-01
1.895139810378792422e+00
1.297488267562496578e+00
-9.535359073086665527e-01
-3.500698396171272986e+00
-4.992249292348355461e+00
-4.958466749764056658e+00
-4.029012795804471914e+00
-3.347161321536458622e+00
-3.638847623277288168e+00
-4.642169791498831799e+00
-5.305934212006441442e+00
-4.565002800107655467e+00
-2.074658373894751939e+00
1.633902016888029163e+00
5.614363751139440417e+00
9.124570032108572093e+00
1.186813846576737319e+01
1.371438690883862677e+01
1.426454870499168059e+01
1.280468936342083808e+01
8.844649918031711522e+00
2.862243823038834734e+00
-3.439050453864024970e+00
-7.776832078808979531e+00
-8.563834762825315750e+00
-5.957714078559794402e+00
-1.875792846213641507e+00
1.146478430907770241e+00
1.525329893695324790e+00
-4.585738870666156153e-01
-3.050213437450431275e+00
-4.421284103659758991e+00
-4.047914573746425937e+00
-3.046781811246312532e+00
-3.224369805155347990e+00
-5.551289289341124977e+00
-9.203107713403262835e+00
-1.189767877563070186e+01
-1.132144496755145013e+01
-6.667697722838282104e+00
7.458360809185489160e-01
8.152854692865846076e+00
1.281743743866131879e+01
1.337330708090219034e+01
1.029725329031517411e+01
5.428486914748563485e+00
9.974327467875105935e-01
-1.257831909288632533e+00
-5.847406119184844764e-01
2.652881683624986664e+00
7.080400409265871886e+00
1.065502855843397079e+01
1.133818755686193924e+01
8.029162110570865707e+00
1.352624055910865764e+00
-6.285687487461158796e+00
-1.168369018524305325e+01
-1.251162642825873661e+01
-8.712457595581199143e+00
-2.671153744399688001e+00
2.102045645972074883e+00
3.030799189766262280e+00
-3.911224015010017485e-02
-4.908220028759571640e+00
-8.585581772430879610e+00
-9.247737180536045543e+00
-7.239008046330979163e+00
-4.479262699592050367e+00
-2.817710808773590259e+00
-2.619248565928073091e+00
-2.636106376003112928e+00
-1.193483568676203976e+00
2.300813144243680775e+00
6.740642820320363882e+00
1.008907391976812740e+01
1.091430432618875557e+01
9.469585038865421467e+00
7.454826457874068169e+00
6.641338985762816449e+00
7.441317621326155596e+00
8.551318301465055782e+00
7.959295983174065725e+00
4.540774870724741952e+00
-9.843358708965017634e-01
-6.459019009923280485e+00
-9.730516148988822778e+00
-1.002167752173809134e+01
-8.230052740508106979e+00
-6.024301913687775567e+00
-4.539440209193827513e+00
-3.726181408982317311e+00
-2.807164643357028755e+00
-1.348005089044915561e+00
5.567324677595725246e-02
1.308827121813427863e-01
-1.929515666474771463e+00
-5.497160715684414889e+00
-8.599819167708192325e+00
-9.134560217115911485e+00
-6.340883831170680551e+00
-1.404239062626361445e+00
3.316572516923393721e+00
5.901815409379510768e+00
6.136333710004166164e+00
5.495653061489760738e+00
5.886862331619859390e+00
8.112157369114626704e+00
1.120952381059714575e+01
1.313618130638578663e+01
1.224275524170359120e+01
8.423236555848086837e+00
3.126185498873084612e+00
-1.693053439380647118e+00
-4.824004340561613091e+00
-6.329923022142938116e+00
-7.067576973026955756e+00
-7.717573180195753224e+00
-8.173242102107462159e+00
-7.760272684773746654e+00
-6.027671082040352069e+00
-3.378357508599942438e+00
-9.678929905934636757e-01
6.805574333081321203e-02
-5.667852762014566892e-01
-2.119782922725180985e+00
-3.340663274267428040e+00
-3.336202136723203981e+00
-2.064753712238322159e+00
-1.522516313475255068e-01
1.710172093109489033e+00
3.217491220110194838e+00
4.394004860209383523e+00
5.194007307067287194e+00
5.270821256844631542e+00
4.261989080033163901e+00
2.395188087958655565e+00
7.913873829165701812e-01
9.663124684211340520e-01
3.684918512824733927e+00
7.993155693442959731e+00
1.133173225310164334e+01
1.094707991958629556e+01
5.805464875864711161e+00
-2.333690968829323253e+00
-9.613870580496865159e+00
-1.229738349398001596e+01
-9.127134334730540033e+00
-2.235609466890323915e+00
4.091266576676499511e+00
6.044446990242707152e+00
2.598500538428352158e+00
-4.013870331323582619e+00
-9.916897233688628077e+00
-1.214014754965817566e+01
-1.035987881140047051e+01
-6.727841876463855897e+00
-4.053190895365804458e+00
-3.721354626258634113e+00
-4.825296445947708790e+00
-5.036051049266637492e+00
-2.475586959865304415e+00
2.812169902674112709e+00
8.827914030647511012e+00
1.297484264714059776e+01
1.377651010244024299e+01
1.172859179629057813e+01
8.743938073429248448e+00
6.676460962801518129e+00
6.030091594052399806e+00
5.761575777590665304e+00
4.258504825495397661e+00
7.330448628735433125e-01
-3.996161433295882137e+00
-7.901816158440595927e+00
-9.057920442594401322e+00
-6.966936303585208989e+00
-3.000136948708655105e+00
3.638374656703378118e-01
1.035239176750521128e+00
-1.392879370966881414e+00
-5.365569984832577966e+00
-8.289717325561143824e+00
-8.115624342510724176e+00
-4.630036333627775669e+00
3.232013070572056779e-01
3.851475255828380906e+00
3.682544427728648539e+00
-4.723599717749462634e-01
-6.662313508011775021e+00
-1.170661076616531382e+01
-1.288796860024355340e+01
-9.350237432306984786e+00
-2.418154778468860400e+00
5.273726928732948238e+00
1.123658902024809159e+01
1.425411013588077580e+01
1.456397813556607446e+01
1.316014202304036473e+01
1.086526931726190348e+01
7.896939807289420798e+00
4.180270250589347647e+00
1.699188624685143978e-02
-3.586022938266218762e+00
-5.344208819682765288e+00
-4.634218405243162309e+00
-2.189698651778723804e+00
1.205364595264666328e-01
4.443667103994967116e-01
-1.720260678756110773e+00
-5.012697612191953311e+00
-7.011730607705087159e+00
-5.901906684131333236e+00
-1.864877118359470121e+00
2.831547114242005225e+00
5.194793657257870123e+00
3.436899296890103983e+00
-1.837729628123447201e+00
-7.991646199142362406e+00
-1.198818266507315045e+01
-1.215938359581130968e+01
-8.935876152781398574e+00
-4.168937345741501765e+00
3.090415551675360639e-01
3.769719216202207956e+00
6.598300548926978593e+00
9.411109405701219899e+00
1.214842511741199971e+01
1.394547625430110926e+01
1.386217239465680073e+01
1.179065240629815392e+01
8.696895238401838313e+00
5.923920154901248125e+00
4.111123150245055591e+00
2.665594418777775587e+00
3.112341083785068463e-01
-3.652732050293158839e+00
-8.403857620697102959e+00
-1.182637906107149206e+01
-1.190024509553904153e+01
-8.285112520244002354e+00
-2.885811368489667128e+00
1.131525544819778961e+00
1.277431809131423179e+00
-2.684983831529041076e+00
-8.604986687365958176e+00
-1.330723104484767205e+01
-1.447242777746312470e+01
-1.176868186113704695e+01
-6.607624885389155267e+00
-9.336838876745714444e-01
3.926001990704422795e+00
7.558970640228799276e+00
9.948160595307731668e+00
1.086682060417107465e+01
9.899165485696709510e+00
7.109602394602856812e+00
3.653162641858284321e+00
1.526799394907404572e+00
2.348467724272248258e+00
5.974926541789880474e+00
1.012570647932707679e+01
1.157503217291879416e+01
8.289619217691440056e+00
1.036869544158964374e+00
-6.804557205995095615e+00
-1.128528136928157011e+01
-1.046216448911512309e+01
-5.710545000301451957e+00
-7.893316981791668185e-01
7.443214851753563455e-01
-2.026135502422167001e+00
-6.807929277423732550e+00
-9.804131007621091243e+00
-8.474801070773313683e+00
-3.386665178100725981e+00
2.153836224253127707e+00
4.403235595999664298e+00
1.778564173723493180e+00
-4.059862269129730805e+00
-9.341138077818399665e+00
-1.067564549218676362e+01
-7.160280363784131907e+00
-7.193817021435044978e-01
5.401460180259851640e+00
8.814586634696222944e+00
9.320897885631595159e+00
8.598893176137210048e+00
8.661181794815618673e+00
1.028354306276750130e+01
1.249236679760942792e+01
1.334625635578788660e+01
1.134040954181190486e+01
6.429151462140188400e+00
5.120432818850506607e-02
-5.720098811762341029e+00
-9.250267923941930093e+00
-9.985931886874379160e+00
-8.426748673599536943e+00
-5.646348393222398343e+00
-2.762643553693005849e+00
-6.192819502895376971e-01
3.133349095963319231e-01
-5.636485404563329471e-02
-1.452851287796194546e+00
-3.302098684624954039e+00
-4.921183366342551047e+00
-5.791105386025027002e+00
-5.758098653965971536e+00
-5.015036798113660765e+00
-3.866702396188258284e+00
-2.457511788046820911e+00
-6.794849681604873126e-01
1.664065108820802275e+00
4.573214122338115750e+00
7.678510355089462003e+00
1.032135930775584143e+01
1.182634644993914463e+01
1.176854791800504074e+01
1.007974425068003121e+01
7.000940280121222159e+00
3.009880595052823793e+00
-1.187447167012223082e+00
-4.667951152923313529e+00
-6.469398069003723606e+00
-6.000763427693301288e+00
-3.501974629612194967e+00
-1.902689423533658886e-01
2.170499512230633865e+00
2.165538971845180960e+00
-4.178573907683094113e-01
-4.372219130871515702e+00
-7.721668228274233492e+00
-8.889539480317170117e+00
-7.632107816442556647e+00
-5.107078671074864573e+00
-3.029582363064155182e+00
-2.508695969865942565e+00
-3.379200633013482946e+00
-4.471013214220572962e+00
-4.564043655245406228e+00
-3.281233338538529942e+00
-1.251927863032811228e+00
5.336225853541431974e-01
1.619275250331545735e+00
2.478500059446146153e+00
4.069262383711517828e+00
6.892383403364084060e+00
1.031928916226678083e+01
1.277546174652161781e+01
1.271594428479252237e+01
9.708819683684065893e+00
4.831862526946520298e+00
7.470418079013585455e-02
-2.845519670176281046e+00
-3.440530492543593333e+00
-2.559128148343024378e+00
-1.653643619348848848e+00
-1.786311373503304933e+00
-3.065382969471795338e+00
-4.805537185503476749e+00
-6.154119285673736783e+00
-6.646364221252731852e+00
-6.324037499835826637e+00
-5.474085421834596232e+00
-4.337274005409558875e+00
-3.069743029736376361e+00
-1.915321793762644109e+00
-1.292114579779151562e+00
-1.566646326103880993e+00
-2.628624673942299594e+00
-3.668444200426605128e+00
-3.494361157259123107e+00
-1.304617487152249122e+00
2.615701677797089175e+00
6.868293953590695722e+00
9.740777397981251085e+00
1.033854291462565733e+01
9.215465843984011585e+00
7.957846463001452264e+00
7.936575376782480262e+00
9.119691866406824943e+00
9.887028713345895170e+00
8.111501013541493776e+00
2.826485964321126865e+00
-4.714486743811326264e+00
-1.144175431424610423e+01
-1.420009097804620701e+01
-1.171284996745018780e+01
-5.462860103695229341e+00
1.133340298179710937e+00
4.741014450447379680e+00
4.002571083675475982e+00
1.071212367499840834e-01
-4.254200238980031301e+00
-6.755341348909512433e+00
-6.834841079474666792e+00
-5.737497937370216405e+00
-5.288908180112122714e+00
-6.354598324916252317e+00
-8.095518005607468481e+00
-8.522563397608042379e+00
-5.933737875086840141e+00
-2.270403173599016000e-01
6.805608498767768744e+00
1.240206054956264659e+01
1.438129844933667911e+01
1.236064411507340388e+01
7.921669700090934185e+00
3.667635685350145280e+00
1.759792754142510685e+00
2.776258096671007092e+00
5.499839854173071529e+00
7.692178722372458921e+00
7.377976352933394821e+00
3.923881942605525808e+00
-1.650302026649619336e+00
-7.252148771949796568e+00
-1.083036891581697780e+01
-1.139008547104639035e+01
-9.358176185284001747e+00
-6.138889673197839514e+00
-3.183318982872146652e+00
-1.182705799070787211e+00
1.040592840744326564e-01
1.318757196277577926e+00
2.699996352576000014e+00
3.653838931197967987e+00
3.094103596999138617e+00
3.729738611675280646e-01
-3.876842827355325483e+00
-7.704077372740537832e+00
-8.811270719439475485e+00
-6.006460484574764891e+00
-1.641024140096671857e-01
6.053628503039467645e+00
9.672891144042536027e+00
9.197351615340604525e+00
5.536072045067453651e+00
1.408133263406119218e+00
-4.324495351681952870e-01
1.009259852801298152e+00
4.362766224439295293e+00
6.892512472447505090e+00
6.427557064618957483e+00
2.895149238758973453e+00
-1.606371060028893849e+00
-4.257874119818905179e+00
-3.499637443069366860e+00
-1.699770963846982674e-01
3.003649442825305549e+00
3.242583002692581484e+00
-3.494421493060411166e-01
-6.072638760794443868e+00
-1.064740175732481120e+01
-1.131926866498929485e+01
-7.681333286681772954e+00
-2.011837707541133557e+00
2.123960355466469885e+00
2.144249822740755818e+00
-1.836542320549231722e+00
-6.950967445992569438e+00
-9.260860355465045046e+00
-6.191038368617790333e+00
1.751393784324651648e+00
1.104005467463650803e+01
1.700443766837630832e+01
1.647430857923136927e+01
9.667004025065951467e+00
1.867150233192014230e-01
-6.929492968081120807e+00
-8.045620153871025693e+00
-3.015168355268842859e+00
4.720032596686961845e+00
1.013217796823378691e+01
9.576339920139304240e+00
2.974576700483266833e+00
-6.116327190894606858e+00
-1.263476601570222435e+01
-1.307628435213263707e+01
-7.615815134093557148e+00
3.440031133307547284e-02
4.959070336279945757e+00
4.112039547651567872e+00
-1.807376359571889912e+00
-8.855319626022335910e+00
-1.238609957780398929e+01
-9.997770826173510983e+00
-3.001602302400224964e+00
4.486711238934980805e+00
8.192799329021058341e+00
6.333681440382235017e+00
6.022245023288608223e-01
-5.046867171111998118e+00
-6.919151075546600360e+00
-3.754471645338996133e+00
2.752956548374180468e+00
9.237472854912201825e+00
1.275582822160657770e+01
1.231786693809302058e+01
9.024581851811381839e+00
4.985132987439563124e+00
1.918892958370160162e+00
3.664483471599775388e-01
-1.617813189127776941e-01
-4.647280320968196210e-01
-1.012393075356351479e+00
-1.800355393614401223e+00
-2.617154874740474924e+00
-3.336750852783431753e+00
-3.938423428411704563e+00
-4.302220343857841911e+00
-4.085246182603176734e+00
-2.915552447799068414e+00
-8.140096817984538990e-01
1.526272483845128702e+00
2.937880498923747918e+00
2.436148438013365336e+00
-7.711136054864908829e-02
-3.581711568804242685e+00
-6.405483310722317469e+00
-7.130149332855783229e+00
-5.361797763809864392e+00
-1.881313562530248173e+00
1.883548283744419294e+00
4.677810641167213568e+00
5.996722884712998081e+00
6.115956959891596156e+00
5.673076872479061450e+00
5.169762177797836422e+00
4.730316700167063182e+00
4.191056974052978390e+00
3.344395837612347044e+00
2.110129223700909940e+00
5.502326698734449906e-01
-1.185759601080051961e+00
-2.865580162178064771e+00
-4.129276675859172130e+00
-4.522038230934410485e+00
-3.711833297637338713e+00
-1.817764542571869368e+00
4.082988529885458462e-01
1.794559644964626610e+00
1.352502407994762290e+00
-1.060775982240359738e+00
-4.487777860947415931e+00
-7.283602139685066312e+00
-8.017066019245843833e+00
-6.314581514531909967e+00
-3.091253767723890711e+00
6.314035064902911998e-03
1.602880545650017474e+00
1.404905886910029711e+00
3.130709648783394083e-01
-2.049553053279117298e-01
9.455413186289507443e-01
3.823404900530315231e+00
7.431376605206908792e+00
1.028092710689739242e+01
1.115885742184654639e+01
9.670631175224182030e+00
6.342473113773483995e+00
2.330691381709730337e+00
-1.062359705210840222e+00
-2.867809276829107024e+00
-2.795365092120744244e+00
-1.355915947575165870e+00
3.118158895391527352e-01
9.215394304688484528e-01
-3.164849008456773749e-01
-3.200723138725405370e+00
-6.531708616499892983e+00
-8.709722260151433915e+00
-8.667836333075843669e+00
-6.580672685845562420e+00
-3.844104098778099221e+00
-2.252008010264376914e+00
-2.844322415356502542e+00
-5.176523717131068736e+00
-7.530562372448321717e+00
-7.971648765251484470e+00
-5.570909646603493748e+00
-9.828925167745783398e-01
3.999261625837149836e+00
7.586389585780075606e+00
9.038826332349943371e+00
8.918305589244241105e+00
8.438989445749184526e+00
8.454449644095335614e+00
8.845596918853743773e+00
8.732324873882925331e+00
7.291659236631515384e+00
4.515506774898218723e+00
1.313559288627657917e+00
-1.109929965041946964e+00
-2.114169836853356799e+00
-2.051581506590252513e+00
-1.946420121833477790e+00
-2.678842480132655801e+00
-4.301494840410979847e+00
-6.000771510196531544e+00
-6.715969191025513929e+00
-5.936971972448827906e+00
-4.086652461563659244e+00
-2.228132626652612469e+00
-1.346395467276718882e+00
-1.745477782166465985e+00
-2.970119367738285110e+00
-4.233918266561213173e+00
-4.963266413496245200e+00
-5.032641068842191423e+00
-4.573217034260439462e+00
-3.612528304263364909e+00
-1.933188850917475499e+00
6.794264869837394194e-01
4.008064883837072045e+00
7.212982678085823274e+00
9.153087257181615755e+00
9.084140379305356561e+00
7.249262692911808692e+00
4.876978146589101115e+00
3.484977297210560820e+00
3.891202989307595672e+00
5.589318679943463763e+00
6.950946454377948669e+00
6.188338030987647898e+00
2.503405376412280781e+00
-3.293373122341824999e+00
-9.091928713613238955e+00
-1.254930791127032919e+01
-1.229415819037461333e+01
-8.591772084381616992e+00
-3.138600376353121391e+00
1.834210532873841171e+00
4.610208858993807723e+00
4.637201073275544871e+00
2.518569130131256717e+00
-5.196949030487769683e-01
-3.299737245686182874e+00
-5.122706772494884042e+00
-5.804165786144910300e+00
-5.429054335136067166e+00
-4.090418642054021170e+00
-1.828074327831400225e+00
1.209359569442410187e+00
4.553119943768255240e+00
7.391271342550607137e+00
8.850436929358322047e+00
8.466311654630935379e+00
6.542073171499551698e+00
4.101581760522071463e+00
2.372860700283166757e+00
2.059449000168751986e+00
2.855587980761416400e+00
3.570758652853438964e+00
2.865907077987953411e+00
1.832630721813535146e-01
-3.736571853016345646e+00
-7.148520373245057513e+00
-8.299099652284738227e+00
-6.531047047590094579e+00
-2.779727144555625973e+00
9.010084754666980444e-01
2.524155667894524946e+00
1.329683242015064604e+00
-1.815837665590041450e+00
-5.021963516823451990e+00
-6.564362787771429453e+00
-5.875564066265258845e+00
-3.717160732640556020e+00
-1.494471822629739766e+00
-2.529518069125449298e-01
-6.672650723210715729e-02
-1.908394192826025071e-01
2.305675955893000673e-01
1.492154798429273121e+00
3.197384526699333929e+00
4.708551551764283083e+00
5.742027361498243110e+00
6.569662317922863259e+00
7.631705861497793286e+00
8.884155080415457206e+00
9.475494105267763700e+00
8.138699084524951388e+00
4.131166291897432785e+00
-1.926891294981412317e+00
-7.993061206936857843e+00
-1.151647921002050445e+01
-1.084674600168376912e+01
-6.273864429512121532e+00
-1.853361806058773098e-02
4.867002315669020085e+00
6.056850364875780990e+00
3.077178965958325740e+00
-2.591538266204084007e+00
-8.394849947068603768e+00
-1.198654833556351562e+01
-1.220519892433024012e+01
-9.336848682725957360e+00
-4.719149708995388437e+00
-5.003311442658819885e-02
3.230838049033346593e+00
4.321625761081403283e+00
3.223188266438563154e+00
7.469461955127232322e-01
-1.664233954576849195e+00
-2.381165288525040058e+00
-2.699213635702697456e-01
4.639574973068888220e+00
1.089042709576146528e+01
1.602545801497596756e+01
1.762977137306296527e+01
1.451427743124748915e+01
7.401625995628917210e+00
-1.302971518371318860e+00
-8.574761131796108771e+00
-1.211230975203139515e+01
-1.125869085300200112e+01
-7.067835815212399453e+00
-1.588048112388872335e+00
3.148356519108283624e+00
5.861809772079286773e+00
