6.690836076543292599e+00
4.620618118713853306e+00
5.752811358251790352e-01
-2.583387421537883810e+00
-3.121828941250427203e+00
-1.453866651380185226e+00
4.070247758038423314e-01
4.605851575121741037e-01
-1.800834603002402057e+00
-5.069948027259967738e+00
-7.210951990550579893e+00
-6.788222196865103975e+00
-4.046973823673766013e+00
-7.067393114547180222e-01
1.218226208889086504e+00
7.230490359960941582e-01
-1.611658950776333921e+00
-4.063582089910423356e+00
-4.845299563168199874e+00
-3.097557952480534560e+00
7.380629681667268960e-01
5.235004675344489655e+00
8.668557874324546830e+00
9.683484504128053061e+00
7.732931429659631206e+00
3.274392900033204601e+00
-2.257977321286315675e+00
-6.772677397418014777e+00
-8.212697186311400444e+00
-5.505768343655392805e+00
6.484859702835343853e-01
7.714653507185786907e+00
1.228092330465634774e+01
1.174093847544754432e+01
5.826509794316376833e+00
-2.977757084855142455e+00
-1.055700236620422672e+01
-1.332391013525062817e+01
-1.020176999711137356e+01
-3.231370124968284241e+00
3.616958847534753829e+00
6.751018992897151350e+00
5.001179435978398757e+00
1.665619526140087459e-01
-4.246127199484215353e+00
-5.279620659977785735e+00
-2.362419763292268549e+00
2.404754436065678291e+00
5.655796367211035403e+00
4.948349620389072001e+00
3.580697276327243772e-01
-5.504691986815111626e+00
-9.050341375983677494e+00
-7.871692786385853680e+00
-2.195819996448530542e+00
5.236000552570126310e+00
1.076084079774763680e+01
1.188146000755909881e+01
8.599873857955083523e+00
3.233680753065543811e+00
-1.114247509208436293e+00
-2.451603786276167707e+00
-9.828324547035590664e-01
1.252620030832611642e+00
1.898055082212775968e+00
-7.419524528027898747e-02
-3.682633597419428639e+00
-6.664321355320372398e+00
-7.098727055188954971e+00
-4.795822352852316506e+00
-1.461916445709159795e+00
5.063850874005366709e-01
-2.223158001727886246e-01
-2.860722826996992652e+00
-4.958923670076034185e+00
-4.132488674965795639e+00
1.064696644673788217e-01
5.730722679168501976e+00
9.323868319738743082e+00
8.282404863946350559e+00
2.640826185188390962e+00
-4.734104463299668275e+00
-9.763026012557952882e+00
-9.559797396197236452e+00
-4.083184065844100985e+00
3.972194539107109179e+00
1.086420237981210768e+01
1.388989540072036988e+01
1.255777760428801137e+01
8.297216098511187354e+00
3.200531488704222660e+00
-1.160169232263892347e+00
-4.095866979369787053e+00
-5.410539707849428837e+00
-4.945453269814034769e+00
-2.666111333090907198e+00
7.700376814170275530e-01
3.662071068919729111e+00
3.812557566553149258e+00
-7.596529993860068330e-02
-7.075916194643646406e+00
-1.394049178370891617e+01
-1.667916830244300996e+01
-1.300749621022623437e+01
-4.058079582216607584e+00
5.955762754500556255e+00
1.210954681124948706e+01
1.171764797355853105e+01
5.917040244856059950e+00
-1.192972139314888880e+00
-5.273686256182451793e+00
-4.476626694419293173e+00
-3.528465911312346215e-01
3.573688193502018162e+00
4.443458942200445350e+00
1.996679354025882036e+00
-1.500797131021989639e+00
-3.137961804951624245e+00
-1.559806468020092263e+00
2.130113292533062808e+00
5.331973135567361410e+00
5.941973130028877392e+00
3.842016942145494163e+00
8.306660491146851122e-01
-8.397422859877756718e-01
-1.453237176251246376e-01
2.048692748526884877e+00
3.739964015633792549e+00
3.287612142918619806e+00
5.272348291848700796e-01
-3.221026210628916253e+00
-6.102665454693013913e+00
-6.857330540474956493e+00
-5.382530084582987762e+00
-2.544185588214605609e+00
4.101481801090362533e-01
2.367198133612630873e+00
2.618009624080564812e+00
1.019320098738674796e+00
-1.824953243531367564e+00
-4.517034263219868784e+00
-5.285861051124917331e+00
-2.957221169666824689e+00
2.011497897073261321e+00
7.282834420455154500e+00
9.713317436185944231e+00
7.347918136969409986e+00
1.042078662607772710e+00
-5.621453646360468070e+00
-8.405115046133785128e+00
-5.272044314935119047e+00
1.978200113154199080e+00
8.648887165895228435e+00
1.023415514505833279e+01
5.572574925046074767e+00
-2.245721434074075429e+00
-8.016400372911428818e+00
-8.164895507485400827e+00
-3.368664810852239455e+00
1.958223600832355693e+00
3.042729843798470668e+00
-1.480906513111139189e+00
-8.299145564314283519e+00
-1.174053180184485612e+01
-8.080587673166037987e+00
1.375712716213166154e+00
1.085295769535890464e+01
1.406311262577129817e+01
8.743694177330764816e+00
-1.573504469790835802e+00
-9.941981275075628233e+00
-1.086336414709963449e+01
-4.119563608560401491e+00
5.196374353388720557e+00
1.042813175472810094e+01
8.101724980661144215e+00
2.178647760465599603e-01
-7.471001219286245387e+00
-9.769498555620286240e+00
-5.669199055459160697e+00
1.306623443645197558e+00
6.077193266515590331e+00
5.856978656200401367e+00
1.940167947247163571e+00
-1.769987689184961077e+00
-2.102055971666898948e+00
9.150261015342923132e-01
4.340068787719342680e+00
4.949054323606018713e+00
1.934609902951533122e+00
-2.539972073565826882e+00
-5.291539313315471560e+00
-4.840458741307752888e+00
-2.571633272204175036e+00
-1.361363047430220519e+00
-2.875831919311165663e+00
-5.910828193469772174e+00
-7.296615242870421625e+00
-4.709100662176834540e+00
9.800236579013374971e-01
5.945505767086105564e+00
6.298733578082265083e+00
1.414753641434251863e+00
-5.084189357222258288e+00
-7.759589240289708201e+00
-3.548965012913922301e+00
5.509646710737302833e+00
1.332856236919305815e+01
1.407494538931932482e+01
6.614192291771699317e+00
-4.320485426685888086e+00
-1.130547594719287829e+01
-9.553040209467518196e+00
-4.742221593815811875e-01
9.228265994943742001e+00
1.236265415809367241e+01
6.460593031695085031e+00
-4.426256159026154435e+00
-1.266374403571485274e+01
-1.253850217195760308e+01
-4.295491185932783118e+00
6.190278133380767045e+00
1.176312593591081601e+01
9.095511459436011137e+00
8.501836710015324705e-01
-6.530844683495949710e+00
-7.609555826972268733e+00
-1.742457375978496703e+00
6.762748527150179711e+00
1.197797274666105594e+01
1.053446894995513539e+01
3.626441500146774466e+00
-4.339951578191641346e+00
-9.096041382541844911e+00
-9.220137641874003975e+00
-6.377464002068498949e+00
-3.341483479873781803e+00
-1.680518248335345355e+00
-9.630500879093695232e-01
1.588029433171431748e-01
2.236882731680156500e+00
4.327942640528862128e+00
4.896168025598797158e+00
3.398632740009420061e+00
1.006914095280541321e+00
-2.979144725247590553e-01
4.765573704779315634e-01
2.262936779248801766e+00
2.676723345031518875e+00
1.103670214293202001e-01
-4.547272166106138158e+00
-8.151855090901158007e+00
-7.567478974742936515e+00
-2.300331577329254085e+00
4.638774107200587693e+00
8.553853583279929396e+00
6.412043439899307806e+00
-7.295319108816666898e-01
-8.132531236439497491e+00
-1.049739325583047034e+01
-5.638347833571837775e+00
3.923018518901935536e+00
1.261759058347828422e+01
1.557405017630099664e+01
1.179408780665077572e+01
4.551898036854532315e+00
-1.158436622276046268e+00
-2.205299419301260500e+00
6.412205925381944116e-01
3.575543225966913319e+00
2.768288059065241669e+00
-2.712869596401408678e+00
-1.013104798670001827e+01
-1.491118330496070499e+01
-1.371740825755178150e+01
-6.665001800962480516e+00
2.723885028416533682e+00
9.645781328401588084e+00
1.076408167390699511e+01
5.910131130183782666e+00
-2.098987505279749755e+00
-9.174595983308273972e+00
-1.208431088971076228e+01
-9.872488485640268152e+00
-4.018985331785999371e+00
2.532133592285725765e+00
6.887270172086990883e+00
7.546954870984817987e+00
4.998512248234089128e+00
1.298789045464553649e+00
-1.162556924138397507e+00
-1.083128566230946888e+00
9.786014716536255431e-01
3.023183588805249400e+00
3.052376943070481907e+00
6.176246769705375783e-01
-2.651549799171183608e+00
-4.063645282648097101e+00
-1.850438077619920740e+00
3.274953487682652487e+00
8.238595825194702016e+00
9.524208759043000683e+00
5.650714742581227412e+00
-1.581118745523161451e+00
-8.096853705117871058e+00
-1.022613000390245475e+01
-7.186536316585147688e+00
-1.567225951376651549e+00
2.570181244339338811e+00
2.593071470850806470e+00
-9.404046550935248883e-01
-4.945938153352948063e+00
-6.339847136481235879e+00
-4.434878831554478040e+00
-1.327993449675033411e+00
2.000320878930317292e-03
-1.667399829321709159e+00
-4.602840771513244000e+00
-5.407810341182747393e+00
-1.853248031658773165e+00
5.014423126995643187e+00
1.127683778729263331e+01
1.291147800206332263e+01
8.869801870662151089e+00
2.056453148499102657e+00
-2.664168547191315906e+00
-2.026874404208614422e+00
3.177071149347199697e+00
8.640024132832724746e+00
9.720883694513117845e+00
4.901922556341144599e+00
-3.073215822133289699e+00
-9.221402891455307227e+00
-9.954541568658783035e+00
-5.584947347965924180e+00
1.357618388454230329e-01
2.994990149864069195e+00
1.469556899663585048e+00
-2.354449421614685622e+00
-4.707458314308514247e+00
-3.308209624239978552e+00
7.408482309448183312e-01
3.805230687832736436e+00
2.622628607174986470e+00
-3.013188849863678520e+00
-9.853364622785306892e+00
-1.336543223041697637e+01
-1.082877109926007009e+01
-3.099436555009750016e+00
6.103937159162602377e+00
1.266778840480200685e+01
1.441482203085958247e+01
1.177417976356862539e+01
6.723347184499247398e+00
1.220699232475393359e+00
-3.548975729066655926e+00
-6.818752083256800489e+00
-7.619259210538501748e+00
-4.944203617120127348e+00
1.155041906029977694e+00
8.562829799853936663e+00
1.347468708194373299e+01
1.244904201777226938e+01
4.908032349129488381e+00
-5.862543947217876195e+00
-1.431984185606219384e+01
-1.607467348301531729e+01
-1.079223986582760553e+01
-2.427980393186548014e+00
3.506118381600261014e+00
3.745483123110343815e+00
-6.096436283566044612e-01
-5.207024637954448920e+00
-5.913439160009102302e+00
-1.987750475974159770e+00
3.464063696706525697e+00
6.071239845889303766e+00
3.779798259304041785e+00
-1.391179622826046680e+00
-4.834703752083581385e+00
-2.974176052761266398e+00
3.779410427419935381e+00
1.105858728599142715e+01
1.361502700575219116e+01
9.165266402055246786e+00
1.309169012006190513e-01
-8.021133993560674469e+00
-1.059062810562586598e+01
-6.794651778033962586e+00
-1.506900079156048289e-02
4.881108570074244035e+00
5.029993095281799498e+00
1.288288399791846839e+00
-2.913347507087554078e+00
-4.465347906832789704e+00
-2.888919708965208777e+00
-3.648800450153316666e-01
3.268209714693929291e-01
-1.835040765813480634e+00
-5.341645144700422954e+00
-7.464748022633783897e+00
-6.462981977120525023e+00
-2.870467061416370314e+00
1.086670050647479124e+00
3.334562870147312452e+00
3.475651625825196156e+00
2.788155464196528044e+00
2.836427790775202240e+00
3.977927997367507906e+00
5.068464601230027178e+00
4.582691281325312005e+00
2.132302163272587592e+00
-9.712248810040366997e-01
-2.631776533072284430e+00
-1.609861064064751046e+00
1.490173021671912679e+00
4.716883751254496104e+00
6.324296872957722471e+00
6.059130057098081501e+00
5.099137829845134640e+00
4.732640737495853678e+00
4.979737151972113196e+00
4.439034606848389686e+00
1.595171161065618293e+00
-3.491475458919780728e+00
-8.641137554099309170e+00
-1.083014025658440715e+01
-8.448553891240630165e+00
-2.777356723737878674e+00
2.603439913991989929e+00
4.196483358116047668e+00
1.040264647379558482e+00
-4.623713414473350269e+00
-9.003725991025611108e+00
-9.487992461580581960e+00
-6.379439699584628087e+00
-2.350171923428739262e+00
-1.275524384656354648e-01
-3.074388381517012547e-01
-1.055167407838173199e+00
9.625604247968766458e-02
3.866633793219604431e+00
8.287299547663147692e+00
1.007255230220244258e+01
7.284098535867419955e+00
1.148359319124955036e+00
-4.529658720034032804e+00
-6.044807957182124269e+00
-2.561402058741532706e+00
3.185553914492868177e+00
6.875840833084829740e+00
5.825955274313928456e+00
1.009528350835304344e+00
-3.681526688949360970e+00
-4.402599583391330285e+00
-3.161156235527271541e-01
5.691830881012381660e+00
9.082326440174210092e+00
6.972432465307151439e+00
2.267564767993675012e-01
-7.177292203652616109e+00
-1.097350503313871428e+01
-9.499870223042837125e+00
-4.585972485056569070e+00
6.686998493060092308e-02
1.658943557135362346e+00
1.244990807119226578e-01
-2.212460384183360329e+00
-2.684446806890163906e+00
-3.372055022799633761e-01
3.537805643562665026e+00
6.625871074342394529e+00
7.434978749928482955e+00
6.267433172660395790e+00
4.652459254608012351e+00
3.860213462469754830e+00
3.804851721219890237e+00
3.229065347550765352e+00
9.503413496539803162e-01
-2.922403337361160425e+00
-6.834109151714953256e+00
-8.828089274496651484e+00
-7.956012429926239804e+00
-4.952542308534860993e+00
-1.686478251536400297e+00
1.409645284921964281e-01
4.880054172029585358e-02
-1.144236151774723709e+00
-2.136632636595933388e+00
-2.130740210187842543e+00
-1.252389265862408063e+00
-2.238775962030302158e-01
2.867549590354024902e-01
6.507458261638912611e-02
-7.223148803375621929e-01
-1.819539931846136938e+00
-2.998315175826558932e+00
-3.895911847232508940e+00
-3.865519821551874902e+00
-2.200872903832575389e+00
1.269334722461846754e+00
5.690855856802298440e+00
9.356583518604569605e+00
1.063061129341393141e+01
9.031867604591255372e+00
5.607204212597363124e+00
2.181723196557053601e+00
-2.113480820456903331e-02
-1.283876813962300467e+00
-2.983370086331049276e+00
-6.064978157336131659e+00
-9.628241778393244132e+00
-1.096833782364228327e+01
-7.394124767224445449e+00
1.326318155934558041e+00
1.180017834832273671e+01
1.835823896400768263e+01
1.639400452178085033e+01
5.578035899098647832e+00
-9.351746880370560788e+00
-2.102541123912915566e+01
-2.370440857558809356e+01
-1.663945406985035191e+01
-4.320671329250513892e+00
6.508232225479236632e+00
1.103202750542793353e+01
8.968201566163799043e+00
4.012101434630192642e+00
7.703901881266737028e-01
1.488853697436448131e+00
4.830199812456812403e+00
7.333896321659075568e+00
6.249824151779270309e+00
1.587987623067386611e+00
-4.008026991597668953e+00
-7.261976332876180606e+00
-6.525202913576140240e+00
-2.670166188977296517e+00
1.837242374544458379e+00
4.772720297473272311e+00
5.453992323774023987e+00
4.676986499300521238e+00
3.612134191727728982e+00
2.728613440032260584e+00
1.614909792948029388e+00
-3.097888767520020625e-01
-2.962993163947694519e+00
-5.445734733721017129e+00
-6.701986674636717822e+00
-6.377130008515834447e+00
-5.087750346671689350e+00
-3.846963550831334011e+00
-3.148911343994748258e+00
-2.536481355747772781e+00
-1.074410601838239554e+00
1.637399213724627600e+00
4.779754072099077433e+00
6.613146727104389555e+00
5.638861810339887981e+00
1.790481292401775448e+00
-3.249446312035200179e+00
-6.890571992029176585e+00
-7.089991596026520071e+00
-3.477354759765310277e+00
2.503310092101339368e+00
8.389639991300111177e+00
1.184456299057403328e+01
1.152745739349486342e+01
7.450385797622280037e+00
9.402703894432593579e-01
-5.638729363440873499e+00
-9.461379387038936883e+00
-8.257092030870230914e+00
-1.597187794043100517e+00
8.230615496931179109e+00
1.663078736385815404e+01
1.870743081497727900e+01
1.207493217025119137e+01
-1.212233614388942726e+00
-1.513592720891455023e+01
-2.276162440589739333e+01
-2.024940418014323740e+01
-9.308890968326346993e+00
3.659962342576501548e+00
1.140477822215339287e+01
1.025499011686471640e+01
2.247392655896764513e+00
-6.484061726354624966e+00
-9.954673165038082416e+00
-6.297489126372976642e+00
1.251656582956715225e+00
6.943793161075128673e+00
6.750915927804913785e+00
1.193902393943829576e+00
-5.208328824934136847e+00
-7.366910701616872004e+00
-3.369282232512189168e+00
4.170936919902361595e+00
1.005860517028198231e+01
1.024291883281512661e+01
4.584723774997444323e+00
-3.258054358570197095e+00
-8.568461462498138559e+00
-8.792078995667019115e+00
-4.900274215203424433e+00
-9.936613135493232996e-02
2.866775466461310984e+00
3.609594361213875668e+00
3.778117989453336101e+00
4.996142002683377825e+00
6.944263688524120681e+00
7.324828882110300476e+00
3.854261876929997221e+00
-3.324541254971059345e+00
-1.090608485289060958e+01
-1.424568808260020525e+01
-1.061166889646333367e+01
-1.480976883904693953e+00
7.981636211974558748e+00
1.213445171869975958e+01
8.630143844308516776e+00
9.725036268454656518e-02
-7.527205824080302143e+00
-8.940239470920255727e+00
-3.011365437393483724e+00
6.490927632825401972e+00
1.344330800242426172e+01
1.340299324459332020e+01
6.395677090518404384e+00
-3.335311150729734386e+00
-1.028149736746170362e+01
-1.119610168700302388e+01
-6.829022814245202966e+00
-8.890146839115495858e-01
2.795680151672025104e+00
2.811493627669848561e+00
6.874987156142555733e-01
-7.340691256319080704e-01
2.922008508568627594e-01
3.041848241727914015e+00
4.926114319251699847e+00
3.534654534272655191e+00
-1.432570076113365509e+00
-7.746046511642147081e+00
-1.201704477328382481e+01
-1.187339342058916181e+01
-7.440122107771122373e+00
-1.162422840462801865e+00
3.831272873209880636e+00
5.670791969508496955e+00
4.710063279958169424e+00
2.969836709808335140e+00
2.551001037293540996e+00
4.149882424519534929e+00
6.651588879402819288e+00
7.992971972608850173e+00
6.636798210453422442e+00
2.644297388970228369e+00
-2.333633907971728760e+00
-6.077304837062362353e+00
-7.117048941289003672e+00
-5.504381255494347869e+00
-2.612576450455342147e+00
-1.964765205616408883e-01
6.221812135817850198e-01
-1.793048857705908106e-01
-1.788497985820145963e+00
-3.233424082479661177e+00
-3.943309175861805294e+00
-3.860112328176553032e+00
-3.169985553138258805e+00
-2.008133030432712740e+00
-4.412902680224419782e-01
1.286878508980901170e+00
2.563780407255736637e+00
2.593004575866657113e+00
9.587919129323598799e-01
-1.825200894170190491e+00
-4.299960237878554636e+00
-4.780625787175242003e+00
-2.451293517874322703e+00
1.909749690646979969e+00
6.181029591004342016e+00
8.098504186538797001e+00
6.675834727074179575e+00
2.873429422266391864e+00
-9.993324183070209088e-01
-2.790309303284440823e+00
-1.890178735958328193e+00
4.821182617129795012e-01
2.297138220994181523e+00
2.280863179236763294e+00
8.494288713674906788e-01
-3.102239345049271901e-01
2.910293813543143315e-01
2.565671430576161427e+00
4.685919363475756327e+00
4.366271858660647709e+00
6.950886900715440575e-01
-4.881450575310513074e+00
-9.268466946762927705e+00
-9.734120288193446768e+00
-5.823397013506825814e+00
2.303282791140385255e-01
4.950880422353180599e+00
5.926738213723799831e+00
3.339799981198076750e+00
-3.644831627530826790e-01
-2.378744741068263391e+00
-1.565351337980926516e+00
8.931841762356800274e-01
2.661539714748021090e+00
2.269529492584510866e+00
3.588547705242023933e-01
-8.543860784006627185e-01
5.008171957706515354e-01
4.179722625632768640e+00
7.678146109468134028e+00
7.964357836178155736e+00
3.851933757903261757e+00
-2.807657452631639128e+00
-8.131473908342686130e+00
-8.802756742442010562e+00
-4.418540807814503424e+00
2.141931937330747271e+00
6.645716239281500570e+00
6.370484265249457323e+00
1.850345679479119987e+00
-3.729301129427673001e+00
-6.986116879320147355e+00
-6.787177898497148476e+00
-4.866010525221486027e+00
-4.187291160903773068e+00
-6.346156813118479789e+00
-1.002633961481528324e+01
-1.175198259796865585e+01
-8.442215689095162290e+00
9.554113812226550095e-02
1.059544627843729359e+01
1.817348315283531335e+01
1.933370422688427936e+01
1.407265090284053244e+01
5.678732676239867772e+00
-1.538242437586956113e+00
-4.942297593587250404e+00
-4.857521997071464703e+00
-3.715900965398442057e+00
-3.876580626279908959e+00
-5.781880758315538493e+00
-7.730760937458345694e+00
-7.295972018390479263e+00
-3.249036410963188182e+00
3.399603823260803459e+00
9.899329876629980873e+00
1.334522606980371862e+01
1.224256063552684815e+01
7.124018516236649390e+00
5.092660254360903416e-02
-6.471329419015874329e+00
-1.046376667682884154e+01
-1.096768495951505429e+01
-8.134677942070474899e+00
-3.129449280319091198e+00
2.115829425311349432e+00
5.447822564453280059e+00
5.383167566577641949e+00
2.002226802644795800e+00
-2.789597792703209844e+00
-6.076662578166068585e+00
-5.580837747507407798e+00
-1.182633945911838680e+00
4.776898846246404595e+00
8.812124571122216921e+00
8.504355941063085567e+00
4.149257637180213898e+00
-1.356466412426372115e+00
-4.413567406929930215e+00
-3.147908967439903893e+00
1.327896631616273027e+00
5.733599708899915548e+00
6.955507413812071604e+00
4.221584914178309944e+00
-4.566195277128979324e-01
-3.882349676815993966e+00
-4.105600114632789399e+00
-1.851547843450522812e+00
1.464185063094857187e-01
-5.852761239600619003e-01
-4.130212895922658056e+00
-7.878716728277670001e+00
-8.397795074062329945e+00
-4.161174384100783996e+00
2.909313861421443104e+00
8.368759154166349745e+00
8.161810711619962078e+00
1.561439885825020246e+00
-7.951784996818290097e+00
-1.460171970713853185e+01
-1.385577157238829926e+01
-5.307898458519807683e+00
6.955056163352502985e+00
1.671420225436272489e+01
1.918184551776998958e+01
1.357021294961097446e+01
3.229622263177432728e+00
-6.492444021136028809e+00
-1.119893325322893141e+01
-9.469137283072054601e+00
-3.047379580971792734e+00
4.526764484363867247e+00
9.803240038882069740e+00
1.080801116514606797e+01
7.500411284319360661e+00
1.458619311981529165e+00
-4.834220324944619840e+00
-8.850985123155833634e+00
-8.919028100363576073e+00
-4.980246311879367838e+00
1.150814601391815906e+00
6.393235151308909181e+00
7.842541509235029906e+00
4.412971305061729410e+00
-2.315725679665270320e+00
-8.751168230912764301e+00
-1.125951467666453176e+01
-8.345394021703366860e+00
-1.647032661229429706e+00
4.989592550084025468e+00
7.863285236660450650e+00
5.721691057905592181e+00
5.145500210220801396e-01
-3.915147538812957961e+00
-4.354634485643419595e+00
-3.090786596214885051e-01
5.695657158240668316e+00
9.751956334918023828e+00
9.043345689970379908e+00
3.553008270567520555e+00
-4.017359400827824167e+00
-9.946683052298780581e+00
-1.164721625890018863e+01
-8.945016077050793157e+00
-3.850897770833574096e+00
8.214089153471084703e-01
3.011737929857237539e+00
2.254506514188587829e+00
-4.735339706229449996e-01
-3.540617583465072826e+00
-5.481201369723135208e+00
-5.455997115360380789e+00
-3.336300885572955899e+00
3.802482428960629601e-01
4.675179848177541508e+00
8.182425856097832906e+00
9.557665288607658738e+00
8.032873869879818329e+00
3.906203640226133977e+00
-1.383928660564917923e+00
-5.777222347471740349e+00
-7.518801523909457885e+00
-6.019676668483962878e+00
-2.169174479680523682e+00
2.085081835170329079e+00
4.669622573789306230e+00
4.351689719496922848e+00
1.283188069761460159e+00
-3.089539712374881564e+00
-6.664158326650136743e+00
-7.581391294530166469e+00
-5.035592964927796622e+00
3.078412439672968404e-01
6.477788264947153429e+00
1.094929157151588228e+01
1.173870084377884560e+01
8.374667667094788825e+00
2.230927857413893989e+00
-4.048615891031448477e+00
-7.826657635399242530e+00
-7.799452859533754889e+00
-4.619539992676712892e+00
-4.311981054807781932e-01
2.410230569826965930e+00
2.649351670362434241e+00
6.757262966238721802e-01
-1.972065695674337427e+00
-3.720704051660664646e+00
-3.892850816638497413e+00
-2.857947736266654548e+00
-1.428353251278602798e+00
-8.278451594776647937e-02
1.332491983905408128e+00
3.227642662713261945e+00
5.613292951207781378e+00
7.797842204897133200e+00
8.757333734110158474e+00
7.895140268219908997e+00
5.535310598051938591e+00
2.687259419333563493e+00
2.426679534327473853e-01
-1.704954705406497517e+00
-3.772940539067630272e+00
-6.427886933097259003e+00
-9.073306216640792954e+00
-9.992610028827787261e+00
-7.449940007002182618e+00
-1.271410645891615232e+00
6.341972604518477219e+00
1.163742508233320549e+01
1.148082435374317889e+01
5.486202626451647468e+00
-3.445338373340896432e+00
-1.072159706413567193e+01
-1.282768666948605052e+01
-9.405515332551559027e+00
-3.211379971426176816e+00
1.980279104548362756e+00
3.973828764948290626e+00
3.351402977795698845e+00
2.460697992039773574e+00
3.093445065836250230e+00
4.784747223217630463e+00
5.179616632163448031e+00
2.247649588147722532e+00
-3.443003627840888647e+00
-8.391678242736666959e+00
-8.365498595219262867e+00
-1.712935601343986924e+00
8.706550139406266098e+00
1.669344803013476053e+01
1.651844005620121436e+01
6.893095117164778074e+00
-7.708617286375268662e+00
-1.948966831287321000e+01
-2.206074612959926640e+01
-1.436149533923756749e+01
-1.177706840961487700e+00
1.003088566376088409e+01
1.379390242549874657e+01
9.671319321361231403e+00
1.812410547031110930e+00
-4.359595107075190157e+00
-5.831798694161076213e+00
-3.523981994097175274e+00
-8.649559233717312168e-01
-7.921777965672573973e-01
-3.528188505600764913e+00
-6.679681115300683203e+00
-7.337714600296637357e+00
-4.395157075854072559e+00
7.002663372889346149e-01
5.187770187022906931e+00
7.092292027505182617e+00
6.479838550758766580e+00
4.979589978658902183e+00
4.139998676350128193e+00
4.092094548790164765e+00
3.645643425042875307e+00
1.674566465527910442e+00
-1.474317768214544522e+00
-3.861706381628847495e+00
-3.366640358230772456e+00
4.476355866840179276e-01
5.568063651918134127e+00
8.642475402400776829e+00
7.286270909289671138e+00
1.906949674953745344e+00
-4.369724681616141027e+00
-7.729786032905654025e+00
-6.269653989613801492e+00
-1.327938178152679338e+00
3.397081500526252018e+00
4.326002640898483520e+00
3.560929417841449673e-01
-6.475701759645624556e+00
-1.236808985288373108e+01
-1.412263432782097006e+01
-1.089284711605405498e+01
-4.293203454402457986e+00
2.937565882143297280e+00
8.601668592890245435e+00
1.190305551912724980e+01
1.315090149071494707e+01
1.285079320988688956e+01
1.106681483283894707e+01
7.545037169776341202e+00
2.370335228254761617e+00
-3.512834568531012280e+00
-8.435684940777074203e+00
-1.076103042650383834e+01
-9.741907300166852579e+00
-5.916683667902828070e+00
-8.375552050063687082e-01
3.631228360593798499e+00
6.025542236050017486e+00
5.719054293309095982e+00
3.047262940283492760e+00
-8.068457387468506159e-01
-4.148917452799873118e+00
-5.371737823649152865e+00
-3.732322137723588451e+00
4.266797369823016606e-02
3.812930103595173481e+00
4.987157627622705647e+00
2.049017978417737584e+00
-4.237161117179595315e+00
-1.084216092869011483e+01
-1.395028518854660149e+01
-1.116851740129323467e+01
-3.125505378443167004e+00
6.627458522114381800e+00
1.347460723316848785e+01
1.427716820485046156e+01
9.059079527987227820e+00
8.429072092930240956e-01
-6.174995046796006193e+00
-8.911894850813439461e+00
-6.781292638497925296e+00
-1.523472377755629381e+00
4.124413067882940709e+00
7.907509591357815282e+00
8.827523821406446203e+00
7.044929217266283850e+00
3.360089453654666158e+00
-1.176947701163039817e+00
-5.363171993468840881e+00
-7.912781331282486619e+00
-7.819542526215685463e+00
-4.962755418561034304e+00
-4.936687034340794256e-01
3.482639763664534538e+00
4.944483431187677525e+00
3.118467056995022801e+00
-1.035093462393860353e+00
-5.408258633031906903e+00
-8.027565652077841563e+00
-8.134956859849904021e+00
-6.328438568651479912e+00
-3.758974758317385145e+00
-1.113766821035448551e+00
1.749146287596013316e+00
5.234811798804336114e+00
9.064694569957405079e+00
1.188132713643346605e+01
1.191934308040929302e+01
8.350024349274875135e+00
2.245699410009965646e+00
-3.724285048861667224e+00
-6.830575797201543509e+00
-6.031697750936355185e+00
-2.652183733422733614e+00
5.666509017750648303e-01
1.408338334594574137e+00
-2.789913191038044804e-01
-2.568280171635230147e+00
-2.970446866768011507e+00
-3.592502742254666259e-01
4.109406570243187673e+00
7.737427184801890512e+00
8.113874141773418813e+00
4.701452756378022180e+00
-9.042728278904752504e-01
-6.104971990775402091e+00
-8.895339046129882021e+00
-8.788398610792032883e+00
-6.588213140960403891e+00
-3.460387970357166054e+00
-1.966646467467247916e-01
2.785680048053126079e+00
4.953421878210917839e+00
5.411327690990520800e+00
3.387524380152158621e+00
-8.356589802314954296e-01
-5.428423647708438438e+00
-7.673895819193715440e+00
-5.614938321483020189e+00
3.928303118455380716e-01
7.458550435326005257e+00
1.167070262661489721e+01
1.049666072633565861e+01
4.476098582297193040e+00
-2.997377488410769342e+00
-7.730696030594072177e+00
-7.283144140141814660e+00
-2.348101963015901017e+00
3.869863822787362295e+00
7.747421369704433403e+00
7.353823978153013030e+00
3.277726622773041498e+00
-2.127413283723170512e+00
-6.316303541419355128e+00
-7.821949753781793468e+00
-6.584047096905981000e+00
-3.503855682386384895e+00
1.595234285193725121e-01
3.126863247872517348e+00
4.254678397691424863e+00
2.849219588298199213e+00
-7.915916313957576111e-01
-5.045312161427187192e+00
-7.436353459508503683e+00
-6.003390913383623406e+00
-8.096904717258954776e-01
5.593997788190902654e+00
9.434343054995032674e+00
8.145124218197825172e+00
2.335965292342550015e+00
-4.273983024254319751e+00
-7.209160855288092584e+00
-4.404483692386249594e+00
2.097066838978865366e+00
7.341806366929494843e+00
6.937711267156677408e+00
4.069011721348303467e-01
-8.094991313999615912e+00
-1.243915439514526433e+01
-8.853211682061694177e+00
1.137220912750219082e+00
1.137673250324709251e+01
1.506872841029944254e+01
9.388409771309747853e+00
-2.507955659718388741e+00
-1.352244652288400673e+01
-1.730207870417363125e+01
-1.231194516069364298e+01
-2.508879970610257359e+00
5.716610373220532004e+00
8.025177917439059172e+00
4.823606739181597547e+00
3.841711129693190507e-01
-7.342130147514711602e-01
2.824039532128956420e+00
8.379479272444193327e+00
1.150967493496771432e+01
9.573659134090148015e+00
3.735251694583136661e+00
-2.000301913029726375e+00
-3.897467137830534778e+00
-1.302239528633629462e+00
2.988094906893482339e+00
5.011503673129668712e+00
2.759188280261316351e+00
-2.292491943773633523e+00
-6.383413574073276919e+00
-6.431049730601394288e+00
-2.444218662474872517e+00
2.464403880893640597e+00
4.458409564015100912e+00
1.913443038194200252e+00
-3.335367501271573332e+00
-7.379546969657438282e+00
-7.205526345300617308e+00
-3.010636363186773856e+00
1.867261851926192318e+00
3.361897614511023313e+00
-3.282900918925242273e-01
-7.325196891771279972e+00
-1.322538711311877968e+01
-1.397929930073860660e+01
-8.487268524253021695e+00
8.003858112858259766e-01
9.537456007071872577e+00
1.413348661773916959e+01
1.362335853124969987e+01
9.703511709453826128e+00
5.218769619540858606e+00
2.330567069159133364e+00
1.560835397464004792e+00
2.070784646902875892e+00
2.629584358859914150e+00
2.417246107609952954e+00
1.198540735192271001e+00
-9.483356308840951154e-01
-3.841796945702868449e+00
-7.064372205420001549e+00
-9.701167753869825106e+00
-1.042483885695926915e+01
-8.157042155115927784e+00
-2.975479961980839416e+00
3.443258393240192561e+00
8.372633963060948759e+00
9.432074100209444367e+00
6.011918017751224141e+00
-2.305713740020671754e-01
-6.212517431357539088e+00
-9.132810539704735220e+00
-7.984869416099378725e+00
-3.939597091357282643e+00
5.803711936992920206e-01
3.458195624226906517e+00
4.031519633265647329e+00
3.149569766970218510e+00
2.250729986327620669e+00
2.226353054065301595e+00
2.899681231235577972e+00
3.414655144655597052e+00
3.120396680241775744e+00
2.184008015160993299e+00
1.418128347547275681e+00
1.465172490428649166e+00
2.031916093782404786e+00
1.883140902525664462e+00
-2.573474752907896068e-01
-4.489575365218781755e+00
-9.156350438777392853e+00
-1.151561207325915603e+01
-9.425598599682301071e+00
-2.997820141767435942e+00
4.979928953377977585e+00
1.035737669727707555e+01
1.003574271155515873e+01
4.004053369781555460e+00
-4.396067850207786343e+00
-1.032211977649546419e+01
-1.035834097574979040e+01
-4.677716045533941269e+00
3.020231995476556630e+00
7.857016640481162995e+00
6.941738872189702647e+00
1.272352340556215378e+00
-4.940509614276800576e+00
-7.132444746947884440e+00
-3.524509490040650839e+00
3.610887530394991884e+00
9.475305451292586056e+00
1.006056722568808581e+01
4.977306193615607555e+00
-2.198016125138670063e+00
-6.353460475777925609e+00
-4.395130857154983417e+00
2.554572367664248667e+00
9.877068653634324846e+00
1.261928343309823219e+01
8.890642384373572682e+00
1.110473736746665718e+00
-5.760820182890778796e+00
-7.731810246556466204e+00
-4.525136912862869565e+00
3.817312854076915229e-01
2.403836986285925903e+00
-7.607260619334823559e-01
-7.449106411847633780e+00
-1.324243634225443422e+01
-1.413916062689336250e+01
-9.365666348462758251e+00
-1.812220263037393586e+00
4.144857971579902767e+00
5.767913683655858215e+00
3.724513220121029811e+00
1.262282923865221340e+00
1.510719031357829589e+00
4.997023301581061894e+00
9.245189161018661395e+00
1.072014657094326751e+01
7.608784222960045973e+00
1.321103648892846039e+00
-4.419905734062743008e+00
-6.215636491358602633e+00
-3.393841338008389386e+00
1.588848185630418630e+00
5.007735229252325837e+00
4.591471416842907161e+00
1.099489829473215163e+00
-2.369879820213965260e+00
-2.786491899878573264e+00
4.785763492761037075e-01
5.093031102822344280e+00
7.367787636849048027e+00
4.869376215655387696e+00
-1.799006763353330207e+00
-9.265170649644492329e+00
-1.349129709544312128e+01
-1.228472075913389538e+01
-6.590826665099386084e+00
1.836843424694866167e-01
4.286039676327471959e+00
3.804776256047210037e+00
-3.566762317783356284e-01
-5.175714167526915155e+00
-7.344031746719879017e+00
-5.144916408298588983e+00
6.263906340332374700e-01
7.115420242182633359e+00
1.093951213922763444e+01
9.997769011786253657e+00
4.642351447466401382e+00
-2.412975759810982446e+00
-7.469851000673262575e+00
-7.852358194577336192e+00
-3.463413917415545384e+00
3.063717954149492328e+00
7.843284416009379534e+00
8.072696756269131413e+00
3.806207490303932239e+00
-2.039798273446057131e+00
-5.583273483116469649e+00
-4.607743854051673082e+00
-1.404618135052763117e-01
4.211825599564158473e+00
4.836198707953221820e+00
8.400530416324318850e-01
-5.080075218456007846e+00
-8.420644958848052752e+00
-6.181001071868182706e+00
6.633777745330844411e-01
7.464164239302249371e+00
9.007184178830316412e+00
3.359278697711633122e+00
-6.332266772521117915e+00
-1.359101771925079660e+01
-1.293253852616059874e+01
-3.837214949041533707e+00
8.485001609137501788e+00
1.627615396807077985e+01
1.434156082226387419e+01
3.633798940041875980e+00
-9.201971474630497028e+00
-1.610413900409750809e+01
-1.284744119052567690e+01
-1.741134266207817305e+00
1.001631740248762270e+01
1.515717824587823159e+01
1.105075762868039924e+01
1.169931223061691394e+00
-7.530672719714022634e+00
-9.401040468421868468e+00
-3.761818666704371150e+00
4.923061943866217760e+00
1.028633984412194913e+01
8.372957120273447629e+00
1.358126995309698604e-01
-9.390838807202127825e+00
-1.447315236828852036e+01
-1.226936513853792476e+01
-4.364887308288574630e+00
4.502793279814001792e+00
9.468185013759125468e+00
8.318400193704460932e+00
2.447351706322416831e+00
-4.307875462569095149e+00
-7.995412828556225371e+00
-6.615308170964509848e+00
-9.042517330790706964e-01
6.327518187250143811e+00
1.173929107438095976e+01
1.303288940584838684e+01
9.862983429330283158e+00
3.783373130722085698e+00
-2.647894598093950780e+00
-7.144293434295946987e+00
-8.721658594195448089e+00
-7.954534290448611600e+00
-6.317810514693453783e+00
-5.016204990676238928e+00
-4.082035527870316649e+00
-2.421073003506502452e+00
1.130981115088236733e+00
6.452333797354295797e+00
1.155065182836722570e+01
1.340847420222096353e+01
9.913817011955025293e+00
1.621046511771651932e+00
-8.010112524668674183e+00
-1.433710480586239022e+01
-1.428915882989917385e+01
-8.367811305883499529e+00
-4.537190463115674532e-01
4.607991402534869607e+00
4.130416819444237220e+00
-6.691158463767048481e-01
-5.523067247271753466e+00
-6.042962830641131156e+00
-7.659358633283526174e-01
7.746060819577587964e+00
1.450658923533629441e+01
1.532974593736165758e+01
9.525825453548641519e+00
3.103513722991630974e-01
-7.266387917801846896e+00
-9.431883004808714333e+00
-5.813039245115221298e+00
6.887389813522406534e-01
5.987476692687903501e+00
7.367677833375857688e+00
4.875536651057021942e+00
8.444641051702244106e-01
-1.893197482368043971e+00
-1.827124353426430314e+00
4.783109282570690013e-01
2.978146781959396527e+00
3.531727831020201158e+00
1.182341536982945307e+00
-3.331189973825103401e+00
-7.976524070400605737e+00
-1.044642185544305235e+01
-9.301452287897458149e+00
-4.756496231469971470e+00
1.243992338936918074e+00
5.795063545302364005e+00
6.430574941722007054e+00
2.540621419037861983e+00
-4.009119224095702094e+00
-9.614419167669739252e+00
-1.084799555463668064e+01
-6.544325546660388682e+00
1.279874239169366490e+00
8.443934372091160157e+00
1.111426995213144409e+01
8.263604659399627295e+00
2.392208557023884019e+00
-2.117865102848571102e+00
-2.018966837269553505e+00
2.469484881599190995e+00
7.718825672500819302e+00
9.227105858852731046e+00
4.923172041720943248e+00
-3.132250913029615003e+00
-9.979562134054088318e+00
-1.118052010802393603e+01
-6.038190685753889397e+00
1.740352936369633952e+00
6.533996082984131704e+00
4.770942646274956012e+00
-2.451638433207654177e+00
-1.003169446716673008e+01
-1.242997354699796020e+01
-7.647320009451807010e+00
1.243991994686742597e+00
8.174160939458140263e+00
8.346631491364204791e+00
1.698934452311735566e+00
-6.918219920356984076e+00
-1.101179693037919627e+01
-6.903101137873750126e+00
3.721563403162369887e+00
1.490339636578987914e+01
2.033241315598234422e+01
1.735788377127252247e+01
8.389310040194606799e+00
-1.095004892153109699e+00
-6.345084510452636550e+00
-6.222313559935247262e+00
-3.290562081729002220e+00
-1.347153730939915750e+00
-2.420265297280314254e+00
-5.466582273280063298e+00
-7.570407939935045682e+00
-6.521918459242773025e+00
-2.687682015171589445e+00
1.252817159480448694e+00
2.421882009388989232e+00
6.420676151159931955e-03
-4.099906334575975642e+00
-6.751149698881845573e+00
-5.950082472388607435e+00
-2.335318325272742968e+00
1.378674143155897980e+00
2.558206828961194113e+00
7.324698375857823240e-01
-2.005237057332296402e+00
-2.597471220531970104e+00
5.783283538744821151e-01
6.324395008195185852e+00
1.131304612219063799e+01
1.237702911133464667e+01
8.746477982856539768e+00
2.623480148178646498e+00
-2.303894735927419113e+00
-3.334977989892341732e+00
-4.804359059639911056e-01
3.710404018828031170e+00
5.997789435837938221e+00
4.617531099571831277e+00
2.896676226580705560e-01
-4.492089133366075515e+00
-7.232223461219162708e+00
-6.966534220735024263e+00
-4.585349435181016453e+00
-1.934976440280439247e+00
-5.162242663805456377e-01
-7.222290720909332329e-01
-1.986373088943055976e+00
-3.475758919927023349e+00
-4.653386202456376353e+00
-5.321623080400089023e+00
-5.320046986650256216e+00
-4.359624537066939531e+00
-2.272629573403522230e+00
5.420562285123609048e-01
3.007276912230711030e+00
3.909911287314600248e+00
2.828192664945668788e+00
7.109474442627105040e-01
-5.095954372686644085e-01
8.009879350440819445e-01
4.639523517468428615e+00
9.007918167798427689e+00
1.098246012124717552e+01
8.630102394951352451e+00
2.491316902718623272e+00
-4.465432179149514624e+00
-8.513050932001508642e+00
-7.428516987223573231e+00
-1.876555902711158685e+00
4.984127080792464248e+00
9.382176836702930345e+00
9.052725273231896352e+00
4.275857973003586388e+00
-2.660516065187100487e+00
-8.992167853126273869e+00
-1.287548319230367966e+01
-1.383602604335943020e+01
-1.229650698363506578e+01
-8.874446605677006161e+00
-4.124699810185567195e+00
1.195585633585775964e+00
5.861322836399483371e+00
8.476664255014426885e+00
8.329878531754982163e+00
6.132391396224598168e+00
3.845574008066722449e+00
3.432989650864026743e+00
5.314028808061276976e+00
7.745689971200027557e+00
7.840491302020740072e+00
3.717910974050909978e+00
-3.718000214364919120e+00
-1.083190306633685829e+01
-1.338969354672730816e+01
-9.458391668266703078e+00
-1.021148576795222862e+00
7.011815786330654277e+00
9.924990727785047540e+00
6.386086468754762713e+00
-5.626895429912799340e-01
-5.535629716344857343e+00
-4.562817285923959076e+00
2.008717386066448007e+00
9.553550829086924878e+00
1.222280897273685696e+01
6.976356775356034490e+00
-4.172012645962051458e+00
-1.526182943853113017e+01
-2.011768242105720716e+01
-1.619510245948518090e+01
-5.995839285552804654e+00
4.785017638105477644e+00
1.099443310831712495e+01
1.106678219463438140e+01
7.431366956006042024e+00
4.250837916383098047e+00
4.271925922847702672e+00
7.030353371504899584e+00
9.529813881875938364e+00
8.701851511160686670e+00
3.764488998433475508e+00
-3.183979549257453634e+00
-8.636626434903185157e+00
-1.005354320597979445e+01
-7.447262962085913429e+00
-3.168079817117744668e+00
-1.925217489075581323e-01
-1.921714563181055047e-01
-2.664324247839792381e+00
-5.551300488860210436e+00
-6.748877381804796904e+00
-5.419223037665137355e+00
-2.321201205721854510e+00
8.752219276349251231e-01
2.689785710788135997e+00
2.619326259576079341e+00
1.230415369378778045e+00
-3.369268092826132044e-01
-1.058393291412624837e+00
-5.261379195118678354e-01
9.226473977016524941e-01
2.434943311156387846e+00
3.099792312482136047e+00
2.447035199476063738e+00
7.612090117425149849e-01
-9.929375578491010934e-01
-1.681781471888215140e+00
-7.270148992741547467e-01
1.405535057296120716e+00
3.359138131224788104e+00
3.712742098503224675e+00
2.007801649530466026e+00
-7.533438854946243879e-01
-2.607570812803096327e+00
-1.925957597998463333e+00
1.333998724916573675e+00
5.350678856331013478e+00
7.470030988856252385e+00
5.959312053365358075e+00
1.305705743113767969e+00
-3.902617083298228096e+00
-6.546382994673381361e+00
-5.012624310948400108e+00
-3.390643507996683459e-01
4.337278350318241493e+00
5.704905859693008452e+00
