-9.990082839022480510e-01
1.887361778741521112e+00
2.406546081358737155e+00
1.310740220241903398e+00
4.565521013004152362e-01
1.200560906063080857e+00
3.317135220717760902e+00
5.212224002377888077e+00
5.201093607794095242e+00
2.843476327769747236e+00
-6.600223803458673544e-01
-3.267436392065005801e+00
-3.469017653298187120e+00
-1.245447854732884219e+00
2.007911967878616366e+00
4.435063297766457246e+00
4.820046011123929830e+00
3.118466353483932529e+00
2.196084955040580322e-01
-2.703445586187811500e+00
-4.725703641168156999e+00
-5.327837291996999625e+00
-4.328357198748841839e+00
-1.889690645212187770e+00
1.319765907264365268e+00
4.060068253528107185e+00
4.880611430662289862e+00
2.915797121993328744e+00
-1.350322524019948123e+00
-5.998779515357242964e+00
-8.558274917441321961e+00
-7.440870010694416337e+00
-3.004859970664540914e+00
2.546646551654013990e+00
6.462807566368613976e+00
7.110375360001282452e+00
4.875801493262464703e+00
1.690998204812771188e+00
-4.438756708449805854e-01
-8.435749427177040571e-01
-4.222524416370141975e-01
-7.225264735864161958e-01
-2.492756667141273308e+00
-4.951701973570037829e+00
-6.330566730226832917e+00
-5.273642022560787623e+00
-1.994904702423137888e+00
1.736575089602520938e+00
3.808574477972824113e+00
3.273670928641519762e+00
1.016872836878053743e+00
-9.169583799730118834e-01
-8.245011740917657095e-01
1.444197336079350302e+00
4.431716833444125037e+00
6.155730009768168642e+00
5.478634103901382169e+00
2.772923420904727543e+00
-5.014139281835565676e-01
-2.854689927636196778e+00
-3.608094922259299064e+00
-2.973723937107105808e+00
-1.528344664880606940e+00
2.961729599397955326e-01
2.226574803520980694e+00
3.772132415312424047e+00
4.026550691596948894e+00
2.098081956061951470e+00
-2.009720386243198043e+00
-6.823347565905980794e+00
-9.843354560369824924e+00
-8.981754860664800333e+00
-4.086034470555662601e+00
2.628400334668471672e+00
7.750952699961832337e+00
8.792028894595251387e+00
5.790397591993033721e+00
1.223114329386547183e+00
-1.773662966945174446e+00
-1.606657984541116635e+00
7.612947569641181911e-01
2.724359721552828351e+00
2.153752014618109722e+00
-9.187383002487404804e-01
-4.356331050651670367e+00
-5.651685031386263880e+00
-3.950480755613724693e+00
-7.328312893292256991e-01
1.417254450435874835e+00
9.786925891534322686e-01
-1.177647933631972288e+00
-2.452092190868795374e+00
-7.335461055370795513e-01
3.585094227479150852e+00
7.512275732389467997e+00
7.563965934959498760e+00
2.583332468956061945e+00
-4.920064683049070631e+00
-1.012753766184663107e+01
-9.183904279159840200e+00
-2.079383156091386908e+00
7.023827526189196924e+00
1.240854771084473640e+01
1.061354725820092959e+01
2.771562582890529924e+00
-6.183911557444421447e+00
-1.088154384607990899e+01
-9.066946294021915875e+00
-2.877743352599879678e+00
2.955252050160915189e+00
4.573259372882154672e+00
1.593098464570279482e+00
-2.941722856279076037e+00
-5.060170190162784465e+00
-2.859524590104924879e+00
2.202698692255962154e+00
6.555934139604508104e+00
7.238683839728992986e+00
4.016592915265721153e+00
-6.163499161385783687e-01
-3.423406827826914522e+00
-2.817931474947594772e+00
1.165221370907540965e-01
2.638219906871566600e+00
2.516613174636973760e+00
-3.080285488995222476e-01
-3.759410688098574482e+00
-5.224487487823110676e+00
-3.462839289535218690e+00
5.575056949178576193e-01
4.404534659423043230e+00
5.855270717759784027e+00
4.267261543464519136e+00
7.721145730636544968e-01
-2.663767608711441692e+00
-4.509419036135328795e+00
-4.393371271410021706e+00
-2.954776834025091059e+00
-1.162013963235009051e+00
2.895389778294249483e-01
1.136198256283031949e+00
1.358584003848051003e+00
9.988838302768179300e-01
2.017507654127446703e-01
-6.318300947911559273e-01
-8.690296459590675093e-01
1.085746266204351551e-02
1.951826389162538700e+00
4.137067507710824543e+00
5.336873350104957225e+00
4.634847084955827867e+00
2.048709744913125075e+00
-1.407906236658372112e+00
-4.290816793871659485e+00
-5.539808903970513398e+00
-5.001486648158485870e+00
-3.355165019518163483e+00
-1.571928898704048505e+00
-3.318687711784291672e-01
2.251840363627253261e-01
3.509083686053643403e-01
3.710278325272248212e-01
4.780539709660551750e-01
7.254689897959893941e-01
1.099550641860545852e+00
1.510019119701061951e+00
1.699596903093843370e+00
1.241082321216444129e+00
-2.314211091650219543e-01
-2.637252479231153135e+00
-5.218423335267064367e+00
-6.757665052646101067e+00
-6.231979455575709537e+00
-3.507950936602235004e+00
4.398499890946121482e-01
4.021196746313540515e+00
5.951324640825829349e+00
5.969127223624644429e+00
4.837749726693110652e+00
3.640286933344909936e+00
2.924951977757589638e+00
2.375882996969671979e+00
1.268843458014714320e+00
-6.723374361059690774e-01
-2.759807828555162601e+00
-3.670900317467044260e+00
-2.454935736679545677e+00
5.388755243751280899e-01
3.593531360365123106e+00
4.600084320484384648e+00
2.471420160610623640e+00
-1.994447366634091612e+00
-6.456080020011965459e+00
-8.403905189648707363e+00
-6.675748990685705486e+00
-2.122993168483994886e+00
2.972614189479765301e+00
6.291763336998227096e+00
6.746964507494926266e+00
4.864787855626829582e+00
2.174604659271400564e+00
1.418892472510961955e-01
-6.206185927536611580e-01
-4.492129706808216105e-01
-1.447156478048585715e-01
-3.526892171656338948e-01
-1.209999938727058133e+00
-2.367039648274043895e+00
-3.235782409162110795e+00
-3.265593535329307073e+00
-2.160829324859580236e+00
-4.549802532193258919e-02
2.456340432920420369e+00
4.343582154388475836e+00
4.653208091871229968e+00
3.044862742840587888e+00
1.911339938596946508e-01
-2.404591663457759765e+00
-3.212961960658696103e+00
-1.670994342037395830e+00
1.330444912547266600e+00
3.907968074807469883e+00
4.387752453080571158e+00
2.447478258914530524e+00
-6.481641947936678250e-01
-2.954104284195676389e+00
-3.273433444127606506e+00
-2.040427496020267739e+00
-9.440031892170803740e-01
-1.519655556809886399e+00
-3.770113019752318717e+00
-5.931026676537312525e+00
-5.677194719817247659e+00
-1.951336567806976063e+00
3.956383902545503428e+00
8.977820268700444473e+00
1.019331464751697958e+01
6.790258036184256163e+00
6.487710416376715195e-01
-4.884769225753144539e+00
-7.166630001370934089e+00
-5.823801666607975491e+00
-2.649941076009068475e+00
-1.844768173797162181e-02
9.077859643303350934e-01
7.987561415898738471e-01
1.206441847660746358e+00
2.899437646024666027e+00
4.913500480474680465e+00
5.173780544805093307e+00
2.265602337437105263e+00
-3.051196701455844096e+00
-7.887186880194680505e+00
-8.986814246752732771e+00
-5.037096115687739406e+00
2.155236246138639622e+00
8.560727578916445424e+00
1.038563850648059450e+01
6.461068153869108599e+00
-1.037089634528578941e+00
-7.987825328355773635e+00
-1.086201419356180153e+01
-8.709777390424655152e+00
-3.387474720370135195e+00
1.932381152084454268e+00
4.813770784968713912e+00
4.796566980687519965e+00
3.172918428572029548e+00
1.714348370926035425e+00
1.388641375891985330e+00
1.922712454086904943e+00
2.327519684014160539e+00
1.813935793775543370e+00
3.718295494121763856e-01
-1.325579201963234421e+00
-2.478791946102858912e+00
-2.688226692144614738e+00
-2.097975033810878909e+00
-1.166878632876833688e+00
-3.331596527950297371e-01
1.784768446536576514e-01
3.569877280242804707e-01
3.213211918976164316e-01
2.539939456639252469e-01
3.439191105959978900e-01
6.812100386056045842e-01
1.128740640534732442e+00
1.309083622578456119e+00
8.250267356448139910e-01
-3.662942307154576360e-01
-1.721435081515097609e+00
-2.312905992134799416e+00
-1.455084001232158863e+00
6.559296433164484297e-01
2.840016258982302144e+00
3.603141190895468249e+00
2.212415807484890973e+00
-6.127644784361172547e-01
-3.022533648134523965e+00
-3.286606206720486423e+00
-1.122993036994638372e+00
1.935098206732573933e+00
3.550533662251376565e+00
2.343916930672887311e+00
-8.982504545355723957e-01
-3.593854563406422287e+00
-3.215179881900246617e+00
6.544160195630293053e-01
5.639110369414501278e+00
7.961811098967599420e+00
5.095729331631772219e+00
-2.171667229215142214e+00
-9.848343538463657509e+00
-1.314572724356301592e+01
-9.653344959905309608e+00
-1.103117650820827134e+00
7.568214400646559703e+00
1.131287627598715595e+01
8.174187302001543642e+00
4.544752519969557092e-01
-6.903274124404052969e+00
-9.575316588711553223e+00
-6.540925853948589719e+00
-4.497390729976002977e-01
4.422499029360575484e+00
5.100369078903779219e+00
1.705627622905806273e+00
-2.964114278608705799e+00
-5.571543283113668643e+00
-4.481201221460053397e+00
-6.017088187011108147e-01
3.549094031525659609e+00
5.677977849127310961e+00
5.082969325021750251e+00
2.720066565003016024e+00
1.816761814267259800e-01
-1.469563235638780441e+00
-2.143846118333941675e+00
-2.292660016495584152e+00
-2.172968887005370053e+00
-1.536695110604845205e+00
-4.914819847219864535e-03
2.269964375330307149e+00
4.330594914752988522e+00
4.886322603121939778e+00
3.244152280820683298e+00
-1.821572660504600094e-02
-3.218420659036785647e+00
-4.549708478895082564e+00
-3.237698969820131722e+00
-7.863603278569020194e-02
3.023962571758783024e+00
4.230574024958284163e+00
2.888942840391889533e+00
-9.202695921141651469e-02
-2.818405790101787378e+00
-3.549490010418262731e+00
-1.708027284610670993e+00
1.797713669209188847e+00
5.073516279803918394e+00
6.250780482359840740e+00
4.471067189025719202e+00
3.588922156088201199e-01
-4.238100574298252710e+00
-7.123824849377937696e+00
-6.842004713934541016e+00
-3.452962867635064104e+00
1.420785096175785300e+00
5.369215316603361821e+00
6.444715619236498938e+00
4.230784242245333893e+00
1.020697865874362620e-01
-3.533818421272232335e+00
-4.620961356805154630e+00
-2.658921463751844350e+00
1.014806844359356308e+00
4.055699611658702963e+00
4.551259430233480785e+00
2.174730675336491448e+00
-1.653526304045719764e+00
-4.664150673650850010e+00
-5.100742427352541242e+00
-2.700986899065540126e+00
1.245455973680183126e+00
4.694717041287816528e+00
5.945345231116901275e+00
4.404901310995409602e+00
7.135132560131101087e-01
-3.672305003758620678e+00
-7.109060574771236318e+00
-8.330530890905414765e+00
-6.836233539074005883e+00
-3.081117510319436370e+00
1.597106661410860218e+00
5.409907644026359819e+00
6.875782045484113425e+00
5.598098062091193761e+00
2.573352183428109008e+00
-3.053495387727882537e-01
-1.385892922801886584e+00
-3.495930484841912600e-01
1.535278592709523604e+00
2.295124966175554171e+00
7.417736501853806619e-01
-2.496495116685151672e+00
-5.255922692791411777e+00
-5.367057258145210952e+00
-2.386369730044570758e+00
1.801406053086283876e+00
4.118796252066761809e+00
2.500033631471905160e+00
-2.401944360110138899e+00
-7.356979768296104893e+00
-8.631447787618601097e+00
-4.635363348219874169e+00
2.752855961212727465e+00
9.239354638221680460e+00
1.092420094372408457e+01
6.936677804959754390e+00
1.666538298741460089e-02
-5.406646630321001012e+00
-6.285579566616495306e+00
-2.970431988224319309e+00
1.278288475924170164e+00
2.897856345491375496e+00
7.958806985247244281e-01
-2.803257289365243210e+00
-4.102960467665689670e+00
-7.878713042904093022e-01
5.916868324906452870e+00
1.179840197737366303e+01
1.252660378847598643e+01
6.808539466192582879e+00
-2.480635546140656178e+00
-1.008045867531330586e+01
-1.183967704484500061e+01
-7.473530144199388658e+00
-6.432957142525953520e-01
3.682325233768908745e+00
2.702536210886134604e+00
-2.352118776985254289e+00
-7.240148317782040266e+00
-7.829347913492237687e+00
-3.073600830699793285e+00
4.240916849630759877e+00
9.448943438282313423e+00
9.229527520085877512e+00
3.833297884601327254e+00
-3.182856330221671470e+00
-7.434983745807554278e+00
-6.623009009801940294e+00
-1.886575112105157270e+00
3.213874757233211810e+00
5.250997194672097024e+00
3.195149257034607615e+00
-1.113670203222818289e+00
-4.469285750608470664e+00
-4.608969959485592405e+00
-1.697863679491589783e+00
1.965905809381478520e+00
3.703684277260825830e+00
2.374374462519560858e+00
-8.678968686601518101e-01
-3.443150538785080705e+00
-3.188332538145227879e+00
1.037880527802678143e-01
4.476617733807168875e+00
7.050910946863736761e+00
5.888222366947513109e+00
1.271061476710031890e+00
-4.408843925349087201e+00
-8.073740333435750927e+00
-7.801796100382131449e+00
-3.953011352633882147e+00
1.098850792677887211e+00
4.444646446042721522e+00
4.406737016600405177e+00
1.503724051602607581e+00
-1.975778851646559975e+00
-3.510554163129370409e+00
-2.012915405176859629e+00
1.452397729348030353e+00
4.380333667842549517e+00
4.529631475858836964e+00
1.510213093104336712e+00
-2.822312080675901669e+00
-5.493325151062549594e+00
-4.380869328417360542e+00
2.494366652394511830e-01
5.708421101639234330e+00
8.466689923955735608e+00
6.406240569870679025e+00
2.971056036452832672e-01
-6.504229497440486618e+00
-1.002071242476392321e+01
-8.090607266846717494e+00
-1.744614101707948617e+00
5.360838942604275736e+00
9.122744682281011208e+00
7.442531172023799435e+00
1.449372764483561671e+00
-5.223908818452887459e+00
-8.625617914230925720e+00
-6.777786851557740633e+00
-7.203590910348691700e-01
6.231988819847440020e+00
1.046983357461792608e+01
1.007291140135145824e+01
5.668804537204594318e+00
-2.032503673060523930e-01
-4.691995471399184936e+00
-6.171584668877520663e+00
-4.852654099089809492e+00
-2.252688137932132850e+00
-1.160615094658290491e-02
1.130839677225726314e+00
1.576517907495536885e+00
2.267073665754772094e+00
3.728147053703963820e+00
5.459017223901872384e+00
6.121059491288972865e+00
4.439090561599547513e+00
2.353106084748646243e-01
-5.119324127612822295e+00
-9.224785507043002042e+00
-9.925090598024908672e+00
-6.602902110312821371e+00
-6.813669602875578324e-01
5.043400134399601775e+00
7.902826479015816474e+00
6.810641588466704199e+00
2.788238391233411217e+00
-1.756924242770072642e+00
-4.528984633075606503e+00
-4.653882487304203508e+00
-2.981300603110314640e+00
-1.249800750944579653e+00
-7.576603890242741279e-01
-1.494643454177067010e+00
-2.323068691312834222e+00
-2.013890005825323293e+00
-3.145856560441819827e-01
1.785521739531584995e+00
2.808143036815879068e+00
1.983250897805392876e+00
-4.665488668670997319e-02
-1.602964903702278399e+00
-1.201199434019752266e+00
1.262653943064980799e+00
4.278642041363101889e+00
5.674113313290321869e+00
4.108537397500175992e+00
5.218774802690717696e-02
-4.454980037000193960e+00
-7.094788153516512708e+00
-6.698734482298767112e+00
-3.831537227200978890e+00
-1.977232343970982686e-01
2.597935672471872515e+00
3.980018742209848526e+00
4.385150088416515324e+00
4.452419806718761919e+00
4.205960166484199014e+00
2.983560577150670579e+00
2.035058027921876622e-01
-3.694395556328175623e+00
-7.024898246895053155e+00
-7.725632003439589113e+00
-4.810364520836291291e+00
6.587359219438563285e-01
5.910738882804674077e+00
8.045904990790582190e+00
5.862353529674755315e+00
6.862235576484048138e-01
-4.401516888968141750e+00
-6.461595208922067179e+00
-4.470444299032478419e+00
1.757661295500421161e-01
4.691745575509894017e+00
6.702386266816007243e+00
5.588418546131483922e+00
2.560591113392024720e+00
-4.260123198574403691e-01
-2.038122699046782227e+00
-2.249694091605482171e+00
-1.984851708933730308e+00
-2.144506482157802818e+00
-2.832629271843389418e+00
-3.346268200451775421e+00
-2.849960560868679327e+00
-1.138105156698727694e+00
1.125259009634022034e+00
2.846803438516718021e+00
3.248614931963935248e+00
2.342301010568320851e+00
8.149115658804828577e-01
-5.171064863142781354e-01
-1.226558913775134485e+00
-1.394611846280124468e+00
-1.327683121624125828e+00
-1.195611654771479682e+00
-9.320636521468851354e-01
-4.553316447486303042e-01
5.291677571720376783e-02
1.438142358416011346e-01
-5.431927108517433656e-01
-1.838134833296100057e+00
-2.933842226264623321e+00
-2.822179262257018095e+00
-1.044428907922374083e+00
1.787550531560116784e+00
4.160679255775495022e+00
4.521722310198200034e+00
2.311138260030382252e+00
-1.539385886954335092e+00
-5.045525724566067183e+00
-6.325518929758191078e+00
-4.748112029716224924e+00
-1.321180144009133528e+00
1.946359730443927960e+00
3.300106621425102027e+00
2.295055683373254496e+00
-2.920533089996205089e-02
-1.938123233979696103e+00
-2.196805425058455441e+00
-8.515076387802440472e-01
9.185603086415395913e-01
1.743136709126674511e+00
1.106292123293335816e+00
-2.667781301792072624e-01
-9.770596887284768162e-01
-7.936282281435746988e-02
2.056039589799915746e+00
3.831811338654187438e+00
3.497910153065104222e+00
5.215978560704371825e-01
-3.730862543982896185e+00
-6.600896991167349626e+00
-5.781133523621948100e+00
-9.791464563445444469e-01
5.550751670463271559e+00
1.011144217072719442e+01
9.747592236641509089e+00
4.175253686948769527e+00
-3.826020195984715322e+00
-9.924453725291893846e+00
-1.079323718031026758e+01
-6.128860708752130293e+00
1.169895782251276106e+00
6.809211963164402803e+00
7.755409717086283017e+00
4.038872311617764943e+00
-1.436885716664602963e+00
-4.908811962336319112e+00
-4.222594891494956926e+00
-1.199807485184591904e-01
4.453675687724351739e+00
6.462553415405555057e+00
4.816212677702426781e+00
9.491380972690839357e-01
-2.367393335330217674e+00
-3.049493885078431443e+00
-1.091310396051785592e+00
1.622304641470110553e+00
2.848787740859548556e+00
1.675059322520029426e+00
-8.868146198264521551e-01
-2.781840584495903101e+00
-2.546365884606147212e+00
-4.327755843302322214e-01
1.815322179224845289e+00
2.337938968864963662e+00
6.190679589283732964e-01
-2.078687298215954549e+00
-3.627627912465079874e+00
-2.603609044592644750e+00
6.599647794719809557e-01
4.297003110716612895e+00
6.214702920116272900e+00
5.498562833980859210e+00
2.906658295893448596e+00
1.644935219498470103e-01
-1.329376319907036308e+00
-1.384398977443035417e+00
-8.714183436068901889e-01
-7.706296722219061479e-01
-1.255932076792544816e+00
-1.583853927036083631e+00
-8.651800905506850103e-01
9.495349496761487096e-01
2.744177157047981819e+00
2.936597982188347000e+00
7.380417340578504515e-01
-2.997881687776784432e+00
-6.076899473923796258e+00
-6.337314989127600384e+00
-3.202060071687458986e+00
1.688164067591511941e+00
5.287268404296970203e+00
4.967638177372693420e+00
2.295504482055639173e-01
-6.788500760461870343e+00
-1.234843153162961826e+01
-1.311263523294007172e+01
-7.967929178112056476e+00
1.323746069300516304e+00
1.095574010868892856e+01
1.690092444893254964e+01
1.677979115852883041e+01
1.088095851279616966e+01
1.914150956667524106e+00
-6.317523719904598600e+00
-1.067243268395396960e+01
-1.003940052421049067e+01
-5.695571746249854073e+00
-4.909602260251924033e-01
2.737672080541639907e+00
2.704602815594296494e+00
3.179798519785593247e-01
-1.972799762816509261e+00
-1.788938688895940654e+00
1.558396848139966817e+00
6.472509074508500326e+00
9.949358655046808053e+00
9.446873522018773173e+00
4.573786813293725828e+00
-2.524829156875153302e+00
-8.395407640082591882e+00
-1.035941426707674573e+01
-8.097976257197490924e+00
-3.694297025504944987e+00
-1.260441074950146012e-01
7.452614217542707920e-01
-6.930585084070940427e-01
-2.300429205616037365e+00
-1.903690331130670543e+00
1.017314751657635963e+00
4.890137191698561203e+00
7.154638142034906778e+00
6.099872519109873714e+00
2.111084783917336338e+00
-2.548788111732508188e+00
-5.240155887765791221e+00
-4.653192341285175004e+00
-1.546544613261244594e+00
1.918410990472719124e+00
3.684897872975084532e+00
3.054812300530952207e+00
8.798213437949613525e-01
-1.287175969037708034e+00
-2.328925870710130575e+00
-2.141167180220764799e+00
-1.348530429292238209e+00
-5.657638128883724082e-01
8.760294483373554097e-02
8.258612842103525420e-01
1.625673735491255156e+00
1.877305231833493071e+00
7.102710290724836284e-01
-2.169015195010348229e+00
-5.821474907282899736e+00
-8.274586862517470109e+00
-7.641373792519043917e+00
-3.474492522468452194e+00
2.627658077930676406e+00
7.717434775994203910e+00
9.166006074680923987e+00
6.259550358465617137e+00
6.690962588059501392e-01
-4.538771981713050074e+00
-6.722773459900187376e+00
-5.156865784019251109e+00
-1.276058418145679996e+00
2.394310942406370213e+00
3.856332423161433542e+00
2.751622480608424404e+00
3.360349053050137869e-01
-1.528777486101442484e+00
-1.613589618200283571e+00
6.910074141695865535e-03
2.176982988998383384e+00
3.500426208079939094e+00
3.192724489955719225e+00
1.445381781665495247e+00
-8.081004341203753549e-01
-2.470988352691035672e+00
-2.832889534645129714e+00
-1.841118226682384895e+00
-5.449492661728616572e-02
1.624870509940538943e+00
2.323841552174429559e+00
1.574635922193103443e+00
-4.185511881143008095e-01
-2.765717930714534312e+00
-4.229539197233935788e+00
-3.847352738853890397e+00
-1.547201088989640816e+00
1.632850138969011544e+00
3.959762737360557949e+00
3.922981800187097967e+00
1.160415575616530193e+00
-3.187969885554251981e+00
-6.984345405065509382e+00
-8.219503821137813304e+00
-6.115757534251491379e+00
-1.546874531776566197e+00
3.472672062088964395e+00
6.902421994757790280e+00
7.708898509946200406e+00
6.220739847777466913e+00
3.675366805821024041e+00
1.343570290205780893e+00
-1.593159275421908161e-01
-9.682911468624404439e-01
-1.518691812241103944e+00
-1.977452075580259150e+00
-2.020909955172728978e+00
-1.121034529440509075e+00
9.045449078590706016e-01
3.531290353809162674e+00
5.671526888972040936e+00
6.266705915149886508e+00
4.937517766273834319e+00
2.246229618988184740e+00
-6.141781227396757581e-01
-2.501861208668460623e+00
-2.934258709875865456e+00
-2.244328162855660391e+00
-1.226082832719446181e+00
-5.535123777693147229e-01
-3.859867194881809738e-01
-4.089754417266432407e-01
-2.299617730475730648e-01
2.043931136057670073e-01
5.036558963599534477e-01
1.287147319916686627e-01
-1.134990602349146283e+00
-2.891224552175533535e+00
-4.271631261652979461e+00
-4.431097891772585839e+00
-3.069370544606353057e+00
-6.226120696160473145e-01
2.000232141016045517e+00
3.941356685371443014e+00
4.809876645457263677e+00
4.722261896494925004e+00
3.998631787560095852e+00
2.812046425270143146e+00
1.111376748546633264e+00
-1.106671715725354499e+00
-3.426040940512068644e+00
-4.928729162574310152e+00
-4.604064125010568276e+00
-2.056553798619226825e+00
1.988890601722109519e+00
5.839515037254246366e+00
7.682732257961991884e+00
6.651365326844637771e+00
3.397339348913583024e+00
-2.700157932156521667e-01
-2.506828411673822643e+00
-2.595164934855334060e+00
-1.346141655299997630e+00
-4.459776504158230459e-01
-1.184488641352351879e+00
-3.464467570367419036e+00
-5.819115608888520086e+00
-6.457150081485204751e+00
-4.604685533388424901e+00
-1.167791994475175787e+00
1.799811277002660859e+00
2.484526372456687504e+00
5.814233613350381358e-01
-2.472816143466426198e+00
-4.489189705160326227e+00
-4.041828159569235801e+00
-1.423784197497173221e+00
1.641792924300842449e+00
3.309793061215424270e+00
2.961740760984814091e+00
1.583299739453089661e+00
8.856074773671590572e-01
1.841370784140948125e+00
3.776362695391900726e+00
4.770024811732149317e+00
3.138447494649605041e+00
-1.081953712480695051e+00
-5.809901502384738237e+00
-8.119959608829958597e+00
-6.219607298623434311e+00
-8.277804352731252813e-01
5.075937710087328192e+00
8.058154397432710780e+00
6.424255902921745864e+00
1.319218387581857721e+00
-4.022968814484379152e+00
-6.385832024225594594e+00
-4.616947481057335878e+00
-2.527718468714531541e-01
3.653452504791154354e+00
4.649204160940595187e+00
2.477728163701817365e+00
-9.106432092681389090e-01
-2.868158377632869627e+00
-1.972047245366441492e+00
9.949240931895373397e-01
3.660875598004004416e+00
3.801240813191688606e+00
9.506687621570448776e-01
-3.236869371220310043e+00
-6.112332880499818266e+00
-5.840650183126022910e+00
-2.639399254971879660e+00
1.391483580924801178e+00
3.708921202324443556e+00
3.036144757313146592e+00
1.827683250764421397e-01
-2.559894472991675496e+00
-3.016612528846049024e+00
-6.328423591217893218e-01
3.118006303587714356e+00
5.686873971359664992e+00
5.127462335818004036e+00
1.404551728656983745e+00
-3.509449158899583754e+00
-6.806239933806790710e+00
-6.538717598009915477e+00
-2.790015472381020878e+00
2.385819754961103101e+00
6.181572413304509794e+00
6.648109813493305431e+00
3.735651941712609947e+00
-8.061228968226525904e-01
-4.529160610420219335e+00
-5.670320657861839919e+00
-3.993848129310122452e+00
-6.706290134326264862e-01
2.606715869200272095e+00
4.634242539262012350e+00
5.197888885732117714e+00
4.840077880461150173e+00
4.182628887917385185e+00
3.368365587066106670e+00
2.040563452381254361e+00
-1.581774382221692310e-01
-2.996391469592180279e+00
-5.488131235741998459e+00
-6.361984906737653489e+00
-4.895940348633513572e+00
-1.539710565807621112e+00
2.159593797956837147e+00
4.361454585337478207e+00
3.993811356321512296e+00
1.395264240117014776e+00
-1.891315253249155282e+00
-4.056204731957102183e+00
-4.095668623370120720e+00
-2.340228672059312842e+00
-1.258270644403212402e-01
1.136395249130462748e+00
8.537089013320908748e-01
-4.710419353671218001e-01
-1.712691917572877642e+00
-1.966387458425451040e+00
-1.151809614187030872e+00
2.205542484335765163e-02
6.560620423020389058e-01
3.506988565811659520e-01
-5.250122241732323447e-01
-1.162406783716392056e+00
-9.657718886087133248e-01
-2.152504024438728347e-02
9.716673302552356617e-01
1.251911736168159983e+00
5.973071123750247624e-01
-4.822035086158942274e-01
-1.116606661876899942e+00
-7.328241242674324862e-01
5.031912600463893659e-01
1.801058765737483691e+00
2.335691225308867303e+00
1.861583547661226357e+00
8.724543106592589359e-01
1.721387639297953798e-01
1.878054069295807815e-01
5.830337519509989352e-01
5.226728050993114660e-01
-5.656264772091829096e-01
-2.320949613962078217e+00
-3.465710002464360784e+00
-2.635837081280412164e+00
4.854343329647595739e-01
4.571539949284066040e+00
7.169132213306751211e+00
6.161759995091098396e+00
1.292038902192532479e+00
-5.320563678451390111e+00
-1.016576592146309110e+01
-1.035374540592725801e+01
-5.428719915014279529e+00
2.210010806307117548e+00
8.634126477416074863e+00
1.068382202023997785e+01
7.795726610166072490e+00
2.193370248433025971e+00
-2.666344100472747947e+00
-4.346362659795923733e+00
-2.879982256630448489e+00
-4.756266625164764505e-01
2.626664407829619741e-01
-1.684293046573998698e+00
-4.979031531310811332e+00
-6.909526157584121364e+00
-5.417606468394755126e+00
-7.093944434945469446e-01
4.732659469678830888e+00
7.782520945229113529e+00
6.810882197320633047e+00
2.810944476362777777e+00
-1.310126060804791992e+00
-2.791749731720257977e+00
-9.737620988543207456e-01
2.260054701147261369e+00
3.889284725277238230e+00
2.030997710815773516e+00
-2.545959650986237222e+00
-6.785386332124320852e+00
-7.393143922562627424e+00
-3.180058893315101720e+00
3.931484181557295621e+00
9.972725355642733547e+00
1.139282591534641220e+01
7.300327365410711700e+00
1.460565999158713879e-02
-6.404457229922195793e+00
-8.653461533849743148e+00
-6.089281033162039947e+00
-8.820550926349626231e-01
3.553098289885072703e+00
4.728461657382903027e+00
2.457952512196834860e+00
-1.332109121961409182e+00
-4.059491231886873663e+00
-4.155300201957034645e+00
-1.889293993254150816e+00
1.042684143928090279e+00
2.744866451479870850e+00
2.301900070329196080e+00
2.141678382166258277e-01
-2.055225087663583583e+00
-3.024545469061830971e+00
-2.025410506351084106e+00
5.057716547612710611e-01
3.339702851182922316e+00
5.121578025004170698e+00
5.029045805459243290e+00
3.124581007493275830e+00
2.752847472162716080e-01
-2.297366286438952354e+00
-3.616945179699278867e+00
-3.401015276660808606e+00
-2.115311904044891556e+00
-5.940667928391933916e-01
5.408048178150770546e-01
1.264378231468096470e+00
2.036618356094996862e+00
3.240414776943969954e+00
4.594246328783865962e+00
5.068981257489024728e+00
3.523509451886643440e+00
-2.910010556626043687e-01
-5.109393039749853038e+00
-8.537422286626334511e+00
-8.407915250550756170e+00
-4.306150816512646529e+00
1.826072490600422427e+00
6.604003565362619455e+00
7.209130051640347148e+00
3.227327743354826417e+00
-2.968345198176559396e+00
-7.661897102098620849e+00
-8.177411248421485368e+00
-4.599023965959690763e+00
3.809715938129333290e-01
3.412954845877821608e+00
2.881793188369514702e+00
2.952896130871884850e-02
-2.024942589817161132e+00
-6.924657515414440745e-01
3.992794152529122620e+00
9.155635623870596262e+00
1.097818972037535978e+01
7.419652813933398150e+00
-1.734728186734915134e-01
-7.755738409011836865e+00
-1.115196506515119701e+01
-8.760893682924969283e+00
-2.545485264332726594e+00
3.342930011278992808e+00
5.324874257564983893e+00
2.638695520344055634e+00
-2.401548285110548075e+00
-6.186715337219149902e+00
-6.296019907838408258e+00
-2.963659396850681471e+00
1.363691923616933144e+00
3.890726063298817206e+00
3.345301573299724662e+00
5.875695253406512109e-01
-2.297107215917298717e+00
-3.587268330863803367e+00
-2.988913429585948300e+00
-1.502914857961180184e+00
-3.859438922053913812e-01
-1.255603736589938624e-01
-2.164961697833412968e-01
1.928002132138039171e-01
1.410175116238563398e+00
2.832047006598908290e+00
3.385899293618306771e+00
2.399555042641144276e+00
1.889950336673581477e-01
-2.092890554671784642e+00
-3.214702032942679200e+00
-2.653067728287769267e+00
-8.546676553230381224e-01
1.144217329517378534e+00
2.390459278019130274e+00
2.487448995355870274e+00
1.623440866986446629e+00
2.876172300184571817e-01
-1.010563198520504358e+00
-1.833277764283222089e+00
-1.801094355837223437e+00
-6.803293415822283530e-01
1.373387251060688818e+00
3.627714337281937151e+00
4.947368486154632095e+00
4.399138326270513488e+00
1.952239354356823497e+00
-1.279746433864282107e+00
-3.583553135508781740e+00
-3.736579585663517555e+00
-1.911307265097090591e+00
3.235102256853291669e-01
1.033047976647965438e+00
-6.674338948782672087e-01
-3.827400213924141426e+00
-6.159415175406505405e+00
-5.579978878131681697e+00
-1.759800848198417089e+00
3.438209634957960059e+00
7.028468401823235290e+00
6.821763164323409789e+00
2.906786728876453285e+00
-2.330950525751572133e+00
-5.692256994705184425e+00
-5.168633295613623169e+00
-1.147479763943680453e+00
3.934775657908977209e+00
7.187407965547832234e+00
7.004729840512638361e+00
3.840475056241268170e+00
-3.549049140478500730e-01
-3.491463610938874140e+00
-4.504716199715116609e+00
-3.627480675855952796e+00
-1.798374464813018658e+00
1.660183535110046349e-01
1.965189182790671119e+00
3.579738645452636536e+00
4.777708520973033224e+00
4.928035555556126823e+00
3.378497475392984839e+00
1.216681170818727509e-01
-3.835565479925242105e+00
-6.805756888203539745e+00
-7.334528562599505364e+00
-5.101734033948653213e+00
-1.178000501264776734e+00
2.567561067816253928e+00
4.531517233695854685e+00
4.224024008717440992e+00
2.385516142390423866e+00
3.708185549081353671e-01
-7.258643703014272530e-01
-6.215424922477632563e-01
2.169367885643018468e-01
1.081796543563872337e+00
1.543507873008999942e+00
1.618992592718458523e+00
1.550376302624972169e+00
1.455522233881373806e+00
1.168432884761538171e+00
3.901356334982115648e-01
-9.985774131603528669e-01
-2.735092668007449213e+00
-4.252777891694982770e+00
-4.979900351269536785e+00
-4.638090658587576520e+00
-3.341496606602790465e+00
-1.469042098714387734e+00
5.492399033944366238e-01
2.360079385401593566e+00
3.674916369411948214e+00
4.214604561623628953e+00
3.752471883421939491e+00
2.291894770167580475e+00
2.481023875686186875e-01
-1.571746698319301139e+00
-2.292351161030219853e+00
-1.471360150798127098e+00
5.343652598390528086e-01
2.632680731009283015e+00
3.541577044639208527e+00
2.540144998832523981e+00
-3.608399478617035916e-02
-2.908525230544928064e+00
-4.568019327858076295e+00
-4.180041015351072531e+00
-2.112654139408223664e+00
2.796556349789536822e-01
1.517242897920447309e+00
9.662787796745599955e-01
-7.245816885859892587e-01
-2.046102273831944096e+00
-1.668707020465232116e+00
5.808239623633985049e-01
3.492438393389533324e+00
5.210423774973046207e+00
4.492243046170776744e+00
1.645040958158726863e+00
-1.544800572338476785e+00
-2.922071657303077608e+00
-1.420891200847323788e+00
2.116159176411410936e+00
5.369955783902882196e+00
6.012789163453385655e+00
3.269264518161080879e+00
-1.486114935685073579e+00
-5.538113243584292356e+00
-6.546907789205251404e+00
-4.043682548888774875e+00
2.878081887283532869e-01
3.720140066931378442e+00
4.220961081946168036e+00
1.658103223116109248e+00
-2.284721823676759467e+00
-5.323341523849114409e+00
-6.005159235216709135e+00
-4.381098728689995170e+00
-1.584594728287714638e+00
1.180740738893275354e+00
3.363612542789450544e+00
4.968199309519770068e+00
5.881667175656721369e+00
5.411152215034389812e+00
2.650941872672866406e+00
-2.467143520439724291e+00
-8.331875518006903292e+00
-1.196637911904127449e+01
-1.065637437571901103e+01
-3.956484744138732523e+00
5.401433527811343005e+00
1.263107396651626679e+01
1.361922249449673217e+01
7.590967250436394309e+00
-2.126809987209664854e+00
-9.944926340175218371e+00
-1.141507433504079572e+01
-6.018473982275023282e+00
2.527348671710178074e+00
8.696054469549398647e+00
8.728493916043493783e+00
2.985321340305544524e+00
-4.465652674669339461e+00
-8.686142347953966336e+00
-7.156014244868537766e+00
-1.290658131855766833e+00
4.754946431444322386e+00
7.047266811308247725e+00
4.485167580196970150e+00
-7.067308006655382835e-01
-4.805727036301195021e+00
-5.310630422902984371e+00
-2.579110468806007361e+00
7.093548383061533125e-01
1.740033522240318042e+00
-2.871964412294525926e-01
-3.620804969049360000e+00
-5.361421867611662506e+00
-3.698978159755916373e+00
6.975307962948842366e-01
5.144197349818303344e+00
6.879979533517118107e+00
5.031647194627516306e+00
1.178532482478930499e+00
-1.854873582739445803e+00
-2.057129655606275698e+00
3.698909729382535705e-01
3.256895829755228622e+00
4.129924047711761581e+00
2.045663748785564895e+00
-1.733132841908259447e+00
-4.680877208654377952e+00
-4.850040809732392155e+00
-2.258203124065245149e+00
1.173729028834950006e+00
3.061910324470880074e+00
2.311162324079147901e+00
-1.066873490761544030e-01
-1.922919805684684569e+00
-1.341086075561304769e+00
1.484218070985057869e+00
4.376321519943331850e+00
4.614935836945035952e+00
9.945892734756243136e-01
-4.982609674087973062e+00
-9.716363894786544719e+00
-9.673085023809637306e+00
-3.776791700699143384e+00
5.554854209403945475e+00
1.352556914833251334e+01
1.567181712235782598e+01
1.055544267204301612e+01
7.519805679590132463e-01
-8.547074336658569749e+00
-1.252655818327658643e+01
-9.527734139882783282e+00
-1.913779284823410531e+00
5.498062237615366499e+00
8.431509600970002793e+00
5.677549791603236251e+00
-4.163137446026305977e-01
-5.722768299078785148e+00
-7.131099911162285920e+00
-4.483057923558830815e+00
-3.977015562735792265e-01
1.800512170928945110e+00
5.386759353499230851e-01
-2.909794252830830263e+00
-5.449427743012684289e+00
-4.540568543086457964e+00
-1.881079351046431869e-01
4.931182184100509680e+00
7.336394700035087091e+00
5.282303524601170253e+00
1.252929093635101188e-01
-4.523024370849352493e+00
-5.313065640539011092e+00
-1.579437982488626879e+00
4.075796312636903451e+00
7.507278558183545059e+00
5.894242450542594547e+00
-2.381196966152905325e-01
-7.260797171602106914e+00
-1.079398593607874446e+01
-8.563649415938741072e+00
-1.834313961101513790e+00
5.492742905753705607e+00
9.419388013511850843e+00
8.272286613293310609e+00
3.446593878086168239e+00
-1.843713469022890017e+00
-4.767234464294922702e+00
-4.470874698683672932e+00
-2.124623195840736223e+00
3.334607911630709243e-01
1.638319343092200953e+00
1.771810230402306452e+00
1.447591574211640975e+00
1.167295523815780278e+00
7.488853825822903154e-01
-3.015018408230205060e-01
-2.003407654597163301e+00
-3.511593199761803952e+00
-3.580896110228108498e+00
-1.575419101814959699e+00
1.816907208931847428e+00
4.828390333403919321e+00
5.725819812648072826e+00
3.987671184742856312e+00
6.484546181780670437e-01
-2.454676076530103668e+00
-3.946402521498427074e+00
-3.716793503644459040e+00
-2.687382695023542656e+00
-1.818780632470897274e+00
-1.252184872905522273e+00
-3.369118190404665203e-01
1.490576946577085948e+00
3.790421329818247642e+00
5.080849411467273313e+00
3.885548178182331114e+00
1.108409779308222598e-01
-4.418144652329481836e+00
-6.891983653602604676e+00
-5.413608201985081081e+00
-4.959842277439419078e-01
5.045077547576975796e+00
7.880916789180950843e+00
6.436388896491773259e+00
1.982789754063557730e+00
-2.295033305425992154e+00
-3.618393285107722512e+00
-1.613031347592805531e+00
1.526328684996483442e+00
2.853985641046751454e+00
1.096332297454927218e+00
-2.214764864182329429e+00
-3.860360714138199256e+00
-1.543591366108425955e+00
3.989149412277007922e+00
9.043957373424795776e+00
9.424204184661078898e+00
3.564876960899526992e+00
-5.942129206842474254e+00
-1.368485688117899279e+01
-1.486135131254188302e+01
-8.490491714679304636e+00
1.833178990332148484e+00
1.020293548455761012e+01
1.215324178503859187e+01
7.358555105144477970e+00
-4.915477793089456648e-01
-6.416810554312419868e+00
-7.471739489884417829e+00
-4.367699114364628876e+00
-4.156937640725464345e-01
1.234860906762398347e+00
-6.454776119930266676e-02
-2.227760714920909990e+00
-2.346335388601170635e+00
8.060410859301744280e-01
5.613725549371038070e+00
8.678270871134579068e+00
7.297384309928800050e+00
1.527890550147791959e+00
-5.668700536287187397e+00
-1.028886723156023919e+01
-9.825944613842995778e+00
-4.740286872323437706e+00
2.047013401037393265e+00
7.131107994391078897e+00
8.619678623583547861e+00
6.851899697147452173e+00
3.588175255864825441e+00
5.158011033099333398e-01
-1.736358659440406793e+00
-3.458092882713923899e+00
-4.948099378550639749e+00
-5.772382758944974768e+00
-4.902313588678175016e+00
-1.644573458407197819e+00
3.426898282953739550e+00
8.372687425858675425e+00
1.082808628393162564e+01
9.385970834233360094e+00
4.476779423485445442e+00
-1.847721057872608652e+00
-7.054666376726427046e+00
-9.423177499751082209e+00
-8.702588725077582410e+00
-5.867057776329382968e+00
-2.318632143131527545e+00
8.426890058937306360e-01
3.082387627699471722e+00
4.277738366535205117e+00
4.481650190443554393e+00
3.862943699612796156e+00
2.784251902032027992e+00
1.779084379834121599e+00
1.287867705303074928e+00
1.308488929082419761e+00
1.305225278613509010e+00
5.771802468104103578e-01
-1.107599518525964832e+00
-3.115818823631793855e+00
-4.207373652782318452e+00
-3.386241794760186608e+00
-7.642894284474170963e-01
2.258600144316967206e+00
3.756414476755564724e+00
2.535212587719668509e+00
-9.898447417712166185e-01
-4.967320817172756087e+00
-7.264659146034477821e+00
-6.812366776628881126e+00
-4.188993124314085215e+00
-1.054884404240659324e+00
1.099590762896613949e+00
1.924149577863258020e+00
2.179251648680359477e+00
2.800797372628657467e+00
3.885964804365619418e+00
4.490816698615035740e+00
3.455763993252405797e+00
5.920427389048550371e-01
-2.806874060622960965e+00
-4.683884719685194042e+00
-3.732010268448977541e+00
-5.492578940223526995e-01
2.556930624793518625e+00
3.123880508091635200e+00
3.760294113247055758e-01
-4.037920535346143147e+00
-7.064416081572762351e+00
-6.374737879182893252e+00
-2.078114425903876850e+00
3.270974511594015866e+00
6.433546370387702495e+00
5.756562189184489142e+00
2.283334488268101481e+00
-1.126129259782906900e+00
-2.008236204034970829e+00
-1.682095697008721968e-01
2.223990510028011958e+00
2.409764394433387746e+00
-6.559541574844048872e-01
-5.264061245693754110e+00
-8.040472249702245833e+00
-6.423925070104671953e+00
-7.030255777471232648e-01
5.944969765990331112e+00
9.518122763652257845e+00
7.902668920375423234e+00
2.285592028396620901e+00
-3.736659089970151282e+00
-6.673502202830972507e+00
-5.435240713742082619e+00
-1.779730892941196352e+00
1.301820498994474384e+00
1.939405743074201549e+00
6.635498228290894751e-01
-3.111969609630041989e-01
8.549685202329102562e-01
3.913707904786897451e+00
6.552873479288785497e+00
6.169147412132492292e+00
2.011211608078930624e+00
-4.000273411688987757e+00
-8.467533858930504920e+00
-8.870742723122202023e+00
-5.330432201561068339e+00
-4.645172974176927649e-01
2.535574829971947608e+00
2.154978557947281992e+00
-5.333129285379818452e-01
-2.907407714862372927e+00
-2.906673118282172119e+00
-5.561544072149426921e-01
2.234707080782931232e+00
3.355060232753660721e+00
2.256031641552489031e+00
3.641978960906546714e-01
-1.773918940433545366e-01
1.596585555465698469e+00
4.512499855453315334e+00
6.071810737384560674e+00
4.462431542738780621e+00
1.915972139445774047e-01
-4.011072241956131990e+00
-5.070235111088813085e+00
-1.881152595504263392e+00
3.678485518165053758e+00
7.870509317126199278e+00
7.617346958768969500e+00
2.642670244688772208e+00
-4.291584259733359552e+00
-9.208800741513275767e+00
-9.496615213726833815e+00
-5.446322692738249316e+00
2.308912053384761798e-01
4.419260527368540359e+00
5.614589438560744661e+00
4.540196253281393979e+00
3.096948512151362465e+00
2.625153349664625324e+00
2.878818645282839039e+00
2.450455435998880827e+00
2.024290645173270065e-01
-3.513052675346322040e+00
-6.856813255202954593e+00
-7.753445483355533518e+00
-5.433885009507611663e+00
-1.087882433245390690e+00
2.878054846643943954e+00
4.439312032983535161e+00
3.253409799723156137e+00
7.549031594546308233e-01
-9.679605250578446896e-01
-6.676474030905328316e-01
1.255624238267068815e+00
3.147549104242112428e+00
3.344889552189574289e+00
1.368459122788898696e+00
-1.734266089608704320e+00
-4.069010177746950063e+00
-4.097435857226772171e+00
-1.586581954436212305e+00
