-5.750019382051004158e+00
-2.332033122574149964e+00
1.234307094725890508e+00
2.758127369158449138e+00
1.391659004380837006e+00
-1.938505439509693673e+00
-5.135601763201178116e+00
-6.205960898332655518e+00
-4.440624740776375923e+00
-7.964908540691961747e-01
2.751164748860458253e+00
4.478101648768594067e+00
3.992135331339658588e+00
2.412187875257596481e+00
1.501450807412766153e+00
2.315053300060811559e+00
4.299836801040525458e+00
5.544191034981287736e+00
4.121104387967604588e+00
-3.301989631751044429e-01
-5.920434048508861125e+00
-9.364505543242364283e+00
-7.998709365422500994e+00
-1.710081565127511638e+00
6.572233513571765329e+00
1.233945142500228798e+01
1.215409922016501731e+01
5.846368066248562201e+00
-3.216212718213302679e+00
-1.007303216214666008e+01
-1.116228990388229647e+01
-6.453686627444895407e+00
6.693064978099035889e-01
5.698792701724588738e+00
5.936687665675792758e+00
2.115972256311378530e+00
-2.347939589629482793e+00
-3.905017994168215711e+00
-1.415587970719547783e+00
3.085186711809353888e+00
5.915150557809234044e+00
4.458007930888332915e+00
-8.782612953323478688e-01
-6.856028269713380752e+00
-9.626360892855830187e+00
-7.410629358780414400e+00
-1.761268194854443525e+00
3.478150795056115463e+00
4.781356572556586748e+00
1.304570345119556274e+00
-4.603099841316312890e+00
-9.042431341332823891e+00
-9.175881199044404468e+00
-5.008120161899169531e+00
8.184726152728223347e-01
4.957828927096089799e+00
5.606591070265625198e+00
3.522326126752341580e+00
1.214768315927500231e+00
1.002855322443048314e+00
3.356722191999039318e+00
6.642925221887326259e+00
8.346591701622937620e+00
6.833659995221304406e+00
2.430586576405818988e+00
-2.833188467029058799e+00
-6.525479142932980814e+00
-7.215349797295012024e+00
-5.101390460963449947e+00
-1.613767452664557123e+00
1.570649060887416404e+00
3.386317374062796759e+00
3.648485054144201545e+00
2.772318447650969020e+00
1.323185307466402616e+00
-2.453761903751157658e-01
-1.594004998222567249e+00
-2.421920036388071740e+00
-2.508191983077387555e+00
-1.870249216101987244e+00
-8.553463101434841676e-01
2.947966291305448294e-03
3.213610764726327895e-01
1.464303687755404704e-01
-7.541411417077564794e-02
1.421188115079428660e-01
8.969857543581712944e-01
1.754697108988904519e+00
2.042269818277908655e+00
1.388551291924045694e+00
9.915590162134191310e-02
-9.536584841423050296e-01
-8.959537302109897849e-01
5.064624558073818061e-01
2.589402980286061862e+00
4.121056691984713360e+00
4.025649377612547042e+00
2.040637443144443619e+00
-1.095993925119724155e+00
-4.015902372676686483e+00
-5.396479444660298164e+00
-4.555077433728540015e+00
-1.693232012035184919e+00
2.235683212887370708e+00
5.887887323633713699e+00
7.954308744129667375e+00
7.559615060233389805e+00
4.588437855811338117e+00
-1.508811312627855727e-01
-5.068533259702809879e+00
-8.323855576576152160e+00
-8.615063960075904248e+00
-5.861732604000941649e+00
-1.357537903127531642e+00
2.791921335953383210e+00
4.707409985835424138e+00
3.681254829915587390e+00
4.772844095498172123e-01
-3.179992282746337828e+00
-5.586188612011326882e+00
-5.892209976145636574e+00
-4.325603800390951825e+00
-1.781509832927701265e+00
8.178495565090313502e-01
2.917952038796851610e+00
4.292319453458562251e+00
4.774920148389650620e+00
4.138530636362351522e+00
2.299878420744209784e+00
-3.402500319285773900e-01
-2.821497955174035344e+00
-4.042260781505153666e+00
-3.467011276297316424e+00
-1.586852434989898919e+00
3.108065268826709637e-01
1.006603133002299533e+00
2.530462672004989977e-01
-9.975182088970465655e-01
-1.300944685263297540e+00
1.024175858007296269e-01
2.546173958409266636e+00
4.286806766730823171e+00
3.792250072234684577e+00
1.042720636592092243e+00
-2.203810209559193378e+00
-3.528145460518897991e+00
-1.644245024803763888e+00
2.441474108950977495e+00
5.868852004846953463e+00
5.800170179804835513e+00
1.474691925444767460e+00
-5.051963582190429847e+00
-1.010991815700242924e+01
-1.080026265843203603e+01
-6.911261632645778974e+00
-9.993541481882326494e-01
3.432583108751662060e+00
4.348895894243363536e+00
2.441031817049596597e+00
3.405511344647640382e-01
4.170742576290982218e-01
2.854803424408341339e+00
5.491391017107423167e+00
5.560714613842405285e+00
2.009589862805873928e+00
-3.420175362230063687e+00
-7.250617133519681623e+00
-6.749248059710452274e+00
-1.995604077550995115e+00
4.050853960172419832e+00
7.596551295160871575e+00
6.696019325883513673e+00
2.585573362959838306e+00
-1.331919711493823932e+00
-2.094853217487518737e+00
5.814826453850712173e-01
4.140375987054346396e+00
5.229070023934276890e+00
2.405061043805350796e+00
-2.579624426768822421e+00
-5.955181874536279452e+00
-4.755960724156739872e+00
8.023433320098531940e-01
7.203092936570319793e+00
9.939165068167778117e+00
6.634902418301455107e+00
-1.249910599026105906e+00
-9.343018239499647493e+00
-1.322925927397953316e+01
-1.122575545374008321e+01
-5.171886173291704303e+00
1.154219635945024525e+00
4.680418601272302581e+00
4.794977461052033263e+00
3.095453111879750807e+00
1.614121636843070196e+00
1.101698396272409175e+00
7.363167135016703835e-01
-6.615899932253093141e-01
-3.106607089336936856e+00
-5.047164181593205790e+00
-4.527946010139277888e+00
-9.789315443556507734e-01
3.924542773755534952e+00
7.202858843404024825e+00
6.721635822597601617e+00
2.893256120694515321e+00
-1.488932277412172045e+00
-3.289109803901606899e+00
-1.440070555239947092e+00
2.160765268750782564e+00
4.059629013321012891e+00
1.965164742156559008e+00
-3.302744609001286413e+00
-8.214412487352685588e+00
-9.097168706387332549e+00
-4.979514325605649105e+00
1.484983288610055130e+00
5.829286826408266009e+00
5.063258028604069594e+00
-5.021863002463877734e-03
-5.228960385384273657e+00
-6.136238739845154555e+00
-1.328506310526222478e+00
6.265667119821282327e+00
1.129767697750514444e+01
9.766243667540525308e+00
1.948980150080011242e+00
-7.632568337095973376e+00
-1.321797062181432736e+01
-1.165432779918539730e+01
-4.375926077781700840e+00
3.810696838912572382e+00
8.158505730295104286e+00
7.114398092611513569e+00
2.970098664279750444e+00
-2.626503905357726598e-01
-2.240104148767663172e-02
2.981468760728725353e+00
5.566681705374787015e+00
4.750072682992019679e+00
1.790365857115996384e-01
-5.524612988118119183e+00
-8.712253242522660202e+00
-7.413905994147680367e+00
-2.743313335060777014e+00
2.013942993347288546e+00
3.872116195500111324e+00
2.271138879611425132e+00
-7.269957979132666281e-01
-2.247984422191034781e+00
-9.733207229836052798e-01
1.774964180664378555e+00
3.068487462966376533e+00
7.397013320687535476e-01
-4.716412179246852965e+00
-1.016615527072584690e+01
-1.183100492347745103e+01
-7.860685816314843422e+00
3.197924545588257672e-01
8.817452573027223295e+00
1.365750218741522382e+01
1.312274384088104462e+01
8.532414055752054693e+00
3.077233752308762060e+00
-3.628605483649683383e-01
-9.061422789692162860e-01
1.756352447960579100e-01
7.502339532778067310e-01
-4.713168211950166109e-01
-3.022227906534440844e+00
-5.107473157231757099e+00
-4.968330498916129656e+00
-2.189719207528151301e+00
1.927161109907059355e+00
5.131408084269542869e+00
5.591608603504411690e+00
2.991897084171108556e+00
-1.294703591623092898e+00
-5.011217952938341824e+00
-6.281418940833955133e+00
-4.589170379558066060e+00
-9.423920550409583541e-01
2.809553871121496904e+00
5.051599983143217898e+00
5.219270351352518489e+00
3.894682367670672107e+00
2.187862310360682017e+00
8.688757329434055876e-01
-1.240219412162882895e-01
-1.439336611153688494e+00
-3.508207427406867307e+00
-5.812323540992447413e+00
-6.877617494098716477e+00
-5.164438492806656456e+00
-3.316821159745040326e-01
6.049641102698390505e+00
1.101253877702920114e+01
1.181241003861416594e+01
7.681507175012672661e+00
5.116032811120532209e-01
-6.127959644088483593e+00
-9.113114637581382738e+00
-7.659399680157980228e+00
-3.691571136714276058e+00
-4.047391422726971388e-01
-5.833876206918664487e-03
-2.234669395722771679e+00
-4.726107891325010968e+00
-4.936109120598494826e+00
-2.183475940237461277e+00
1.754902671208393938e+00
3.987145790354474251e+00
2.796001501243142506e+00
-8.908705073222646931e-01
-4.052376215077125643e+00
-3.824448731961379799e+00
2.218616115993972127e-01
5.560454502197368143e+00
8.461505483486204682e+00
6.783768869082038577e+00
1.693997375369562519e+00
-3.089166634294100877e+00
-4.084764969642589172e+00
-8.171581408199930507e-01
3.612256669440630397e+00
4.763910174530638919e+00
3.836582360332705388e-01
-7.430255573943788328e+00
-1.323081280892042777e+01
-1.194382777486812941e+01
-2.767555918114279478e+00
9.626152759768146439e+00
1.770167716901063670e+01
1.591378929172477363e+01
4.551218834067941366e+00
-1.012714656057634954e+01
-1.968307144442685797e+01
-1.875067046675515314e+01
-8.274254828342437307e+00
5.360965311055681859e+00
1.459968640647652016e+01
1.542844497867082154e+01
9.407866197410132969e+00
1.885426491525581394e+00
-2.085392047837431040e+00
-1.131277880184763607e+00
2.031267142588425223e+00
3.180415650631255975e+00
5.324956003182879094e-02
-5.910176454533234924e+00
-1.072470059568128065e+01
-1.090893725900339284e+01
-6.081219376511487695e+00
7.880665534676447592e-01
5.543956445160747037e+00
5.737793277476912479e+00
2.117347462296038874e+00
-2.246876965310207197e+00
-4.360830466451680820e+00
-3.332596681635166203e+00
-5.638346444120228007e-01
1.829035598780037297e+00
2.915908417017775367e+00
3.560612394112780521e+00
5.265066768789576912e+00
8.299082101666762412e+00
1.082466930847449760e+01
9.967649268015218667e+00
4.183721893130354808e+00
-4.923219345602335650e+00
-1.295624999357804796e+01
-1.532980517395776943e+01
-1.043820550979694417e+01
-1.084327046740417799e+00
7.055550766435690235e+00
9.075488531622161403e+00
4.146506631173744850e+00
-3.861143096931880070e+00
-8.987776210880253913e+00
-7.303641893228164150e+00
3.083775643394908172e-01
8.688049122437888627e+00
1.194110381256201059e+01
7.558943219658065260e+00
-1.761454787016687673e+00
-9.899680706629366611e+00
-1.149055883034772485e+01
-5.609130423394393716e+00
3.599498023496560339e+00
9.786344949438586127e+00
8.771798818828663968e+00
1.397789590506699042e+00
-7.096792198794829254e+00
-1.071068562033719118e+01
-6.786013950033092712e+00
2.237481614187236012e+00
1.056782382164277756e+01
1.302066644991726641e+01
8.423767947332152062e+00
1.685990888036648094e-01
-6.341248719643852283e+00
-7.446457478762481763e+00
-3.546366570793502593e+00
1.549576126757572281e+00
3.611831712556583973e+00
1.085881624619247310e+00
-3.913713816584567518e+00
-7.326339133800601644e+00
-6.238068045706645748e+00
-1.067427375019949443e+00
4.707276506180615883e+00
7.028614815869469012e+00
4.138907969242676899e+00
-2.175955811450038802e+00
-7.798101561254958902e+00
-9.033764997144274389e+00
-4.989858218257545275e+00
1.985136495290790615e+00
7.948292900394331895e+00
9.854725421224650006e+00
7.223517861280722485e+00
2.041643532983359322e+00
-2.760942931059329197e+00
-5.068957093481705201e+00
-4.458232990550474284e+00
-1.898381283274400033e+00
1.163846488070897633e+00
3.539938902247034669e+00
4.478773711742056740e+00
3.534949694412236276e+00
6.081200412672345124e-01
-3.695562377839947565e+00
-7.773172739269706533e+00
-9.389874746024744923e+00
-6.849320946411956434e+00
-3.576593750122163407e-01
7.469133682607600910e+00
1.264272590754595171e+01
1.204281161727901406e+01
5.530805400836301899e+00
-3.554577985243529525e+00
-1.010008226424124800e+01
-1.025009531365882509e+01
-3.899096723175714096e+00
5.028308495483451601e+00
1.083636914884997182e+01
9.538728502962309008e+00
1.395508561866209973e+00
-9.118824514651008073e+00
-1.594167918259012673e+01
-1.503542184849244379e+01
-6.767577467003235370e+00
4.373728261900864389e+00
1.249609001504973449e+01
1.374196127285678415e+01
8.365379556405432737e+00
2.727543826806901883e-01
-5.562493778292671109e+00
-6.143573029389429507e+00
-2.096633812178570810e+00
2.996422811900944172e+00
5.051348906619685941e+00
2.136309826554380731e+00
-4.313975734787675265e+00
-1.043070062372128248e+01
-1.236198822488009874e+01
-8.694030303515928537e+00
-1.334127584157915880e+00
5.686242154125304538e+00
8.730031702663007209e+00
6.802355663289374021e+00
2.093227895185517440e+00
-1.545619111197719775e+00
-1.220502974292045018e+00
2.996410858724099846e+00
8.024564239857824077e+00
9.789772155322735259e+00
6.017940594041191638e+00
-2.040638030448386431e+00
-1.015773887580683876e+01
-1.366835694782917621e+01
-1.039117856294781284e+01
-2.024461167006222695e+00
6.900317838792573433e+00
1.181036518240449595e+01
1.078511480952856516e+01
5.416102107004004296e+00
-6.162700555118141299e-01
-4.138615160786555336e+00
-4.402854885751524172e+00
-3.061468518941209194e+00
-2.395548633310762732e+00
-3.255063076167964198e+00
-4.320597057163714894e+00
-3.243810137015912698e+00
1.231305306790166254e+00
7.833066370997949335e+00
1.319100625345627620e+01
1.392934802830819052e+01
8.981897171594102502e+00
4.909681553441038737e-01
-7.361468647292471523e+00
-1.081018920816557838e+01
-8.626931400560318153e+00
-2.594110986784451622e+00
3.799956778793223577e+00
7.424148142851318966e+00
6.978084627769731263e+00
3.151926587040271066e+00
-2.255042682022918132e+00
-7.393378226544628617e+00
-1.091349540220092607e+01
-1.197421364162758195e+01
-1.016844392329898206e+01
-5.734524467186932206e+00
9.973708348128651480e-02
5.186928071958434749e+00
7.306732305442668718e+00
5.477355248566651014e+00
8.326892731032154993e-01
-3.748854406865906874e+00
-5.262919545655522668e+00
-2.476397076330415725e+00
3.204745582311099739e+00
8.570486540548595045e+00
1.062473854627238978e+01
8.405064717863094614e+00
3.369788828734348485e+00
-1.816760069366499142e+00
-5.099376428531074978e+00
-6.076428093487754367e+00
-5.612198948716343061e+00
-4.559142170384770765e+00
-2.840800342351352814e+00
2.304113937903874421e-01
4.683061008523023538e+00
8.907087686485763101e+00
1.011387544919112713e+01
6.226691436160365356e+00
-2.130860524907703279e+00
-1.124600206893096654e+01
-1.620577354897362454e+01
-1.401582603716070707e+01
-5.788338022917633552e+00
3.711163628906120060e+00
9.061316635112047990e+00
7.748137692872457905e+00
1.785194342150706825e+00
-3.817958189677690406e+00
-4.701192639404343510e+00
-3.149372666698881940e-01
5.698686001635300258e+00
8.211999110960352510e+00
4.467551966354107229e+00
-3.714221520682684741e+00
-1.100811553754043182e+01
-1.221885956642041826e+01
-5.922642126494536363e+00
4.440938855453303802e+00
1.277288632908959976e+01
1.426267680847283259e+01
8.378528174142619633e+00
-1.036926366445612757e+00
-8.447114921499318640e+00
-1.011547034650973487e+01
-6.080786434155823983e+00
4.722532404371080905e-01
5.677952851023780667e+00
7.402256017496220863e+00
6.033855973289681707e+00
3.447789602365573636e+00
1.247667933653582750e+00
-2.832921806710563262e-01
-1.866927450587209547e+00
-4.056795501848650787e+00
-6.340251525924520237e+00
-7.318208750191499412e+00
-5.819441553981806514e+00
-2.027443399655631140e+00
2.323087104490463517e+00
4.911095044889745687e+00
4.312040927281255875e+00
9.691067786335175738e-01
-3.023284900557531074e+00
-5.193335177597128371e+00
-4.205864406287824764e+00
-6.699526796316006561e-01
3.242031047853235926e+00
5.120082641611746865e+00
3.797263727681016388e+00
1.166247201554374557e-01
-3.486862775033922279e+00
-4.407214529785353108e+00
-1.526284093879196835e+00
3.866579231855536314e+00
8.556973273864162621e+00
9.198450783758453042e+00
4.487010731563745303e+00
-3.626380558525982067e+00
-1.064875271950530689e+01
-1.204366257305398413e+01
-6.147523101374238408e+00
4.381660082282799351e+00
1.376744249192304537e+01
1.650906954070423893e+01
1.093353433004417852e+01
5.131011455347831429e-01
-8.160265592910297627e+00
-9.636149607026132102e+00
-3.332806842230922939e+00
5.892667320072781045e+00
1.092949029829657093e+01
7.344698509718511126e+00
-3.307143444843791080e+00
-1.421046714231025732e+01
-1.774090015147461230e+01
-1.069465837091492766e+01
3.311548148662777358e+00
1.600824518741585223e+01
1.980577197512672072e+01
1.268124039985580787e+01
-6.843738682769178183e-01
-1.220656543564237850e+01
-1.575705248357859922e+01
-1.086880107505748327e+01
-2.379608424221983043e+00
3.444698474721283432e+00
3.340814701724601932e+00
-1.117541940061027361e+00
-5.342483411684002093e+00
-5.546701466010900639e+00
-1.553798168402457769e+00
3.417761202964104683e+00
5.592032341198089895e+00
3.714931348541551603e+00
-4.939204607592065366e-02
-2.005623919618606976e+00
6.238454252739736305e-03
4.831148122433614134e+00
8.875220844673828324e+00
8.879971654064473086e+00
4.378731199789950956e+00
-2.051576384230680006e+00
-6.835728069144042962e+00
-8.039451989291530154e+00
-6.520685926564802948e+00
-4.798672314209469825e+00
-4.715273457492538789e+00
-5.890775912477864473e+00
-6.237300427476633047e+00
-4.027107148256140690e+00
3.097940955940030605e-01
4.268394035467444780e+00
5.258372144088612643e+00
2.879251213373274609e+00
-4.780641952937876304e-01
-1.366501900987690643e+00
1.899159439592049914e+00
7.581938868835159440e+00
1.147183140364571940e+01
9.894977117627258068e+00
2.572303152805311299e+00
-6.874957101593945907e+00
-1.325354587560694952e+01
-1.330346389432364873e+01
-7.815237568107221477e+00
-8.269180491458021365e-01
3.439451106765639476e+00
3.566260186545646249e+00
1.632710224679510436e+00
1.187928568273450392e+00
4.165276093206682795e+00
9.169210343029719823e+00
1.245651936354299139e+01
1.082913604070667191e+01
4.190196405429635007e+00
-4.199024629050374102e+00
-9.941293091299552742e+00
-1.050429236931003985e+01
-6.762055038779924310e+00
-2.017427324241083841e+00
6.133646372136229985e-01
3.828064579489232067e-01
-9.614056678107383291e-01
-1.044149691137218561e+00
9.047373513821447277e-01
3.313270892247839328e+00
3.628547989256125206e+00
6.549665718118226065e-01
-4.074657907124373146e+00
-7.110995694485659158e+00
-5.587468158518358763e+00
4.527343830418939508e-01
7.716626232695570131e+00
1.168864235958430875e+01
9.655147009304331007e+00
2.595896745571354636e+00
-5.400858012499146987e+00
-9.796359653451320426e+00
-8.495081669257480428e+00
-3.024928463967501369e+00
2.704873519088879519e+00
5.108634723375370612e+00
3.209442163080885813e+00
-9.714320472346522628e-01
-4.032206544546466098e+00
-3.595545322471590310e+00
1.338083623642060127e-01
4.605395359812129996e+00
6.668719317463757790e+00
4.616810123080672845e+00
-7.579505718951373705e-01
-6.663362650189300851e+00
-9.957079087727111144e+00
-8.919157468920218435e+00
-4.150801599346329418e+00
1.828815390631150617e+00
5.988825031593648873e+00
6.401385513780679659e+00
3.216290317434268076e+00
-1.485512798324168937e+00
-4.852085365526987104e+00
-4.803182943919243719e+00
-1.124489967267152224e+00
4.475328189198020112e+00
9.354949285446902962e+00
1.138600217769641354e+01
1.000061107867623278e+01
6.252858712805471342e+00
1.949346747484183684e+00
-1.496394504017487970e+00
-3.693657952489103558e+00
-5.027249824706284898e+00
-5.858365627820003141e+00
-5.920565873504624044e+00
-4.477777561242395343e+00
-1.154199909114045131e+00
3.272359280427009853e+00
6.885547427153117184e+00
7.636710165074363843e+00
4.714508262981356168e+00
-7.353866582463285395e-01
-6.162168742706075619e+00
-9.135682486298218663e+00
-8.793086562942875162e+00
-6.168973343425983025e+00
-3.189048702644002198e+00
-1.123692575107029246e+00
2.785203990542499675e-01
2.285103368675523772e+00
5.709410478564383773e+00
9.703565546325799929e+00
1.191190502503320481e+01
1.005192410049354734e+01
3.824613397925741509e+00
-4.332206900011835060e+00
-1.039290849545730744e+01
-1.117321386973904751e+01
-6.426255649873927389e+00
8.670632613814122092e-01
6.281597794347845820e+00
6.657297128603358871e+00
1.967115089445805154e+00
-4.821007775839662557e+00
-9.685748935462056508e+00
-9.945577088888274631e+00
-5.593214538197684327e+00
1.083430497859866559e+00
7.071879780967788243e+00
1.022473375739270196e+01
9.944189653681728913e+00
6.859966697643341327e+00
2.097195238192060884e+00
-3.193593740225056710e+00
-7.854439039859956395e+00
-1.062819481506602592e+01
-1.039632920198714494e+01
-6.791987404606163459e+00
-7.429648418977559121e-01
5.612560166861937816e+00
9.789358212989711205e+00
1.014815464437717552e+01
6.675091622085687071e+00
8.722254956718726859e-01
-5.097805043684678239e+00
-9.396137585851397134e+00
-1.103644256876477314e+01
-9.838380358348615573e+00
-6.152196261733578808e+00
-7.617224902101709105e-01
4.993755395825174581e+00
9.250676432067093558e+00
1.019230281035842722e+01
7.074909052190511360e+00
1.049144976061602730e+00
-5.008064183235715561e+00
-7.873189422864244946e+00
-5.879343884565179756e+00
-9.937261646151407390e-02
6.120409577232870824e+00
9.140774656416073896e+00
7.303416394690467328e+00
1.983689326012177290e+00
-3.319633748547956120e+00
-5.270766710077115391e+00
-2.829027962950543706e+00
2.182114523075942447e+00
6.381197570802307872e+00
7.045578310138342459e+00
3.724297939783241418e+00
-1.740505289531626865e+00
-6.608590232246356777e+00
-8.951748687836127871e+00
-8.522905005299293180e+00
-6.389493275141597373e+00
-3.864285741933283447e+00
-1.655907419298115357e+00
2.064135206046890936e-01
1.851800352666522098e+00
3.090108063011924422e+00
3.461955998209861995e+00
2.729786325847002537e+00
1.277896180284606498e+00
-3.257556561422347841e-02
-4.899439852830670405e-01
-9.770133859125318398e-02
4.538844791259653011e-01
4.338500909017097840e-01
-2.139219076399334063e-01
-7.485563862107805777e-01
-2.840679091413891300e-01
1.298883210867682436e+00
3.000272345649143357e+00
3.332032656192605469e+00
1.540288050491399385e+00
-1.551829872072320926e+00
-3.868303106284219250e+00
-3.491622877508426370e+00
-1.815819347822985597e-01
4.180443319879346475e+00
6.686565926997163345e+00
5.363506229383959933e+00
6.260911438471925550e-01
-4.853153338632393954e+00
-7.825969425044802641e+00
-6.558893194153219142e+00
-1.899551133346272458e+00
3.372521215390121174e+00
6.388255858836189738e+00
5.913739810422093512e+00
2.834176552492036816e+00
-7.587652525001764570e-01
-3.050224252371568134e+00
-3.456457444453870487e+00
-2.517060535153334389e+00
-1.075496259294357770e+00
4.253506272225467399e-01
1.972677102614307287e+00
3.488087110201295360e+00
4.455774068415218281e+00
4.172728628540736118e+00
2.466023480697432380e+00
1.720866284863667994e-01
-1.237688624848727770e+00
-7.842306432401671135e-01
9.971853403511200531e-01
2.108251439231454860e+00
4.430315946574222563e-01
-4.397512152601848356e+00
-1.023149836037585203e+01
-1.326355936862888996e+01
-1.050286822116166086e+01
-2.073135453460636768e+00
8.278278692793239912e+00
1.506564873759419854e+01
1.431224390102903499e+01
6.111175996664712784e+00
-5.206179923351816008e+00
-1.348934452024622210e+01
-1.430280906643154637e+01
-7.399934606022226191e+00
3.323794401519010400e+00
1.224111729406383020e+01
1.518237365502248615e+01
1.148456000070368788e+01
3.858770765049777118e+00
-3.552380419812186219e+00
-7.556444358346462664e+00
-7.337227760705564705e+00
-4.338690636539101142e+00
-1.010429652861046801e+00
6.515178050009635680e-01
-2.274049742065348267e-02
-2.337246622497119120e+00
-4.778698625588359228e+00
-5.750321108168158446e+00
-4.213019035000947987e+00
-1.227405489382729087e-01
5.408352163720135053e+00
1.034538643518042278e+01
1.243364911337164003e+01
1.021747083725811756e+01
3.928283930288049675e+00
-4.306425381507473560e+00
-1.121838984598336886e+01
-1.386758430131402520e+01
-1.109686620409075886e+01
-4.165757906054997406e+00
3.826564604654575152e+00
9.444639199509651917e+00
1.054598903956860489e+01
7.191855340154362786e+00
1.429183558911262697e+00
-3.842302266337038308e+00
-6.265621127857336603e+00
-4.997874607806435776e+00
-8.899463187881229143e-01
4.061521133417206997e+00
7.630808388156267164e+00
8.235376234401106998e+00
5.477563901510497324e+00
2.444770646053688878e-01
-5.614893655619308532e+00
-9.936177786505208331e+00
-1.103891773719767144e+01
-8.428737772662369565e+00
-3.112400865966900909e+00
2.689261428088394634e+00
6.423607754064636133e+00
6.374858405291872643e+00
2.583670486142978451e+00
-3.006692573135516078e+00
-7.388952023237546740e+00
-8.017080147267776624e+00
-4.269796101561437851e+00
2.000423630268245656e+00
7.298030459388277436e+00
8.408450724463577330e+00
4.405929444127961503e+00
-2.490860164926704368e+00
-7.930260192351039628e+00
-7.942142987599382309e+00
-1.560155738536313841e+00
8.131598846304040507e+00
1.543128153795842827e+01
1.533532099494526513e+01
6.821154351427287210e+00
-6.041160672957262001e+00
-1.610924938819389496e+01
-1.732795615067902162e+01
-8.539049283328056461e+00
5.528199430106783829e+00
1.689316489175420699e+01
1.908049316201739387e+01
1.104120442237083566e+01
-2.274764820004319343e+00
-1.308143733972486089e+01
-1.560800471458372485e+01
-9.490457604750416110e+00
4.408119381910516887e-01
7.681326369734585491e+00
8.380994585155301380e+00
3.534489350822841658e+00
-2.313094373315722763e+00
-4.703124304140098744e+00
-2.503048931861216353e+00
1.574024705692265158e+00
3.405352885426875087e+00
8.843986607695899504e-01
-4.321942707716869059e+00
-8.033048666246065395e+00
-6.863265361885297899e+00
-1.032780692887978580e+00
5.518391036997378762e+00
7.892869765853210318e+00
3.874027291753133539e+00
-4.264224632186913055e+00
-1.116799291381426684e+01
-1.206658464264877040e+01
-6.064278516581723011e+00
3.289623930968582854e+00
1.051090034341454782e+01
1.190435090626544046e+01
7.819847589240893626e+00
1.925936926815335681e+00
-1.773944808533629125e+00
-1.837453511229132141e+00
-3.875180824449953043e-02
5.597362432722668979e-01
-1.549648174215434882e+00
-4.900196096938421952e+00
-6.222130700512743751e+00
-3.283253105805298944e+00
2.900934616610735262e+00
8.368711655061369825e+00
8.983231571448408559e+00
3.663190055298088943e+00
-4.426538167930054612e+00
-9.807670210781912701e+00
-8.517057622993089439e+00
-1.109636493333912899e+00
7.418847361674984597e+00
1.090111895574785628e+01
6.274203016426863400e+00
-4.116000610024681095e+00
-1.385287190826593573e+01
-1.659890511731245155e+01
-1.027956416813087337e+01
1.512120890454839550e+00
1.181791746732542059e+01
1.476281588198771644e+01
9.199548466109900957e+00
-7.855342313163667933e-01
-8.703017537637553147e+00
-9.851062772339410856e+00
-4.116054194205570838e+00
4.310047297992602111e+00
9.904453657551631096e+00
9.399445882089482396e+00
3.665142939198136940e+00
-3.166301297465571096e+00
-6.566324549194547444e+00
-4.512227335377486881e+00
1.385617823232688117e+00
7.090995087720066259e+00
8.763909937002447137e+00
5.100094490300890016e+00
-1.990158159270069227e+00
-8.635889772053907620e+00
-1.131084585707170298e+01
-8.783954756755688820e+00
-2.640575341403736509e+00
3.795942974151329086e+00
7.404950915389202137e+00
6.922672685137269077e+00
3.420120841552765967e+00
-5.592847861448215774e-01
-2.606928356258686019e+00
-1.828814257699447277e+00
7.829046087298240364e-01
3.139995795372334086e+00
3.469678502954333332e+00
1.452294268970326208e+00
-1.618385745919336038e+00
-3.731699987592383305e+00
-3.518788398790507088e+00
-1.179418294137088985e+00
1.640821941595465239e+00
2.953750357038520846e+00
1.786441511141039884e+00
-1.120119889249105549e+00
-3.763736165652573185e+00
-4.210707952717888780e+00
-1.925066035206090653e+00
1.805478385354817528e+00
4.662897419619691064e+00
4.810547839666138081e+00
2.123880557002563396e+00
-1.693524145816587723e+00
-4.210679422790169824e+00
-3.874194200781933439e+00
-1.054079776046557670e+00
2.178541194510447809e+00
3.418356485644786780e+00
1.551784054622892928e+00
-2.430900609894951714e+00
-5.994265565593208223e+00
-6.657894492263832120e+00
-3.625389993931279697e+00
1.608532042352427638e+00
6.089333333958011352e+00
7.183322847552820356e+00
4.212932163609838021e+00
-1.074125520323554905e+00
-5.513998370301259833e+00
-6.420665815770466800e+00
-3.224205687372975859e+00
2.142258004554745021e+00
6.354480256712896846e+00
6.657038283145799262e+00
2.512326067887970638e+00
-4.035176667785820293e+00
-9.489289108395537298e+00
-1.085537503005038751e+01
-7.273104581711272942e+00
-4.007332330171222701e-01
6.615552967299511700e+00
1.091612520168460776e+01
1.137130609053651753e+01
8.883048038285474846e+00
5.481962223722987027e+00
2.903593712075800859e+00
1.600379425169807135e+00
7.855726760705699085e-01
-6.300782142029870414e-01
-2.957449085873742778e+00
-5.324688715299343400e+00
-6.261755023507909357e+00
-4.853520083034362109e+00
-1.600188223731095816e+00
1.704000608073287903e+00
3.079368494359858488e+00
1.734780042389774790e+00
-1.268178849124008467e+00
-3.606879489692561336e+00
-3.241605192015633463e+00
9.018913416717955212e-02
4.479364481286686406e+00
6.921919575807867098e+00
5.255392208546057375e+00
-2.892697581649987804e-01
-6.992719518334410189e+00
-1.117476557330092923e+01
-1.043945687968592750e+01
-5.208989110375961573e+00
1.481160783765184119e+00
5.852635418270994094e+00
5.750205666044136521e+00
1.971925026957701110e+00
-2.325465091355606528e+00
-3.780744169823915257e+00
-1.128813968414823510e+00
3.897966173139949753e+00
7.710189625362056987e+00
7.321129367848792313e+00
2.483815093215038239e+00
-3.971727549770445620e+00
-7.902670986631461503e+00
-6.598048372394778482e+00
-6.737518346620978704e-01
6.199465164197322409e+00
9.625620310567901683e+00
7.364296719551255421e+00
8.424743333020030533e-01
-5.743470768489201461e+00
-8.172032405789737552e+00
-4.972815034194392858e+00
1.617248175542880251e+00
7.152774171019896876e+00
7.917710018497675861e+00
3.327384048046387655e+00
-3.790063117250287661e+00
-9.155745813474524653e+00
-9.852123714543886024e+00
-6.068221464384771835e+00
-6.714602077272204816e-01
2.956588375626077347e+00
3.211070368964695998e+00
1.086072998132413758e+00
-9.219977891722821450e-01
-8.731930016992340837e-01
1.186965245568497807e+00
3.447925977123976971e+00
3.916896936490587233e+00
2.046880605077811666e+00
-8.819245725689519588e-01
-2.883553475363073382e+00
-2.928116852092689903e+00
-1.747645611231378293e+00
-1.092046260652207668e+00
-2.031652339316617706e+00
-3.747663404072680393e+00
-3.940495743373419124e+00
-7.090585372501019279e-01
5.510132771136962759e+00
1.157916350000082950e+01
1.342603823151455344e+01
8.868266921582767637e+00
-5.266653599683375209e-01
-1.003522074492891569e+01
-1.461579142912956009e+01
-1.211997415565904745e+01
-4.636871153297719594e+00
3.010640452417437274e+00
6.579380048256572522e+00
5.179217732803582663e+00
1.539534911111083870e+00
-3.676395909958253272e-01
1.463348997766281023e+00
5.461501294151665853e+00
7.707583940549503687e+00
5.100436153815992135e+00
-1.941972463049503661e+00
-9.371174259972846698e+00
-1.221780820643714094e+01
-8.223966820698715097e+00
2.791620528539940915e-01
7.736196151544175059e+00
9.132103678312805783e+00
3.530143216323422983e+00
-5.159552489496022076e+00
-1.079690349475939826e+01
-9.226974226346065677e+00
-1.151861094882562497e+00
8.350092255733416735e+00
1.330994753568102951e+01
1.090887114858341889e+01
3.266784153191029993e+00
-4.207261190970250198e+00
-6.664955903701848428e+00
-3.127775035749981836e+00
3.029958003376318931e+00
6.664770217402970154e+00
4.603841406522977131e+00
-2.115098594384652753e+00
-9.023502263875128548e+00
-1.138530185092116476e+01
-7.476231901101556332e+00
2.813950529783324495e-01
7.021358917377958697e+00
8.697850618631134623e+00
4.644040300319759673e+00
-2.231746719811283253e+00
-7.574069836412736123e+00
-8.446688152062240107e+00
-4.994359491469320567e+00
6.075338932080687204e-02
3.510994262541408339e+00
3.770403851799172035e+00
1.597695362950884768e+00
-8.576882970390069527e-01
-1.796898967884133613e+00
-9.783233562997373234e-01
3.943896931188324850e-01
8.568180402290397346e-01
-5.232850910379027720e-02
-1.406063409626911564e+00
-1.623644656177775980e+00
2.649937900687510117e-01
3.764970503105851574e+00
7.079870647129731687e+00
8.173409981900682908e+00
6.016931035816563522e+00
1.232711848479064898e+00
-4.223823632353809643e+00
-8.093021133845102355e+00
-8.920536739029046203e+00
-6.657113899397091750e+00
-2.520300024709284603e+00
1.696977074768677429e+00
4.458479854647742435e+00
5.071192768373450122e+00
3.830432055248586209e+00
1.742166068189848760e+00
-9.721601319258033058e-03
-6.174453648761153435e-01
3.853880360950634465e-03
1.228709973610474959e+00
2.096889333000734545e+00
1.872712963386203633e+00
4.862006599343391411e-01
-1.409514564049488605e+00
-2.817644117425434303e+00
-2.990530678450530555e+00
-1.857757698217392672e+00
-8.032137617948298391e-03
1.751820537897215146e+00
2.931859549903133466e+00
3.585241477387326903e+00
4.056987515204161454e+00
4.470423462951816695e+00
4.406167914752874282e+00
3.114673132363222852e+00
1.873945046820595373e-01
-3.804880131416120914e+00
-7.275447809075442862e+00
-8.381949721587531599e+00
-6.184946628972619820e+00
-1.426914063591341986e+00
3.689238037192165809e+00
6.700850162052496728e+00
6.342287043650573608e+00
3.287778523214000437e+00
-3.576167414094560959e-01
-2.506215724837522529e+00
-2.483750624374347460e+00
-1.382226270573346349e+00
-1.098822303017968238e+00
-2.743396775379276953e+00
-5.595502563633013793e+00
-7.442747976619953576e+00
-6.146575180580788889e+00
-1.351519863197442106e+00
4.930955127503695579e+00
9.395054291354991705e+00
9.530345839504001049e+00
5.317519952654186532e+00
-6.751774493276336830e-01
-4.923779805404164378e+00
-5.231013986016691319e+00
-2.103617209248252351e+00
1.721484079461116590e+00
3.263693721036621032e+00
1.403219143525970658e+00
-2.367978836176643842e+00
-5.059371100288968748e+00
-4.353322358452299312e+00
-2.918453738804771547e-01
4.704697742285125273e+00
7.482115056933188235e+00
6.292392263772007333e+00
1.943872370213788336e+00
-2.795061458683026689e+00
-5.066854465569183397e+00
-3.750494833192860256e+00
-3.022713068293658711e-02
3.569593040924824656e+00
4.903917724550106882e+00
3.469485933527202803e+00
4.418492182619848663e-01
-2.356904923296326615e+00
-3.699105930498423067e+00
-3.532391596159659031e+00
-2.641325081535021546e+00
-1.833858951761857092e+00
-1.359856011599585246e+00
-9.531350585419682275e-01
-3.177749310100419500e-01
4.590458042536821881e-01
9.442364262389224550e-01
7.733397234194796521e-01
2.712421854545102318e-02
-7.892764771188637285e-01
-1.143279564439220852e+00
-8.787126102443859610e-01
-2.611626801963379263e-01
3.519728448568438806e-01
8.662035353675463512e-01
1.446714934504442773e+00
2.131230877618276676e+00
2.462376382431616939e+00
1.623328238178508798e+00
-8.496757720697165617e-01
-4.297982214579040949e+00
-6.875705547299650888e+00
-6.531649903277236824e+00
-2.534582777637279349e+00
3.575049035341043346e+00
8.526169604232364918e+00
9.268674676870217510e+00
5.126139730647609305e+00
-1.425663014801426431e+00
-6.129004260865007936e+00
-5.733209509731816311e+00
-3.331382606126782608e-01
6.478090613052517099e+00
9.940102690366387606e+00
7.451042287635070593e+00
5.601698393568383949e-01
-5.899729670524052949e+00
-7.100093483275784934e+00
-1.713887000843708819e+00
6.865133396729365955e+00
1.257573426955404372e+01
1.073861939986971237e+01
1.367555960487713662e+00
-1.057499638140134834e+01
-1.824644690861936525e+01
-1.730913809711518070e+01
-8.704089619760376095e+00
2.031513680801233512e+00
8.410493780495473359e+00
7.135743037348393436e+00
-5.210962289020404370e-03
-7.645191084450099872e+00
-1.058485932579502986e+01
-7.181372492839662947e+00
-1.448745346322437566e-01
5.636462652183226396e+00
6.603972966362175789e+00
2.917922853050837873e+00
-1.841846259930689289e+00
-3.343277722190210355e+00
3.656175184347418838e-01
7.398794249337372619e+00
1.319604152202013125e+01
1.349830501220135304e+01
7.172805098353828512e+00
-2.917189862055562521e+00
-1.151848211381761011e+01
-1.404864773188524651e+01
-9.249530837846505094e+00
1.128981745842536633e-01
8.846878811000712162e+00
1.224673964625225153e+01
8.639803232850875148e+00
1.723493591559486227e-01
-8.523700034865466790e+00
-1.295956101687270490e+01
-1.121077506898213549e+01
-4.799003141528972449e+00
2.393042749345131615e+00
6.475054352270269931e+00
5.760121816730764621e+00
1.537494954126362945e+00
-2.999907604369463687e+00
-4.937713167629791400e+00
-3.503529371479543020e+00
-3.980260972115861051e-01
1.601238128078087186e+00
7.807464322424213510e-01
-2.147527337984299400e+00
-4.485503238417448024e+00
-3.556589024513564734e+00
1.111296731885871969e+00
7.048772164032339305e+00
1.024368010544037233e+01
7.862266712787491230e+00
4.492184937311070048e-01
-8.020140979166574979e+00
-1.246721775509320196e+01
-9.992809259236761221e+00
-1.930401586586133256e+00
6.796159301599718816e+00
1.071131067714381935e+01
7.293149544053135536e+00
-1.352191038491554309e+00
-9.770158060549775314e+00
-1.257401580233376670e+01
-7.783009072477868884e+00
2.048302772845040476e+00
1.155176802163439831e+01
1.589506284450907714e+01
1.354979370639805580e+01
6.784572805556389419e+00
-2.128469065398828075e-01
-4.131431254774711626e+00
-4.336106264262646448e+00
-2.618772006602359426e+00
-1.352727206029714413e+00
-1.562910506958026247e+00
-2.335057827394813046e+00
-1.887079912989049646e+00
6.410309397586693159e-01
4.137618801009460334e+00
6.087839836701111729e+00
4.409251839217913194e+00
-7.752117588207433352e-01
-6.782289236482096584e+00
-9.835458065975782205e+00
-7.486454853741327575e+00
-4.071033935280894411e-01
7.697293483679476189e+00
1.212239247127237363e+01
9.958333198109663442e+00
1.931332205000862778e+00
-7.865782435262039129e+00
-1.423298505740549480e+01
-1.378261311534366840e+01
-6.797933029020803986e+00
3.034421242643066563e+00
1.079759019604537151e+01
1.308285729193688951e+01
9.675808461307696007e+00
3.282327227636577138e+00
-2.385177075027645532e+00
-4.870632409410520225e+00
-4.177361391560745929e+00
-2.275212241224044085e+00
-1.408110080615090354e+00
-2.441822004507253840e+00
-4.373371217022233637e+00
-5.255960246581578232e+00
-3.791416314757861450e+00
-3.998217709570028866e-01
3.012324110620054451e+00
4.405373101715810868e+00
3.085752088312688990e+00
2.268422465708082036e-01
-1.955118288099054080e+00
-1.779570908628194337e+00
7.039730237360553033e-01
3.766236687735556643e+00
5.253044012811932895e+00
4.136684154212037612e+00
1.249018344170404360e+00
-1.320437737584443605e+00
-1.717447146117559331e+00
3.629258157788625150e-01
3.461163301797514080e+00
5.361179981698376729e+00
4.593214423282683256e+00
1.399388532266159002e+00
-2.445439146355044002e+00
-4.759419133709663186e+00
-4.233156659177344849e+00
-1.072671158624765031e+00
3.263396465881873265e+00
6.900218545841074302e+00
8.372545799959407731e+00
7.052479670677330503e+00
3.179774600755096436e+00
-2.281874293477589077e+00
-7.822105567243881730e+00
-1.167250035786965512e+01
-1.234439999013349620e+01
-9.335926814080208302e+00
-3.618464628086907275e+00
2.553864487202779365e+00
6.623782677401255370e+00
7.048174348680060319e+00
4.155578445746358263e+00
-5.387195499494540352e-02
-3.094688167740905715e+00
-3.423733596920097710e+00
-1.195591277615346115e+00
2.087477301480755720e+00
4.684908866343238110e+00
5.649054827319439198e+00
5.097688893555955225e+00
3.699974610826306964e+00
1.955426471656095622e+00
-7.922426164969231799e-02
-2.448721458526785355e+00
-4.782699640876333369e+00
-6.221956766081675028e+00
-5.987252664061892382e+00
-4.138132389471910422e+00
-1.781944536759886066e+00
-3.821146923586064559e-01
-6.019703624392926944e-01
-1.634690202785785917e+00
-1.705781346443484114e+00
4.830154290722082910e-01
4.455315304474030569e+00
7.938840583083650593e+00
8.343194208427293646e+00
4.743856809666488594e+00
-1.162172499030392769e+00
-6.011241441017975973e+00
-7.085222178083097511e+00
-4.300134164037055839e+00
-3.069573225757639134e-01
1.490571892297415602e+00
-4.262806792733214722e-01
-4.427339509263161332e+00
-6.908581779882629448e+00
-5.108410119085203149e+00
5.713923999667531728e-01
6.602568106476867982e+00
8.830602280291389050e+00
5.613443111924220297e+00
-8.171304371829145596e-01
-5.910839324872959821e+00
-6.184808708359964768e+00
-1.884566252212749760e+00
3.166644668294309017e+00
4.502089965826566065e+00
5.328563955304839173e-01
-6.070182102163923510e+00
-1.028342101845345269e+01
-8.554546337118765109e+00
-1.639311775173706298e+00
5.776040644890688469e+00
8.473593702594001797e+00
4.599552122625370387e+00
-2.903689096510909007e+00
-8.456522231131256007e+00
-7.991035723555466319e+00
-1.954909864507658135e+00
5.107893513536330587e+00
8.067254369166073857e+00
5.109372387077630862e+00
-9.623216014059745582e-01
-5.009323388353407402e+00
-3.632339542994969417e+00
2.141040772941638970e+00
7.656375848128915251e+00
8.306291123982203928e+00
3.216096941211062266e+00
-3.951910015103126117e+00
-7.745719744955714248e+00
-5.131061195008441267e+00
2.091592420177344813e+00
8.559633793167076732e+00
9.379909808064507359e+00
3.858471440412364117e+00
-3.921221391172666326e+00
-8.129415092044549596e+00
-5.549749613841963303e+00
2.008023747906155787e+00
9.027628207844317743e+00
1.030956534840995609e+01
4.682055537948012436e+00
-4.297369565761004928e+00
-1.102650160043947380e+01
-1.179972906282672973e+01
-7.079018304510642956e+00
-6.030067157333593997e-01
3.692213992869029848e+00
4.411321917788956881e+00
3.067721296903012984e+00
2.098845751454284425e+00
2.437560951487262262e+00
2.775243394846025780e+00
1.096044488362493130e+00
-2.945714358210108408e+00
-7.013362333081997413e+00
-7.543191676256450151e+00
