-8.566797907097058129e+00
-9.781881452355836615e+00
-5.505983635923220376e+00
1.315860967073303911e+00
6.288193870199638269e+00
6.315337333315688362e+00
1.531577218465771217e+00
-4.850582996655237622e+00
-8.675443169208238103e+00
-7.548213170639719749e+00
-2.320729662951607875e+00
3.597709480257339720e+00
6.590748128313183685e+00
5.229383874553505507e+00
1.104451103356119512e+00
-2.409405536549945381e+00
-2.551787872688492165e+00
9.241604478218382601e-01
5.614739267997196137e+00
8.119236907038445139e+00
6.314130145592021570e+00
7.261158597258061675e-01
-5.834904373246937226e+00
-1.003160983150793584e+01
-9.930718639874392295e+00
-5.909772329128809787e+00
-1.297803214232797764e-01
4.882168342811498363e+00
7.536827521953502362e+00
7.640505542778150527e+00
5.973131941787732657e+00
3.523838357482852679e+00
9.862586012303058425e-01
-1.268712466543553852e+00
-2.972589534199225447e+00
-3.859811049991064280e+00
-3.824619097070074858e+00
-3.130290339449295800e+00
-2.357964908655068914e+00
-2.014267708901352538e+00
-2.078549363305542297e+00
-1.917030393998168547e+00
-7.497845115793528858e-01
1.607845172205157214e+00
4.312392873969353779e+00
5.807930753995381501e+00
4.798475846326345717e+00
1.250526009648631920e+00
-3.314933174444095521e+00
-6.547407828541827790e+00
-6.618484992494627406e+00
-3.348313863814027957e+00
1.629244028052008852e+00
5.778661240069185467e+00
7.075695928148894254e+00
5.055509616617062107e+00
9.170809794315122332e-01
-3.267584082704360071e+00
-5.671989341598313139e+00
-5.507536529176309870e+00
-3.164321772617997741e+00
1.829629068475566722e-01
3.152191281367542341e+00
4.629753286613642160e+00
4.069744075540913997e+00
1.657042652773145885e+00
-1.682517400606498903e+00
-4.539341043271310383e+00
-5.601042554832609710e+00
-4.363271433607708971e+00
-1.534088564406584698e+00
1.260251095938073274e+00
2.444317398085201098e+00
1.574645881538279557e+00
-2.551705940508646187e-01
-1.112553084204267018e+00
3.270286300319377171e-01
3.587526212290333749e+00
6.427851480166030917e+00
6.279083379852704816e+00
2.197396973609197612e+00
-4.082096790575854506e+00
-8.921688282175246343e+00
-9.065167751048832656e+00
-3.947015651451192042e+00
3.637809573658392637e+00
9.138386488211912351e+00
9.176139185876397875e+00
3.829491798399281777e+00
-3.354939176001051848e+00
-7.723513602256159238e+00
-6.671279766625998420e+00
-1.400025004501479930e+00
3.978908837284802047e+00
5.393834520661854093e+00
1.740448078445606228e+00
-4.296270044397282106e+00
-8.127760576890487698e+00
-6.528945945340403512e+00
2.901575297347025462e-02
7.630614300498937297e+00
1.156133467460595199e+01
9.466804486798565677e+00
2.822039686220106702e+00
-4.241020958737133917e+00
-7.805910082503641156e+00
-6.649989439887956877e+00
-2.635411155369895564e+00
1.074059902657542143e+00
2.470089202150386853e+00
1.938926379942863987e+00
1.443892890072038249e+00
2.462720244785070900e+00
4.455081080579192943e+00
5.175653734837263542e+00
2.633328479800084665e+00
-2.883337302165822180e+00
-8.445661600349971820e+00
-1.028777836202509732e+01
-6.572061355336425770e+00
9.449062047251585161e-01
7.728822482444615005e+00
9.379426412689355175e+00
4.674938217949488717e+00
-3.416546650142993080e+00
-9.563367160801632849e+00
-9.562671396026257042e+00
-3.142748580172245454e+00
5.826730933070758844e+00
1.184738181625759168e+01
1.131872219633685006e+01
4.735434583070855297e+00
-3.817468551681546529e+00
-9.395956264893001730e+00
-9.252800866760271248e+00
-4.250506405544383526e+00
2.094406320027989654e+00
6.056801505231011795e+00
5.904885016935227604e+00
2.518191833716388217e+00
-1.689943930622291202e+00
-4.533188479643096791e+00
-5.221295276672815788e+00
-4.317320154105567021e+00
-2.833451782680415754e+00
-1.355447745079172872e+00
1.349358932888857776e-01
1.768734720448199349e+00
3.226387290470953850e+00
3.699615792340978704e+00
2.466759606996680620e+00
-3.923208992398038442e-01
-3.765849690999307775e+00
-6.021131874975329090e+00
-5.940404375056060893e+00
-3.441377346821573369e+00
3.952049759347822100e-01
3.970219654262345799e+00
6.019548885410217487e+00
6.139769608177529037e+00
4.752404966586095902e+00
2.678124419144545243e+00
6.897559401836493853e-01
-7.003636697477725326e-01
-1.231380052331959352e+00
-8.459888973440723436e-01
2.688674864509709717e-01
1.613123887307614357e+00
2.449670286408208497e+00
2.110081809066347347e+00
3.965373621663196291e-01
-2.198705040525321230e+00
-4.657197386490775415e+00
-5.923288563808041474e+00
-5.422872269547457158e+00
-3.295453379884195400e+00
-2.359261818595950189e-01
2.885141734837042282e+00
5.340545150658415174e+00
6.645317661185075053e+00
6.507229616367075309e+00
4.823455974561198900e+00
1.820025180384406749e+00
-1.791445015494413706e+00
-4.887637750999617836e+00
-6.359288681696326329e+00
-5.707340486683595948e+00
-3.403218594183913037e+00
-6.856750958115513939e-01
1.159647493039932531e+00
1.588882044399710924e+00
1.102450242137285485e+00
8.196398914461648921e-01
1.608339534103230495e+00
3.397466076467850371e+00
5.185379083780828680e+00
5.749648207302063163e+00
4.537085569301763321e+00
2.071770603837123303e+00
-4.204410384132677425e-01
-1.879962047059726915e+00
-2.113600951239761105e+00
-1.806194934244286898e+00
-1.863694976494532529e+00
-2.625979274405071617e+00
-3.577382559406170337e+00
-3.775441750573503175e+00
-2.639610491152043270e+00
-4.551451032965361243e-01
1.815960020666187669e+00
3.255062650884632536e+00
3.635996898091796936e+00
3.456852546351158129e+00
3.326627144456205443e+00
3.243685301471570970e+00
2.439790859992274630e+00
2.754942688622952218e-02
-3.998983143895094905e+00
-8.248343572272373692e+00
-1.047310346446286999e+01
-8.968772038173346672e+00
-3.911989704095086395e+00
2.376405466552892864e+00
6.597561246365271970e+00
6.435073376627778785e+00
2.057032824494064549e+00
-3.871582029729784935e+00
-7.751180887148464649e+00
-7.229525630658494961e+00
-2.624157406272124682e+00
3.310632983278590125e+00
7.103407716890678181e+00
6.667895047258597607e+00
2.483898466508179581e+00
-2.815190032706157197e+00
-6.104348368882021703e+00
-5.600960280748886078e+00
-1.777449380337883689e+00
3.095240254372698008e+00
6.374943121516250422e+00
6.532615390085982909e+00
3.858020127524957932e+00
9.437647106407714981e-02
-2.661946715492508275e+00
-3.111416240232356856e+00
-1.337933767583509903e+00
1.400456021092175263e+00
3.470288074361685737e+00
3.773256269269612773e+00
2.288471942168510243e+00
-4.979002118753128592e-03
-1.744807143247538272e+00
-1.984784682036961456e+00
-7.292870015213234192e-01
1.097212737441713326e+00
2.226154625253773833e+00
1.823162527369151187e+00
-7.083246792688457916e-03
-2.305658159308856092e+00
-3.878570767032383237e+00
-4.044136872884602774e+00
-3.013800284466476853e+00
-1.661282848584157090e+00
-8.606680476662142976e-01
-8.754772932068015656e-01
-1.234392008560444065e+00
-1.162153756094626456e+00
-2.171530490946662617e-01
1.362164072456271358e+00
2.862354066350333071e+00
3.668122317078045036e+00
3.720809962740825760e+00
3.471487113607971242e+00
3.361051470118294304e+00
3.279035515363514897e+00
2.515703261980003269e+00
3.455391468590778281e-01
-3.161511945079393815e+00
-6.776568087912381522e+00
-8.617670258251511228e+00
-7.311438291490552466e+00
-3.044119534951330142e+00
2.292703109591662791e+00
6.086057731850350372e+00
6.547910398379539920e+00
3.814652039717157717e+00
-1.569825069284736530e-01
-2.856294058989859774e+00
-2.813755184144284271e+00
-4.659490508152465127e-01
2.263677128904205027e+00
3.342243746825622530e+00
2.000354517325784620e+00
-8.191244471595877652e-01
-3.185730579210209079e+00
-3.521591025185008217e+00
-1.619608794569140420e+00
1.313522640406474817e+00
3.535521895620924226e+00
3.903102187124922295e+00
2.494971046064878628e+00
3.821972283917038915e-01
-1.187176915524614351e+00
-1.572071516297619542e+00
-9.894935995205406121e-01
-1.697578126194991821e-01
2.378502897531360183e-01
6.255703289981200121e-02
-4.068739779076014362e-01
-7.432869439142442136e-01
-7.085257725537728035e-01
-3.619401021337265156e-01
5.912850070437553063e-02
3.306331650070521988e-01
3.489875344480683483e-01
1.211943718227272981e-01
-2.858535785875563340e-01
-7.610269487851590853e-01
-1.138253144653310178e+00
-1.229919992339033152e+00
-9.378845074209486432e-01
-3.724708642783348678e-01
1.482199643562446267e-01
2.790908227756925264e-01
-8.621434264342613119e-02
-6.694754773950013504e-01
-9.353651856810849541e-01
-4.474543123497343178e-01
7.881175397186017673e-01
2.258635742807826752e+00
3.241515998561613099e+00
3.273692863208629067e+00
2.462252918563583748e+00
1.407710249601996200e+00
7.904569281492812571e-01
9.150656167658122175e-01
1.529434466362735723e+00
2.023168852964761566e+00
1.832900200806046653e+00
7.570996814399137964e-01
-1.005017575418720055e+00
-3.037284326965554726e+00
-4.903633350555188564e+00
-6.202307027777657744e+00
-6.519536575050161709e+00
-5.468946887342299057e+00
-2.936528059685289183e+00
5.887805213895986878e-01
3.916482105118516799e+00
5.544842023079473492e+00
4.461234111414768222e+00
8.937449558817742723e-01
-3.549931007209309541e+00
-6.601822560328225897e+00
-6.584904570082169784e+00
-3.441766037269404777e+00
1.157855471811771064e+00
4.773912632117802701e+00
5.656918214748548834e+00
3.786749123578394993e+00
8.098223500275139042e-01
-1.091144181681869441e+00
-6.553208534071149893e-01
1.627635001618834343e+00
3.858812471763328755e+00
4.011853811611373111e+00
1.318811294849659976e+00
-3.129590968145878449e+00
-6.944992772385726099e+00
-7.812326582616399229e+00
-4.844426672129094058e+00
8.585798078804485201e-01
6.729983949454126702e+00
1.001379284201363262e+01
9.104951559581740739e+00
4.290478559896693689e+00
-2.417696922128760306e+00
-8.219060929322324682e+00
-1.076493609829108955e+01
-9.146395568559279710e+00
-4.213652821521058911e+00
1.890969421867823241e+00
6.759546853041884518e+00
8.817141739940570488e+00
7.954618285703859648e+00
5.377178855383028200e+00
2.765755852187385511e+00
1.247599857491727526e+00
8.040926691755010403e-01
4.862843077807730285e-01
-7.131737638700039739e-01
-2.940596580108057800e+00
-5.190427480044288444e+00
-5.911338959110713276e+00
-4.144114120288129754e+00
-4.035963425673556593e-01
3.372607364803034358e+00
4.881131913328796479e+00
2.886958557431793526e+00
-1.899367774730735592e+00
-7.110379060362360448e+00
-1.003276090079825877e+01
-9.127640296125097308e+00
-4.819696447226967884e+00
8.871481491577432044e-01
5.639457628502219322e+00
7.973148344491126416e+00
7.811293771571984124e+00
6.051801608874777472e+00
3.708712377530068771e+00
1.302622504265049441e+00
-1.106271726320619209e+00
-3.415861760842132000e+00
-5.064024175095307001e+00
-5.154336682548937176e+00
-3.105976618470985606e+00
6.702539026545917267e-01
4.662795408386942064e+00
6.934323546970339258e+00
6.223379651161200954e+00
2.766287927647043343e+00
-1.728020697924618432e+00
-4.980895746739944840e+00
-5.391099657824960367e+00
-2.882031941544782150e+00
1.126608124400647615e+00
4.551387504850637811e+00
5.752796231934438786e+00
4.294392122626701003e+00
1.008768334964579960e+00
-2.547895338429633671e+00
-4.875575175817419726e+00
-5.143918110043980363e+00
-3.427309353809395720e+00
-5.748882213958717013e-01
2.148440420343315616e+00
3.511418342230347989e+00
2.755871319984984691e+00
-7.174746171553947338e-02
-4.023936315739976344e+00
-7.505008684053197321e+00
-8.869909092497245240e+00
-7.171535946050396682e+00
-2.707777820901196897e+00
2.959787407847794150e+00
7.615036130816101867e+00
9.390226305245635174e+00
7.679748797918033887e+00
3.477960939633034432e+00
-1.077054290645509615e+00
-3.761640166330519897e+00
-3.401583207960283239e+00
-4.902303933205592879e-01
3.057910003096559581e+00
4.921171594336532173e+00
3.640246704063842209e+00
-5.306268965683353933e-01
-5.670991605367239785e+00
-9.154221396203134020e+00
-9.034680584801535019e+00
-5.118656588712792832e+00
8.789971120633948143e-01
6.200872893588708301e+00
8.473990706278652141e+00
6.914581500756753485e+00
2.652721925087556887e+00
-1.973178725812783529e+00
-4.711770906848308016e+00
-4.527995386206867146e+00
-1.955943140285624438e+00
1.432812048617068346e+00
4.024615449977333448e+00
4.980264906974225525e+00
4.432401158447832223e+00
3.079640975804976311e+00
1.575590000387266487e+00
1.693649225155368088e-01
-1.212821300295910731e+00
-2.618104404393113427e+00
-3.803203521015424471e+00
-4.292909744305619668e+00
-3.703377090879471201e+00
-2.051037017989514322e+00
2.083849268869570892e-01
2.433259756209922742e+00
4.127547978304418663e+00
5.094346411091769333e+00
5.334917109334842422e+00
4.851944025295098939e+00
3.593792563907626025e+00
1.622673411725992665e+00
-6.614821033734777922e-01
-2.523412192153990041e+00
-3.249089467788131014e+00
-2.663633837213214228e+00
-1.399111459287205594e+00
-6.038902151139520225e-01
-1.182690447083399210e+00
-3.063653497407348603e+00
-5.068478870167810513e+00
-5.595576709443555785e+00
-3.737767486915387405e+00
-7.264094828609590770e-02
3.496363201489149475e+00
4.853676473790063284e+00
3.061871210369935703e+00
-9.077981384442875834e-01
-4.655503993952532227e+00
-5.799382355675971823e+00
-3.477257894492717050e+00
1.077921131719608239e+00
5.279213108476147553e+00
6.773593466513319505e+00
4.858102767714674641e+00
8.341360966977293678e-01
-2.882337040501107950e+00
-4.274981901981911747e+00
-2.882396911562679520e+00
9.704329240745157570e-02
2.724003369924391738e+00
3.586258596699005707e+00
2.581514654658504160e+00
7.724938129816312227e-01
-4.872113955237303839e-01
-5.078429542570410682e-01
3.349756518895301016e-01
9.610889264732720427e-01
4.006586752228512571e-01
-1.512058249485359163e+00
-4.010752549584119642e+00
-5.876603621850400749e+00
-6.175997590609693333e+00
-4.774762287593347310e+00
-2.331240505194632995e+00
1.752777388545044834e-01
2.037402237457982324e+00
3.145024941839969390e+00
3.860990561604313864e+00
4.576608095492868955e+00
5.288938278546595484e+00
5.519236516274677484e+00
4.650200077162158330e+00
2.456683348668915023e+00
-5.558995749633427463e-01
-3.289473969195142455e+00
-4.637543446489621246e+00
-4.161077235768228633e+00
-2.395194501574432699e+00
-5.375494580499264874e-01
3.180959722439361537e-01
-9.807713637021409081e-02
-1.069155656504957586e+00
-1.436681181582977196e+00
-5.003733077400358553e-01
1.371873561387569884e+00
2.908419626391888002e+00
2.821647442288612417e+00
8.191848479316519160e-01
-2.013907348356312799e+00
-3.819016183735667536e+00
-3.211898787504060770e+00
-3.235223725859470711e-01
3.142196779332723455e+00
4.958751819250325710e+00
3.869257967809311971e+00
4.924818884815507225e-01
-3.027456797314552972e+00
-4.440262035092301218e+00
-2.927863585742333630e+00
3.033711390778988104e-01
2.808463303877889228e+00
2.550403288052621509e+00
-7.067171123382146591e-01
-5.194980471818999135e+00
-8.245776020547765484e+00
-7.934869107685029732e+00
-4.183245243616463327e+00
1.337864507905445421e+00
6.305232619264455884e+00
9.019872737691523312e+00
9.043168579358376036e+00
6.952731733394658775e+00
3.640459073443326865e+00
-1.869336709003155406e-01
-3.970496554773105480e+00
-6.958811340547123692e+00
-8.106718210684434212e+00
-6.533276396807607966e+00
-2.296057375723102201e+00
3.174924487907507142e+00
7.515062410602526555e+00
8.645593545833751392e+00
6.036627430162137209e+00
1.122071692813575883e+00
-3.504568503619483355e+00
-5.640967757407059580e+00
-4.751672704336529662e+00
-2.116029304011655121e+00
2.192884702679396558e-01
9.136831200079444937e-01
1.830985083658887846e-01
-5.428701604554826421e-01
1.502958858812114551e-01
2.485286678960803464e+00
5.235757119366310164e+00
6.557617716990312928e+00
5.281423957177650230e+00
1.728113676828430645e+00
-2.509276280372128465e+00
-5.613695933383602288e+00
-6.647197618777198613e+00
-5.955143539369551320e+00
-4.673518761859629222e+00
-3.789666728193846090e+00
-3.471029766347892398e+00
-3.100924948520098923e+00
-1.899413952489562352e+00
3.987860874889788132e-01
3.308151498170850857e+00
5.906582116396084992e+00
7.394585481623657586e+00
7.470794680038987501e+00
6.314879660914576753e+00
4.309160405079032863e+00
1.801131507887060224e+00
-9.053287366532248859e-01
-3.405942648789830329e+00
-5.136650614675135174e+00
-5.553190091591845956e+00
-4.460221310168447140e+00
-2.224093599397465315e+00
3.390962899079599246e-01
2.358548087575946806e+00
3.316660690628760566e+00
3.191281539273367329e+00
2.275584762213536116e+00
8.800615539074170268e-01
-8.054493624478546998e-01
-2.590812819020798852e+00
-4.079053492895444499e+00
-4.662699041362044383e+00
-3.847449134023617212e+00
-1.707849837686582273e+00
9.176252461307333741e-01
2.759028582854752720e+00
2.853248513798520847e+00
1.209132607159201900e+00
-1.103777864134658948e+00
-2.577581466504534013e+00
-2.224169355966084005e+00
-2.248497817289141221e-01
2.182751205149515261e+00
3.508940453504393542e+00
2.955881703022179785e+00
8.676693618557610455e-01
-1.577251957585652287e+00
-3.157386592963395966e+00
-3.303892098854269932e+00
-2.257485605522110195e+00
-6.857243432206157063e-01
8.517992379219680998e-01
2.161716251345626727e+00
3.273677525779226993e+00
4.137722022059501015e+00
4.517281169018556142e+00
4.206377400741613926e+00
3.348534952131804854e+00
2.488016686180021697e+00
2.195914176716000199e+00
2.519449341012035770e+00
2.744284388891906179e+00
1.787569010979166872e+00
-9.559614711137995879e-01
-4.925357337730501328e+00
-8.461376780982785561e+00
-9.720587903276182828e+00
-7.871267330567866871e+00
-3.718755084318162041e+00
7.463827657412041017e-01
3.616850087501777722e+00
4.267104244457831541e+00
3.605206083913461423e+00
3.181694947889667890e+00
3.825299715381819787e+00
4.869153159333270864e+00
4.621266744801442172e+00
1.790130630344848317e+00
-3.201653148162651341e+00
-8.084645182196842583e+00
-1.003509083644508237e+01
-7.565175265124145731e+00
-1.664751115649606206e+00
4.692184986113966616e+00
8.415371081688949317e+00
8.265220427775961554e+00
5.523025147058675088e+00
2.870693325974729593e+00
2.285045306034905188e+00
3.501239161497911034e+00
4.223293245833844800e+00
1.990585491218686442e+00
-3.648976471296588198e+00
-1.032221583184509583e+01
-1.412466472536466533e+01
-1.225581110625798331e+01
-5.173473698242482044e+00
3.342774523058781533e+00
8.437988697621506162e+00
7.325524277148499408e+00
1.197067740248132006e+00
-5.484330470902635923e+00
-7.939421255160450386e+00
-4.336230201567073728e+00
2.866789775106738158e+00
8.487830134657770031e+00
8.128219350197221971e+00
1.290397977202622837e+00
-8.029820128962676051e+00
-1.376794824148384144e+01
-1.170739948549715947e+01
-2.329638572184729917e+00
9.302700504492966260e+00
1.660365684451610235e+01
1.551473557053076568e+01
6.956043412098145140e+00
-3.862169530663029704e+00
-1.076568059895986096e+01
-1.040084609131160676e+01
-4.074948563893106446e+00
3.412322754032881100e+00
7.036637629708959452e+00
4.710599879597707762e+00
-1.664834639856033860e+00
-7.769299860039153849e+00
-9.828827605880192664e+00
-6.941045879706011945e+00
-1.311287824022313586e+00
3.542982473057574300e+00
5.215451731885149655e+00
3.771878365532699284e+00
1.250546162170821374e+00
-1.291782258679743389e-01
3.711042593980049542e-01
1.671421038342198573e+00
1.986392629945256783e+00
4.270399514247273931e-01
-2.181013737799684993e+00
-3.880652136723744317e+00
-3.092725239706647145e+00
1.228082271654482582e-01
4.023518243281659856e+00
6.394387518318013441e+00
6.099524759072667557e+00
3.815926061111004408e+00
1.416638814802698931e+00
4.923177732429253606e-01
1.145124795413450247e+00
1.974948971692101152e+00
1.269227146372916559e+00
-1.512184288436095869e+00
-5.106143245659819030e+00
-7.196287574072268711e+00
-6.044446026068019506e+00
-1.831385025957081414e+00
3.285488698344865899e+00
6.485384515529670324e+00
6.082056040567362487e+00
2.577139001355999604e+00
-1.733833260330084336e+00
-4.297722928598258108e+00
-3.910485113129497758e+00
-1.326121551730501391e+00
1.460441232365514042e+00
2.662053562554201669e+00
1.834686570626401281e+00
-3.761298892514031156e-02
-1.447197192048565562e+00
-1.507618401925126639e+00
-4.934702254177924519e-01
5.497547897252013094e-01
7.368039062610884926e-01
5.373593570777068784e-02
-6.908181625005551663e-01
-5.992077670770281639e-01
5.007213388514387686e-01
1.815362792115422952e+00
2.127790142424603737e+00
7.340310606155131534e-01
-1.918866257995538671e+00
-4.379770437417657369e+00
-5.058578145362313983e+00
-3.242328114410735651e+00
4.056338506155403589e-01
4.180863532665071602e+00
6.282192175106352749e+00
5.775008916018558480e+00
3.016713229614011560e+00
-6.411905347329427407e-01
-3.622318631387194010e+00
-4.887840088932281724e+00
-4.302416180090348874e+00
-2.506064798008788230e+00
-4.743613037847211333e-01
9.444300464905814874e-01
1.309029397569139830e+00
6.386523224727916892e-01
-6.856624056180842253e-01
-2.081700679982246616e+00
-2.945646854404440518e+00
-2.842918892047980872e+00
-1.685076398533967623e+00
1.786973751926931309e-01
2.040646804225349165e+00
3.109150990284125005e+00
2.890139338050578655e+00
1.489917388463455339e+00
-3.490332833124673018e-01
-1.552732450911350259e+00
-1.250509459262310274e+00
7.218665262723533704e-01
3.634956749821938615e+00
6.138849823776823200e+00
6.898658280679113020e+00
5.277889862880040361e+00
1.697340567988276483e+00
-2.548110842260876918e+00
-5.934413745443918309e+00
-7.461282577252339898e+00
-7.083653587884117364e+00
-5.578499554470775834e+00
-3.951792363852329792e+00
-2.782272163888407146e+00
-1.936149765251196531e+00
-8.310471838126878286e-01
9.585684945930141865e-01
3.212025132155203799e+00
5.074144504647970066e+00
5.594022524461408352e+00
4.419935694500537693e+00
2.136528599548205509e+00
-3.704975554788320080e-02
-1.013138785377666107e+00
-5.390111826448459320e-01
6.677581972379607045e-01
1.460995272447380033e+00
1.101662851748811400e+00
-2.183163647533867824e-01
-1.547327951511637156e+00
-1.909475135994026074e+00
-1.048906473258251371e+00
3.814844510697190660e-01
1.329010240701641088e+00
1.151196073692427824e+00
9.132430126484547550e-02
-9.596356162354287012e-01
-1.228722232881679588e+00
-7.325071973029211314e-01
-2.815109749759566737e-01
-7.650272739055195004e-01
-2.264809481419605142e+00
-3.746701865686164368e+00
-3.685108945076420728e+00
-1.251038034099736684e+00
2.812509291062463390e+00
6.373469421041178862e+00
7.172474438419663478e+00
4.369101493688906324e+00
-7.156195094327422179e-01
-5.262750948586473854e+00
-6.669343356583139482e+00
-4.199889762881280575e+00
5.382523978174897916e-01
4.628606398649877107e+00
5.698081076640807652e+00
3.351635170291177079e+00
-7.338775506733328235e-01
-4.039062218570594887e+00
-4.845881854071143024e+00
-3.171500204840229209e+00
-4.489920419526189921e-01
1.666168969828445867e+00
2.407430662608790684e+00
2.137836111125190008e+00
1.673965799640603214e+00
1.368233858078985676e+00
7.686188720562039389e-01
-8.504035827225753241e-01
-3.552912928003460369e+00
-6.250447253833412375e+00
-7.187086342114147541e+00
-5.154449396937736516e+00
-5.550102600803179520e-01
4.547393116959096204e+00
7.556135988336754927e+00
6.947695251053349175e+00
3.261031197629369771e+00
-1.231233293544821139e+00
-3.964811004857851096e+00
-3.664444473651690792e+00
-1.009730077853214780e+00
2.007986342487692255e+00
3.519567314303802430e+00
2.975606798382044893e+00
1.317547654338754537e+00
1.084657638396482326e-01
3.383799238917420404e-01
1.781095813595003463e+00
3.299192569693062183e+00
3.769752187358558437e+00
2.886566786833282716e+00
1.267756584090269367e+00
-1.195200478657025833e-01
-6.909343732079369360e-01
-5.509114340359226869e-01
-1.983969168960107443e-01
3.028935015429179423e-02
2.531253523196710375e-01
8.119553300378257177e-01
1.752667799726716824e+00
2.531840337307040834e+00
2.293031177910479279e+00
5.611471421092355527e-01
-2.201038638007402071e+00
-4.689286382365692063e+00
-5.536795440905277310e+00
-4.246738054237037652e+00
-1.573303952649949711e+00
9.766990369355068591e-01
2.185817820727220528e+00
1.937845535548061493e+00
1.174849572724788072e+00
1.023292248865600440e+00
1.773893766270466799e+00
2.549417690867104902e+00
1.985641371440872938e+00
-5.525588994420516098e-01
-4.178632247843252046e+00
-6.829601798508353916e+00
-6.632041217065319572e+00
-3.355092369356103443e+00
1.154522707418726091e+00
4.006607312884085559e+00
3.173698370758073040e+00
-1.018591391052554140e+00
-5.909113510091064114e+00
-8.126834840288298167e+00
-5.807203090645741916e+00
7.635422167746530597e-02
6.197304256787369070e+00
8.913677850408834757e+00
6.556817072287346448e+00
4.934679626876530278e-01
-5.714267336315115742e+00
-8.492169068433831569e+00
-6.379307819526445655e+00
-7.837859336147245948e-01
5.020143543134873099e+00
7.925911944778120777e+00
6.749997936536968446e+00
2.683829771035545875e+00
-1.686288199663986909e+00
-4.036304922904268011e+00
-3.568097819298788220e+00
-1.193000253417348500e+00
1.298198085342952890e+00
2.412113241041835554e+00
1.716415386517088582e+00
-1.772899587403887756e-01
-2.227672792058599693e+00
-3.657711805992836851e+00
-4.270522904404788989e+00
-4.274769024463334510e+00
-3.866458021936080236e+00
-2.947954708948569369e+00
-1.216508985470253990e+00
1.445416636521544396e+00
4.585826743579874076e+00
7.138430488880862512e+00
7.848124973231135115e+00
5.987704733356752129e+00
1.955133366931355532e+00
-2.663417775918072827e+00
-5.723746203199917559e+00
-5.605452118172284059e+00
-2.179670590343340653e+00
2.934817939632528017e+00
7.088456109260892646e+00
7.993911062913909404e+00
5.038575452091533791e+00
-2.852897677819086208e-01
-5.171025837220327048e+00
-7.109043533763426126e+00
-5.364042957177974635e+00
-1.382816957928246548e+00
2.161852363553045109e+00
3.103971858281644458e+00
1.167580434591874994e+00
-1.927320458550713989e+00
-3.720454433620011159e+00
-2.777356493881899979e+00
2.614802043518036911e-01
3.103134398065038990e+00
3.431232854188956072e+00
6.138411377762567067e-01
-3.723357339334739891e+00
-6.699637156106027724e+00
-6.097982398778031943e+00
-1.888718101923747117e+00
3.688881760130751974e+00
7.537817838786572189e+00
7.638175638219838248e+00
4.212037491339701845e+00
-5.928303917931951883e-01
-4.167911643199582628e+00
-4.981737090462431183e+00
-3.185527109689137326e+00
-5.876226763535108422e-02
3.075795312752625854e+00
5.552621470844762541e+00
7.228130792155408990e+00
7.849231639624909995e+00
6.710644911478772734e+00
3.106009817070309431e+00
-2.700171453872016070e+00
-8.867794593172629192e+00
-1.251921576910280010e+01
-1.136126828445632597e+01
-5.387594810871462414e+00
2.630083233114002716e+00
8.463858859668633272e+00
8.917270322012097239e+00
3.909037453309207599e+00
-3.296617531986787863e+00
-8.005024290386065999e+00
-7.008018574966204284e+00
-6.396595616938349771e-01
7.374928397429013849e+00
1.219884488691867297e+01
1.083798113488153803e+01
3.911030676806900530e+00
-4.818448087716029171e+00
-1.075467025047496605e+01
-1.111804609746300798e+01
-6.330819954702754160e+00
5.486311618406448654e-01
5.793394988236705068e+00
7.074110643997918224e+00
4.453946030491889196e+00
-5.190285814715567270e-02
-3.845257728329638969e+00
-5.135083901459738698e+00
-3.643979957381877632e+00
-4.594698160657527675e-01
2.681326911324960705e+00
4.230274598841649691e+00
3.454692356441151357e+00
6.967775324023439687e-01
-2.770881577536617790e+00
-5.261444450470230016e+00
-5.425264183205092294e+00
-2.950337749854617275e+00
1.156113830339678739e+00
4.946177565210196470e+00
6.470433077613883199e+00
4.812153326482398796e+00
6.259030093396846794e-01
-4.161117393438349410e+00
-7.334958020120843969e+00
-7.505368544618226778e+00
-4.724125030762707844e+00
-3.260663055450132575e-01
3.819226341944397696e+00
6.166845729222184325e+00
6.041039820241852709e+00
3.726484549552999237e+00
2.340900286580568368e-01
-3.067011206399883338e+00
-4.862065004894384757e+00
-4.341227628803669525e+00
-1.611264412902545740e+00
2.162124960170780152e+00
5.132743590910351372e+00
5.668709510233657767e+00
3.342892601283527387e+00
-6.417240017730119206e-01
-4.026875796638750060e+00
-4.864749867955483253e+00
-2.828595932149071679e+00
4.864097254309003304e-01
2.616122591373562400e+00
2.006492533865408490e+00
-7.368422588280959529e-01
-3.131706054538575756e+00
-2.588830738376759477e+00
1.512898866346045645e+00
6.986668336995109030e+00
1.000995685025585757e+01
7.666763127213724438e+00
1.513985164121729454e-01
-8.970670049821940495e+00
-1.477370879360643308e+01
-1.400063316718461515e+01
-7.098882141200398621e+00
2.107923963093476960e+00
8.873962025866171999e+00
1.042958868940623773e+01
7.392088528960244709e+00
2.860333113211924960e+00
5.503462068588038658e-03
-4.299833710396248898e-02
1.431287500794986789e+00
2.176850082335284320e+00
9.682735584584254429e-01
-1.431319052850181572e+00
-3.021144707935451201e+00
-2.333183309478816803e+00
2.504827190310353058e-01
2.706479809163852224e+00
2.943298602985667145e+00
4.887873709509151787e-01
-3.051104434077346106e+00
-5.143365165615983337e+00
-4.214354921525989894e+00
-8.281067059840256928e-01
2.735794022918209389e+00
4.165494412296483873e+00
2.770057056974536636e+00
-1.334133268634914993e-01
-2.335698236153133323e+00
-2.439878864840968831e+00
-8.266974849652494184e-01
8.225156030500799798e-01
1.000311720088472134e+00
-3.651870461454471695e-01
-1.866476073416771353e+00
-1.804738472884808376e+00
3.583988009076599646e-01
3.455394618041406574e+00
5.419716951622285173e+00
4.824109388719945102e+00
1.959084386584409199e+00
-1.375587303430592101e+00
-3.194962192251491473e+00
-2.749753055424912773e+00
-9.788499250679464359e-01
3.039866214854478610e-01
-1.783886025179085566e-01
-2.240353556104814459e+00
-4.448871657920741463e+00
-5.235803034693915947e+00
-4.006904988007856439e+00
-1.427628397678782690e+00
1.228021666784266941e+00
3.043521243671613696e+00
3.939377449596776160e+00
4.349790600258399031e+00
4.492641620328111429e+00
3.964043268021067767e+00
2.074368094790192352e+00
-1.342245404573900736e+00
-5.378636480840527589e+00
-8.338657744410891581e+00
-8.756157838084664746e+00
-6.415833710270152146e+00
-2.576185737340219273e+00
8.263700750800548889e-01
2.435849107346298670e+00
2.280947998335947524e+00
1.555004152465134126e+00
1.583548803313354458e+00
2.794322523618136600e+00
4.461457937689045750e+00
5.357574026520641297e+00
4.736405933528965662e+00
2.850769179682595134e+00
6.408033029320110430e-01
-1.069316877566671931e+00
-2.141362094145106365e+00
-2.980752590429083249e+00
-3.862132259357603292e+00
-4.403015452136451735e+00
-3.760764438853147151e+00
-1.481816019247576666e+00
1.716865722175745290e+00
4.027648012787612863e+00
3.657344651543504188e+00
2.508374460160616159e-01
-4.476081793213861459e+00
-7.549158671889588668e+00
-6.608860896297144016e+00
-1.600800100171959173e+00
4.955621830878010670e+00
9.428593890058531102e+00
9.356013207374797247e+00
5.020338094326300293e+00
-7.593107935244323148e-01
-4.473834695530610972e+00
-4.146738193369139402e+00
-4.466768976793519252e-01
3.981738996251476870e+00
6.395656691414595585e+00
5.687460974470948116e+00
2.832806214240877640e+00
-9.738150554142666060e-02
-1.502031062527547700e+00
-1.228807271457353467e+00
-3.627889112487640011e-01
-1.577152091741265139e-01
-1.030263473103919969e+00
-2.371241169415330585e+00
-3.205498216151968283e+00
-3.062226830086575813e+00
-2.317933345527486200e+00
-1.777441917202650323e+00
-1.913990495716402229e+00
-2.452099294049204126e+00
-2.648843209955341393e+00
-2.007478440291939670e+00
-7.751801603031169829e-01
2.413879291041736153e-01
4.137376299913095856e-01
-5.343266449990760614e-02
-1.656875661318390480e-01
1.060740247762031352e+00
3.638609789887444990e+00
6.297469553562443423e+00
7.187033170292014717e+00
5.181298420048370268e+00
8.459009357265991902e-01
-3.703333276704725563e+00
-6.055249276815753312e+00
-5.058818217215421242e+00
-1.607954043185796822e+00
1.908015748412871693e+00
3.134021785382996583e+00
1.233933529329036549e+00
-2.644124264495919530e+00
-6.175882205969445593e+00
-7.335738192497780474e+00
-5.538003215933656520e+00
-1.762219359973658861e+00
2.267727520315137468e+00
5.161963804748337381e+00
6.451159339905074397e+00
6.411809823127655683e+00
5.466477960452463591e+00
3.756222722158375049e+00
1.233989578677803234e+00
-1.884162967394326538e+00
-4.809594602946559050e+00
-6.399773904829938687e+00
-5.831574432109276174e+00
-3.235230706054788019e+00
2.329234687300251183e-01
3.001211114829264837e+00
3.982265604185092123e+00
3.140732381691876185e+00
1.353696551782252344e+00
-2.839457213714591810e-01
-1.158838239295955308e+00
-1.332694821207778935e+00
-1.158509183830179534e+00
-7.297046329942735721e-01
2.958766544183443759e-01
2.288517921763629559e+00
4.982829475984725143e+00
7.182104375173720356e+00
7.242695133347066161e+00
4.152668585628243925e+00
-1.517335661215979403e+00
-7.551882600654933775e+00
-1.113381236458546297e+01
-1.043667990911293408e+01
-5.762961512362122285e+00
5.485307935831780224e-01
5.442534585431308969e+00
6.881824407160059387e+00
4.906283718538966276e+00
1.379145400256123866e+00
-1.344730107326820079e+00
-1.902954948982921834e+00
-5.946956555674820510e-01
1.119387196622156910e+00
1.822582635135572060e+00
1.144513789399251857e+00
-1.273565436855901289e-01
-8.210592665050699956e-01
-3.869846163862442623e-01
6.456123147627410575e-01
1.093862538768559878e+00
8.019632202269455501e-02
-2.218125570164816374e+00
-4.598897914482893867e+00
-5.620494257904331548e+00
-4.560313265752874656e+00
-1.855203428282657718e+00
1.258733738690081205e+00
3.589099580712200144e+00
4.662531460395594962e+00
4.760460616701534420e+00
4.377052227115755478e+00
3.621919350676182425e+00
2.112858758397328618e+00
-5.281854776057371970e-01
-4.001960861090589461e+00
-7.112168018956531945e+00
-8.312513836408466972e+00
-6.720234420632887229e+00
-2.862484679666791543e+00
1.467205171165011368e+00
4.251763401911949458e+00
4.523043717308887324e+00
2.966674336253937838e+00
1.390499378122446839e+00
1.391980436611547578e+00
3.161457377884830944e+00
5.300508947433343110e+00
5.829010098395908557e+00
3.690928905083401546e+00
-3.269088955107474215e-01
-3.970369544537502904e+00
-4.989169305399234311e+00
-2.708130997864832246e+00
1.408942285832672114e+00
4.638936651789669519e+00
4.762562736040730549e+00
1.526319836501130123e+00
-3.191395051440200525e+00
-6.625931416841554622e+00
-6.939430213237459455e+00
-4.378163416978137157e+00
-1.009820913337667214e+00
7.516418731313708745e-01
-1.876035920372051136e-01
-2.870487686086813817e+00
-4.964850382657190586e+00
-4.363822626156518503e+00
-6.280457491812132531e-01
4.674128440753690050e+00
8.917936587388787473e+00
1.001183324007497610e+01
7.597826908807254753e+00
3.143166253900353979e+00
-1.051119294148045835e+00
-3.229048330721594695e+00
-3.075336134861081039e+00
-1.643062978885281300e+00
-4.757318375116346143e-01
-5.609509714948544001e-01
-1.779068309924503266e+00
-3.125098170040178314e+00
-3.474755518929458553e+00
-2.360853964562204865e+00
-2.808329991793075964e-01
1.612716009930652339e+00
2.211340035967252593e+00
1.112460445236870044e+00
-1.125493188120227472e+00
-3.257351557549104548e+00
-3.996396363566288912e+00
-2.695213264397895880e+00
2.792769715000106290e-01
3.668668111206747628e+00
5.901953553545909337e+00
5.867423797007903730e+00
3.502069322798836648e+00
-1.172491753917107582e-01
-3.268921156015643703e+00
-4.452429796801638417e+00
-3.184682285203203733e+00
-2.826099882867512125e-01
2.559646859910743366e+00
3.698235432443671034e+00
2.461235976275091275e+00
-4.729169471979097761e-01
-3.478204066085626600e+00
-4.939100514535138764e+00
-4.191953069905639317e+00
-1.876339074008981367e+00
5.161767511794117524e-01
1.604238249281742856e+00
9.731976901002485913e-01
-6.197912746278328999e-01
-1.810094342780340426e+00
-1.571130056987479096e+00
9.482482525994173628e-02
2.177358490890188847e+00
3.360242374813986910e+00
2.912374611680758285e+00
1.153553081585608098e+00
-8.133267889296711406e-01
-1.893800961987173626e+00
-1.741514522404778331e+00
-9.179765976729383770e-01
-3.728248221776657712e-01
-6.467427094029005730e-01
-1.407781140118754770e+00
-1.688245790206616359e+00
-6.639488089693299511e-01
1.605391590041115535e+00
4.056093307723254604e+00
5.263342468673803509e+00
4.422157041815275136e+00
1.964804328349540885e+00
-6.552966305396170643e-01
-1.895569757556895496e+00
-1.134125661487621395e+00
9.475718516886759701e-01
2.868537509362565352e+00
3.361322939075490179e+00
2.160379824377798297e+00
2.273021891736548561e-02
-1.967459715472992920e+00
-3.215670724350169873e+00
-3.891744713668762845e+00
-4.465065660511715606e+00
-4.940676115948874347e+00
-4.530162697724033904e+00
-2.173891621612601632e+00
2.383574596386765165e+00
7.820042767862513955e+00
1.153907340403408099e+01
1.109221912440185953e+01
5.879220870900501161e+00
-2.075206829617848747e+00
-8.970480493217017681e+00
-1.133365736507620269e+01
-8.094832011289263107e+00
-1.275173432781125493e+00
5.209320126610340829e+00
7.889902514550358070e+00
5.737323945513026935e+00
5.596349832555789217e-01
-4.356054360397270564e+00
-6.364689342011280004e+00
-4.925072684248771537e+00
-1.541000450442087999e+00
1.574634757034805377e+00
3.031528084426894587e+00
2.912777071359180514e+00
2.243476322185251615e+00
1.887848777954190371e+00
1.839655317427579817e+00
1.439221771881205258e+00
2.265739909626354187e-01
-1.393798747964491325e+00
-2.320080189965385564e+00
-1.663706348416972070e+00
3.559495133490326868e-01
2.338510094797874750e+00
2.621015099491249778e+00
5.402321322571776996e-01
-2.944358420824056299e+00
-5.809568733318878131e+00
-6.355771213187114910e+00
-4.410779509823933964e+00
-1.444612857603142730e+00
5.036095003263563186e-01
2.901319558021160372e-01
-1.566920883370479300e+00
-3.369407194074928391e+00
-3.564993287998757587e+00
-1.881574931302749665e+00
5.852344369128054113e-01
2.344585629258203241e+00
2.718850281201137697e+00
2.295469730409837261e+00
2.262964228511108455e+00
3.201406667575301235e+00
4.374049424096408956e+00
4.191118212943175436e+00
1.565835315230643676e+00
-2.895639895510756734e+00
-6.897365700531410404e+00
-7.817193976913666020e+00
-4.543370814947763847e+00
1.542635370258143901e+00
7.223246279721744045e+00
9.378694016897485497e+00
6.914825876779113756e+00
1.389640152564262543e+00
-4.051355274882921798e+00
-6.660352034031526536e+00
-5.641818298441784840e+00
-2.313422915398134272e+00
1.061851338355288998e+00
2.815593747826549809e+00
2.701325063268166016e+00
1.585095750556551941e+00
4.616046979949780527e-01
-3.156970867104461620e-01
-1.016420692093254363e+00
-1.891400121286671787e+00
-2.604180037022481464e+00
-2.331401424723935634e+00
-5.014522984967557662e-01
2.468818743729697118e+00
5.148631508405182799e+00
5.939775554654159073e+00
4.224402970429951054e+00
9.283877685867676366e-01
-2.002785465386119235e+00
-2.907986040287806606e+00
-1.567724216683042515e+00
6.487391370950974512e-01
1.788648086890550104e+00
7.642226653674925041e-01
-1.809619805544212090e+00
-4.015682314712446299e+00
-4.008683485551977732e+00
-1.390865255952333568e+00
2.395563951986924067e+00
4.955820009907164092e+00
4.514471781369948644e+00
1.109017960998347929e+00
-3.389090160181413847e+00
-6.424456982394037396e+00
-6.313363693462024528e+00
-3.212679709518769133e+00
1.066148470155986239e+00
4.212585332349373601e+00
4.778765245199465106e+00
2.925396000311724531e+00
1.705539294075654744e-01
-1.621383045534494416e+00
-1.361996748841304283e+00
6.728197070337555985e-01
3.073808456793311272e+00
4.161433728857610426e+00
2.970441936387215431e+00
-1.844575036658099298e-01
-3.854838564473185514e+00
-6.227042978366836401e+00
-6.095975288881394505e+00
-3.516166847292027775e+00
2.303378029171836427e-01
3.337727345948408697e+00
4.457673913246754438e+00
3.394169508966761395e+00
1.111274447966923207e+00
-9.292459795652260324e-01
-1.665923516425984019e+00
-9.966561896126701070e-01
3.323451699584938357e-01
1.370446928647510276e+00
1.637562501638287094e+00
1.335573186032290804e+00
9.804272421045623354e-01
8.058924335483604873e-01
4.797505647677444696e-01
-5.785570399542583342e-01
-2.504175815961133811e+00
-4.514955113731256908e+00
-5.167076817067641770e+00
-3.309753210590949735e+00
8.839508924343365548e-01
5.618605289290577787e+00
8.297728645675189085e+00
7.076207922125227867e+00
2.167987997791445576e+00
-4.014683663408826320e+00
-8.106666936661378386e+00
-7.726815386855506063e+00
-2.919756507207370788e+00
3.811288652096219476e+00
8.922101248994927403e+00
9.835471108230350978e+00
6.332678006579793184e+00
5.348700669271773123e-01
-4.438393886670383814e+00
-6.270947197797633876e+00
-4.645584424263915935e+00
-1.206780437458182753e+00
1.576222208987006823e+00
1.908319612078780425e+00
-3.352169513275071733e-01
-3.622911487758011972e+00
-5.714508540564830597e+00
-4.981389048340077785e+00
-1.380807863491675391e+00
3.432318212056453710e+00
6.928551806510856892e+00
7.056083144614422764e+00
3.419924487616605724e+00
-2.371656309893022563e+00
-7.452992391109349413e+00
-9.205180372428284130e+00
-6.710534933608064634e+00
-1.302369560660699754e+00
4.168941478835401782e+00
6.967314295640670174e+00
6.026936307158539563e+00
2.465181383610130172e+00
-1.267145547604920486e+00
-3.023454080163711755e+00
-2.280110197670603966e+00
-2.553846221082649581e-01
1.197438583457005823e+00
1.063870461061473982e+00
-1.122456352345070629e-01
