2.312311678335987608e+00
-4.898599727194283382e+00
-9.382763864719880331e+00
-7.989621188289581788e+00
-1.016545695290063556e+00
7.860936660703984558e+00
1.371034287737051471e+01
1.321125543569056049e+01
6.525196249994412945e+00
-2.914699363494945850e+00
-1.046331387985163630e+01
-1.284595409530068721e+01
-9.732523454364129023e+00
-3.516221619889608796e+00
2.350035605582957654e+00
5.317139916815674994e+00
4.862743449177151511e+00
2.309759355326604258e+00
-2.942962271537937768e-01
-1.420100228401358411e+00
-7.245726640899299298e-01
1.063656493324209640e+00
2.775283079234055705e+00
3.494494408792140128e+00
2.973343280803248501e+00
1.655874981517507116e+00
3.814665191626711582e-01
-8.294337670321394462e-02
5.027316084913036054e-01
1.622329246067166997e+00
2.181425868029462922e+00
1.110885893312067774e+00
-1.865181532180031798e+00
-5.778786412195321631e+00
-8.705101161236925122e+00
-8.795916665191395367e+00
-5.518825972432853000e+00
-2.716281170597520944e-01
4.193477459817610331e+00
5.357744125685087511e+00
2.602236348919667819e+00
-2.185394154707299030e+00
-5.617473730864132264e+00
-4.923507712973540507e+00
1.477631280731701580e-01
6.943352063033642274e+00
1.140895899413258086e+01
1.059761455456830248e+01
4.580659548943785353e+00
-3.505283580657777343e+00
-9.339431612192880650e+00
-1.002451411925133407e+01
-5.751362998992386011e+00
5.033517216309446596e-01
4.961503824440725907e+00
5.353124390632194363e+00
2.071662622126838382e+00
-2.441761768563595503e+00
-5.494451938460906959e+00
-5.817467205337759850e+00
-4.048947366828604899e+00
-1.884233990243022294e+00
-6.743285410258372803e-01
-5.296292835105953500e-01
-4.898970513921194758e-01
5.109677141606618900e-01
2.695446706228519229e+00
5.211711585668763469e+00
6.726070764211208974e+00
6.342169866861125271e+00
4.179117957224940838e+00
1.260628704040029469e+00
-1.124365906352379429e+00
-2.121981248969329048e+00
-1.671980224080380495e+00
-4.223965448766386910e-01
6.432566822080055813e-01
6.542537360929958634e-01
-7.502983759001914388e-01
-3.150104866616927790e+00
-5.326926580409766743e+00
-5.674163052799935159e+00
-3.053009110022492756e+00
2.245292616769436922e+00
8.086081989513832724e+00
1.119184818610954224e+01
8.900536492585828796e+00
1.091055079626930713e+00
-9.039457669116579552e+00
-1.620481802360229295e+01
-1.590052121259543405e+01
-7.312603108404287511e+00
5.670433789488756204e+00
1.629356828969312687e+01
1.877175198294282765e+01
1.183701779628275119e+01
-3.218877204777832457e-01
-1.049783163757373039e+01
-1.286875260730710302e+01
-6.593405167891138063e+00
3.734106401687955490e+00
1.109022152871540889e+01
1.053988163974241665e+01
2.328753510793296400e+00
-8.421039780129451202e+00
-1.511697051749841592e+01
-1.388872288441110037e+01
-5.831783787380255824e+00
4.021953070957790644e+00
1.011329502125631308e+01
9.763754688165295903e+00
4.404243096052132600e+00
-1.915453801568028691e+00
-5.428716474046152207e+00
-4.882425538186641489e+00
-1.740859472472005454e+00
1.419981598197984862e+00
2.893482220501545576e+00
2.730460571267252057e+00
2.102854049298426009e+00
1.930835736135483760e+00
2.022106644373690365e+00
1.397368163802495511e+00
-5.883343985705027368e-01
-3.383145911635039749e+00
-5.438433217441733802e+00
-5.353345473056215553e+00
-3.030960732807916891e+00
1.262566294002684941e-01
2.189833174054248044e+00
2.110527854501811795e+00
4.567161538066542015e-01
-1.097506589279047207e+00
-1.133049373631727530e+00
3.795069044918066847e-01
2.073421956168648439e+00
2.323093956459895360e+00
6.339862357919141544e-01
-1.822796412958347823e+00
-2.992654484827434125e+00
-1.483094669523896236e+00
2.284794712787274751e+00
6.208176679664361153e+00
7.867998535630700729e+00
6.173516213795067209e+00
2.127057934608825196e+00
-1.818128729064405036e+00
-3.346677426584713899e+00
-1.729679638000466868e+00
1.799824990470370256e+00
4.904504268653940180e+00
5.585754027985021963e+00
3.272812508823851552e+00
-1.026745828928055770e+00
-5.433400306880033170e+00
-8.195673379467468322e+00
-8.402000748598359436e+00
-6.163261217946105042e+00
-2.388558839212356677e+00
1.597850675040878965e+00
4.458230332309581101e+00
5.252439008360497041e+00
3.825715029196159911e+00
9.962399152717436035e-01
-1.692651085841177405e+00
-2.701418005428828817e+00
-1.388392906890445699e+00
1.492681377880446636e+00
4.116962105160617114e+00
4.653029337589542180e+00
2.440236857792603686e+00
-1.511199361640158445e+00
-5.090709788246540413e+00
-6.404011057951657371e+00
-4.976600365896628908e+00
-2.033124993396976166e+00
3.397481354624369843e-01
5.805849107610456805e-01
-1.338915942582916685e+00
-3.934266723123964749e+00
-5.197429587497176762e+00
-3.868669755571955360e+00
-1.804301531376806267e-01
4.321728324052376280e+00
7.661525814910101317e+00
8.420710623965417696e+00
6.302867210477637094e+00
2.110065507732039602e+00
-2.681228095388697330e+00
-6.457513227293248725e+00
-7.949133861096978393e+00
-6.617146564484913007e+00
-2.900938592154017392e+00
1.817810145281279155e+00
5.679169176017252241e+00
7.164450428996195441e+00
5.881309125644453850e+00
2.794989536200643165e+00
-3.509735678136464143e-01
-2.132811201805907331e+00
-2.333476945555861715e+00
-1.951695196078352623e+00
-2.270446461318514686e+00
-3.659683118344688069e+00
-5.076206147447409833e+00
-4.766295246328849267e+00
-1.748670000273981451e+00
3.049386893599989712e+00
7.012310691062552337e+00
7.474055890059645435e+00
3.710527159575598866e+00
-2.207253057233441673e+00
-6.513584956110285873e+00
-6.231000205933112213e+00
-1.361581033637143889e+00
4.845344449158712763e+00
7.925209127491591232e+00
5.270373482641411478e+00
-1.859789726557722789e+00
-8.881652571321328793e+00
-1.076933653730745810e+01
-5.428348577145713172e+00
4.698524593566824059e+00
1.392546308631425056e+01
1.673957330889459527e+01
1.116480042137479778e+01
-4.570802955804031953e-02
-1.107472924193405106e+01
-1.643255020889482410e+01
-1.394720094589072268e+01
-5.635002718333506522e+00
3.832512630401884834e+00
9.901222946382899792e+00
1.042666672133292849e+01
6.317216474552094674e+00
4.959436868918178920e-01
-3.927687166848124356e+00
-5.176179372878676688e+00
-3.355885089394518683e+00
-3.445114926071290995e-02
2.737743073306327712e+00
3.462988396937591862e+00
1.905051042080421642e+00
-7.771762062644578251e-01
-2.582160009045446625e+00
-1.775715135582865090e+00
1.918806741862446152e+00
6.772052931173864643e+00
9.699809065535893282e+00
8.011119975525906156e+00
1.326651280936808064e+00
-7.637700285027795744e+00
-1.422478557906705099e+01
-1.451067593104961162e+01
-7.917135934786182716e+00
2.041680831665591445e+00
9.632896914539077926e+00
1.041654495177826334e+01
4.165707609759397911e+00
-4.832448119546377541e+00
-1.047237085290729297e+01
-8.856408045774802673e+00
-9.719093410632781982e-01
7.861198818735310567e+00
1.150648981705578855e+01
7.178713251293626918e+00
-2.560235549210799988e+00
-1.137710939249371833e+01
-1.330512813831743912e+01
-6.690258443760852991e+00
4.682291121913641163e+00
1.400592611548377064e+01
1.577419830023478653e+01
9.152228113429947243e+00
-1.729546830277484126e+00
-1.058186366765681719e+01
-1.287749803721730224e+01
-8.326103631998483579e+00
-4.910663812356483859e-01
5.888027724077210756e+00
7.889301711422134211e+00
5.780071325469282151e+00
2.143901739114717486e+00
-2.937993477163010070e-01
-4.767885565734906184e-01
6.886632480159030623e-01
1.480107413896812885e+00
8.681977685872266370e-01
-7.783492317962256157e-01
-2.195849012625028074e+00
-2.384297719638884594e+00
-1.442149858014915020e+00
-4.516808569660304973e-01
-5.742026612062081092e-01
-2.101867484374080330e+00
-4.188241014613702795e+00
-5.423641801914166116e+00
-4.795401436948606211e+00
-2.339800826745603413e+00
9.244032396157136899e-01
3.655380459770557700e+00
4.938855518140838008e+00
4.652338471765667727e+00
3.308854407547172638e+00
1.612507813306393478e+00
8.494190124395306629e-02
-1.032899487777425573e+00
-1.662217147499700731e+00
-1.758940198978152791e+00
-1.327346816544685115e+00
-5.441613738016424229e-01
1.702904963894889268e-01
2.726190181523506229e-01
-6.070679136249442776e-01
-2.365178682830930246e+00
-4.333269114784064513e+00
-5.501353324446608184e+00
-4.981138932337861647e+00
-2.488399868130184878e+00
1.408486407469702550e+00
5.430791816195560173e+00
8.099097675652231487e+00
8.399986956410018024e+00
6.292095448602903041e+00
2.773067640685749513e+00
-5.748504753430301317e-01
-2.365179080541770062e+00
-2.107360562220864875e+00
-4.229037274878644226e-01
1.371704534037768708e+00
2.084024838476455255e+00
1.367013096619570600e+00
-1.161928361205196714e-01
-1.190328057417295859e+00
-9.919497183938241758e-01
4.438360113384332561e-01
2.233184367248433055e+00
3.278528176652775628e+00
3.020909929558338813e+00
1.767424383807556065e+00
3.790743714975388645e-01
-4.112591909427338877e-01
-5.101326275373818664e-01
-4.167237859669536415e-01
-6.882820849429251986e-01
-1.386925229123413983e+00
-1.992469298627510987e+00
-1.876799136097357490e+00
-9.499956483705038757e-01
9.265187223336834865e-02
2.019554685180676712e-01
-1.188455745083214721e+00
-3.566527442608027787e+00
-5.509141439831719111e+00
-5.576865488876868504e+00
-3.328103832427068198e+00
2.905114215476514161e-01
3.491170440816853571e+00
4.760196619783481964e+00
3.755051742465130626e+00
1.368328357339064327e+00
-1.024672879201609987e+00
-2.515857907068228538e+00
-3.086008696320063471e+00
-3.237076074113585999e+00
-3.232354927702196346e+00
-2.660839565219475400e+00
-7.594733270444158357e-01
2.733437989701425153e+00
6.921091029794006921e+00
9.932525887631401318e+00
9.964832213487184731e+00
6.504116198515283997e+00
8.359127176429699269e-01
-4.581766145219475561e+00
-7.507049428021603354e+00
-7.147012511099753773e+00
-4.440686553300124295e+00
-1.284123620541922861e+00
6.869618704036390966e-01
9.132681218521028210e-01
-1.182758973220623955e-01
-1.525342093107419750e+00
-2.673559300293996355e+00
-3.336430261264871078e+00
-3.417646955355786886e+00
-2.690940970766727336e+00
-9.475511592408016881e-01
1.529146070929614298e+00
3.676728725377121254e+00
4.035411666788700558e+00
1.741540006682168240e+00
-2.541212604106733330e+00
-6.573545821725050864e+00
-7.660697493591651863e+00
-4.353730294217592167e+00
2.400741561638102706e+00
9.541542098120725512e+00
1.354882135776687235e+01
1.245653771990125946e+01
6.924650143775307853e+00
-2.959449392968735992e-01
-6.080934349927608729e+00
-8.644131117684022314e+00
-8.158407203358322590e+00
-6.058573237830477964e+00
-3.741356191465613712e+00
-1.705024067509611996e+00
3.153531781330953798e-01
2.526003263521458209e+00
4.413030462194594605e+00
4.889262828227654012e+00
3.158984415866583628e+00
-4.384042236489137379e-01
-4.364924557365384317e+00
-6.738512326941166641e+00
-6.495072767232421107e+00
-3.988210350840856400e+00
-5.973885581546736212e-01
2.306308231464414327e+00
4.206568234299086662e+00
5.471387455639020736e+00
6.640566640359212514e+00
7.660505291745905332e+00
7.769939296588972866e+00
6.150453190895248667e+00
2.768503852522553821e+00
-1.356170152014172237e+00
-4.742184268922551738e+00
-6.435600884094224483e+00
-6.562365134776013242e+00
-5.961027148720407176e+00
-5.216139461141653832e+00
-3.984415461185518481e+00
-1.316088998786934194e+00
3.180865621663640397e+00
8.316726210582645606e+00
1.148617255764740008e+01
1.021663547769042957e+01
4.120191319145318332e+00
-4.265115163159242329e+00
-1.062924501229172947e+01
-1.149484620743969820e+01
-6.546746492051735089e+00
1.020783688704196557e+00
6.532349468602420828e+00
6.921137583075675614e+00
2.728705290895287572e+00
-2.426789379699162197e+00
-4.557801142713142184e+00
-2.243965453809251720e+00
2.344708318713533579e+00
5.104293396716131248e+00
3.136575811481590037e+00
-2.933584757584097868e+00
-9.195949656383783477e+00
-1.113190404570389092e+01
-6.837308497009539465e+00
1.513377972015858663e+00
9.017795341077357918e+00
1.127418036509083699e+01
7.250868508855656813e+00
-1.400943195829602583e-01
-6.067195556524564104e+00
-6.935793721285566704e+00
-2.546070332841260608e+00
4.054602300036708407e+00
8.705690329974849817e+00
8.691976130457874206e+00
4.106353173813101165e+00
-2.593586069100708880e+00
-8.215829996013386705e+00
-1.045687559789061361e+01
-8.663556840739246923e+00
-3.680983341387786822e+00
2.712308105403444358e+00
8.332068011641256433e+00
1.105184897105297281e+01
9.431774340177287996e+00
3.522216147760020455e+00
-4.626170808167439752e+00
-1.140295006908195319e+01
-1.322839832855736653e+01
-8.612694871627585513e+00
6.106503027203999956e-01
9.907435420722329411e+00
1.443066110015114312e+01
1.183236406178746236e+01
3.710862966209289127e+00
-5.318804571565975969e+00
-1.040674632581027126e+01
-9.335892965243591135e+00
-3.649027902205374208e+00
2.611510400903645390e+00
5.606561498302476743e+00
4.009668444024274692e+00
-5.143570671576765951e-01
-4.760858755963931266e+00
-6.181792628198421902e+00
-4.302649736814368353e+00
-5.833689243549118331e-01
2.872135188036198272e+00
4.644226705815541756e+00
4.469271494233959530e+00
2.808184971330589530e+00
1.858862493677775340e-01
-3.002776310884208044e+00
-6.140521832987527517e+00
-8.054307858082950133e+00
-7.331170857161279919e+00
-3.309783999870123061e+00
2.975185062104531486e+00
8.821505557782980844e+00
1.117395891015242171e+01
8.528265563113581749e+00
2.119428664808790774e+00
-4.569697243401011022e+00
-7.823560796736501288e+00
-5.972615566478763682e+00
-4.187257913280231225e-01
5.291517252854168518e+00
7.719023830883885218e+00
5.599670438918800563e+00
3.996581531849090485e-01
-4.877305483429080546e+00
-7.677628180031097926e+00
-7.286469275783931998e+00
-4.793179536768680471e+00
-1.900714326321619740e+00
3.751273930953012981e-01
2.144871367483204505e+00
4.040486786639791106e+00
6.224866623278647815e+00
7.918003888088364306e+00
7.850363895873593734e+00
5.267557828157053201e+00
6.680629612558761643e-01
-4.317316517968071921e+00
-7.819745574899963358e+00
-8.746623370990434410e+00
-7.229556663981544062e+00
-4.300165659182345834e+00
-1.158287491321362328e+00
1.393503432408933929e+00
3.040762943617285163e+00
3.719898047025138155e+00
3.431334736869444235e+00
2.315621480043591252e+00
8.396874525573437831e-01
-2.466932028351265238e-01
-3.298881936195839359e-01
5.377588615920316784e-01
1.492242465797289475e+00
1.373280825349868728e+00
-3.648389465123171860e-01
-3.033152677100052763e+00
-4.961439692352763942e+00
-4.585772775131710333e+00
-1.644555990254920275e+00
2.429228362108575290e+00
5.309971020201140313e+00
5.286892476933884311e+00
2.420769767550303264e+00
-1.496045926657163738e+00
-4.158305603785199978e+00
-4.255668294157166187e+00
-2.177185774458733292e+00
5.456267728342357737e-01
2.533747823307268110e+00
3.517595705228668379e+00
4.202072846382640670e+00
5.228640347379872821e+00
6.217158511785484620e+00
5.841103850294898869e+00
3.018901024598058758e+00
-1.722379235896099203e+00
-5.970766223001898965e+00
-6.763327049844618521e+00
-2.764448373377303536e+00
4.314771652859740847e+00
1.031271057622485543e+01
1.110114083872107926e+01
5.384091863723422300e+00
-4.161147462268866448e+00
-1.234235326842113878e+01
-1.466083205734517136e+01
-1.014815345030261540e+01
-1.904611216302080301e+00
5.021131223897027596e+00
6.936688093591993898e+00
3.729146745530933948e+00
-1.444375892818877682e+00
-4.633434448032354602e+00
-3.877477830353455168e+00
-3.266298656898530273e-01
2.960047832167658655e+00
3.480415329324827667e+00
1.109120122956407162e+00
-2.032755824130240363e+00
-3.415316924897729756e+00
-2.117924719608469175e+00
5.553990152117977974e-01
2.277125696047283654e+00
1.676317861290478328e+00
-5.342199218679841710e-01
-2.201040758665676833e+00
-1.615602813867697884e+00
9.113695523415007438e-01
3.125823212603584977e+00
2.592520821203142312e+00
-1.199002464652708877e+00
-6.087238098665519459e+00
-8.574378678361718187e+00
-6.368841229114132751e+00
-2.583076056877313675e-01
6.167178181963013373e+00
8.879157098234252032e+00
6.235560114602276549e+00
2.288464783021972870e-01
-4.802329734863105770e+00
-5.152049446437017899e+00
-3.441603121283138833e-01
6.478458981152151352e+00
1.065174691447464816e+01
9.118658061148620320e+00
2.439702641500518077e+00
-5.641441603781654379e+00
-1.069057188348372556e+01
-1.037161612950467671e+01
-5.675994466293333929e+00
7.798323539953522232e-02
3.589948529047744863e+00
3.565752679617121057e+00
1.086633792457742276e+00
-1.631046256341383893e+00
-2.955046403362701746e+00
-2.731066908781820235e+00
-1.854091861720142287e+00
-1.109566939530605145e+00
-3.882870741917614499e-01
1.045021667385899189e+00
3.515842874514142569e+00
6.125420038324272731e+00
7.008241105103591551e+00
4.636351049327563700e+00
-7.715762269904923309e-01
-6.893107568758439996e+00
-1.045585248254932509e+01
-9.246553584889371180e+00
-3.622051711938049756e+00
3.567153426819226425e+00
8.662587150372637268e+00
9.398480095856566408e+00
6.159806153303683196e+00
1.493130019957936927e+00
-1.729087079680793337e+00
-2.186887972841015770e+00
-7.571524973061070085e-01
4.375091268741532202e-01
-1.982552218878662065e-01
-2.459309791845383675e+00
-4.480692499950221119e+00
-4.161054824330932433e+00
-8.142640274831089986e-01
4.156284498621635848e+00
8.058031179199636185e+00
8.636044919758440130e+00
5.537376764929460293e+00
5.241285270485276371e-01
-3.678058748844436288e+00
-5.086639732899480570e+00
-3.580703414320968836e+00
-7.455210527849427393e-01
1.347228564552742425e+00
1.517601559835743963e+00
7.751442544283482228e-02
-1.667700739850784153e+00
-2.542495570674635275e+00
-2.369735365997154730e+00
-1.954140639946401858e+00
-2.243769684056909686e+00
-3.355504643019358912e+00
-4.254399018481210604e+00
-3.396039035092771829e+00
7.319458212814278220e-02
5.400651200885436154e+00
1.029108321566137008e+01
1.201090131682602014e+01
8.908247725601086131e+00
1.442263625314221365e+00
-7.888259616363974658e+00
-1.566380967369792110e+01
-1.906606677059761523e+01
-1.699701940728937544e+01
-1.031068634423583141e+01
-1.216936768198513263e+00
7.681512459399205461e+00
1.421398727277215102e+01
1.707877183929770126e+01
1.594663706621881616e+01
1.140958984556555045e+01
4.857669164041945820e+00
-1.792705532667981716e+00
-6.618900646376081554e+00
-8.387025465639034394e+00
-7.113721383471154347e+00
-4.118234578297771620e+00
-1.407324056978390026e+00
-6.392684728533603034e-01
-2.227805699804327855e+00
-5.125537984734062746e+00
-7.443260287570246270e+00
-7.550534638256935160e+00
-5.002650131131475497e+00
-7.547982265556054671e-01
3.421913504999854805e+00
5.922738928732451669e+00
6.090735882620920805e+00
4.391518750048275521e+00
1.993989593621895429e+00
1.098329614807785903e-01
-5.056906318742012685e-01
2.937176761573966344e-01
2.154473477482797605e+00
4.400663489417682150e+00
6.184704335470877723e+00
6.672282073187413509e+00
5.347825019702741933e+00
2.370981943112100865e+00
-1.272667097002927905e+00
-4.080958274479900894e+00
-4.784625641560319664e+00
-3.139351118361571213e+00
-1.974299149881348914e-01
2.249998192933619023e+00
2.804324535475045010e+00
1.426896054568423944e+00
-4.908982793285501245e-01
-1.116563630871903356e+00
3.958466279454868064e-01
3.075391544002596511e+00
4.615565466270564521e+00
2.974086662941540560e+00
-1.974449830908240111e+00
-7.969505941663616255e+00
-1.157817630205237691e+01
-1.040263684267755906e+01
-4.795304395748921422e+00
2.184794698697504423e+00
6.679114682890764598e+00
6.577853238875040809e+00
2.950961434740082989e+00
-7.001336460413322138e-01
-9.335051870973836152e-01
3.098479096006739208e+00
8.874243115960458894e+00
1.211198097184387734e+01
9.717069240165578492e+00
2.040433872743463439e+00
-7.152329590595514652e+00
-1.303329381701128042e+01
-1.280087806960122343e+01
-7.399533569696618684e+00
-7.200119140072611668e-01
3.112264259358041407e+00
2.440444991057534985e+00
-1.087712701346053468e+00
-4.034234138041854933e+00
-3.833676918864143968e+00
-6.254546843853816540e-01
3.045118510567141445e+00
4.345174659857431010e+00
2.431379242127116758e+00
-8.659804965159283441e-01
-2.479594827517380473e+00
-5.694612282624501587e-01
3.881757176373735962e+00
7.617116039358772461e+00
7.474551178556811948e+00
2.860800140972969086e+00
-3.532586432886012595e+00
-7.401790408370640506e+00
-5.793015247080617769e+00
7.161724650145466775e-01
8.187072252787897852e+00
1.178653293619042053e+01
8.898516392295611865e+00
7.900175873776493773e-01
-8.246576925026456450e+00
-1.362468475945412649e+01
-1.319565555065110551e+01
-8.218106909891083944e+00
-2.101684932490589741e+00
2.012212446426167034e+00
3.093223997327414931e+00
2.331440422931339906e+00
1.692546060439114930e+00
2.179248511891878515e+00
3.132088403041904279e+00
2.994569322136762857e+00
8.192842063709524503e-01
-2.730397068398863869e+00
-5.677195737367192407e+00
-6.091215054582635346e+00
-3.478308995452570329e+00
8.322731474649536221e-01
4.557789094529225871e+00
5.928094283170567635e+00
4.706275965699943775e+00
2.120371933336070658e+00
-1.143481190733642017e-01
-8.962027149602984633e-01
-2.081489525614526048e-01
1.216653509461914417e+00
2.590866686399305951e+00
3.509042835678194194e+00
3.854300215617287417e+00
3.437928852322731377e+00
1.871142734215228920e+00
-1.087832024747197535e+00
-4.979255652630445894e+00
-8.447795719689059624e+00
-9.769682885695573304e+00
-7.882604751480377203e+00
-3.216909662433273809e+00
2.336657827052364134e+00
6.409931486897980868e+00
7.480320898322686318e+00
5.647639230215895978e+00
2.359157117213483534e+00
-6.603652104626396291e-01
-2.454211308682396009e+00
-3.108753112773614102e+00
-3.163262207912767021e+00
-2.770602060948859524e+00
-1.419307396709421409e+00
1.467148191678781188e+00
5.537151073119592759e+00
9.055173919246422898e+00
9.602641218914218513e+00
5.664535004252408967e+00
-1.970115006758433651e+00
-1.012214189195010405e+01
-1.476350261272474818e+01
-1.334829390364928869e+01
-6.442925221072814068e+00
2.473505593710044526e+00
8.991744422510237200e+00
1.030114588020225597e+01
6.659510456749184293e+00
9.180961131051463830e-01
-3.478050534427286067e+00
-4.613542543911819394e+00
-2.963244861700728983e+00
-5.657319316207646276e-01
7.197292743820293826e-01
5.294681148266781046e-01
-3.195068265014722186e-02
3.871728286046492995e-01
2.018931883011932715e+00
3.584646309948215315e+00
3.219996420597857067e+00
2.557792593378627188e-02
-4.955486801594968682e+00
-9.139297793475652298e+00
-9.988305093712099847e+00
-6.713224332325749444e+00
-9.008708113507069015e-01
4.398153460276908788e+00
6.539024964974612608e+00
4.883958943869860292e+00
1.104024881596564533e+00
-1.975219415676288781e+00
-2.196701670259008310e+00
6.132831196523509387e-01
4.628735083990537902e+00
7.236434442453026250e+00
6.656194541044602175e+00
2.966004486481942592e+00
-2.026666399606177560e+00
-5.893246766540881865e+00
-6.948189436649430561e+00
-5.077882301706165613e+00
-1.633066204557420020e+00
1.453426439013246307e+00
2.759590397233698589e+00
2.064548021047394322e+00
3.030707368851791039e-01
-1.124143846427255289e+00
-1.251820905796628525e+00
-1.362692114297949786e-01
1.210582020564304750e+00
1.500577947563982883e+00
5.723006233515814944e-02
-2.641884386556983877e+00
-5.144093928204902966e+00
-5.864955909415793478e+00
-4.097558048738029868e+00
-5.309282368803822649e-01
3.110835367467614354e+00
5.133034362360209713e+00
4.962082964966599619e+00
3.512453248666758121e+00
2.526674795471423263e+00
3.292459646369233717e+00
5.618247648815536621e+00
7.829087725601068470e+00
7.863463166168248364e+00
4.758871740784307747e+00
-5.200673810408682485e-01
-5.554453099988026388e+00
-7.991443884204941561e+00
-7.089477135888184733e+00
-4.192473692817373809e+00
-1.752787417461443287e+00
-1.549442093377954244e+00
-3.357119038063337779e+00
-5.052217429429356699e+00
-4.150386247701055353e+00
2.620048565141941399e-01
6.575499110697879956e+00
1.143308008886822513e+01
1.180793659293970066e+01
7.038772725110520767e+00
-5.451760888707815056e-01
-6.876894132930449821e+00
-8.529045700116919093e+00
-4.736892777413021172e+00
2.175576445916970414e+00
8.189533557177206546e+00
9.911008197985077928e+00
6.415576079654802477e+00
-4.068831251068658617e-01
-7.078630767474358265e+00
-1.050315294302413527e+01
-9.527198284503244352e+00
-5.311486073807770047e+00
-4.666417533222564362e-01
2.443388375557047354e+00
2.201137350677009774e+00
-5.713521180556611068e-01
-3.873904825320614975e+00
-5.444293527883262485e+00
-3.969848935607493079e+00
1.793744756259636475e-01
5.059141016116811329e+00
8.093300838718336720e+00
7.431540782763433661e+00
3.037914952883637554e+00
-3.118098911924285233e+00
-7.969873564553818568e+00
-8.946398403650874798e+00
-5.382971148963932251e+00
1.083114898185970398e+00
7.401922828884980987e+00
1.077858368353844831e+01
1.012218104685501174e+01
6.420128361602945866e+00
1.883846223213742732e+00
-1.494793666040979963e+00
-2.997162415503373811e+00
-3.207647612882814414e+00
-3.153820668714601094e+00
-3.315307254983935525e+00
-3.285531174977703639e+00
-2.299753931884584102e+00
-1.307998851207099467e-01
2.440607053870326393e+00
4.022263357822716046e+00
3.599232057071219071e+00
1.334656687424963462e+00
-1.480030916665125318e+00
-3.327227673026694532e+00
-3.534739194987182032e+00
-2.678642129655628867e+00
-1.995511452382650930e+00
-2.274638374440132615e+00
-3.137468044355013586e+00
-3.324130383549339651e+00
-1.798566069207985230e+00
1.211947042249231776e+00
4.137279540742817119e+00
5.115842102073293596e+00
3.431275587312714315e+00
2.063942856998586262e-01
-2.278644538442930134e+00
-2.237965438911690086e+00
2.039773195727990762e-01
2.954257517422178569e+00
3.414637254214639039e+00
4.780141432479469987e-01
-4.406823058482436828e+00
-7.972674550501476887e+00
-7.270667737567310773e+00
-1.764832224972778363e+00
6.090976433832580028e+00
1.224775596352784746e+01
1.352102379916319919e+01
9.477282349277208695e+00
2.522810168338669001e+00
-3.777729516783398189e+00
-6.934441626520315261e+00
-6.802452003467994501e+00
-5.144005048260017254e+00
-3.978266777585864666e+00
-4.022853899047508008e+00
-4.354040885045780129e+00
-3.433087083570495412e+00
-6.167201596671991748e-01
3.057805438135405396e+00
5.441385525856125227e+00
4.794779510380744902e+00
1.150211048517694845e+00
-3.493076672925771398e+00
-6.322461115980805957e+00
-5.463639495509749366e+00
-1.183172750312504462e+00
4.222199324980321578e+00
7.753258880672935227e+00
7.413108085966782390e+00
3.282510250816750741e+00
-2.589944005198659749e+00
-7.320163476546299286e+00
-8.653249074544692832e+00
-5.996930988272670682e+00
-5.886569616622454593e-01
5.168493983534123259e+00
8.814177497050712518e+00
8.880101216771841166e+00
5.466748040915990536e+00
1.432327998699596261e-01
-4.776993804741835881e+00
-7.283542340913770730e+00
-6.576593657356102796e+00
-3.393286566897047329e+00
4.356333366291177400e-01
2.988058600103784546e+00
3.268885953688512647e+00
1.662509028734627137e+00
-4.412620148664743169e-01
-1.599847749863076540e+00
-1.230748319379343592e+00
1.056309492453929577e-01
1.217215526894709798e+00
1.206024979561894028e+00
1.434929401997064868e-01
-9.916092094019819392e-01
-1.075541908478743647e+00
2.406569047639857128e-01
2.127787840141504461e+00
3.023482589803311971e+00
1.674075717363229687e+00
-1.905329859491473377e+00
-6.210999275946692322e+00
-8.972209698785905019e+00
-8.419804839241106009e+00
-4.353612777131065315e+00
1.633243148709771164e+00
6.924132489057196693e+00
9.221112554350625601e+00
7.718934001218448415e+00
3.475918486098604099e+00
-1.200160643621274170e+00
-3.995447254780906121e+00
-3.778686846267454769e+00
-1.101829443344072956e+00
2.228137967336951242e+00
4.229890205147502691e+00
3.849042625262758754e+00
1.455262729089161766e+00
-1.517982735904674696e+00
-3.522392836341663891e+00
-3.809951854170529728e+00
-2.736758365524068815e+00
-1.305612766013585002e+00
-3.290415863431608301e-01
1.412673200273313334e-01
6.820047060900900071e-01
1.780182640315902232e+00
3.142131679526928956e+00
3.679923464185216986e+00
2.324172578989631699e+00
-8.883357333060000194e-01
-4.356692210820760636e+00
-5.653113684419101226e+00
-3.152389176051884512e+00
2.535275129272416272e+00
8.479701928939372024e+00
1.102025270861074269e+01
8.145074374808423556e+00
1.054014554570159135e+00
-6.320414678243608364e+00
-9.724169723806692645e+00
-7.408739408585268471e+00
-1.413741875577263718e+00
3.716701585302877753e+00
4.047514543574547652e+00
-9.024962227044641683e-01
-7.629218569723914101e+00
-1.094048475803579024e+01
-7.604068158073443051e+00
1.177967234535921559e+00
1.028895592298242789e+01
1.399619150860014116e+01
9.842094898076023668e+00
4.414209527394608035e-01
-8.126769871756904351e+00
-1.031177455757548600e+01
-4.780148817024516994e+00
4.709870001666558892e+00
1.184096835635688549e+01
1.194058384447742327e+01
5.001836404291157834e+00
-4.475151220922663597e+00
-1.060892907186288880e+01
-1.001387568791615479e+01
-3.797642366303922934e+00
3.545501533057445087e+00
7.386869585108931879e+00
5.995537252985139176e+00
1.299084302091576992e+00
-2.950829526484143539e+00
-4.083388035455367771e+00
-2.308149616446431907e+00
-1.811381289069020628e-01
-2.940247459027777732e-01
-3.034178806651022686e+00
-6.143590529228451835e+00
-6.412947074633871480e+00
-2.238386059558946428e+00
4.879994234526581209e+00
1.105745015010869103e+01
1.252506823592773522e+01
8.197537820310706991e+00
5.314666300673465127e-01
-5.933979253206246973e+00
-7.399271220858300246e+00
-3.151086899305893141e+00
4.045530572392889823e+00
9.684597606845718687e+00
1.021977448349894679e+01
5.047843406893042228e+00
-3.333196465558944332e+00
-1.090476087486617018e+01
-1.435290884723129956e+01
-1.262072593229900086e+01
-7.058224205386498085e+00
-3.558981589415226576e-01
4.918739100958397614e+00
7.340129499142588720e+00
6.830114700862599975e+00
4.241650082109496900e+00
7.856131906110641605e-01
-2.350406673163595528e+00
-4.157357263436828987e+00
-3.920836599891602159e+00
-1.447169843087928065e+00
2.676829788740628935e+00
7.052740825709567396e+00
9.883933122677696304e+00
9.766481232065036266e+00
6.466806513118880773e+00
1.186614268877678846e+00
-3.950853923766059150e+00
-6.993225398237577828e+00
-7.224243566043284659e+00
-5.539528273460104124e+00
-3.846507231298943452e+00
-3.807669557149479633e+00
-5.699789255485155692e+00
-8.144514877153376631e+00
-8.945504929774109826e+00
-6.549237375529382454e+00
-1.197470231658535500e+00
5.017163364517113422e+00
9.298818505594368844e+00
9.810915784240965110e+00
6.789895997371174552e+00
2.369357263645575529e+00
-7.920873208546517219e-01
-1.188323884371712769e+00
6.561931110987496707e-01
2.679911077861810043e+00
2.792893743860031197e+00
3.561811803459062897e-01
-3.380852830757012040e+00
-6.164430645881592064e+00
-6.299553419553761913e+00
-3.789987954602571207e+00
-2.748150694343292066e-01
2.151510884410948510e+00
2.362910868391837393e+00
8.541712985658324042e-01
-8.015544250963767547e-01
-1.232239790634619858e+00
-3.019086554867145278e-01
8.692027179743035958e-01
8.914369943671465180e-01
-6.699769230986312163e-01
-2.784490539223607453e+00
-3.583888150948564721e+00
-1.708999607959849953e+00
2.583898046824675276e+00
7.364860885379013844e+00
1.010245756025305219e+01
9.173390447520164415e+00
4.833318411336157361e+00
-9.455510944364498016e-01
-5.614020111444865790e+00
-7.414331301403534802e+00
-6.168646810024333682e+00
-3.127163990905170277e+00
-1.149932412679239846e-01
1.435986214393041305e+00
1.055688385022556908e+00
-7.625330377988748243e-01
-2.961879262285490366e+00
-4.439024443036879042e+00
-4.472716399171631885e+00
-2.982508647727319051e+00
-5.818699012571868501e-01
1.623644338040088231e+00
2.504214111174752233e+00
1.502236677396731057e+00
-9.495604450341204039e-01
-3.508547586208456082e+00
-4.580079720128161114e+00
-3.245841130241396755e+00
1.016899818021390622e-01
3.878334227403858581e+00
6.185879839217612641e+00
5.936619219143347337e+00
3.506510239617713687e+00
4.789855807304350122e-01
-1.361805904658770494e+00
-1.127351630634129576e+00
7.013889935316154345e-01
2.697781407856822966e+00
3.474346757898999272e+00
2.539472062775158800e+00
4.792431490151907170e-01
-1.573910932359265491e+00
-2.734965734214749311e+00
-2.848788919831745758e+00
-2.386039692473354012e+00
-1.937381281202486427e+00
-1.755227068053094808e+00
-1.681991470132088162e+00
-1.443188812557964606e+00
-9.821541168769929442e-01
-5.104054285019052895e-01
-2.276828545393672076e-01
1.792859018334436172e-02
7.761751601354826002e-01
2.618281936822627110e+00
5.565992118100448138e+00
8.758924404542618447e+00
1.067800615291920607e+01
9.881045058195388364e+00
5.852582963666185911e+00
-5.330464365262881365e-01
-7.227761322072303152e+00
-1.182256002717117482e+01
-1.256721024909532858e+01
-9.125210275253602177e+00
-2.740990400117267800e+00
4.237045530611577071e+00
9.279359506170109739e+00
1.068242299029034470e+01
8.256570573208529495e+00
3.384617670182610283e+00
-1.626174620225831591e+00
-4.654090662986336113e+00
-4.814416416758600548e+00
-2.882776146705423592e+00
-7.997818086188256403e-01
-4.777839216040711268e-01
-2.584888649519935910e+00
-6.061389892418559633e+00
-8.716584218822756469e+00
-8.575544741471277987e+00
-5.134244412047712203e+00
2.937854229807113082e-01
5.374071984367452259e+00
8.161535746155458071e+00
8.177296812514356361e+00
6.441550254911526885e+00
4.493244341397664599e+00
3.152287934882464171e+00
1.963306362059484833e+00
-2.450814455081606891e-01
-4.093173917208100754e+00
-8.653257444230979090e+00
-1.157075221468455339e+01
-1.038627097641139585e+01
-4.264816009955747056e+00
5.032518315777232409e+00
1.368623308853424092e+01
1.767775725475084769e+01
1.493069757324393088e+01
6.484536545657853424e+00
-3.987108920017717217e+00
-1.203389122033276948e+01
-1.461076249650980508e+01
-1.140641244117384190e+01
-4.686606756124747086e+00
2.126446251733886683e+00
6.266255968656885500e+00
6.841073258152554182e+00
4.902108763780926637e+00
2.478362264318490826e+00
1.233065467629970158e+00
1.529849489368089399e+00
2.395351258382506288e+00
2.322739934319232979e+00
3.805237101962402058e-01
-3.068593340872705522e+00
-6.487971508436694457e+00
-8.061306081214432595e+00
-6.811247092629245437e+00
-3.236361310266698155e+00
9.519582824312970981e-01
3.840722738328991692e+00
4.431417407597905367e+00
3.141131053850764410e+00
1.379925361451665111e+00
5.268712623627784808e-01
1.037009546426322482e+00
2.296037782015636797e+00
3.270342385000291507e+00
3.395324537389430741e+00
2.970421318858361026e+00
2.737438637712420242e+00
3.007616781020268526e+00
3.124167313200922891e+00
1.830014149389829647e+00
-1.622518605368657774e+00
-6.472311832952938992e+00
-1.047529091243279176e+01
-1.117458566877109583e+01
-7.650951107856841737e+00
-1.476290004987924398e+00
3.982951187778378532e+00
5.627042628233738242e+00
2.712029890257507958e+00
-2.524886409058374692e+00
-6.259129060398820776e+00
-5.635593113889630246e+00
-7.562651701412490546e-01
5.305280782613787771e+00
8.521907658905861993e+00
6.602106518031852112e+00
5.116045599160861101e-01
-6.194342849301298415e+00
-9.721769973120208519e+00
-8.422417902002299783e+00
-3.609423037685782987e+00
1.628949175336585897e+00
4.636377285272522464e+00
4.799294548748024525e+00
3.503756663486526701e+00
2.662007452000337615e+00
3.057730320651703693e+00
3.791191722271389786e+00
3.182273717901238808e+00
3.544828789819779447e-01
-3.766653856076627171e+00
-6.826500249475456528e+00
-6.534091901818110060e+00
-2.224440461283539783e+00
4.564094918643462506e+00
1.083191496029426659e+01
1.365213445491510313e+01
1.156911735419544840e+01
5.177838266607389883e+00
-3.220100079815160221e+00
-1.054234779740687244e+01
-1.401248270502506088e+01
-1.213463446290414893e+01
-5.371430632428318752e+00
3.734014375625467341e+00
1.128972293097969803e+01
1.366204490806372895e+01
9.389306484542780495e+00
3.302564878295832784e-01
-8.906379424689047752e+00
-1.329874001800382644e+01
-1.034368235912409517e+01
-1.758803651284209124e+00
7.326911229592518282e+00
1.142062830565077292e+01
8.109864080477477088e+00
-3.700272568312414911e-01
-8.579717432948086753e+00
-1.144711788832116461e+01
-7.580166541034590644e+00
-6.009803820145231956e-02
5.817726101662043625e+00
6.252984321330910866e+00
1.485379425569301137e+00
-4.583314044851219293e+00
-7.337534097096806818e+00
-4.781680796203584549e+00
1.146915615540482491e+00
6.160587586866952847e+00
6.840672539264261331e+00
3.079658579707219346e+00
-2.014319963115079659e+00
-4.577554839057819791e+00
-2.898331753136623945e+00
1.407012374750364447e+00
4.757945619601054332e+00
4.395411911663408944e+00
4.501617608216896826e-01
-4.226794394601764537e+00
-6.258248288845077667e+00
-4.242507123062907226e+00
3.065101479967507481e-01
4.195732069524782837e+00
4.929359878427338693e+00
2.403693983972476911e+00
-1.273829790181301824e+00
-3.550383761694960505e+00
-3.321851468304893196e+00
-1.520458176167366116e+00
-7.652923510004161489e-02
-2.143171319261556462e-01
-1.484106013465830820e+00
-2.248049301878359163e+00
-1.133586436018860555e+00
1.774112113319249229e+00
4.950400994850266301e+00
6.590271024226846741e+00
5.932485949899144018e+00
3.698641057141333732e+00
1.368834875730702283e+00
-3.327248358800583006e-02
-6.217233546723864857e-01
-1.275921946073337976e+00
-2.603473576235509679e+00
-4.176816081354539634e+00
-4.732319674728414860e+00
-3.200140478810355571e+00
2.692036010755445297e-01
4.129548113107435192e+00
6.296176528265138295e+00
5.424302107261953942e+00
1.710021314546808391e+00
-3.278471094145327225e+00
-7.505575961905568860e+00
-9.425438561982321772e+00
-8.444404467527023783e+00
-4.853876050379978047e+00
4.161370110919909715e-01
5.939788459685694910e+00
9.929435846368933838e+00
1.068599659224540233e+01
7.453469780224766694e+00
1.223349450632780666e+00
-5.270581096808554022e+00
-8.763085687537865098e+00
-7.371012143680752970e+00
-1.960196802734514243e+00
4.164721504321354573e+00
7.297567438394827022e+00
5.819246722381613779e+00
1.338500902294742279e+00
-2.490608404193921377e+00
-2.758397364041279332e+00
3.374886052997403407e-01
3.448433896321733805e+00
2.601994320731030097e+00
-3.447635983746420774e+00
-1.161887065129563723e+01
-1.612661928810168988e+01
-1.246518980163403612e+01
-9.959700135831863754e-01
1.257715047751213611e+01
2.048819734675488746e+01
1.789766082152900495e+01
6.190493283045027439e+00
-7.771114056740255904e+00
-1.602611983507785354e+01
-1.457101738014238634e+01
-5.661640595339777704e+00
4.130912642307880134e+00
8.627001673767004775e+00
6.147482900723995058e+00
2.069419545839330521e-01
-3.505714723089907281e+00
-1.512858992583493656e+00
4.913583065105667558e+00
1.080542597427603368e+01
1.122857135322227862e+01
4.892655299633986488e+00
-4.941026575921102726e+00
-1.277288873981955319e+01
-1.459475143917729412e+01
-1.033691926196958377e+01
-3.433630662627641605e+00
1.918827144042446475e+00
3.639620323309742833e+00
2.708832130723346943e+00
1.722603827725288195e+00
2.420038538656257288e+00
4.207447576122831379e+00
4.791026420708490718e+00
2.319739367829761090e+00
-2.730108689338324623e+00
-7.469734117525693051e+00
-8.457700961007571294e+00
-4.173799918226584360e+00
3.687182990725557996e+00
1.104843604439941274e+01
1.386532075976504785e+01
1.052319245378080304e+01
2.707031391896832062e+00
-5.693724118937881329e+00
-1.082663440499695895e+01
-1.084943406535870025e+01
-6.575087511207578395e+00
-6.600762672664357567e-01
3.965688919991675832e+00
5.482861824000200279e+00
3.771194422060379026e+00
1.477793616446727021e-01
-3.410029487988226027e+00
-5.138817424095384112e+00
-4.156087415166615173e+00
-7.526806070971305829e-01
3.760546236803420150e+00
7.613596656648841332e+00
9.342294306406763837e+00
8.407434512380376646e+00
5.339508781198977871e+00
1.333420564386424978e+00
-2.430683753601161179e+00
-5.277089552835839470e+00
-7.026644355563792743e+00
-7.594392111336733642e+00
-6.642220232736618435e+00
-3.710508797998133268e+00
1.168390113647800987e+00
6.870137137311970399e+00
1.123127182901605536e+01
1.199544393767452810e+01
8.195640249260772947e+00
1.047019220483742075e+00
-6.398409216995906590e+00
-1.080795411874744616e+01
-1.044859375273313518e+01
-6.191639749677618987e+00
-9.475107476438173748e-01
2.148920109160022296e+00
1.649360072275396938e+00
-1.422026182456927579e+00
-4.380884204299502649e+00
-4.715648247809067328e+00
-1.725873554353670514e+00
3.064570676077841060e+00
6.907805599320132828e+00
7.531354060371073800e+00
4.450527851821463265e+00
-8.465294636308620113e-01
-5.821688916875263686e+00
-8.257841558386308733e+00
-7.274980969798135355e+00
-3.537536425927884309e+00
1.274317465158036011e+00
5.307883828639959667e+00
7.253777698119564299e+00
6.699645721328931991e+00
4.113857672599437798e+00
5.655534492022917803e-01
-2.697613616153556215e+00
-4.692763047969393142e+00
-5.022905901034794951e+00
-3.938539132400342702e+00
-2.100983001772418479e+00
-1.802907994129248070e-01
1.456213901657420262e+00
2.758436362147420606e+00
3.727217351564727998e+00
4.121372053808983082e+00
3.443097189224715304e+00
1.297189481608097328e+00
-2.109351167756789991e+00
-5.744556257737965410e+00
-8.084071790206211361e+00
-7.886053948320924434e+00
-4.936636800056311891e+00
-2.564511788765879707e-01
4.401024945418802403e+00
7.446232900634336183e+00
8.167041568894230608e+00
6.836030763016306189e+00
4.247108121706021144e+00
1.123570701081639811e+00
-2.122127293759957123e+00
-5.151328662405679992e+00
