-2.246239162176014936e+00
-4.182827376633419192e+00
-4.153077511692247370e+00
-2.102078450260845166e+00
5.333761535663781306e-01
1.725429131309232478e+00
3.545561882091628481e-01
-2.788088141271028775e+00
-5.337924587080219219e+00
-4.927845650204983663e+00
-9.315416568227763428e-01
4.898840870160337424e+00
9.442544166556530172e+00
1.023004381617855429e+01
7.081484669819182898e+00
2.215188375590801062e+00
-1.248187901560336321e+00
-1.338309085810713395e+00
1.560313895404042750e+00
5.113874067097730958e+00
6.674362065329413340e+00
4.962415817891327130e+00
6.999997588675941351e-01
-4.072572863669672749e+00
-7.347889282135405153e+00
-8.190796602630175727e+00
-6.892748140626735243e+00
-4.403480906918688653e+00
-1.660779623831777130e+00
6.843118611347306368e-01
2.148783499523989615e+00
2.289985103868254157e+00
8.843303713991900183e-01
-1.689895330218319502e+00
-4.305684669498761608e+00
-5.518101840438851546e+00
-4.425643973344021376e+00
-1.358218767087103984e+00
2.201975342306672800e+00
4.526229559255466661e+00
4.773835261614163272e+00
3.520269472628346996e+00
2.259521208358762134e+00
2.235340190053926701e+00
3.485045809587695054e+00
4.830673420056090350e+00
4.823989532166788052e+00
2.909300692710238057e+00
-1.019504535277917512e-01
-2.610045975106971561e+00
-3.399547419610117416e+00
-2.489551388579650748e+00
-1.015905330432635312e+00
-2.733736180124988202e-01
-7.010854646999676865e-01
-1.612658998894286988e+00
-1.852633901647344983e+00
-8.144616143131754304e-01
1.015007278946918667e+00
2.408921883459071989e+00
2.336645916521983946e+00
7.112085881766418982e-01
-1.632315775834588756e+00
-3.647407743057927920e+00
-4.831267070033558042e+00
-5.385640541970252215e+00
-5.702862993001661884e+00
-5.715571768517446749e+00
-4.779795652333702627e+00
-2.274844014837694495e+00
1.586881030398444858e+00
5.525047613518667688e+00
7.893634051274073471e+00
7.871560446565089464e+00
6.177846476300271839e+00
4.616861754067002721e+00
4.669243546348694096e+00
6.186016394238949445e+00
7.295499523027603850e+00
5.764789198134179671e+00
8.910737523273861704e-01
-5.543599933688162729e+00
-1.013999981115814109e+01
-1.011840502803955033e+01
-5.367419112729816533e+00
1.240875455231877256e+00
5.624599189616645845e+00
5.183301776092756441e+00
5.146245602458878743e-01
-5.077963045811104692e+00
-7.937860750917836050e+00
-6.574121384314956629e+00
-2.546278378575378643e+00
8.679518410992805855e-01
1.174447939972194543e+00
-1.541486214653090991e+00
-4.819480307043894740e+00
-5.792561029889117918e+00
-3.372676389535020469e+00
1.002123936507640867e+00
4.566735550841565683e+00
5.382102311475495782e+00
3.752143968365276194e+00
1.835006090368299647e+00
1.810745389447538489e+00
4.085102763802646031e+00
6.949550814008389032e+00
7.946350801282697773e+00
5.835714582644099480e+00
1.594185476484130337e+00
-2.347607492567044041e+00
-4.012504944878970470e+00
-3.393537598740949512e+00
-2.344504661241777921e+00
-2.907148186214700392e+00
-5.415981956689432053e+00
-7.960083883923209314e+00
-7.756870158672966475e+00
-3.472260760571140636e+00
3.315170247324706665e+00
8.773866039530220817e+00
9.314354124229446086e+00
4.201156151089231017e+00
-3.648042759647282196e+00
-9.387085901634579344e+00
-9.403908182421503170e+00
-3.760090075455932102e+00
3.807505004130884885e+00
8.364963135336139999e+00
7.061517178141464512e+00
9.831201198975847433e-01
-5.650260858367285977e+00
-8.342225730346330081e+00
-5.256640596718001213e+00
1.722147895707618837e+00
8.409470756589948692e+00
1.112749693557901765e+01
8.946330179405466154e+00
3.928311599687853040e+00
-5.945766358453542511e-01
-2.351088169793560390e+00
-1.423389684462955884e+00
2.641335545101783921e-01
6.853998726315894130e-01
-7.118197058933957155e-01
-2.742374964439240781e+00
-3.617792141878346523e+00
-2.510765448286688795e+00
-3.079153905726964569e-01
1.026204005508843053e+00
-2.285809834751317826e-02
-3.269983588007161046e+00
-6.817938768158169793e+00
-8.318873601921922045e+00
-6.606724317836664362e+00
-2.524954828793908757e+00
1.643262646117970238e+00
3.731876511599667268e+00
3.128979250925049804e+00
1.090752163853606405e+00
-2.568278759901372332e-01
5.134642908955741047e-01
3.117950992113962094e+00
5.810504216834535107e+00
6.683614539327020765e+00
5.068982153131807777e+00
2.030361190512775860e+00
-3.976709817004038250e-01
-6.758946448829077358e-01
1.112494102464424595e+00
3.272781403004959344e+00
3.647029655058900310e+00
1.113093430182498178e+00
-3.582815922188807178e+00
-8.210526789793263447e+00
-1.038643434685456057e+01
-8.973461616469229796e+00
-4.678142592683721901e+00
4.551133321412838550e-01
4.235781307810112750e+00
5.414985270424066854e+00
4.060868683893950504e+00
1.161661757131190020e+00
-2.107655831868502805e+00
-4.908877100568001417e+00
-6.800461038737841690e+00
-7.497198568255959650e+00
-6.698368037597782099e+00
-4.211884783866964632e+00
-2.685379110586429974e-01
4.304853054203546137e+00
8.305188774078800407e+00
1.069778858019666856e+01
1.112557325313470891e+01
1.000790390475681590e+01
8.146076845874945960e+00
6.128465431945135045e+00
3.989640447653079569e+00
1.386405845517591828e+00
-1.853287397291985439e+00
-5.262898507739123488e+00
-7.771416945443399449e+00
-8.291196831680281321e+00
-6.478404355290384053e+00
-3.113874649143318685e+00
2.165037835803071409e-01
1.984351773465412361e+00
1.581212184528550946e+00
-3.779523696889465212e-01
-2.500884719302066017e+00
-3.509669980844948078e+00
-2.993158787289802891e+00
-1.552681320311227964e+00
-2.931704167493407454e-01
-3.798981016305424951e-02
-7.957205302254193313e-01
-1.802086562441543194e+00
-2.063047004115937888e+00
-1.011283223946581655e+00
1.147464530314741937e+00
3.585538125599983417e+00
5.361578076107822000e+00
5.943296324425270782e+00
5.435543824625460374e+00
4.420510400191951739e+00
3.557696906072605358e+00
3.207605808582464135e+00
3.285056874810025729e+00
3.379328078169981264e+00
3.018994696048856508e+00
1.904364390677156571e+00
-4.047586633966648861e-03
-2.528786605661451858e+00
-5.350137627296436271e+00
-8.022148044222468855e+00
-9.937763276044620397e+00
-1.035547057155385886e+01
-8.612515208663605648e+00
-4.527651364113159715e+00
1.199180025969098118e+00
6.906805345684824182e+00
1.044521480607431307e+01
1.012817437564289946e+01
5.726051676602597951e+00
-1.113770238582886041e+00
-7.423644247769882298e+00
-1.031444396380441297e+01
-8.512908289754465230e+00
-3.127609172248994263e+00
2.903066487886882818e+00
6.453584519159827337e+00
6.003969019471657731e+00
2.480040668355749212e+00
-1.409061989414690963e+00
-2.936944715857765065e+00
-1.102007487136526631e+00
2.783137447704482348e+00
6.027743675839685622e+00
6.380454550579392148e+00
3.499971895716823767e+00
-8.938129587969464440e-01
-4.241794086361281302e+00
-4.856464780365321587e+00
-2.937658171989814271e+00
-2.453567610412912547e-01
1.249320479775282378e+00
7.177088250246784762e-01
-1.118649170761544243e+00
-2.727580042787640657e+00
-3.003366410179843182e+00
-2.033210978751513132e+00
-8.531719903875125688e-01
-4.699016947780936260e-01
-9.857137820011565577e-01
-1.543368228907765705e+00
-1.117893138321667479e+00
5.165387101759946198e-01
2.467614699443744009e+00
3.359025695232031872e+00
2.447536480160717343e+00
3.367661374811157238e-01
-1.317912558756583863e+00
-9.509869701470667902e-01
1.749203333934016058e+00
5.519066485341677541e+00
8.290609408172969097e+00
8.502794901133785999e+00
6.022575733634081274e+00
2.064524915477652378e+00
-1.745389866166329629e+00
-4.409519428240878725e+00
-5.943653494742905607e+00
-6.917471493219025547e+00
-7.633980072734655842e+00
-7.682087082402544453e+00
-6.248250517945103333e+00
-2.927719667432004069e+00
1.643497991015112625e+00
5.883291584832376131e+00
8.070780714209615070e+00
7.314059890086049620e+00
4.023657554884135124e+00
-3.785759800623154092e-01
-4.243206852323432088e+00
-6.420478981824831344e+00
-6.543136382767183790e+00
-4.882139396392012998e+00
-2.074167175232169757e+00
1.036651601410318868e+00
3.479549991222266492e+00
4.378712965333138030e+00
3.401931302901378018e+00
1.183295137342944114e+00
-7.303679370387377023e-01
-6.406472342174254209e-01
2.152821968664788699e+00
6.586831630326203779e+00
1.014376050046571365e+01
1.025222764380598939e+01
5.969600650680455090e+00
-1.203703418289041593e+00
-8.044771063667386812e+00
-1.149585404074584361e+01
-1.049632501586112809e+01
-6.515782466720991373e+00
-2.425450785267705189e+00
-5.144077641908324505e-01
-1.059894324943754240e+00
-2.439179717554581295e+00
-2.625163470762630347e+00
-8.890506644797138147e-01
1.595463203294645638e+00
2.695396661385559334e+00
1.066861660811518675e+00
-2.653011070412236272e+00
-6.149245389994673516e+00
-7.025357654597335966e+00
-4.504443345298043688e+00
3.472511880551465424e-02
4.075501254882602176e+00
5.757325126765058698e+00
5.102855810657187519e+00
3.790659537476006147e+00
3.699724532060390647e+00
5.369203997603168688e+00
7.548606402823043737e+00
8.158262291472823335e+00
5.906930009673507342e+00
1.337589654820554141e+00
-3.468378848871363385e+00
-6.282874877665703295e+00
-6.181996562750269320e+00
-4.029801917441526271e+00
-1.726485916518061936e+00
-8.498381469452543913e-01
-1.684915583658407545e+00
-3.250058616840562298e+00
-4.149085089011337324e+00
-3.530331179979939282e+00
-1.492701028104231220e+00
1.186523476166283064e+00
3.607424181749440795e+00
5.101502447706955934e+00
5.241047010114254334e+00
3.760229146949539469e+00
7.032946108545964359e-01
-3.221345540524606754e+00
-6.493284192325337045e+00
-7.266304825789742239e+00
-4.443673281269401976e+00
1.313214509328217705e+00
7.495534389370199335e+00
1.093033463380922043e+01
9.671305995734645222e+00
4.375514239178948550e+00
-1.879519597185310031e+00
-5.394609088244727957e+00
-4.174232873014549483e+00
7.700728794596853888e-01
6.065644515751790422e+00
8.185462302308293303e+00
5.736349475420157162e+00
2.765045194830042519e-01
-4.868620644050858814e+00
-6.925039067388988556e+00
-5.480058016125795461e+00
-2.539055012713888893e+00
-8.640543327423199083e-01
-1.857624747685441502e+00
-4.549379810616941633e+00
-6.404206410435320684e+00
-5.326398696210246086e+00
-1.364042388222727942e+00
3.154955693726041677e+00
5.180679507034374076e+00
3.095389972018749880e+00
-2.060364807949027544e+00
-7.157258821129246940e+00
-8.956795016266056564e+00
-6.158466278159581364e+00
-1.637831101066562489e-01
5.886620412480846554e+00
9.088377347638393999e+00
8.436097318299847103e+00
5.158546144420111723e+00
1.662749724743915802e+00
-7.693578709272030913e-02
4.028806098148779435e-01
2.101532328020249363e+00
3.497253050700298793e+00
3.606136253508697820e+00
2.438438753548363369e+00
6.809761768592812459e-01
-9.864852639175105686e-01
-2.344245888298019942e+00
-3.547895569848563913e+00
-4.687797508289119897e+00
-5.460894939083610566e+00
-5.293200242751543882e+00
-3.835047716236308801e+00
-1.401611948178323352e+00
1.059353434285627227e+00
2.521304431988603767e+00
2.565632047011364492e+00
1.664352779605657195e+00
8.024424651240337214e-01
6.958831586108404910e-01
1.209591573571656697e+00
1.469251321185533810e+00
6.398812081350466752e-01
-1.210290025831297855e+00
-2.888995479018732659e+00
-2.806263591923418232e+00
-2.245649222873015161e-01
3.885042559907420756e+00
7.141711481757762492e+00
7.196222464266582186e+00
3.425642333598924338e+00
-2.335085769074824125e+00
-6.701630679185748285e+00
-6.857100008404591662e+00
-2.520807352148338509e+00
3.630519951598973449e+00
7.529827820302267938e+00
6.354587513040030444e+00
4.888049366463831369e-01
-6.578931597498688610e+00
-1.046075007423360859e+01
-8.760967734424607301e+00
-2.700954219324262162e+00
3.667851560586278037e+00
6.173125146800024332e+00
3.326248148976619134e+00
-2.693955258977895895e+00
-7.548989126660618609e+00
-7.690369828043797540e+00
-2.716360126687153098e+00
4.454969327489407327e+00
9.638465580354157680e+00
1.016238926952068233e+01
6.441172669982193177e+00
1.351569914183531118e+00
-1.972428617329277545e+00
-2.234713972741870336e+00
-4.858600727453816215e-01
1.143382078936584723e+00
1.325776390581935527e+00
4.978446118940058618e-01
1.932321661145266489e-01
1.406886352333772905e+00
3.440281102284758585e+00
4.272015221733097334e+00
2.222052067468581082e+00
-2.438953730057323188e+00
-7.324309112069128602e+00
-9.493447227149847123e+00
-7.626143098794425867e+00
-3.119296588623006183e+00
8.323181975069779970e-01
1.571183965687484640e+00
-1.014543467397061693e+00
-4.379476198760933414e+00
-5.268491426077038575e+00
-2.291862972369282936e+00
2.849643419327015703e+00
6.503510281592772557e+00
5.798197042450943250e+00
9.409518780421208817e-01
-4.700515166995830718e+00
-6.901444605394410736e+00
-3.644975931917290524e+00
3.299479608516627138e+00
9.494544525354523756e+00
1.090343697650305899e+01
6.725660406150638870e+00
-3.661675784322215854e-02
-4.690506668480196595e+00
-4.133973331957058406e+00
1.016529964914210105e+00
6.917135849065277675e+00
9.192759763597495137e+00
5.899754219666072608e+00
-1.282743148734362348e+00
-8.337548724255039900e+00
-1.162915007299864989e+01
-1.011636388286393284e+01
-5.635576195787025178e+00
-1.293410365564271469e+00
7.043297212091266246e-01
2.415559645945934419e-01
-1.152630072787349746e+00
-1.789552084397755705e+00
-1.102277258810476335e+00
1.799284323435796917e-01
9.041112913693559738e-01
5.675404452827015334e-01
-2.890047142576303019e-01
-6.013193833509944408e-01
3.030351324996753415e-01
2.167374858785563241e+00
4.034020309113849123e+00
4.977808145440179466e+00
4.720669560630060602e+00
3.681873326300758364e+00
2.531269582024910036e+00
1.697448201548768409e+00
1.231784598579124257e+00
1.037089841881218444e+00
1.121117821318564634e+00
1.551346967356589612e+00
2.140428648516661703e+00
2.235940910619771849e+00
9.748198281329174542e-01
-2.038253380836650308e+00
-6.123852038191111902e+00
-9.573804629231609908e+00
-1.051039231144750730e+01
-8.080149071684346040e+00
-3.155522450722796357e+00
2.022971197718602454e+00
5.112591369943939590e+00
5.033458523269190188e+00
2.527427118176580390e+00
-4.436021829248012471e-01
-2.014342091951162761e+00
-1.536669969639876232e+00
2.128189824511516060e-01
1.772334990096042118e+00
2.065598095403843537e+00
1.035834666609198429e+00
-5.149486621823968768e-01
-1.625418314517962148e+00
-1.815276505487545045e+00
-1.221145750146061415e+00
-2.492120832613500259e-01
8.576010833001739275e-01
2.141976787582998920e+00
3.680857922362014811e+00
5.246898668657935971e+00
6.236837945768229474e+00
5.970544287017019336e+00
4.134015559782141302e+00
1.019472975656068314e+00
-2.604321201895585691e+00
-5.855348884330536130e+00
-8.046737363369329543e+00
-8.771268678161643351e+00
-7.847498373481488265e+00
-5.340503679635746792e+00
-1.734323656049379547e+00
1.936902205645081976e+00
4.307183097306708675e+00
4.336004283642294510e+00
2.070532205059230524e+00
-1.084876117727524791e+00
-2.989839365784737524e+00
-2.067454510538128787e+00
1.524199458733005885e+00
5.734363380454391645e+00
7.765164740337062277e+00
5.895372203406473943e+00
7.819263784751675495e-01
-4.723191466131150484e+00
-7.246276337370103349e+00
-5.024363807276524874e+00
9.081872865029784192e-01
7.295613965127801137e+00
1.064692432223523610e+01
9.337029597161347283e+00
4.466333925751620804e+00
-1.022121557684135595e+00
-4.303205454160718979e+00
-4.374144789246740217e+00
-2.428522150378933375e+00
-7.826363201828978600e-01
-1.195142079623084719e+00
-3.733492457972956924e+00
-6.858487051475428586e+00
-8.529606575285534120e+00
-7.505744651096972753e+00
-4.013711407604978909e+00
5.135796737691342706e-01
4.306716821346645574e+00
6.127903867373222901e+00
5.687990776074656196e+00
3.549038304602406324e+00
7.391791488757930573e-01
-1.660623906612251011e+00
-2.837916295053714677e+00
-2.473187193475173906e+00
-8.487943729589557673e-01
1.244608658793823652e+00
2.863965703892045411e+00
3.420661776472933902e+00
3.041864480845186680e+00
2.492602225654881654e+00
2.628705614239098765e+00
3.714717843916619966e+00
5.110994138489271421e+00
5.626224924274541905e+00
4.352518788663445548e+00
1.400226945480592455e+00
-2.039587666995146265e+00
-4.418518979788053969e+00
-4.864174727065790016e+00
-3.776152386276538486e+00
-2.517567191058801335e+00
-2.388104222688736566e+00
-3.613431215476588854e+00
-5.109361768986937946e+00
-5.237194526712597664e+00
-3.043370760947921916e+00
8.982926665737166472e-01
4.668550564772873557e+00
6.128381078274015792e+00
4.253889866961563904e+00
-1.938167505723970008e-01
-5.079876324356799699e+00
-8.088199029972793497e+00
-7.923684035291221228e+00
-4.822974840956837816e+00
-1.845823016891454671e-01
4.310108234067795863e+00
7.482232426186213203e+00
8.941732020597838115e+00
8.881881327725711373e+00
7.692148994889512537e+00
5.707538580143861395e+00
3.193918385526728798e+00
4.464357733385586613e-01
-2.172454880242774777e+00
-4.310949283716846381e+00
-5.737597705971977824e+00
-6.374451007137004410e+00
-6.242328671291390130e+00
-5.408263504428900248e+00
-4.016536302157340366e+00
-2.370294555956864446e+00
-9.319960475455806304e-01
-1.479078205718688532e-01
-1.679441181509651049e-01
-6.822180167444048537e-01
-1.069311740702295177e+00
-8.268134443104492304e-01
5.369645728790617412e-03
7.854506001722623143e-01
7.043937092384754406e-01
-5.374582400544308802e-01
-2.311393462693299483e+00
-3.286591646814460699e+00
-2.253280529396684440e+00
9.686943211968350731e-01
5.186180362413949751e+00
8.379174769480734142e+00
8.868964189700056622e+00
6.383677020679485281e+00
2.310608028079069509e+00
-1.077674980830685803e+00
-1.976070007126527139e+00
-1.461970334514864911e-01
2.924472859460731655e+00
4.910386674626877834e+00
4.049595052872342116e+00
2.247745711930337897e-01
-4.905891392187691658e+00
-8.793744917604858102e+00
-9.391435062891428487e+00
-6.279293867675815655e+00
-9.228649321527822025e-01
4.063412861696209077e+00
6.250748700487250176e+00
4.632809023738262866e+00
1.258341009802019794e-01
-4.928314933358395322e+00
-8.000683823357194413e+00
-7.701566424870378569e+00
-4.474705716911617337e+00
-2.672462560092661032e-01
2.644689742964333234e+00
2.992109449569341439e+00
1.207858439046896937e+00
-9.498119682265102615e-01
-1.605199969059581733e+00
-1.760735439561378346e-02
2.956306996085878325e+00
5.505741222983169258e+00
6.169848971591004982e+00
4.879544259007850826e+00
2.975213883138434934e+00
2.158551320059710399e+00
3.121293470596674613e+00
4.871396291455463157e+00
5.316804770287715698e+00
2.768464535130973125e+00
-2.674468108611872452e+00
-8.872596606153972942e+00
-1.278692132757920596e+01
-1.230294293157481533e+01
-7.537207054335080869e+00
-7.671194776197882703e-01
4.940377898450373451e+00
7.463602134163583202e+00
6.601553462174659437e+00
3.762842649928194838e+00
7.565484852317383435e-01
-1.363083278665546683e+00
-2.615493545956053101e+00
-3.515221953112209086e+00
-4.227398472878501678e+00
-4.227671711423925061e+00
-2.751946695758507921e+00
3.692065767714208802e-01
4.231306553480581378e+00
7.191828069741745821e+00
7.825312679647083769e+00
5.803124529790675723e+00
2.057649341716968117e+00
-1.855750086773316765e+00
-4.684492849682209581e+00
-6.007373791094924975e+00
-6.060941257811887084e+00
-5.157887332846319062e+00
-3.305911723145924075e+00
-4.040568315092385454e-01
3.182333759003430185e+00
6.285885527740505019e+00
7.334517037618756952e+00
5.369389339513675807e+00
9.637790349895982711e-01
-3.759660949809564556e+00
-6.237261989335342705e+00
-5.075037866963619138e+00
-1.067116585724952271e+00
3.164723161535918816e+00
4.777810159540056389e+00
2.540571963282348467e+00
-2.337132938126411208e+00
-6.950525734463438354e+00
-8.532982966598138930e+00
-6.154129702694019599e+00
-1.176176078146792037e+00
3.769028819619971937e+00
6.517739730839231527e+00
6.625864011878622506e+00
5.340510973743258560e+00
4.426076414019118666e+00
4.758699385760020384e+00
5.702269253907699564e+00
5.669842263174484032e+00
3.419457235889329816e+00
-8.645080102294658841e-01
-5.475643062073729972e+00
-8.154402494369996646e+00
-7.486494882901605585e+00
-3.828189494154936590e+00
8.245696677178626643e-01
3.942696371432155900e+00
3.887549603320883396e+00
8.326892303648061322e-01
-3.324292378850635110e+00
-5.999222624370714740e+00
-5.343049663396842952e+00
-1.293094717797907522e+00
4.303422744374774567e+00
8.577753905377772270e+00
9.105149198109753428e+00
5.199112916968569920e+00
-1.655018929374379333e+00
-8.487513692757630679e+00
-1.231394395868305658e+01
-1.160222950714254431e+01
-6.934433448176934078e+00
-5.176319476212958293e-01
5.121081539662067250e+00
8.437114162091955194e+00
9.388239705682369873e+00
8.941745632953853828e+00
8.034663911298885353e+00
6.807468944431962043e+00
4.684044674588882629e+00
1.193110251286379597e+00
-3.179872860866163276e+00
-6.885918339892149298e+00
-8.171623451495570123e+00
-6.347998508954000307e+00
-2.508910746861610530e+00
9.465471953077535527e-01
1.787461525930579720e+00
-5.491479566761323650e-01
-4.504386554970252199e+00
-7.377403773125209341e+00
-7.120302630467914895e+00
-3.725719614112851019e+00
7.597900990886172767e-01
3.612174367912881490e+00
3.240829956130995892e+00
1.870961593376618826e-01
-3.342154388341230131e+00
-5.015997195955858245e+00
-3.875193266741351561e+00
-7.595718692129711513e-01
2.529374133350351883e+00
4.605768212335411782e+00
5.356855305160451941e+00
5.693926167146567963e+00
6.497994288561738330e+00
7.673133194012669911e+00
8.097156875617836036e+00
6.519629706426889548e+00
2.690801800010009792e+00
-2.190711658897339209e+00
-6.104074867277299532e+00
-7.474330578653590962e+00
-6.160388721796681288e+00
-3.455763041862586427e+00
-1.137430958930271352e+00
-2.908388635163814406e-01
-7.584465824400026257e-01
-1.537822425610521737e+00
-1.720687563240632878e+00
-1.192416987030040953e+00
-5.728252976220579162e-01
-5.351092670949251229e-01
-1.145750158673544794e+00
-1.815393526449631256e+00
-1.894939903974036666e+00
-1.364394198043817896e+00
-9.472354648732328464e-01
-1.458532335328866836e+00
-2.884868493577189774e+00
-4.019273539183390476e+00
-3.120813305937267579e+00
7.379389176997952493e-01
6.613269570948373755e+00
1.183500442990308876e+01
1.346792066193150816e+01
1.021925366342177810e+01
3.484764244648130394e+00
-3.288085971232547866e+00
-6.621887575958086636e+00
-5.138270600484993622e+00
-3.849631893172830166e-01
4.206219196339777255e+00
5.547271897857884326e+00
2.830537957235546465e+00
-2.089131822178536879e+00
-6.060025872625514509e+00
-6.763835604832975967e+00
-4.155603300278783330e+00
-2.960379849517302264e-01
2.200254400854936954e+00
1.946657860959541075e+00
-4.398144156579259501e-01
-3.021640992837749451e+00
-4.077843841256587609e+00
-3.321511872853754266e+00
-1.928169015314623369e+00
-1.426268695019329513e+00
-2.348629740178891367e+00
-3.701735428892682922e+00
-3.678704294204873992e+00
-1.097572774197666856e+00
3.514192026491911758e+00
8.035070485454355094e+00
1.005213658071077987e+01
8.472794278713941196e+00
4.317613527460091305e+00
1.144250037586935775e-01
-1.723779954882235899e+00
-4.517323203796767550e-01
2.565337623342387019e+00
4.804191809460486517e+00
4.276453491843203558e+00
8.265822937471822840e-01
-3.805999633978888852e+00
-7.154072561088072213e+00
-7.602047798639895326e+00
-5.330453831908635642e+00
-2.055916217855073391e+00
1.750004007124951189e-01
2.778571456045442756e-01
-1.336943660203224304e+00
-3.256458638652677262e+00
-4.138282205639010058e+00
-3.574547774433870728e+00
-2.184588287182761768e+00
-9.706757987409573296e-01
-4.890868267634900235e-01
-4.671720998717884266e-01
-1.133592156245042393e-01
1.168425851298904528e+00
3.234947055935482041e+00
5.247470054905649661e+00
6.258460505354512371e+00
5.888013555695745360e+00
4.582451397327612419e+00
3.272529969996897048e+00
2.696740705313558806e+00
2.890081716721462524e+00
3.196908139183522568e+00
2.770822613051236782e+00
1.179524619679496400e+00
-1.311555584931151097e+00
-3.934736104714724014e+00
-5.895446624318656959e+00
-6.758103962187870906e+00
-6.503145337331405429e+00
-5.316408915710485239e+00
-3.384130031109278125e+00
-9.156812297951624213e-01
1.646084833973441741e+00
3.504147520016044570e+00
3.740259475595857808e+00
1.880304458830344139e+00
-1.570467244815529462e+00
-5.089367248414526479e+00
-6.795099749755584284e+00
-5.514192461314286753e+00
-1.601820032145670147e+00
3.080069170282287327e+00
6.133971394111272346e+00
6.030310283763487433e+00
3.090572182434697002e+00
-5.998606321872582692e-01
-2.361976383788421785e+00
-5.157885391178936851e-01
4.544575972499504957e+00
1.043933267088372396e+01
1.401954755101805716e+01
1.302875243577481434e+01
7.295523488108662136e+00
-1.162154358523604714e+00
-9.125465558685132095e+00
-1.369583562801808618e+01
-1.356952225690477576e+01
-9.483501933521932159e+00
-3.703866058066478395e+00
1.119290942080881646e+00
3.159437172602117094e+00
2.141998747889644505e+00
-6.966220750709444243e-01
-3.358475660013502839e+00
-4.166986025047009434e+00
-2.651905731426752233e+00
2.170953949261653637e-01
2.594155164010451653e+00
2.845963332463646633e+00
5.742490169211439399e-01
-3.036260814366841476e+00
-5.807397254448071422e+00
-5.809918018239116577e+00
-2.544351032060653495e+00
2.673505658166080767e+00
7.407562183456920302e+00
9.494600064079726565e+00
8.289591542010736447e+00
4.979179683354995056e+00
1.757405759815174662e+00
3.915170598670609792e-01
1.109992815975359592e+00
2.538035543717004572e+00
2.712795305298171034e+00
4.914525278625312410e-01
-3.593944826723085129e+00
-7.603507766041836646e+00
-9.391195132099621645e+00
-7.936632694445623137e+00
-3.940303667405999910e+00
6.637268087002425876e-01
3.893750048776785544e+00
4.790301717378193658e+00
3.704553918884993635e+00
1.733062739580693457e+00
-1.793388335938632117e-01
-1.775071554489838332e+00
-3.313247747176979452e+00
-4.931115587569959047e+00
-6.142689001565319273e+00
-5.957016708653465997e+00
-3.588125778523739484e+00
7.727138946150342580e-01
5.753923919908475071e+00
9.415028968593128766e+00
1.032325567347665896e+01
8.384351227291508835e+00
4.861457919329674304e+00
1.568800845573189662e+00
-2.104053843211484143e-01
-3.643513351951689350e-01
2.266204734565115952e-01
4.777222046750915774e-01
-1.204463231525813027e-01
-1.281149502827449327e+00
-2.345741857958483667e+00
-2.939415904024414772e+00
-3.292522889301097599e+00
-3.962462246559769863e+00
-5.200078408825664411e+00
-6.515653607853355567e+00
-6.861519801957037146e+00
-5.360960988402641014e+00
-2.054636383110965525e+00
1.927323944805181322e+00
4.958960322287507161e+00
5.897193516456371576e+00
4.757414901039432209e+00
2.601827866064945205e+00
7.327700258294798097e-01
-1.986627770952542615e-01
-4.977565599935236951e-01
-9.299406140744087557e-01
-1.841768620131273071e+00
-2.640687611064163054e+00
-2.120450372236843961e+00
5.426144657259537318e-01
4.869386468715193317e+00
9.008287799202452817e+00
1.071223722553543922e+01
8.774070225741251505e+00
3.924484576600812957e+00
-1.501042415562009236e+00
-4.985394482132112337e+00
-5.417287184359926400e+00
-3.755735759293783893e+00
-2.289346668707139543e+00
-2.974674091441416479e+00
-5.989167416596538729e+00
-9.504268363406577436e+00
-1.085429413445340785e+01
-8.322478200606047594e+00
-2.349289534337424712e+00
4.629657884634325704e+00
9.582216875353864793e+00
1.057976373917957069e+01
7.726966533189015607e+00
2.831889697222309543e+00
-1.817772249093529080e+00
-4.684193603645358195e+00
-5.463564770019946337e+00
-4.703844333160786206e+00
-3.054447081084604498e+00
-8.067489680734407642e-01
1.979430517864534167e+00
5.017963333972717876e+00
7.541592054836234738e+00
8.582094456382689529e+00
7.619872768640489014e+00
5.069127495515743931e+00
2.141092255152720725e+00
1.013038837981374840e-01
-5.661391023795020461e-01
-4.577779638513836957e-01
-7.595953289086460058e-01
-2.304529308928962017e+00
-4.873997598441714096e+00
-7.275675135360788914e+00
-8.158757055017940019e+00
-6.974751826617509032e+00
-4.375174598378070989e+00
-1.750198826151796450e+00
-2.487422552029312506e-01
-5.406284978462183588e-03
-1.452026421797286693e-01
4.423587252445676521e-01
2.142412750754337125e+00
4.194359857169693839e+00
5.149065544507845260e+00
3.902686764392136798e+00
5.832234847842112657e-01
-3.342171854327890657e+00
-5.838694637522509723e+00
-5.463333467953543021e+00
-2.179657076263230131e+00
2.653003868682676014e+00
7.052935549292426387e+00
9.434364676750757184e+00
9.272714995116134062e+00
7.116509462847178114e+00
4.075691106777791006e+00
1.183738675499398596e+00
-1.000088297754752054e+00
-2.423794916883225792e+00
-3.330234865612780482e+00
-4.006272371575636981e+00
-4.626284867562034719e+00
-5.199658705889710575e+00
-5.574137991650452761e+00
-5.474942938319261820e+00
-4.604086364560036948e+00
-2.810272000034092610e+00
-2.662289759976830261e-01
2.467906489688080462e+00
4.583704238469622716e+00
5.332915886956434370e+00
4.350237154515696147e+00
1.814555719730067018e+00
-1.623164246524132270e+00
-5.069297893338926109e+00
-7.625328246449195824e+00
-8.540831795067527210e+00
-7.311182549892273563e+00
-3.813208474385918478e+00
1.498604002663354917e+00
7.464613040005376732e+00
1.237375209627927397e+01
1.450523560999831219e+01
1.289830491022122594e+01
7.945781760266484639e+00
1.396598055759220358e+00
-4.356505220861158101e+00
-7.390449227504390706e+00
-7.159851851271412215e+00
-4.668077784462955293e+00
-1.796255177116114821e+00
-1.985472287083355214e-01
-4.330109745801289378e-01
-1.828642868548346234e+00
-3.103420616597971193e+00
-3.273160190662302238e+00
-2.242180822095746873e+00
-7.290417395714767768e-01
3.446492605407071586e-01
5.225058870400707267e-01
6.381059940947075848e-02
-3.628800088268998025e-01
-2.704031186684527910e-01
2.372394166590964248e-01
5.490424594661671431e-01
6.403457693686948060e-02
-1.242691558071406410e+00
-2.634042847039210322e+00
-2.976131316925151538e+00
-1.446985252118182075e+00
1.861122877655898566e+00
5.844298961000573556e+00
8.887247433417094555e+00
9.690777711679601225e+00
7.958586445740147397e+00
4.553873934557493008e+00
1.035403037833395157e+00
-1.173828527197548155e+00
-1.532949080464087732e+00
-6.387585487149043395e-01
1.533449332771865681e-01
-4.531071170853185892e-01
-2.879336557282692333e+00
-6.314621525150752035e+00
-9.051447408124998262e+00
-9.377762750410536086e+00
-6.570734008628930312e+00
-1.441893741380828153e+00
3.910951281032196913e+00
7.073109755579019442e+00
6.524206865549408541e+00
2.449019608691108019e+00
-3.301423076437239423e+00
-8.093081027160744512e+00
-9.769957296950966708e+00
-7.628033917176417766e+00
-2.617585431756150882e+00
3.264269556186437882e+00
7.989425512712407418e+00
1.034856522473709006e+01
1.023565243365750632e+01
8.350974185453834409e+00
5.636879924941268882e+00
2.836636612041828265e+00
3.773791051358355020e-01
-1.505741791427742005e+00
-2.645832639245125684e+00
-2.990792365551696808e+00
-2.768876680444597227e+00
-2.550439854308203635e+00
-3.019550630607576558e+00
-4.504472875164839962e+00
-6.571116891769664292e+00
-8.040460669496582113e+00
-7.561839480947399217e+00
-4.484578271007226391e+00
5.109086000279003947e-01
5.507147789464048593e+00
8.248173938216565304e+00
7.398183981970522183e+00
3.416572391906643968e+00
-1.540883018283894401e+00
-4.732065597005670199e+00
-4.358493610534835305e+00
-6.194850272270957525e-01
4.366981980985177536e+00
7.771384774615185620e+00
7.692681923978130776e+00
4.253801339299569051e+00
-5.078837313525332853e-01
-3.883102151084648845e+00
-4.100312621795756840e+00
-1.319740252820517323e+00
2.571156822869825831e+00
5.183755312075412292e+00
5.068166096485192895e+00
2.462334669267347120e+00
-1.065407879126964552e+00
-3.756702014177330184e+00
-4.770565337690104712e+00
-4.520504507793271287e+00
-4.083046562467471219e+00
-4.185075039838171307e+00
-4.560506429696264519e+00
-4.171745921237396182e+00
-2.134199425862787436e+00
1.360949350952340708e+00
4.861726337664116215e+00
6.430483208448281474e+00
4.903138443799655022e+00
7.737541601159971805e-01
-3.938258686168909062e+00
-6.805541322692759465e+00
-6.394404577374347198e+00
-3.055493435614069497e+00
1.380231809408897004e+00
4.757064302663995825e+00
5.821261257724271054e+00
4.750355604442886737e+00
2.742018290460934704e+00
1.065914588356912329e+00
2.920420065622517658e-01
1.896597454473645250e-01
2.402502787378149596e-01
2.529737819641905139e-01
5.441661105373054585e-01
1.539626279966160860e+00
3.155452924541125803e+00
4.519560591613562828e+00
4.351394721630017948e+00
1.807870709189796532e+00
-2.784024877445039348e+00
-7.858200344651217861e+00
-1.132251238072606014e+01
-1.164622847182254439e+01
-8.663889061825910787e+00
-3.627766201944623070e+00
1.476961655953156871e+00
4.905797110202218647e+00
5.860377182609132873e+00
4.615805276598878848e+00
2.148191941782234160e+00
-4.069324462540044873e-01
-2.154113940767563573e+00
-2.593399143595887857e+00
-1.625272532722029428e+00
4.677309238293422267e-01
3.046459597862855695e+00
5.240650047901465491e+00
6.243353519333132873e+00
5.689849782252165866e+00
3.893410108884111764e+00
1.729216292368789709e+00
1.651198287826391997e-01
-3.032864099593879370e-01
5.304571632354881938e-02
3.920543894820845976e-01
-1.163236094216774097e-01
-1.695577565337144321e+00
-3.759483532939669637e+00
-5.251804361670538768e+00
-5.317096764010198484e+00
-3.864390918218082227e+00
-1.651331993557594746e+00
1.698852434704716252e-01
7.528617471292692320e-01
5.551577117800240990e-02
-1.175975123328125260e+00
-1.918767476262865479e+00
-1.549822780299139335e+00
-2.594035428466282545e-01
1.056831944144509094e+00
1.362290859203584947e+00
1.579273073614922418e-01
-2.136702768778075967e+00
-4.336515786746152123e+00
-5.102818176575071973e+00
-3.671376581344204304e+00
-2.846382283330628482e-01
3.915318447321566087e+00
7.466784703966778736e+00
9.304701613076527877e+00
9.206932101455286954e+00
7.739467567551135296e+00
5.782791048987195204e+00
3.974581419806383131e+00
2.431394590852166360e+00
8.954473985112079149e-01
-8.578725515328822215e-01
-2.698782287388427736e+00
-4.173541211779295601e+00
-4.862318501607582277e+00
-4.761922813645147023e+00
-4.347828880283541864e+00
-4.214744229881156379e+00
-4.551202054683106901e+00
-4.886270177161922135e+00
-4.381917080760937111e+00
-2.524752591781055600e+00
2.911877946554901619e-01
2.797579327190520271e+00
3.593585738376639416e+00
2.139130087110641565e+00
-7.229435460254949319e-01
-3.174905290448847062e+00
-3.572586808915127143e+00
-1.569602384724892996e+00
1.600577008822282155e+00
3.946922344088555690e+00
4.115831859025922412e+00
2.374992338274672488e+00
4.526443835564430418e-01
3.040268907644337881e-01
2.663887714019387065e+00
6.426875062810567307e+00
9.320129313500089552e+00
9.402828541447512123e+00
6.328787223867116118e+00
1.489190706330429936e+00
-3.017546068370951851e+00
-5.784611011657573520e+00
-6.822007092920374660e+00
-7.123561560417618566e+00
-7.510499550523278778e+00
-7.750707131681640938e+00
-6.716824820419952324e+00
-3.488368513164911811e+00
1.502932518980245380e+00
6.289674046662003803e+00
8.442572755198192169e+00
6.702970584605174587e+00
1.972227111981800896e+00
-3.137173064291979951e+00
-5.943487432488216982e+00
-5.388760564308364920e+00
-2.578947636010705313e+00
1.944011490224485939e-01
1.198497554267356380e+00
4.639152310253666922e-01
-4.242661934724498707e-01
2.654552354594013064e-01
2.928871000866015706e+00
6.231289302498301375e+00
8.099282267882237818e+00
7.308798230070610913e+00
4.412090367514038824e+00
1.267751755384497248e+00
-4.549195058717683260e-01
-6.009030646296571465e-01
-6.009668809290442670e-01
-2.188313152758259328e+00
-5.753334668810265562e+00
-9.674905354717740380e+00
-1.126496670260648969e+01
-8.724732311086086156e+00
-2.677850882815193678e+00
3.924149535623124407e+00
7.573528614167738482e+00
6.467609068422099483e+00
1.676339837215995665e+00
-3.613461628204508447e+00
-6.245178650040870139e+00
-5.121099691481329153e+00
-1.716794849300463444e+00
1.205833762609652471e+00
1.688894407701626132e+00
-5.612600958568469967e-02
-1.952244236754691942e+00
-1.733483086612235935e+00
1.282413476101727401e+00
5.623780935028412031e+00
8.682451116546081593e+00
8.548979448150504368e+00
5.337106483031589299e+00
1.077753293567780268e+00
-1.697209286261966543e+00
-1.655709091320660908e+00
5.202412669648169841e-01
2.709086933332189862e+00
2.848272652898138357e+00
3.076163730553478359e-01
-3.750361583315526826e+00
-7.178865369451076006e+00
-8.215655340445927379e+00
-6.508571834018185953e+00
-3.202020949895146629e+00
-1.295800507040174576e-01
1.310017573653997403e+00
8.990074172344088010e-01
-4.226191933954116520e-01
-1.257731910402376307e+00
-6.694240156712789602e-01
1.223556342509626305e+00
3.302050721903449393e+00
4.117735368878713942e+00
2.809468602139100213e+00
-2.582098507773805673e-01
-3.540707471028587960e+00
-5.092631022323944379e+00
-3.693935210675915126e+00
3.323685514340807279e-01
5.163080640487588191e+00
8.449406018068799540e+00
8.690553205207502074e+00
6.143899774745232634e+00
2.630836192692415310e+00
2.951339600350135761e-01
1.082183896671281564e-01
1.163516886277914386e+00
1.322300310289884484e+00
-1.160907831793523082e+00
-6.152732852526907159e+00
-1.140633692612745165e+01
-1.386445985034733752e+01
-1.168726343084142449e+01
-5.607113098963075970e+00
1.392020567921110175e+00
5.926068693457193781e+00
6.350020946215281015e+00
3.697832201799021057e+00
7.619669235741654001e-01
-2.002672092907720192e-02
1.666637902006269822e+00
3.889497289528388357e+00
4.081747052494005601e+00
1.188053445168926192e+00
-3.291526388316798890e+00
-6.212683670030097360e+00
-5.061069391581396459e+00
5.493781708059319868e-02
6.204375955609930493e+00
9.482678733260270221e+00
7.678082495110790440e+00
1.884593224997955119e+00
-4.118687074213833732e+00
-6.354373248495744697e+00
-3.321109977112998379e+00
2.968688043820146394e+00
8.291053308660741195e+00
8.961850230746353674e+00
4.190203908947998102e+00
-3.491179964143687364e+00
-9.909326968116051404e+00
-1.184420664851456095e+01
-8.820833838806208860e+00
-3.052227147714408950e+00
2.218004171277256464e+00
4.722646301749763964e+00
4.216422453468451792e+00
2.069796506250255241e+00
-4.044336394307404547e-02
-1.281135203240029830e+00
-1.891705124449706066e+00
-2.526198926789402499e+00
-3.395012325268002229e+00
-3.943609598863778043e+00
-3.289919525270341705e+00
-1.012291433341865332e+00
2.373933110498454013e+00
5.633019952040139167e+00
7.547342276744398504e+00
7.624563610124691415e+00
6.283594994049268578e+00
4.449783250625532816e+00
2.916823956161728404e+00
1.945466802868537570e+00
1.318688643018008477e+00
6.956032621432757246e-01
-8.798814304470914394e-02
-1.003062775658462247e+00
-2.024660863731075899e+00
-3.267971696547642413e+00
-4.858292603020649025e+00
-6.610286716408626972e+00
-7.831712922745611039e+00
-7.539388559621719388e+00
-5.070435092323127613e+00
-7.154362244336005539e-01
4.116987526450670565e+00
7.444699900026574113e+00
7.735034078810640423e+00
4.808883000919984774e+00
3.958876625598661825e-02
-4.330363076028701741e+00
-6.380615633453449398e+00
-5.507389840319789620e+00
-2.629636165409252158e+00
4.947114238494522143e-01
2.391177636134610651e+00
2.716537016187019926e+00
2.311548171615601888e+00
2.458696996742362195e+00
3.858864043648541742e+00
6.021213091818120589e+00
7.493060008323952914e+00
6.808839583342932933e+00
3.554653182216454432e+00
-1.163563520149727193e+00
-5.213105449065322361e+00
-6.652667089146835799e+00
-4.953173233409106757e+00
-1.440997821772150633e+00
1.383849644554863145e+00
1.319597056942862334e+00
-2.130397552895669122e+00
-7.292365346547632576e+00
-1.115267916804102022e+01
-1.106402853355542248e+01
-6.347598641574020206e+00
1.174156891513156609e+00
8.073723858271231180e+00
1.115709908271710660e+01
9.186627075557510125e+00
3.492169389751031972e+00
-2.859383736391644781e+00
-6.805683208942931550e+00
-6.889838138205432116e+00
-3.805822160494959583e+00
3.334246564395141332e-01
3.432611703794462787e+00
4.596392394693493699e+00
4.349937940607513376e+00
3.884885033674850607e+00
3.972956184513156686e+00
4.365616755063099319e+00
4.094037867060017710e+00
2.399916088299075323e+00
-4.461364303588634117e-01
-3.108525236632762478e+00
-4.031858872870365929e+00
-2.601087720707731421e+00
2.315901222647713809e-01
2.381745784853670056e+00
1.937208742942068573e+00
-1.494249297271833310e+00
-6.319582097369156770e+00
-9.771757237262502116e+00
-9.561743308682185472e+00
-5.352652358237071084e+00
8.990180568784134074e-01
6.000637457142209641e+00
7.363740203070126888e+00
4.507618812196370506e+00
-6.914153471254986805e-01
-5.141287912068618127e+00
-6.343325319074116564e+00
-3.758753008971370768e+00
1.058728728909181349e+00
5.554214321154288037e+00
7.724055990459575582e+00
7.143599224445888574e+00
4.905259362482689234e+00
2.652653135831968711e+00
1.459099450420021649e+00
1.310284447422760845e+00
1.444262421508512917e+00
1.167008150895037843e+00
4.575882730618803240e-01
-9.654123253030510998e-02
6.821682226102643298e-02
8.538090083507224870e-01
1.424886016275024758e+00
8.112965491020655007e-01
-1.256031264534785308e+00
-3.951153516362076790e+00
-5.780589078097832179e+00
-5.593485383577904813e+00
-3.457746864235462070e+00
-7.254657114481768421e-01
8.295113511044464039e-01
2.336626714703559649e-01
-1.974707267039951919e+00
-4.086603164178891134e+00
-4.412538312022406650e+00
-2.488554556530354400e+00
5.784799137633382937e-01
2.904024437544846293e+00
