-5.511347606265574406e+00
-7.134398413943331185e+00
-4.965715482931881475e+00
-3.274802122193996023e-01
4.031437891166806509e+00
5.715145854922808688e+00
4.135339281629827113e+00
7.172695515282939693e-01
-2.188461210000173462e+00
-2.886910698329997249e+00
-1.354932000755259214e+00
9.132219975316389071e-01
2.035183307349170967e+00
1.046471904006783582e+00
-1.459408525961548575e+00
-3.719856936337443187e+00
-3.931592746623770562e+00
-1.409763870829173094e+00
2.905029541739090782e+00
6.871149074713700955e+00
8.259560661135008530e+00
5.955245961556080658e+00
6.113536531936953899e-01
-5.592306955656393797e+00
-9.976749878933155458e+00
-1.066030009038531645e+01
-7.455614961174241273e+00
-1.896542568429451237e+00
3.611233748810567246e+00
7.033983552392210292e+00
7.642658193140601242e+00
6.124817237303414430e+00
3.881358186211079087e+00
2.027121109449590897e+00
7.811516684851511627e-01
-3.731040756869162811e-01
-1.950971778648688204e+00
-3.777842712584007057e+00
-4.936493184175032134e+00
-4.442208081264880093e+00
-2.142092872009641269e+00
9.007217077169620278e-01
2.941857246343694055e+00
2.723597311482467198e+00
4.542730580102788407e-01
-2.175268416680779637e+00
-3.066916471235367592e+00
-1.206311858563223316e+00
2.478760257164161818e+00
5.571890064963271882e+00
5.722003631478408181e+00
2.288327171015969164e+00
-3.060346607962489252e+00
-7.264380491478251045e+00
-7.763778425303698327e+00
-4.139825253849927833e+00
1.572632975692524582e+00
6.116698596868538118e+00
6.996585973782770473e+00
3.947823473229187030e+00
-1.007473287297319997e+00
-4.890607105449042535e+00
-5.584043246161574103e+00
-2.993626673504960589e+00
1.094585717917367473e+00
4.252453577645848526e+00
4.884087820685447667e+00
3.029684017749321168e+00
1.081640731230036900e-01
-2.103404369190438494e+00
-2.544948297911388657e+00
-1.373490904179293315e+00
3.009733799041692803e-01
1.163471944573381656e+00
4.345881658415780557e-01
-1.772989313047349080e+00
-4.568145333785777140e+00
-6.705391726929655682e+00
-7.083317047459044780e+00
-5.147392372848146991e+00
-1.120338467980238839e+00
3.979471739344032422e+00
8.575085996735575478e+00
1.103325870307398660e+01
1.032217490397806081e+01
6.561303205606600741e+00
1.141572849481654384e+00
-3.765303858998207964e+00
-6.174188977354644337e+00
-5.276962693517438296e+00
-1.899819055880136887e+00
1.897333353753086760e+00
3.929607065106010211e+00
3.108752117559567374e+00
5.960455585167823145e-02
-3.268435957172626694e+00
-4.795249888942860750e+00
-3.592474462834278626e+00
-4.484948942624338297e-01
2.660108731869574861e+00
3.865802033398308524e+00
2.631044680186835016e+00
7.189459642018625196e-02
-1.852213465526828085e+00
-1.744089439048562173e+00
2.049478105425663887e-01
2.313959737197024857e+00
2.611168323012819759e+00
3.130954220413224576e-01
-3.482573283923342977e+00
-6.444326859926516882e+00
-6.601499711815573157e+00
-3.776949631652390948e+00
1.982322860164832945e-01
2.712099807393617112e+00
2.219692430907134195e+00
-6.114373855418390180e-01
-3.334559284100865550e+00
-3.493579458260863912e+00
-4.855191984703006725e-01
3.862942368508010205e+00
6.503609714986319901e+00
5.361674078844499647e+00
9.457695638948244721e-01
-3.848716062450010078e+00
-5.695083964554682687e+00
-3.206746301746698169e+00
1.983169637881350145e+00
6.268945185519909202e+00
6.563949033180200843e+00
2.484444320543257589e+00
-3.351036782305959250e+00
-7.154009472858070318e+00
-6.637839330241956048e+00
-2.608803851644554417e+00
1.682578606247741471e+00
2.970548905731980049e+00
4.189130656630337124e-01
-3.715360016022021039e+00
-5.716145052549882699e+00
-3.182261952639293234e+00
3.066646639664727836e+00
9.362510958610039680e+00
1.162627401885302802e+01
8.176573323360514678e+00
9.411385594074368477e-01
-5.776132421813771067e+00
-8.112729236099319508e+00
-5.113027078389214886e+00
8.011145873303855414e-01
5.581807776660494547e+00
6.247847541884457456e+00
2.686329228047581452e+00
-2.540176046086356720e+00
-6.065097252173314857e+00
-5.873818618677474568e+00
-2.323428328270766841e+00
2.457298215667456986e+00
6.127418360780504614e+00
7.464825187106251647e+00
6.658594018377247181e+00
4.637527412215455946e+00
2.182439880447871516e+00
-4.393703658962127001e-01
-3.162476726292799079e+00
-5.597675632005580049e+00
-6.901435078860062688e+00
-6.247149089230495278e+00
-3.533234681176098846e+00
2.845566423380161414e-01
3.574389503366798060e+00
4.904409988741281978e+00
3.816500741001651154e+00
9.934615033189084787e-01
-2.222251874743134348e+00
-4.557268218061619969e+00
-5.299096746999584440e+00
-4.357664094852188974e+00
-2.072912207793998096e+00
9.367500516833002777e-01
3.793006442605054040e+00
5.432998626864950609e+00
4.972096796478762570e+00
2.296564770612022244e+00
-1.536457895368004589e+00
-4.571956440783610631e+00
-4.973319030110561201e+00
-2.231577204802149161e+00
2.301899367182459244e+00
6.095832549191161576e+00
7.030126065747079878e+00
4.847674314161494635e+00
1.377548699036174273e+00
-7.591956903317556016e-01
-1.291963038761284599e-01
2.288254497226535733e+00
3.644218020573520178e+00
1.305469406233111584e+00
-4.931025602673598129e+00
-1.214802439331897510e+01
-1.583427169134427537e+01
-1.277483463888581383e+01
-3.410027501759245183e+00
7.998869415865534016e+00
1.565600387260731807e+01
1.559642415251949288e+01
8.015941583107347057e+00
-2.890368127946182586e+00
-1.143123979868188300e+01
-1.365117814990656342e+01
-9.315619779123306188e+00
-1.586403873867421321e+00
5.170168769396566333e+00
7.924874732397290344e+00
6.356074420447546558e+00
2.465592613554645318e+00
-9.996974141900283328e-01
-2.171557347154415396e+00
-8.173354457630623848e-01
1.946010137562263154e+00
4.514952116640713164e+00
5.615912425564850707e+00
4.730020068674029687e+00
2.145539096079442931e+00
-1.197038569933649654e+00
-3.993554935966463937e+00
-5.031504205141357211e+00
-3.768996015569670455e+00
-7.767767024358107619e-01
2.325569089824916613e+00
3.598852640506588596e+00
1.881742263431406492e+00
-2.404591672283593606e+00
-7.334917525525447068e+00
-1.049455755248147781e+01
-1.033407988449508252e+01
-6.997589566988487775e+00
-2.102499500251247433e+00
2.323768611769217785e+00
4.975606447989319392e+00
5.716329117056449860e+00
5.171252440425929464e+00
3.968034047589299451e+00
2.338056167411515673e+00
3.812592975653922855e-01
-1.377242077635371320e+00
-1.848050303939576811e+00
-3.309936203694818779e-02
3.909592182243007308e+00
8.122084376998557786e+00
9.746054013498255841e+00
6.683146638911141579e+00
-7.063514665384624802e-01
-9.281317565436276951e+00
-1.466529015325385998e+01
-1.383058053813671151e+01
-7.042598564523455451e+00
2.201257653873130771e+00
9.275424112465461945e+00
1.119259593481896076e+01
8.186199938933231834e+00
3.112714319111434591e+00
-7.650168643468437946e-01
-1.936424375220322514e+00
-1.216857903486364911e+00
-4.927525496095866986e-01
-8.139041493592737986e-01
-1.462745319863445470e+00
-7.715194791489884407e-01
2.029035348579485643e+00
5.566617247969629645e+00
6.913226136011996203e+00
3.756990310816742173e+00
-3.459575548535216427e+00
-1.121626526311972505e+01
-1.492318670440892880e+01
-1.199447895493646854e+01
-3.790246854866245130e+00
5.078041150043143048e+00
9.712054923836472398e+00
8.115004051591018452e+00
2.345691601429424455e+00
-3.164317054534520945e+00
-4.865325791401906130e+00
-2.510699850533401278e+00
1.009566356165814360e+00
2.213015910152309917e+00
-6.403524278379768564e-02
-3.669916501451196300e+00
-4.861400087424333272e+00
-1.440605554819666345e+00
5.143517378047068433e+00
1.045684395852547688e+01
1.016315063647240535e+01
3.314746456006465003e+00
-6.615959800140502445e+00
-1.383932181461370625e+01
-1.408006905042958223e+01
-7.442588678121017765e+00
1.723394478749352698e+00
7.852421982360722197e+00
7.928061948865454234e+00
3.337106655546426826e+00
-1.418583710233535466e+00
-2.124983389298779279e+00
2.115176093415496617e+00
8.354203586272085147e+00
1.203486023862120469e+01
1.027910730792060079e+01
3.855246576021333027e+00
-3.491630315050589850e+00
-7.720986403080156713e+00
-7.181450877397477228e+00
-3.423284279363721261e+00
2.730647116925485340e-01
1.405653262078302213e+00
-9.435367874878453076e-02
-2.184237913231952710e+00
-2.596844973287532277e+00
-7.519230349536687452e-01
1.776602095014697014e+00
2.550736816735053480e+00
2.937645718076875578e-01
-3.904960019502763391e+00
-7.141535347763888986e+00
-6.658799309597738691e+00
-1.859797503917205219e+00
5.030400860939884033e+00
1.014814747352040669e+01
1.029796072146547559e+01
4.946744053986074086e+00
-3.319259332339906887e+00
-1.015318018060022354e+01
-1.183488668810273836e+01
-7.337828477775120817e+00
1.060722963337914493e+00
8.949123069033898759e+00
1.210484387780521409e+01
8.746903217221646543e+00
5.247133360697877613e-01
-8.306525428632866692e+00
-1.312744159985738257e+01
-1.143511754857358476e+01
-4.196614758411865154e+00
4.723605866320987445e+00
1.078616314389018704e+01
1.137836813567273708e+01
7.234230206896306470e+00
1.782555219429864835e+00
-1.181922563614892230e+00
-8.447180981503876751e-03
3.775907094553122345e+00
6.612841291760315876e+00
5.469805102699314858e+00
4.489476417677362718e-02
-6.928982175293800339e+00
-1.151189928577631427e+01
-1.123367072238074371e+01
-6.715996481174705934e+00
-1.087302670926713510e+00
2.357230211204508041e+00
2.506238293248582938e+00
1.039628826248932381e+00
8.466072915033712176e-01
3.475766010080013402e+00
7.611311244261107056e+00
9.835046933916153478e+00
7.208062698301613835e+00
-2.264538245490788082e-01
-8.958466161576438935e+00
-1.405759707020304816e+01
-1.240230090885004799e+01
-4.826868038625979906e+00
4.351244209564324450e+00
1.010855209184600056e+01
9.859861503040512787e+00
4.823720076040989291e+00
-1.204629228722909229e+00
-4.625113940046305494e+00
-4.290452552655393603e+00
-1.734522454607838160e+00
5.255949400572177410e-01
1.090409997279072174e+00
5.042234791634743196e-01
2.937224752234410818e-01
1.211045735670471579e+00
2.301394040683103270e+00
1.674608582944331792e+00
-1.630773162974312296e+00
-6.313216213702723678e+00
-9.300173420364595600e+00
-7.914606097389941475e+00
-2.129424025037225832e+00
4.925359794878074737e+00
8.825404317571834412e+00
6.906195384102246315e+00
3.155920220645050955e-01
-6.530801642956312492e+00
-8.856235746179349277e+00
-4.818351802569158515e+00
3.131722219255463457e+00
9.828986593817049311e+00
1.085458118340268641e+01
5.498793565203073719e+00
-2.790902501067125563e+00
-8.734616104861089525e+00
-8.682475451209114681e+00
-2.875875589315538328e+00
4.911818925486921117e+00
9.951452776859664340e+00
9.523042114713852868e+00
4.349576331066185020e+00
-2.237078249701705879e+00
-6.599323442283192342e+00
-6.942328889878319309e+00
-4.023049011625405846e+00
-2.429768951862962822e-01
2.027954575521013769e+00
1.760766361067012786e+00
-4.441789026240873794e-01
-2.985974561157291873e+00
-4.232665575617136966e+00
-3.281393537378777481e+00
-2.813902066004214664e-01
3.638345507992411854e+00
6.742552592928987565e+00
7.320271674531197093e+00
4.473404844585247453e+00
-1.233704768762205140e+00
-7.699194992053520537e+00
-1.204975945685738736e+01
-1.202391671771914794e+01
-7.246432866389094229e+00
4.241033490555607965e-01
7.801044955070179476e+00
1.205349061239951780e+01
1.214240200310909046e+01
9.115885396297690235e+00
5.133796861741947382e+00
1.955080400238403460e+00
-4.198867946826689845e-02
-1.673821114094618867e+00
-3.851120274328867943e+00
-6.486221129692843590e+00
-8.293110865610987759e+00
-7.662179485152726066e+00
-3.962309340302152094e+00
1.712506329369570146e+00
6.940392295366565989e+00
9.286898366441485919e+00
7.680922532317416618e+00
2.980916203363888073e+00
-2.568199538470225640e+00
-6.574248974446300409e+00
-7.656279611159112264e+00
-5.916459413470436246e+00
-2.619063388902559186e+00
5.870077510635446361e-01
2.435279198473768059e+00
2.487796966652296771e+00
1.184091989018382751e+00
-4.425612659825550743e-01
-1.274336423364595294e+00
-6.899842133404623379e-01
1.026351373525763000e+00
2.727320829568321781e+00
3.009472505762442740e+00
1.139497333952678160e+00
-2.270659045586866043e+00
-5.392284480859249385e+00
-6.199478765446063022e+00
-3.815140820756037776e+00
7.330475007706214186e-01
4.972078415152434872e+00
6.471866359418709358e+00
4.403634096525638419e+00
8.113693240946268093e-02
-3.926693247435563361e+00
-5.499873359649135374e+00
-4.271143229046673540e+00
-1.610932428937982053e+00
6.220280934361908098e-01
1.538298833630643125e+00
1.722846942025099359e+00
2.423597612427701442e+00
4.160481373666023330e+00
5.998571033599032987e+00
6.195518027027196339e+00
3.760048100167518115e+00
-3.959719643263005517e-01
-3.812380721078742152e+00
-4.252491065871145004e+00
-1.564176624018984052e+00
1.938519879705664639e+00
3.086298919154252474e+00
3.708832460486688465e-01
-4.593953437090031677e+00
-7.985140826245310741e+00
-6.595194641796719992e+00
-5.214510520808997018e-01
6.431565637540811231e+00
9.198671438253727572e+00
5.144038911140993875e+00
-3.706718452568850797e+00
-1.169374796689263007e+01
-1.327953853515512250e+01
-6.940042553536962089e+00
3.626287284775318032e+00
1.192510090619266450e+01
1.306087235543542491e+01
6.987519710047848776e+00
-1.674909795339974528e+00
-7.050464107417998783e+00
-6.114833791477468417e+00
-5.407592888420604815e-01
4.923743109823378816e+00
6.160356298383846685e+00
2.617119985182343012e+00
-2.650097936394793408e+00
-5.658735161749634202e+00
-4.661615072440747021e+00
-1.293612380353213576e+00
1.091644236625973097e+00
4.173163370433695674e-01
-2.301515824478177041e+00
-3.829964156359747296e+00
-1.558970077093805973e+00
4.032920924776556504e+00
9.395574905898033791e+00
1.051692339017317934e+01
6.119916474880816359e+00
-1.118521212221423422e+00
-6.403315266908484737e+00
-6.393279499665981191e+00
-1.771567695657769947e+00
3.221456099715972687e+00
4.013760283097477455e+00
-7.392491184683542826e-01
-7.988508151927664613e+00
-1.244606832963604859e+01
-1.046355866584089256e+01
-2.726117052786708683e+00
6.238082746297739511e+00
1.131393267769898259e+01
1.033958203662383823e+01
5.313473370501728965e+00
5.061024604385853110e-01
-9.126873058299203034e-01
9.275907768329463288e-01
3.181686873648857272e+00
2.997695312386110089e+00
3.183567716660307134e-02
-3.306200516501993647e+00
-4.033382687986528659e+00
-1.331243933042692618e+00
2.510249399003956494e+00
3.837475627377606280e+00
7.291593245102432341e-01
-5.092552284766680870e+00
-9.232719531018744874e+00
-7.911190580875632428e+00
-1.090782495302614175e+00
7.052820716517420152e+00
1.086945722395433833e+01
7.276876077871587967e+00
-1.865226552517775138e+00
-1.085354898502650300e+01
-1.397112114620241208e+01
-9.303987201347755587e+00
1.582206829509513746e-01
8.807239398496097493e+00
1.228887460830894973e+01
1.011772589098524833e+01
5.292418137283896762e+00
1.507271973166762979e+00
3.030286183267461020e-01
3.507693418959253462e-01
-7.763404383599883385e-01
-4.009969978619683850e+00
-7.638997712996750344e+00
-8.615451976207308959e+00
-5.250797697856061319e+00
9.646223787208025868e-01
6.046521057998569759e+00
6.346411662774292139e+00
1.404154279607195743e+00
-5.428898154514549823e+00
-9.209888455915528738e+00
-6.919075366424077167e+00
3.043118570328895434e-01
7.871675004618619909e+00
1.090775349882600587e+01
7.586633476431954293e+00
2.712761072478859781e-01
-6.272751590013491807e+00
-8.202683541261958311e+00
-5.051929921175430493e+00
3.333093943970213413e-01
4.114773256560797066e+00
4.196101614148036063e+00
1.396532232948457963e+00
-1.595392840280966062e+00
-2.470438037765932737e+00
-9.601309789312143517e-01
1.250464881275892504e+00
2.088026085071458038e+00
7.786822376729933826e-01
-1.646532092939190006e+00
-3.293310413035650086e+00
-2.921116754719752073e+00
-8.163669910717704647e-01
1.565828758220728201e+00
2.762266736996685346e+00
2.275479210109784933e+00
6.642440382006256083e-01
-1.132629243374899453e+00
-2.518275996584049103e+00
-3.379479073372240627e+00
-3.668493900351304848e+00
-3.017843735890652024e+00
-9.415450047517850418e-01
2.446675558613756962e+00
5.898401952486032940e+00
7.397135497638721802e+00
5.444352806963786762e+00
4.070361714510917217e-01
-5.214313620319106946e+00
-8.083506478561863773e+00
-6.201072850978589734e+00
-4.586629452261927753e-01
5.653613112493387050e+00
8.181566942851709712e+00
5.331969574443439441e+00
-1.215413893263924905e+00
-7.284474851160476661e+00
-8.882974914966325741e+00
-4.809821982627440207e+00
2.554989481646556815e+00
8.786018043057531202e+00
1.021684389566329720e+01
6.152566130513351439e+00
-8.910492610994196205e-01
-6.932627068216195454e+00
-8.988491688310299210e+00
-6.655442374249573412e+00
-1.957658335354507617e+00
2.192776303435570284e+00
3.765035543288263398e+00
2.519038960461024601e+00
-2.820077481386611407e-01
-2.885371962160287573e+00
-4.008408073994250032e+00
-3.245274052823262423e+00
-9.429232159029745652e-01
2.118939773685153405e+00
4.980334873704062026e+00
6.689419628950655117e+00
6.569245182755635071e+00
4.571816360414708846e+00
1.483055903877455783e+00
-1.316588932535262435e+00
-2.564901089970768933e+00
-1.919604358167241731e+00
-2.671858274880741790e-01
7.910739321716688810e-01
2.992389065265338433e-02
-2.456213975376806413e+00
-5.164500911210108569e+00
-6.102633718790381856e+00
-4.148051326892838730e+00
7.813424403767377235e-02
4.459108066704651208e+00
6.635592902804045679e+00
5.456493649023222758e+00
1.677898845787607396e+00
-2.533607609376804959e+00
-4.945023920694421093e+00
-4.567271691841200187e+00
-2.121392059019369558e+00
5.612887771929357950e-01
1.746523638702345949e+00
8.285207743075853060e-01
-1.402263497130294079e+00
-3.317739312274361474e+00
-3.419060496559088946e+00
-1.137171222912797930e+00
2.914697192267476478e+00
7.267805209588121151e+00
1.026014343439279841e+01
1.070733300079409744e+01
8.331968672135614540e+00
3.836776664309825335e+00
-1.369533836058880460e+00
-5.686211716221640344e+00
-7.889088337023125952e+00
-7.536949059974487497e+00
-5.055051070860803186e+00
-1.482431324120434546e+00
1.965314107109114250e+00
4.293619484712446699e+00
4.938015728920316150e+00
3.797092573641458912e+00
1.209241429943714863e+00
-2.050709669613716812e+00
-4.829032857368827258e+00
-5.870168621436929968e+00
-4.369675815685008402e+00
-5.834785473751891161e-01
3.946330356221063873e+00
6.905085753722322472e+00
6.380894988382165955e+00
2.094906565047451430e+00
-4.136226158530923236e+00
-9.177772504730917547e+00
-1.029289991637926249e+01
-6.800624890513905285e+00
-5.875107022223755582e-01
4.954337569457612389e+00
6.966094249251106874e+00
4.848147743138383703e+00
5.373686535274517784e-01
-2.856963264324007490e+00
-3.145121435251851061e+00
-4.646966368892962995e-01
2.935536067044577813e+00
4.350665386699408721e+00
2.538587071389625915e+00
-1.431672686755366630e+00
-4.961291430679610315e+00
-5.742416893554973534e+00
-3.323552370747993479e+00
6.506233507581162812e-01
3.631179411023131021e+00
3.900444592003742272e+00
1.639678614730839534e+00
-1.344306824799486932e+00
-2.939824799709792824e+00
-2.118988566608179802e+00
5.307569527881597082e-01
3.370771571925575749e+00
4.841361007116243620e+00
4.332749930046855269e+00
2.297958497517259335e+00
-2.702977320390610450e-01
-2.467102889544676714e+00
-3.754749412339821291e+00
-3.862975592350478493e+00
-2.633359496185452731e+00
-1.097151483811121264e-01
3.171213257735731261e+00
6.057074132733384353e+00
7.156448266222064092e+00
5.635263388161165565e+00
1.907795678560888497e+00
-2.371599613796186112e+00
-5.172645927814684796e+00
-5.317975192735495682e+00
-3.235623268628813332e+00
-6.599800259036524563e-01
5.622249002811854357e-01
-2.620330072936506993e-01
-2.241694200054287656e+00
-3.623473928141117906e+00
-3.136857131615458538e+00
-9.645945876663204466e-01
1.387533143639350541e+00
2.228009687562475083e+00
9.729754564686243778e-01
-1.378159466471326811e+00
-2.950521930890495081e+00
-2.366709709812012008e+00
2.286831974233543008e-01
3.243255187897309266e+00
4.742243904835687474e+00
3.764840897980449963e+00
9.043145809682231473e-01
-2.216793649670947275e+00
-4.117561854246677200e+00
-4.372909534700819556e+00
-3.630447394187151566e+00
-2.827682137624028424e+00
-2.329212766197278128e+00
-1.721100230448184387e+00
-4.117800539483349453e-01
1.520575297054683750e+00
3.041069136962077923e+00
2.803243193335417605e+00
3.103764002454526549e-01
-3.333984321284546581e+00
-5.807932265737138167e+00
-4.992890666127379973e+00
-5.130894144604996043e-01
5.731054582539870879e+00
1.053398716529382995e+01
1.131865902148805958e+01
7.775930420521570241e+00
2.093456402536637118e+00
-2.417688681951969620e+00
-3.413701692858961856e+00
-9.576234593803950590e-01
2.619522222660320310e+00
4.308613826473552955e+00
2.392678291506083799e+00
-2.477829290531406770e+00
-7.742939016309650313e+00
-1.054956262395302069e+01
-9.449642862940645927e+00
-5.142622153515123529e+00
8.806802900236454512e-02
3.766778245529605940e+00
4.539863621740981792e+00
2.691188906617071996e+00
-2.772754515770636807e-01
-2.585039289624940118e+00
-3.033389000260457991e+00
-1.395490796352230944e+00
1.687541392993632483e+00
5.081031808318916987e+00
7.565482589525636570e+00
8.175354340432779310e+00
6.467391986831992234e+00
2.704551440900554216e+00
-2.131762340631058184e+00
-6.595410302837666272e+00
-9.270634360062869561e+00
-9.313654008799698403e+00
-6.770509300839318456e+00
-2.506493416955777320e+00
2.191132602084385539e+00
6.093687100196438777e+00
8.349550714167053300e+00
8.563482327355968593e+00
6.748763222192893707e+00
3.311353494422119681e+00
-9.039309271603400697e-01
-4.651215048380821671e+00
-6.587948531330556357e+00
-5.849101719321773807e+00
-2.617199577687223666e+00
1.724579917553441755e+00
5.104242584762562984e+00
5.776570147652021703e+00
3.297666376208147287e+00
-1.149987105209548721e+00
-5.341680305725757805e+00
-7.204050477505520966e+00
-5.919559815992855079e+00
-2.286881403730041562e+00
1.848035237480239568e+00
4.691608922909990653e+00
5.428825907245395044e+00
4.440676418081583421e+00
2.784600521094606318e+00
1.390192875373695403e+00
5.483886970144417061e-01
-1.515323030858256592e-02
-6.530846375565091400e-01
-1.352177141171182484e+00
-1.701079472051864272e+00
-1.272362388431400371e+00
-7.473851240954917929e-02
1.324237785718138882e+00
2.134285625388875118e+00
1.890682674571673161e+00
7.863164909040845085e-01
-4.832980280418598396e-01
-1.256521676415431443e+00
-1.414852229665552574e+00
-1.463338362592375930e+00
-2.098557890519367586e+00
-3.572427001944645575e+00
-5.331082841797073257e+00
-6.227611359844594574e+00
-5.205109340142819896e+00
-2.012835297275545887e+00
2.511956185690094490e+00
6.779207306263526078e+00
9.191484741320969931e+00
8.866183295878526494e+00
5.967499388796937865e+00
1.554503818740183618e+00
-2.883161807182506475e+00
-5.942238508789873030e+00
-6.707441730120356382e+00
-5.004090502061924184e+00
-1.507387878217615773e+00
2.351879632036920409e+00
4.793006329569928781e+00
4.407488273794955447e+00
9.559692779371480320e-01
-4.213641094820470556e+00
-8.532055154154454257e+00
-9.379957352921206137e+00
-5.553127007221754674e+00
1.814137898515314484e+00
9.531224821160323657e+00
1.385577494676293142e+01
1.247710648286973267e+01
5.855545442878999474e+00
-2.911045806171024708e+00
-9.685789368670729260e+00
-1.147113401277946565e+01
-7.920497458149736936e+00
-1.335375548318194383e+00
4.783369227894903375e+00
7.705632225762093057e+00
6.782294615192454579e+00
3.400307697072372903e+00
-2.232585762154818410e-01
-2.511791185366024859e+00
-3.297036489401729664e+00
-3.485465442082237519e+00
-4.013312094903527694e+00
-4.942243319258832202e+00
-5.381236785686454027e+00
-4.269742491410702279e+00
-1.399463101651794439e+00
2.141398192588140681e+00
4.509020600183473171e+00
4.315985762346957522e+00
1.678495922253572470e+00
-1.680179245890569106e+00
-3.432627252175280752e+00
-2.153958682757013854e+00
1.658899939440478422e+00
5.775250010380353238e+00
7.573108785040616020e+00
5.711003087562388281e+00
1.049547119074974777e+00
-3.806469719362608028e+00
-6.095618138957517473e+00
-4.625448713171879334e+00
-5.303751089069379532e-01
3.441300887182659807e+00
4.672667180967096989e+00
2.344064457754877928e+00
-2.053113078208992803e+00
-5.689956378389650737e+00
-6.231917605591899445e+00
-3.337180064417934133e+00
1.156582036401344826e+00
4.475226377276856127e+00
4.752994741318505412e+00
2.246215933746395610e+00
-9.022752431043525867e-01
-2.195156984015602220e+00
-5.717001371855515712e-01
2.778175295164353464e+00
5.174381482480155725e+00
4.314205103816471265e+00
-7.846059737867117079e-04
-5.482744196224198951e+00
-8.660940785522020846e+00
-7.085202315953773144e+00
-1.007521460950386860e+00
6.586284007984258615e+00
1.167234721850515555e+01
1.156637421579562286e+01
6.485649336727627556e+00
-6.782631028901631165e-01
-6.193675573997648343e+00
-7.723268665921963816e+00
-5.534013081414419055e+00
-1.976315284272402106e+00
3.134843339775917892e-01
2.139065885418524604e-01
-1.290134655768257144e+00
-2.061871703152716062e+00
-5.739425756545544210e-01
2.802667838067008255e+00
5.908193545504794919e+00
6.242251839075732889e+00
2.756763110088171764e+00
-3.245708066099885158e+00
-8.748159391990323996e+00
-1.080325860491784695e+01
-8.319605056062144399e+00
-2.710429582225721390e+00
2.988404865244816300e+00
5.947069276325411380e+00
5.163176159663752429e+00
1.902165633049570204e+00
-1.243232060646255466e+00
-2.027405083339452574e+00
8.165254807095823075e-02
3.628486110855660307e+00
6.080979749814227731e+00
5.340153009446773069e+00
9.829602298787332160e-01
-5.411492262572220824e+00
-1.097859643386893858e+01
-1.293709420219576600e+01
-9.948690919448917924e+00
-2.850369564723735039e+00
5.575985249580147851e+00
1.173956000862690274e+01
1.284712261800881272e+01
8.297110827938590560e+00
1.746181515685238939e-01
-7.526170079065357399e+00
-1.074911425471032267e+01
-7.483556409747865956e+00
9.685389371363788413e-01
1.038266052079909052e+01
1.565506376035620129e+01
1.353477350018115821e+01
4.553818731137404541e+00
-7.027704937322664769e+00
-1.538325118478768871e+01
-1.626945836313083760e+01
-9.385351985454166268e+00
1.456192674511213703e+00
1.048844110968903109e+01
1.323722095565393886e+01
8.947089086880488651e+00
7.786086540498271535e-01
-6.268918645119512689e+00
-8.378178583488095299e+00
-5.021369187829666458e+00
1.059313452572295589e+00
5.836853971515729711e+00
6.579338925774711910e+00
3.375506561671921979e+00
-1.255236420511832041e+00
-4.241163176906344034e+00
-3.976640286228836807e+00
-1.159561998481179579e+00
1.977914084925625149e+00
3.363725299923610912e+00
2.463882920239138574e+00
4.314636142386871764e-01
-9.559125848159599759e-01
-7.050925097849403134e-01
6.824868869485063438e-01
1.674070047854966603e+00
9.427461702113940634e-01
-1.561610188896445095e+00
-4.488993108663803966e+00
-5.985990986833918726e+00
-4.957388199328577549e+00
-1.806980350686240300e+00
1.826337406834385835e+00
4.107382344666612894e+00
4.082993960612866680e+00
2.104318950833365065e+00
-5.908137804898045964e-01
-2.737916118940195709e+00
-3.715592797033330452e+00
-3.631379284422062259e+00
-2.914166270242631640e+00
-1.846753230535162160e+00
-4.327957591787385816e-01
1.354674686008680240e+00
3.242810301765620462e+00
4.608577483066227387e+00
4.811907343802698023e+00
3.665002613263502518e+00
1.646087874033758336e+00
-3.484045594060658502e-01
-1.553544787028571239e+00
-1.781472744680300480e+00
-1.433544328691234160e+00
-1.091277252285786981e+00
-1.029666704145981493e+00
-1.048207687863693893e+00
-7.430397891569840985e-01
3.117399277685470316e-02
9.286531119780216947e-01
1.341946224375039076e+00
9.287927297087054113e-01
-1.096800895296112799e-02
-6.756353416331384310e-01
-3.812918893229293449e-01
7.960508391068864542e-01
1.899084154333468666e+00
1.681003349957113535e+00
-4.459862532783118727e-01
-3.791846974245737911e+00
-6.618491500753825640e+00
-7.158103548904712454e+00
-4.775583138150469864e+00
-4.757479419288834777e-01
3.632216984495737488e+00
5.595697396352139918e+00
4.785001990265358884e+00
2.203749811986070561e+00
-2.376703202471408538e-01
-9.736882676642378831e-01
2.750808296904448391e-01
2.451416892349302934e+00
3.955199512417085117e+00
3.688800451124119473e+00
1.665433906536678554e+00
-1.132649651509128219e+00
-3.424996427391499232e+00
-4.313024809357569822e+00
-3.564634069007318828e+00
-1.476790990805393999e+00
1.401925129548522220e+00
4.404770594784423565e+00
6.713718278354760649e+00
7.392442696803875002e+00
5.709837458557667667e+00
1.688719679390753292e+00
-3.509929846422832789e+00
-7.803543620646044232e+00
-9.100602235987865996e+00
-6.484119453424258772e+00
-9.312922623184303195e-01
4.986519353686981404e+00
8.376090886665696900e+00
7.578093770847590172e+00
3.082953999618017527e+00
-2.759378701971334280e+00
-7.069350109021971917e+00
-8.008091816093989124e+00
-5.664719560503203688e+00
-1.789623449061056970e+00
1.378176993480230372e+00
2.421843054587623278e+00
1.416744632716592678e+00
-3.581959135028736085e-01
-1.380961991832243552e+00
-8.665179095237980356e-01
8.196978878021190518e-01
2.497286232819291296e+00
2.977762901964612574e+00
1.821431300127781761e+00
-3.972316904048860398e-01
-2.441570488218821833e+00
-3.154625564678789740e+00
-2.157948161144118249e+00
-1.061279281631649640e-01
1.663359098348320853e+00
1.914554772984948583e+00
3.021324330857058094e-01
-2.309137239094852134e+00
-4.245296350534378149e+00
-3.989015587506471672e+00
-1.180615823847962265e+00
2.975483636365151785e+00
6.239787153985647983e+00
6.588206676564745123e+00
3.476344507290430652e+00
-1.681663312912494046e+00
-6.193680087646837862e+00
-7.589130044691052568e+00
-5.048695035838495215e+00
1.230003041929614849e-01
5.282741553363660358e+00
7.992102719037562863e+00
7.340053250623764569e+00
4.240460362743296407e+00
6.081009383947881819e-01
-1.938580557614770328e+00
-2.939875801258273302e+00
-3.006082241560260826e+00
-2.994323581648016930e+00
-3.186514829993489784e+00
-3.127973099453062122e+00
-2.197552635091447382e+00
-3.592579568161149428e-01
1.605733131844987893e+00
2.642999028392548855e+00
2.318987466840524370e+00
1.285979576006790026e+00
8.339958330926696695e-01
1.790415798611226350e+00
3.634295281513700626e+00
4.637854260479569390e+00
3.105215201801702296e+00
-1.122165260605824111e+00
-6.074092328693772913e+00
-8.613498723757841091e+00
-6.481915891670317009e+00
-7.445230482637232861e-02
7.380323936332586321e+00
1.155756949949216938e+01
9.691679001969397689e+00
2.439062544175778502e+00
-6.330325756493718536e+00
-1.176739581399966816e+01
-1.092824428881480969e+01
-4.497586808404866687e+00
3.706251275117006028e+00
9.077200074961403686e+00
8.909167005115303795e+00
3.790398710077950817e+00
-3.019024137701602051e+00
-7.661873152372551843e+00
-7.836831488911190746e+00
-3.788939447122526616e+00
2.229108474728778599e+00
7.432595996953303086e+00
9.901645603357556169e+00
9.167802704649098189e+00
5.927398991320190547e+00
1.353562558518489389e+00
-3.442591701434597251e+00
-7.566623426718074086e+00
-1.025872546076151615e+01
-1.086969288188617710e+01
-9.044184814015503449e+00
-5.003614918956764690e+00
3.151220427230796428e-01
5.432323391008619495e+00
8.779247042781657129e+00
9.246521066480594797e+00
6.613385102879462352e+00
1.710719004598554083e+00
-3.750584088937261029e+00
-7.691752935164181793e+00
-8.433659675127785249e+00
-5.482946243809553089e+00
4.117821951760158861e-02
5.690328595290131908e+00
8.732866515267977192e+00
7.544060413306924673e+00
2.580833514418816144e+00
-3.723368444314375303e+00
-8.226574567029945939e+00
-8.842531426210296530e+00
-5.730458691964491535e+00
-1.124104079290898950e+00
2.132194496874612266e+00
2.402540119105083249e+00
2.282751199974156764e-01
-2.195913807733940182e+00
-2.652147710984713136e+00
-4.775263748536158204e-01
3.019386350465278923e+00
5.566944932492757125e+00
5.593439199308731347e+00
3.313395952674629275e+00
4.585605932318608247e-01
-1.098292582966708064e+00
-7.514519582643374163e-01
4.750648438618985114e-01
8.652139501992033299e-01
-5.109124284422169593e-01
-2.961785266269983730e+00
-4.664183560471960810e+00
-4.115308147401410821e+00
-1.405637179147785965e+00
1.725337916454410925e+00
3.160646098937835990e+00
2.065612017973801784e+00
-3.582396968632753920e-01
-1.679913683432193938e+00
-8.574730722964979401e-02
4.082808009025002072e+00
8.289209204531445607e+00
9.390062887661114743e+00
5.792461516743284911e+00
-1.323559908905516558e+00
-8.588621979501327885e+00
-1.245120295640977481e+01
-1.125679943199103938e+01
-6.046634102603947625e+00
3.411692617739161548e-01
5.118152357686099663e+00
7.030693878483268655e+00
6.578234628528203842e+00
5.060570151009658346e+00
3.371595073379209939e+00
1.506965395471432156e+00
-9.405812357696896608e-01
-3.871096327205389542e+00
-6.250179844608657831e+00
-6.630001340205947002e+00
-4.263475921277889213e+00
8.490974778272952772e-02
4.352603667956863376e+00
6.374274996328426646e+00
5.253476467359022628e+00
1.932949520260254683e+00
-1.456887241359381413e+00
-3.017973939088884450e+00
-2.277140298754854797e+00
-3.377579799810107586e-01
1.060977634644705958e+00
8.533679473616420097e-01
-6.280833809184247496e-01
-2.003666056035301679e+00
-1.968273961229783264e+00
-3.323253967171071466e-01
1.786830493570226830e+00
2.761653472421832234e+00
1.666000048592083616e+00
-9.645581358714701015e-01
-3.375779065758649278e+00
-3.707754055017466133e+00
-1.259816933477307277e+00
2.915250371805109708e+00
6.488390867149080421e+00
7.143311925980267318e+00
3.932736826093203852e+00
-2.076660441263283197e+00
-8.239798551712194552e+00
-1.162120392395796387e+01
-1.045675498950183346e+01
-5.034200162110691323e+00
2.445703265721501651e+00
8.935101696423542350e+00
1.197157938166493452e+01
1.074799442032615637e+01
6.304328613971494910e+00
8.087817422770204878e-01
-3.615869544826159743e+00
-5.844883974280508099e+00
-5.986445646359050521e+00
-4.873605889005079739e+00
-3.257253731152155662e+00
-1.305534888258359505e+00
1.243446764652859304e+00
4.435651177297458503e+00
7.521912419743896905e+00
9.000784146003752539e+00
7.406202873593123570e+00
2.390341954883322462e+00
-4.650221137566611596e+00
-1.094552238320416926e+01
-1.364411500091790330e+01
-1.132841837184064815e+01
-4.854277255735876651e+00
3.014768519534344549e+00
8.995155761927417615e+00
1.090863776414855835e+01
8.646571732687434064e+00
3.996763014995871721e+00
-4.739303271669493833e-01
-2.790312640352213158e+00
-2.447986178671867741e+00
-4.185071455036314392e-01
1.589854736825172310e+00
2.130003874499053040e+00
7.425726483743633199e-01
-1.898423797822526460e+00
-4.413432678555498256e+00
-5.459347471145967745e+00
-4.420110585192885466e+00
-1.725897995651414440e+00
1.351950652861355850e+00
3.344274815274664192e+00
3.353359889726204024e+00
1.537349483765060976e+00
-9.817079365904261001e-01
-2.762645450090833066e+00
-2.875433522795973751e+00
-1.407608495316939656e+00
6.726924216068543849e-01
2.191766336971431528e+00
2.506797881069553036e+00
1.791143832372047662e+00
7.041123329413898624e-01
-2.379512081793987432e-01
-1.037805158115642445e+00
-2.009517311521609617e+00
-3.177313458934208246e+00
-3.870241140541639702e+00
-3.011632809641854536e+00
-3.567709192681356445e-02
4.252217107932648510e+00
7.686098262381126922e+00
7.883184878586704691e+00
3.893283808508118504e+00
-2.817174254909258657e+00
-8.916820404921086407e+00
-1.113667861745121712e+01
-8.364753371000476889e+00
-2.443114368189693852e+00
2.982846662760087142e+00
4.849879706950341429e+00
2.658144611639169597e+00
-1.354287306325004270e+00
-3.962465143387079003e+00
-3.337384621384130501e+00
-2.879284140186562091e-01
2.559963664238529724e+00
2.995259851629269665e+00
1.104346494437549175e+00
-7.259760066385554378e-01
2.262926198739392269e-01
4.572858245762321694e+00
9.860697235998285848e+00
1.203578893792457905e+01
8.411967838006463083e+00
-2.065294186287625067e-02
-8.780600024871061393e+00
-1.265837483108856887e+01
-9.233168848390256755e+00
-6.685953634173595894e-01
7.550468554805790156e+00
1.014395395401653133e+01
5.435306696028165518e+00
-3.668849278082956911e+00
-1.170106606582075059e+01
-1.417199456722137185e+01
-1.019490649808164129e+01
-2.563843663427921804e+00
4.471390533553190494e+00
7.953149607291081225e+00
7.585949548061103442e+00
5.080609117453027679e+00
2.385588211870809605e+00
3.755464826970656422e-01
-1.092901328516250770e+00
-2.163171389727420735e+00
-2.225110447378884082e+00
-3.055987760060231428e-01
3.688873679781006665e+00
8.109355204573693854e+00
1.014834966445863884e+01
7.736730248188093739e+00
1.368233050744852797e+00
-5.731684604047506681e+00
-9.530486506886319376e+00
-7.982294734043152928e+00
-2.617718781145697893e+00
2.406819522307514170e+00
3.272576688261706224e+00
-6.480352211759929926e-01
-6.221048579015700852e+00
-8.808210592329338340e+00
-5.763245617062269233e+00
1.435326971949156594e+00
8.083315717456574845e+00
9.610427183661553130e+00
4.950223500506354846e+00
-2.604676754522424531e+00
-7.754746333764619415e+00
-7.051451456833494724e+00
-1.403689920978763439e+00
4.648509630313838237e+00
6.372676392121945810e+00
2.437756749754175001e+00
-4.032924712998893213e+00
-7.767882828376112769e+00
-5.328866698710146288e+00
2.180529859273247162e+00
9.711569320674477979e+00
1.178853143474977649e+01
6.430599358504368368e+00
-3.333282676128120681e+00
-1.143009946725338999e+01
-1.278678069411380491e+01
-6.629620427591560450e+00
3.172655030289693645e+00
1.080742447297704878e+01
1.227391705418931878e+01
7.643520156007921784e+00
4.948594724385728671e-01
-4.787182956777449760e+00
-5.817110920551813003e+00
-3.281788230361124548e+00
1.371234571878604813e-01
1.904984433658429843e+00
1.225651211548164365e+00
-8.596559601272328877e-01
-2.603388748218855575e+00
-2.863549307809261091e+00
-1.669634268844714553e+00
1.228469487349197753e-01
1.559841636438672241e+00
2.062239056182339603e+00
1.441830377318547018e+00
-2.638540617354037110e-01
-2.783997779936036476e+00
-5.419370680011911467e+00
-7.004567076583147589e+00
-6.345422748025490556e+00
-3.011507491740193387e+00
2.088156250077211951e+00
6.922323445936378050e+00
9.388526530780531232e+00
8.560968375452450374e+00
5.251392236594639940e+00
1.440097720662406822e+00
-1.041420188230915533e+00
-1.631194962327812359e+00
-1.173268513155593107e+00
-1.047278595719503436e+00
-2.031710088111178258e+00
-3.791596509650368318e+00
-5.311706098291384848e+00
-5.796557993864274394e+00
-5.207902821266286786e+00
-4.000931555733980183e+00
-2.400867553196149196e+00
-2.687402112083558947e-02
3.628963549045644221e+00
8.202514797104086597e+00
1.191812749067407040e+01
1.229353805962599289e+01
7.881233706412189122e+00
-1.847102220043059795e-01
-8.213917184465463706e+00
-1.192602530232841040e+01
-9.227175367029712305e+00
-1.838552245217766945e+00
5.576834185258518595e+00
8.413694949552132485e+00
5.252291366016346608e+00
-1.136907939332461037e+00
-5.743386167080647198e+00
-4.921918397803421996e+00
9.223421074939921471e-01
7.561358765848022578e+00
9.990305216854887149e+00
6.113554391446768932e+00
-1.633756970430397137e+00
-7.964625872821658348e+00
-8.541006056877336050e+00
-3.134819100361546873e+00
4.176093057306047740e+00
7.945916183236478858e+00
5.306258974519201921e+00
-1.948406556369321807e+00
-8.643268135010414355e+00
-9.928332125622954862e+00
-4.719852687260611468e+00
3.574038886928642356e+00
9.492254803301657162e+00
9.299406811323533972e+00
3.395143060676939939e+00
-4.255623436957024275e+00
-9.075783104744758134e+00
-8.957654019016484170e+00
-5.287360759792250064e+00
-1.379386002017680024e+00
2.782078403917156995e-01
-2.011453922358490409e-01
-5.769151423861944572e-01
1.324303025528855038e+00
5.522139374803421319e+00
9.573073556593424627e+00
1.028332512395022391e+01
6.129966878273927833e+00
-1.438203646306336125e+00
-8.779796836390334036e+00
-1.233844088122635618e+01
-1.079348354692637812e+01
-5.643096977484306720e+00
2.842408807708551866e-02
3.587011146263653139e+00
4.255817067805897302e+00
3.087168056264332883e+00
1.793235568171235084e+00
1.450001184478862726e+00
1.970209898353738165e+00
2.508178440566910083e+00
2.263041448282652190e+00
1.003367156388018211e+00
-9.578704505745403441e-01
-3.096544717385765200e+00
-4.912871430454830879e+00
-5.922289205779740939e+00
-5.612505865169112873e+00
-3.643710941508715884e+00
-2.659080259483508346e-01
3.435321190998799956e+00
5.871041759883261157e+00
5.835224545291986864e+00
3.376706303219782157e+00
-6.410027686270092229e-02
-2.511463639275671955e+00
-2.784827376656020537e+00
-1.322506392771977346e+00
1.905341837237165548e-01
1.845229054968851590e-01
-1.470676501894088384e+00
-3.263969432527865422e+00
-3.223077081644049269e+00
-6.197164300365192169e-01
3.172885159832396162e+00
5.483807430647341441e+00
4.345955750571832255e+00
2.051843443983727422e-01
-4.080073690048980239e+00
-5.153574800997382965e+00
-1.705189716242446973e+00
4.262187309339772412e+00
8.547009150543008360e+00
7.633825148182939557e+00
1.353892015803363602e+00
-6.656614894027852003e+00
-1.119248501759670233e+01
-8.971504668664822546e+00
-9.724391968969428035e-01
8.061083804757613436e+00
1.267809104363207773e+01
1.027067013110623606e+01
2.695806905384997343e+00
-5.105876400866238285e+00
-8.482773576895830558e+00
-6.080406171362234602e+00
-4.595581165381741329e-01
3.971260538195640954e+00
4.136119754536233373e+00
3.229738444982259704e-01
