-1.087970440069685241e+00
4.389384953743311613e+00
5.113627993087193957e+00
1.081909365905127984e+00
-4.602192025634971984e+00
-8.038690550113470223e+00
-7.175998274464630455e+00
-2.922665204996338861e+00
1.899279712333072023e+00
4.769044599654352012e+00
5.099146220715502942e+00
4.150061741862572262e+00
3.526393110311040857e+00
3.642415810086001571e+00
3.453039124851013941e+00
1.608796940471448611e+00
-2.024851452894468551e+00
-5.845687852281144181e+00
-7.510749268549000490e+00
-5.694916903341458614e+00
-1.200371040923784882e+00
3.495751822999573211e+00
5.925391441451862917e+00
5.243951637388137854e+00
2.559607913284098313e+00
-1.790584305227501671e-01
-1.741052946804245716e+00
-2.321415504855680823e+00
-2.892476854165539457e+00
-3.889550937070620940e+00
-4.509601235411119902e+00
-3.359579369609780652e+00
4.043545522896008215e-02
4.264307536274258403e+00
6.577228435893929692e+00
4.915662716845741187e+00
-2.244301010625530113e-01
-5.621301623755214472e+00
-7.311383914292156838e+00
-3.452356841975469770e+00
4.062276213891733434e+00
1.061216994986907380e+01
1.195936211471529376e+01
7.291291442645936982e+00
-6.679416367062640525e-02
-4.921136184922556112e+00
-3.926199088729977582e+00
1.919385127384641176e+00
7.861088891358710029e+00
8.722795153198488194e+00
2.646687096647491799e+00
-7.430578274369739056e+00
-1.563600200374525073e+01
-1.705585909667073707e+01
-1.095052766918551690e+01
-1.102171157966583159e+00
6.831170157798678311e+00
9.009857333604342600e+00
5.599791227840122509e+00
1.100424195031476926e-01
-3.389981515391584210e+00
-3.043491995120305660e+00
-5.912984657577569081e-02
2.709355431097720590e+00
3.148464950973531629e+00
1.377036044000260473e+00
-6.494535946899896439e-01
-9.046926493534843683e-01
1.066418307815693023e+00
3.879121654552057041e+00
5.491571756428175632e+00
4.792271964229612990e+00
2.328385817749842879e+00
-3.042434233154763801e-01
-1.794078919984161358e+00
-2.036226595422649499e+00
-1.940637457072867278e+00
-2.395658444937995846e+00
-3.351346809159790663e+00
-3.843942817557337577e+00
-2.944534319388227850e+00
-7.917926369799169750e-01
1.247598972817084650e+00
1.545441853775344709e+00
-3.996724793341371318e-01
-3.290482894083592846e+00
-4.738045341263847909e+00
-2.958458377102562764e+00
1.754135485667571048e+00
6.930942085821554244e+00
9.414128872459995634e+00
7.470960716334566598e+00
2.066040505275319905e+00
-3.648862190564527985e+00
-6.344058952994796385e+00
-4.680502476799697220e+00
-1.616920743132866933e-01
3.917077950558447874e+00
4.707742052332847926e+00
1.713277820810232832e+00
-2.928711769327315473e+00
-5.953108480527071755e+00
-5.216657173946385839e+00
-1.151607624097158666e+00
3.550469825221362896e+00
5.779966684269215449e+00
4.096415816766101337e+00
-3.646335587227912400e-01
-4.760196302875477237e+00
-6.547863068395507469e+00
-5.214623049130359789e+00
-2.513332312754847919e+00
-1.047454619511005713e+00
-2.219339471062325764e+00
-5.032159864185048903e+00
-6.663118105805438951e+00
-4.482357642245487384e+00
1.864890579488109656e+00
9.813727712050853924e+00
1.523555292911894909e+01
1.498429130612769278e+01
8.961392762331902517e+00
2.970776090378564049e-01
-6.512783435451480862e+00
-8.303425287985108483e+00
-5.010134624638231671e+00
5.970112364805587601e-01
4.920399342437976387e+00
5.837331468733961692e+00
3.746207833353301098e+00
7.916308423780640258e-01
-9.681140704512569695e-01
-1.000131174505747733e+00
-3.254741415893136480e-01
-2.979608437889349482e-01
-1.275768455147702207e+00
-2.343906494994546730e+00
-2.300539215841801433e+00
-9.971281477279346772e-01
2.371403456561346212e-01
-3.834800484968979850e-01
-3.372909249418382771e+00
-7.022165459816515742e+00
-8.246140502432647068e+00
-4.845641360856650870e+00
2.460484419159479241e+00
9.935333363545080232e+00
1.303211969349383281e+01
9.506554835254126701e+00
1.173897052404499153e+00
-7.119727796038946011e+00
-1.073863606447119778e+01
-8.430958726908720280e+00
-3.082793127627936336e+00
5.782211091684866799e-01
-3.253866235073115121e-01
-4.514747310142243286e+00
-7.460145214022578131e+00
-4.928921647623218050e+00
3.453695161074105791e+00
1.339265512778385769e+01
1.864846960519830432e+01
1.543535156274493580e+01
5.288196385128850707e+00
-5.775930853572108781e+00
-1.129069379449942723e+01
-8.697466604455447836e+00
-8.959365482677195125e-01
6.086474638170116691e+00
7.532611853732401386e+00
3.292221567717231068e+00
-2.487282212150123684e+00
-4.824302095824121395e+00
-1.848859046135814754e+00
3.778611077497319393e+00
7.005547660838631785e+00
4.389309261073937485e+00
-3.122463698047962311e+00
-1.074646044214534690e+01
-1.331096860407000371e+01
-8.983798744656304791e+00
-5.190627606083628720e-01
6.810023017305950610e+00
8.940652918350284750e+00
5.618416795802708918e+00
7.712314424550981151e-02
-3.697016169763215121e+00
-3.856414425820182679e+00
-1.569585280843993624e+00
5.265717148726166696e-01
7.699804652361383894e-01
-2.885863683265019741e-01
-7.708930267516325152e-01
4.794333603471393479e-01
2.619819454147072513e+00
3.507944112693294869e+00
1.784132700631641644e+00
-1.564047930762875849e+00
-3.713357832443128004e+00
-2.382850143468988158e+00
1.860145436074680081e+00
5.480659162851513777e+00
4.500274709372676263e+00
-2.112318328990684613e+00
-1.093326345806221767e+01
-1.598627660395868944e+01
-1.297790380559263568e+01
-2.793315040277371430e+00
8.548045038431986598e+00
1.378147893488136333e+01
9.513913300012259100e+00
-1.156478211808007472e+00
-1.058655046635273855e+01
-1.187619276735170182e+01
-3.765643809485125004e+00
8.407381671885829633e+00
1.643519044174990995e+01
1.500345675688831371e+01
5.360107925617472624e+00
-5.711729853399794443e+00
-1.080655639694053249e+01
-7.102449526805596491e+00
1.861841327228874521e+00
8.993002455888845503e+00
8.857528293423388988e+00
1.482737703776611404e+00
-7.902165821287509218e+00
-1.279863136917347433e+01
-1.005043232493558669e+01
-1.827297170546843041e+00
6.242099366617372525e+00
9.182700980182566752e+00
5.953939589447108105e+00
-3.231304991028528528e-01
-5.032201400833470117e+00
-5.413274797967204677e+00
-2.144071066763499900e+00
1.738164806058735357e+00
3.420613254343981779e+00
2.298136427713524998e+00
-1.633751182853557249e-02
-1.348500645440059431e+00
-7.505740243603999939e-01
9.941283806472915874e-01
2.340324218119894883e+00
2.389334581282441583e+00
1.478346564925896667e+00
5.590461149862737678e-01
1.035989074971025437e-01
-3.364681190503752695e-01
-1.464382815353881151e+00
-3.119265876712042029e+00
-3.890591402008775290e+00
-2.085462594236525469e+00
2.563417843378335448e+00
7.905352296973219950e+00
1.021228577546722249e+01
6.601633461287537585e+00
-2.573278405140702496e+00
-1.322013184543205000e+01
-1.956075092983367369e+01
-1.759526512371779461e+01
-7.719913301034349473e+00
5.307883311953889738e+00
1.511916177823820817e+01
1.744061300334903919e+01
1.238587775442742789e+01
3.954718983184601910e+00
-2.757769116639244622e+00
-4.697627713147544348e+00
-2.332125334782947146e+00
1.264871596226179618e+00
2.835327231166116846e+00
1.113649457191533632e+00
-2.610285915720135907e+00
-5.677544900303462150e+00
-5.979608046228531926e+00
-3.271096398444153230e+00
8.705822704932359990e-01
4.208419568978974290e+00
5.238254585696905608e+00
3.932449480762415739e+00
1.507620889349480464e+00
-4.764174364245252757e-01
-1.059348205087087935e+00
-3.385036563686569244e-01
7.274622670663485335e-01
9.787978820721691120e-01
-2.108897947998609190e-01
-2.515380965413134717e+00
-4.777830509763671962e+00
-5.634560696788244449e+00
-4.325229030451859913e+00
-1.222961793994928215e+00
2.280194879759867455e+00
4.535932973347814645e+00
4.619213049592414855e+00
2.886620169083927934e+00
6.982704540108741753e-01
-5.522393794981454995e-01
-4.355347028510409002e-01
2.257077642413221619e-01
3.343478008188788264e-02
-1.810392388033189803e+00
-4.712035923332129173e+00
-6.922068927782246917e+00
-6.691034119668642255e+00
-3.527853665677037398e+00
1.363921888739873856e+00
5.797752233141469702e+00
7.934447797977250971e+00
7.259906017226914088e+00
4.559875737679253582e+00
1.061538667954060600e+00
-2.445531792239615587e+00
-5.766526286781311406e+00
-8.713907793622071907e+00
-1.049185299711900576e+01
-9.851851428097182506e+00
-6.115151495039341967e+00
-2.438824373671386603e-01
5.147105227848327580e+00
7.234845370138725862e+00
5.047046786485941183e+00
5.402124603926543589e-01
-2.415545627711506604e+00
-7.396569314331453704e-01
5.321794777003109544e+00
1.185265372747573309e+01
1.371919259718846718e+01
8.323381866874079549e+00
-2.034342438877061454e+00
-1.113390240503146167e+01
-1.280162748684611174e+01
-5.252391802993567893e+00
7.300726287808799952e+00
1.711332349788354890e+01
1.793814643026227529e+01
9.197877567279151734e+00
-3.623287297901524706e+00
-1.268532948829474094e+01
-1.302733822615535786e+01
-5.690130852318358023e+00
3.387191808023942041e+00
7.784858422043093640e+00
5.096113926114331782e+00
-1.692888779770864716e+00
-6.781200956401620239e+00
-6.045577730364724900e+00
-9.138853617657582973e-02
6.317593198938917354e+00
7.902755109276959899e+00
2.811655078495578941e+00
-6.032501400114941958e+00
-1.305869781475747082e+01
-1.397721477515406718e+01
-8.616820522173805230e+00
-7.287662963981946795e-01
4.879512754521009299e+00
5.632441596384080817e+00
2.537650428755361176e+00
-1.137030937015129028e+00
-2.577371925468812996e+00
-1.358903242284977386e+00
7.405727075275525539e-01
1.632447718572868745e+00
8.116489833537936516e-01
-2.924394936783163423e-01
3.089747324921613414e-01
3.297835860001326225e+00
7.272082844656977407e+00
9.696528678061275386e+00
8.805935338429620174e+00
4.942474801466931744e+00
2.980383372042152423e-01
-2.690975612340228196e+00
-3.023817424057088310e+00
-1.633956076971597282e+00
-4.345576282328074136e-01
-7.650652912698711061e-01
-2.472296591788634146e+00
-4.251013552623078340e+00
-4.827952544200551088e+00
-3.957735894872315363e+00
-2.463320042647306085e+00
-1.410030938997267835e+00
-1.203888259465776933e+00
-1.385966398226871732e+00
-1.225403819225705293e+00
-5.056227210040548092e-01
2.380078948846154341e-01
2.426943927526818423e-01
-6.888652573388363010e-01
-1.877900249309647052e+00
-2.271055903780258234e+00
-1.352707643733988441e+00
3.313107833924514578e-01
1.541923639435964333e+00
1.356028702026240040e+00
-7.871940672450727927e-03
-1.264655872312623996e+00
-1.034384957577028308e+00
1.037765083281811496e+00
3.909456354423683777e+00
5.830317826062723086e+00
5.565185609734415451e+00
3.213104374191550594e+00
3.142668383505675678e-02
-2.519007435556592789e+00
-3.700702778017447958e+00
-3.696147690135543673e+00
-3.054602408157906623e+00
-2.020639432017966364e+00
-4.235447316508141880e-01
1.784799822393712043e+00
3.944773297789762712e+00
4.792775790910693168e+00
3.393169844735735019e+00
1.967712069056781754e-01
-2.794750148215771279e+00
-3.195831199829949565e+00
-7.103893292144136673e-02
4.954365352655711874e+00
8.364658361254905472e+00
7.000563066722111927e+00
4.075666224717542363e-01
-8.449565881042426341e+00
-1.478905139577630479e+01
-1.496335555113897264e+01
-8.768180293272131109e+00
4.774053676898608600e-01
8.098326442684490090e+00
1.092213988965182914e+01
8.862055495155695795e+00
4.293981389796186932e+00
-4.201811916358144661e-02
-2.883551763212826469e+00
-4.693184755243433592e+00
-6.386109749597526530e+00
-7.869134997511729068e+00
-7.802048278185559127e+00
-4.856375133090513607e+00
6.385160270656249359e-01
6.224332981625870787e+00
8.679498050726607516e+00
6.335557672880454128e+00
5.409024606892038900e-01
-5.010406968953962092e+00
-6.751435691296372887e+00
-3.732960973133215177e+00
1.756561732674524867e+00
5.946783598707123808e+00
6.398230633081229968e+00
3.720842155840369259e+00
8.873490931441156970e-01
7.112072843266404876e-01
3.508163192016683141e+00
6.822388473447654533e+00
7.458319267035188105e+00
4.200626235313453805e+00
-9.922323401012830280e-01
-4.366715790651837459e+00
-3.328557445812328819e+00
1.333912319420146542e+00
5.781166458198050861e+00
5.890002831518962978e+00
4.270123460597305964e-01
-7.788599759603942907e+00
-1.368156884627985903e+01
-1.340891086161461132e+01
-7.000199023221394867e+00
1.747823327240978886e+00
7.964082402462402399e+00
8.934462374830779652e+00
5.526201575611928263e+00
9.379874919054083104e-01
-2.027739429729056297e+00
-2.933914466718545722e+00
-3.438158016607950174e+00
-5.196709875292203407e+00
-7.854064031475638252e+00
-8.931244653495184593e+00
-5.825182013536905679e+00
1.673248905790851282e+00
1.047775212444432924e+01
1.587005563400061448e+01
1.466799181041671929e+01
7.581676099895158671e+00
-1.056731313040778941e+00
-6.096914127621013257e+00
-4.944752969877217019e+00
8.727958873962460284e-01
6.991382856970296267e+00
9.310645496160232071e+00
6.638850022394761297e+00
1.079282368299107286e+00
-3.883520444935279592e+00
-5.971005569761960174e+00
-5.408996677279450438e+00
-4.138914881773868792e+00
-3.820854875287085228e+00
-4.372498850142676474e+00
-4.216561505690918032e+00
-1.932728863750395432e+00
2.152940371637041217e+00
5.836857388735457342e+00
6.548851871769159061e+00
3.336790922977176166e+00
-2.249710193234242706e+00
-7.101003269195135914e+00
-8.624164143964112128e+00
-6.405781341202562373e+00
-2.266097316276929785e+00
1.233420885002354916e+00
2.612701830185144125e+00
2.246801766227953578e+00
1.621140650408708694e+00
1.818404246242164124e+00
2.543444666643084329e+00
2.474932678261652086e+00
5.987403322924373938e-01
-2.639444956009262988e+00
-5.374996318902333314e+00
-5.594774360469044971e+00
-2.668021315183549902e+00
2.060271986071612993e+00
6.091977700319841205e+00
7.405899418376433729e+00
5.688986702330015355e+00
2.304845635691935790e+00
-8.774918034860534899e-01
-2.827117499151309055e+00
-3.842912175133078811e+00
-4.905617288921022556e+00
-6.519979044242957933e+00
-8.049092201670095648e+00
-8.103686414165693463e+00
-5.678118514955048823e+00
-1.123243871619549861e+00
3.826207919491341869e+00
7.023558391241635945e+00
7.191197961494566471e+00
4.625306095205917067e+00
9.015161227978487624e-01
-2.118816419360491032e+00
-3.258458186514509691e+00
-2.396277772240045678e+00
-1.944965206323543971e-01
2.422246170813385557e+00
4.609596090419930015e+00
5.668339104642999615e+00
5.059851045565139316e+00
2.611672115525974114e+00
-1.149376059155354790e+00
-4.898912356513283939e+00
-6.975487575050053124e+00
-6.307474234317896666e+00
-3.240656892731207606e+00
4.018905169202029448e-01
2.260271738734199509e+00
9.018637476351889504e-01
-3.128240395965577569e+00
-7.436916254871023035e+00
-9.123335742835571693e+00
-6.548799951952968712e+00
-4.326515163675512810e-01
6.429961509626063609e+00
1.067713850050300550e+01
1.022001739174847046e+01
5.352793355231019845e+00
-1.447754314514091201e+00
-6.838257023768377962e+00
-8.264134908597332796e+00
-5.095460397489703475e+00
1.238269642364580481e+00
8.047129001652324476e+00
1.263666736456072393e+01
1.342750677198763398e+01
1.049222676516766306e+01
5.350070470050299676e+00
1.668836818285837076e-01
-3.255264037084503848e+00
-4.225612417995721515e+00
-3.297176302146176852e+00
-1.748406272215261792e+00
-7.483682394093471579e-01
-7.350373005909495161e-01
-1.392049536061682691e+00
-2.180353170921768502e+00
-2.955776071492501877e+00
-4.117733852468719036e+00
-6.102371499854813308e+00
-8.611249688634517341e+00
-1.029455579917762975e+01
-9.361533727972430441e+00
-4.877559941319769443e+00
2.153513297967468709e+00
8.867003552954766832e+00
1.199843558858468384e+01
9.916398835181514215e+00
3.841931756343485382e+00
-2.725135887552394998e+00
-6.151197001708783141e+00
-4.993167862714293470e+00
-8.652125191208206445e-01
2.833729345624925067e+00
3.476547548019783829e+00
1.191774128710020975e+00
-1.250240549946535662e+00
-6.634278280234104930e-01
3.824178371188493575e+00
9.652747510399823483e+00
1.236415934033038333e+01
8.867099619418459255e+00
9.472671611624350341e-02
-9.048882851167306285e+00
-1.271746771110980134e+01
-8.199373218754729464e+00
1.828543863821485482e+00
1.065655258601219302e+01
1.183891846958405125e+01
3.629147840892697374e+00
-9.516433759086083910e+00
-1.955611415906035688e+01
-1.999845339395464805e+01
-1.017356187326532613e+01
4.242347118851663268e+00
1.484787740043681481e+01
1.589550812016821268e+01
7.861315111059575145e+00
-3.126055697994298832e+00
-9.528020339799613936e+00
-7.396248686057577792e+00
1.216470882786784724e+00
9.946616979827423322e+00
1.261909580928854346e+01
7.419382395395420993e+00
-2.055842538860071400e+00
-9.442220524336732979e+00
-9.994772847393109672e+00
-3.673866327444884838e+00
5.089658132995270812e+00
1.061466416404421587e+01
9.823830985156927653e+00
4.072022433277195930e+00
-2.176469053313538460e+00
-4.712648127010555577e+00
-2.523956979615916474e+00
1.729183259288902708e+00
3.910343547302909339e+00
1.587009794814096653e+00
-4.128634711079202546e+00
-9.366905976350301088e+00
-1.029326880404349609e+01
-5.872434948837589985e+00
1.360391098802043564e+00
7.028503254230542119e+00
7.876701091326288484e+00
3.874318032658839339e+00
-1.961598060277250033e+00
-5.791420665807121004e+00
-5.569239697476611184e+00
-2.199791089492846297e+00
1.479703361825790653e+00
3.006284103869182545e+00
2.105409963453429789e+00
6.762764995329009210e-01
1.036040996793000435e+00
3.839272474388040202e+00
7.331059150109365596e+00
8.570630652877804678e+00
5.742569333685511701e+00
-2.036132658949527663e-01
-5.905830483456131930e+00
-7.801497236740969399e+00
-4.663425577470202477e+00
1.385516686354452354e+00
6.183176352664617070e+00
6.311904941339112618e+00
1.427737412124579830e+00
-5.498530121980870433e+00
-1.019845188350251775e+01
-9.966236284547388635e+00
-5.375666323542420244e+00
2.917909839424065455e-01
3.420562399689152766e+00
2.506575091923712417e+00
-1.029357386312838241e+00
-4.127729609838551639e+00
-4.425068848707490510e+00
-1.892091992528472932e+00
1.368604281891349306e+00
2.902612317403124198e+00
1.848676737342616949e+00
-4.231271255658556329e-01
-1.418906828807408926e+00
5.055962003977616526e-01
4.803379848385054274e+00
9.011980583392640298e+00
1.041445739539175719e+01
7.857899317996976052e+00
2.448814479246725462e+00
-3.279285414650028763e+00
-7.025049919338359317e+00
-7.993586298322842509e+00
-6.984796822217657741e+00
-5.440572575988791293e+00
-4.320453450473617174e+00
-3.655615343745220347e+00
-2.962891459927394777e+00
-1.979351743379069717e+00
-9.915507523540796342e-01
-4.892759878149022246e-01
-5.368816083918205306e-01
-5.339947074262504367e-01
3.143145673064058343e-01
2.173599632997215814e+00
4.158974925058397609e+00
4.817000225591403506e+00
3.266782585445264342e+00
1.293829464411461183e-01
-2.585665782031364213e+00
-2.727985166716512477e+00
4.189213416569304016e-01
5.390806733397161210e+00
9.261087287194856188e+00
9.425743816223834060e+00
5.264594336826847076e+00
-1.455955499814547416e+00
-7.696881342400217818e+00
-1.097836389499596521e+01
-1.066804634692164555e+01
-7.921026854585933918e+00
-4.479312059773165267e+00
-1.340388885547343367e+00
1.688425604935645197e+00
5.290615972120072286e+00
9.456037497714953943e+00
1.285015384764516710e+01
1.334306730292113130e+01
9.407019255663582769e+00
1.408942666684559697e+00
-8.146797987848771072e+00
-1.567367274348091577e+01
-1.825516112533869872e+01
-1.507481893021847519e+01
-7.753702681106441119e+00
4.969687723742446384e-01
6.370950425272521755e+00
7.849362441208706187e+00
4.912721492551412439e+00
-5.862735513293679812e-01
-5.739288457810445720e+00
-7.774418791674058582e+00
-5.233992666503984204e+00
1.296848134777410122e+00
9.294479870924993392e+00
1.534830987145550196e+01
1.679499828109676685e+01
1.312860276988248742e+01
6.332520313930860567e+00
-1.978734990822450523e-01
-3.610648217006184879e+00
-3.256944578796845402e+00
-9.655759709546118952e-01
3.020291100347540780e-01
-1.444047700948468460e+00
-5.785816389991543574e+00
-1.014242742155193788e+01
-1.155650469121682633e+01
-8.786431569971302480e+00
-3.229165260721813091e+00
1.988096291252775982e+00
4.111042023244715793e+00
2.573762269585406770e+00
-7.349429973690642104e-01
-2.894452768512950414e+00
-2.007921308091947132e+00
1.567747202948287732e+00
5.616429398002057205e+00
7.682893676176767883e+00
6.684857948036677655e+00
3.403739680382300126e+00
-3.359028942788410133e-01
-3.011870683489070277e+00
-4.205055320982979516e+00
-4.360120727555552023e+00
-3.922879396896009396e+00
-2.756530672898354961e+00
-4.133718147319120906e-01
2.997617505942797411e+00
6.224621436012392373e+00
7.293118398525020751e+00
4.824483943403218511e+00
-6.938480244704574584e-01
-6.761427576083124613e+00
-1.016247088166842083e+01
-8.937305391714037484e+00
-3.673115886659085838e+00
2.827666124834716577e+00
7.305724383460034055e+00
8.014400940411045227e+00
5.552543552925481407e+00
2.070360306317530874e+00
-4.455310850399495370e-01
-1.472725391943553674e+00
-1.907522586131990217e+00
-2.844123364999718628e+00
-4.282247065328922631e+00
-4.901096586623248541e+00
-3.150254895735264959e+00
1.200234447888525624e+00
6.357557721134331707e+00
9.372751783362659239e+00
8.101141175617748047e+00
2.881144885419455459e+00
-3.348017158791108727e+00
-6.714912989241108576e+00
-4.835197171823955031e+00
1.612567252483194880e+00
9.205364306350425352e+00
1.378320756228409039e+01
1.285078610605982341e+01
6.884817137919796437e+00
-1.160629660211323078e+00
-7.688780003652589734e+00
-1.040970575912401941e+01
-9.269468754392606868e+00
-5.999397199334840280e+00
-2.797181659140107968e+00
-1.057584862580766671e+00
-8.486056533887039732e-01
-1.248174280614971599e+00
-1.151747532295211762e+00
-8.783552856557574895e-03
1.874753637193101952e+00
3.532142504272868244e+00
3.870170529514187052e+00
2.286263456800313953e+00
-9.013312435151716873e-01
-4.441554875548252568e+00
-6.659022587131780746e+00
-6.335130512357132204e+00
-3.528719682042827266e+00
2.095355068466416837e-01
2.536240877569183372e+00
1.689347373701121757e+00
-2.234762759690807066e+00
-6.983586766211905328e+00
-9.214667690181961746e+00
-6.444911361093595303e+00
1.266732552042398652e+00
1.101889131428397484e+01
1.846683529867432583e+01
2.015738613288189640e+01
1.539757467509869926e+01
6.519272844210751927e+00
-2.580271999205686395e+00
-8.649275020828767424e+00
-1.064272213643783083e+01
-9.747681027457105074e+00
-8.062084942614363925e+00
-6.989902902576719868e+00
-6.489871708560741581e+00
-5.583125616709941674e+00
-3.558132185909673950e+00
-8.270949051859712853e-01
1.276962610624771788e+00
1.599597170273186375e+00
2.614423890677016749e-01
-1.184722174620728374e+00
-7.767176171374482463e-01
2.328565542913120900e+00
6.945908267204279340e+00
1.033351307968972677e+01
9.865605786994944282e+00
4.858056494107547252e+00
-2.683731269579475054e+00
-8.979399149328024521e+00
-1.057751985827379038e+01
-6.396902007276634272e+00
1.542278712887041436e+00
9.163187326506943009e+00
1.255413525661411533e+01
1.007812123602584009e+01
3.170019167307578378e+00
-4.587728436289184586e+00
-9.518328455960169521e+00
-9.820022435946803796e+00
-6.343792113075061856e+00
-1.810790069516735823e+00
9.779613293321047784e-01
8.249155717664488074e-01
-1.288538311110756229e+00
-3.029987858581129512e+00
-2.376958734083952418e+00
9.615536334865810719e-01
5.269338621871084705e+00
7.868002157087193638e+00
6.817314419486542043e+00
2.188092963627724874e+00
-3.898880893333523723e+00
-8.479599500828728154e+00
-9.416338714641465657e+00
-6.478022470597576188e+00
-1.211393535357583318e+00
4.187847519133368834e+00
8.148630548495615855e+00
1.027514458771262085e+01
1.092167280276395402e+01
1.031234360324386223e+01
8.065795691204675322e+00
3.617524103251301248e+00
-2.770251375496496138e+00
-9.328168042906629154e+00
-1.323545089362807303e+01
-1.219885428285768292e+01
-6.188021888286215244e+00
1.982481111956957864e+00
7.912298557096492324e+00
8.162798190774211093e+00
2.531223467885124201e+00
-5.522589948743175547e+00
-1.077726684910645716e+01
-9.433961490205188483e+00
-1.609039236314312227e+00
8.501547476623011690e+00
1.498774830922059209e+01
1.371089599121884639e+01
4.771978787495091190e+00
-7.537029368028452581e+00
-1.721864050511316435e+01
-1.992309512071467026e+01
-1.514807791343623578e+01
-6.086147685254013950e+00
2.574554489380900257e+00
7.395501008556384370e+00
7.811405064794765707e+00
5.832296855843642547e+00
4.278281606620687683e+00
4.822292401305572795e+00
7.053478031951090799e+00
8.985864764157456719e+00
8.508392005461583807e+00
4.785152486103013914e+00
-1.213144847943825155e+00
-7.249200425252998237e+00
-1.100827334779487110e+01
-1.123047559126631256e+01
-8.219796565491243712e+00
-3.561819236896384133e+00
7.138291915881110894e-01
3.067641195585774305e+00
3.039513778060388027e+00
1.260508370659811472e+00
-1.050842625269777120e+00
-2.793579787485152455e+00
-3.487619565389551646e+00
-3.307541111634324960e+00
-2.683750648099895386e+00
-1.804649320310065086e+00
-4.321413875593083098e-01
1.787202674607599295e+00
4.740201784797301698e+00
7.503791200604183587e+00
8.653106305374464569e+00
7.161233865975285440e+00
3.302764291352068948e+00
-1.180511246245192547e+00
-3.968150359891955414e+00
-3.648485676510097697e+00
-7.899687757247602082e-01
2.278987689542622874e+00
3.008844775984234943e+00
5.090971522087417434e-01
-3.607269325153580564e+00
-6.188162446932704341e+00
-4.809127414034483294e+00
2.235531806573360925e-01
5.697730347841797105e+00
7.519793039429206516e+00
3.691340675212979150e+00
-3.877691060296052594e+00
-1.021594551895434577e+01
-1.049160072157366130e+01
-3.496503811953767027e+00
7.075418420413506659e+00
1.468519761574149385e+01
1.417591183427055057e+01
5.366543425545624579e+00
-6.539805011792421574e+00
-1.420076514781628063e+01
-1.296339492537959615e+01
-4.004521595067489059e+00
6.438704964126119812e+00
1.131464743646662718e+01
7.607619360297178446e+00
-1.568710064614607491e+00
-9.136333773610715525e+00
-9.023417651449261001e+00
-5.007295570377308103e-01
1.115703145961951570e+01
1.818938835427378109e+01
1.563935784007928653e+01
4.761148866524449907e+00
-7.802428042391083451e+00
-1.448338086402765867e+01
-1.179507118379952502e+01
-2.457630899527851298e+00
6.724677577631536174e+00
9.637499608278890406e+00
4.907584102938652215e+00
-3.517533550499142514e+00
-9.485984329005686888e+00
-9.089468992367022437e+00
-3.252342047301521433e+00
3.266971346391668085e+00
5.562885440184219377e+00
2.179767038035374860e+00
-3.972385941405919496e+00
-7.934036277137028748e+00
-6.435152674647614646e+00
-2.841240134206595158e-01
6.289760172783957159e+00
8.770434524596302239e+00
5.622137022205992984e+00
-6.714289943598849009e-01
-5.471319334446992144e+00
-5.321388179473274249e+00
-3.388748375368556554e-01
5.980659220461367553e+00
9.274490436564926554e+00
7.264834237022827601e+00
1.101586801561674989e+00
-5.671801239132837402e+00
-9.582658398649229525e+00
-9.294429727394540208e+00
-5.950567713053620977e+00
-1.864014314087096391e+00
1.220695993337680418e+00
2.970511551104890735e+00
4.006323769068439233e+00
4.837273816726119335e+00
5.262097924883319067e+00
4.734964249076315745e+00
3.223053615262621907e+00
1.594808487049896417e+00
1.007299477743997418e+00
1.736863575679984839e+00
2.548905697062514353e+00
1.398622275365058121e+00
-2.839482101784396750e+00
-8.923925474229225330e+00
-1.342102661984405465e+01
-1.273440755347817088e+01
-5.746721474249239847e+00
4.856007746737478925e+00
1.376847850330531742e+01
1.621350099383361254e+01
1.101341140676932717e+01
1.441125113892389731e+00
-6.839813615790396817e+00
-9.412936729738889952e+00
-5.853567983838632749e+00
2.872851642697242802e-01
4.185806324678019941e+00
3.169497883976702290e+00
-1.574740492861110397e+00
-6.157934354951438038e+00
-7.060245246002547326e+00
-3.791613970053819838e+00
8.279343121348186063e-01
2.933652183437904348e+00
6.844338348418869122e-01
-4.204870905253625502e+00
-7.654033367689683232e+00
-6.277172024605045308e+00
-4.454464535812152626e-02
7.458398113293768894e+00
1.143169313180447944e+01
9.227639596535636812e+00
2.264637327351510798e+00
-4.902815564855256270e+00
-7.715964519114362652e+00
-4.735195391467136083e+00
1.439161824344217244e+00
6.071519895406422229e+00
5.654062547372490144e+00
3.626791988101958353e-01
-6.087227178845964204e+00
-9.045122491761132366e+00
-6.159686308927678766e+00
9.750536998465582084e-01
7.846497485674349903e+00
9.982590645720124556e+00
5.844698939462385390e+00
-2.224060714744853673e+00
-9.529884057695205968e+00
-1.196001674447917651e+01
-8.414962244209917230e+00
-1.278507630905093340e+00
5.219631622239973012e+00
7.598217365975941995e+00
5.050975637971028220e+00
-3.669487544667976442e-01
-5.228451315986183623e+00
-6.859096530482427845e+00
-4.795671502683217291e+00
-8.001089673610843889e-01
2.436089504721984600e+00
3.020272183190709114e+00
9.711460598184047388e-01
-1.897244945694959828e+00
-3.182726530545422872e+00
-1.428999206768843067e+00
2.941010347166192140e+00
7.843853338697225119e+00
1.076476199716208804e+01
1.024682426763282450e+01
6.726772954987719544e+00
2.199263091730749853e+00
-1.078542529878380840e+00
-2.012753730843671818e+00
-1.298689970079322187e+00
-8.249698024015799103e-01
-2.243378548346092849e+00
-5.671802559261251986e+00
-9.440403723477254871e+00
-1.110623705455633470e+01
-9.093777711795565821e+00
-3.861989471396984897e+00
2.215990516425227153e+00
6.222824863254281524e+00
6.437761204469101273e+00
3.319150825118989623e+00
-8.859188523066769960e-01
-3.599728152435947237e+00
-3.448312352466269992e+00
-8.917972885049727516e-01
2.357763130028666332e+00
4.605590595473284310e+00
5.199402261057434416e+00
4.657831462822999313e+00
3.962340344539974524e+00
3.672441668571395201e+00
3.578175983793874249e+00
3.110160779881157467e+00
2.094277146968430703e+00
1.159746282231516323e+00
1.391359548460999296e+00
3.430808958874284720e+00
6.702452238580129951e+00
9.405621100406682089e+00
9.399060572410657954e+00
5.476823449577526759e+00
-1.757818525951638788e+00
-9.979048041372504230e+00
-1.615812040195869415e+01
-1.794856958567650196e+01
-1.470710933464816605e+01
-7.687096992745757973e+00
5.836951646742971622e-01
7.352286635822907535e+00
1.062815795987406808e+01
9.768050844400638866e+00
5.549906051285364406e+00
-1.963375220998762050e-01
-5.251666540925532090e+00
-7.779322276447652840e+00
-6.984686452192327089e+00
-3.430109653210914100e+00
1.160740333131464075e+00
4.596745657131739549e+00
5.170430493212682777e+00
2.467272370660215763e+00
-2.348904743703910114e+00
-6.951389764603389310e+00
-8.838213003746211882e+00
-6.494613583656910549e+00
-2.189392055527425995e-01
7.804008255234727187e+00
1.431067649146417331e+01
1.638337724294922282e+01
1.288058163474246776e+01
5.143844756731990486e+00
-3.501859140130625825e+00
-9.357041340128184004e+00
-1.030737843028398082e+01
-7.031227825277607479e+00
-2.631640752353952450e+00
-7.363709483114255772e-01
-3.106456105498731191e+00
-8.266378392309780665e+00
-1.219439791826251529e+01
-1.085771469051140947e+01
-3.092538533822987823e+00
8.095987840313876305e+00
1.689281724932213891e+01
1.808271676279596463e+01
1.044903776959286823e+01
-2.091059265020077884e+00
-1.254715941682733060e+01
-1.499216387704422004e+01
-8.217382758919271168e+00
3.462421504990643495e+00
1.285266063504677803e+01
1.434483512963820750e+01
7.372817978767945313e+00
-3.336331847655429783e+00
-1.084063819415405661e+01
-1.037643650600350576e+01
-2.257050048597824432e+00
8.491767511045161143e+00
1.538709523689897551e+01
1.445829887518557122e+01
6.439116761327891680e+00
-4.023196482153602815e+00
-1.140164416016641979e+01
-1.251974198494500889e+01
-8.034456159678244447e+00
-1.522003710678793142e+00
2.957969953417701525e+00
3.174244838422759951e+00
-3.840526767569724109e-01
-5.267701099905373496e+00
-8.721417298517469163e+00
-9.143192702552738638e+00
-6.635139872581612863e+00
-2.603772912342209089e+00
1.143960718170344171e+00
3.272452547892992225e+00
3.417899877761659155e+00
2.221871083189942198e+00
9.526802026998075767e-01
8.548204391605001007e-01
2.464775533444993449e+00
5.221178049962331258e+00
7.651299043540900513e+00
8.146928408664901866e+00
5.953289303813017241e+00
1.759248184955583660e+00
-2.564852329190624225e+00
-5.011355255226979999e+00
-4.635639071279179291e+00
-2.119019341998149564e+00
7.071895162891492781e-01
2.069177020691555402e+00
1.365089299584644866e+00
-5.708180403031154482e-01
-2.194417414252746390e+00
-2.396228881751225614e+00
-1.218917747497289206e+00
3.321438028254887209e-01
1.154973662520703659e+00
8.666415971393389706e-01
-6.048350518849167357e-02
-8.755708608609771293e-01
-1.276764648571497407e+00
-1.621708559950728157e+00
-2.425170601060560926e+00
-3.600676633260061266e+00
-4.181007132411624028e+00
-2.896651486318484015e+00
7.341024071087616232e-01
5.656256612282431817e+00
9.568786527130235697e+00
1.021098584300844614e+01
6.822377530009985591e+00
7.496822998709140595e-01
-5.269368127302431759e+00
-8.692517440981195165e+00
-8.568639850156399618e+00
-5.837639966644951883e+00
-2.426211201156490027e+00
1.302563421698098578e-01
1.540892991621034991e+00
2.557290354701282631e+00
4.003768293982872706e+00
5.870120656566751194e+00
7.181935605579322868e+00
6.723392856877386414e+00
4.035455024425653292e+00
-6.944303904613180478e-02
-3.853007106757070588e+00
-5.615501306725770192e+00
-4.644712087980175319e+00
-1.587707212153344205e+00
1.903742663994571149e+00
3.986111949144262034e+00
3.463277400661303851e+00
3.168601923668448173e-01
-4.220758161991529533e+00
-8.068965215094166865e+00
-9.109785099934033070e+00
-6.198368872529555595e+00
4.226337232801580246e-02
7.158055232317392047e+00
1.182065677829212902e+01
1.151962547906947698e+01
6.106062776913824486e+00
-1.838018245858740851e+00
-8.252902425459723190e+00
-9.889055032511596011e+00
-6.240771793273120593e+00
1.802254940937925154e-01
5.499778974485773908e+00
6.999263238558508071e+00
4.767055383960259185e+00
1.317086788216805804e+00
-5.334819883515695693e-01
7.296960481147585220e-02
1.382752767368048197e+00
5.519893956734560625e-01
-3.784928726971346080e+00
-9.928061856553833664e+00
-1.390060228548794186e+01
-1.223444958491162815e+01
-4.766770363813968459e+00
4.721068223527176144e+00
1.071748173333930154e+01
9.641034084312803287e+00
2.372431435388321574e+00
-6.223086060114594531e+00
-1.054754170976169902e+01
-8.045534180603873153e+00
-8.343904860048019234e-01
5.957584768502121264e+00
7.921706205793652700e+00
4.462006364937963099e+00
-9.613126264596929538e-01
-3.547143721236587055e+00
-7.811462838068501391e-01
5.693491044245363675e+00
1.128709757675745173e+01
1.179566778139941974e+01
6.371382513709317408e+00
-2.005713657827013385e+00
-8.786126838079988843e+00
-1.106229448998006681e+01
-9.338144617680532278e+00
-6.646773689135689445e+00
-5.845718104282406458e+00
-7.256445387186549745e+00
-8.469210645062672072e+00
-6.421156524335766669e+00
-1.069445257627874568e-01
8.186238955138254170e+00
1.410024060843053917e+01
1.403165373483934708e+01
7.550785687254516709e+00
-2.256467848834440737e+00
-1.067367505665033889e+01
-1.408221053737092632e+01
-1.170566016985484836e+01
-5.416786660925549057e+00
1.909569068888785193e+00
8.113818305911918216e+00
1.238583563468853299e+01
1.470889386000590981e+01
1.496324309151979470e+01
1.266272272320385461e+01
7.574046877358549423e+00
5.721307027771476150e-01
-6.206816272511604282e+00
-1.029656311969952043e+01
-1.036469241837071209e+01
-7.127174196363884384e+00
-2.958844751035408560e+00
-3.916385784405387316e-01
-5.265229129563122612e-01
-2.461685568423508830e+00
-4.101899342351520872e+00
-3.724878435603633964e+00
-1.175776522721684980e+00
2.111785583749043571e+00
4.193556598870511465e+00
3.959017244160045301e+00
1.803472277927188117e+00
-7.504540029680240032e-01
-2.101231656432702710e+00
-1.509991788263200796e+00
6.430436952255034200e-01
3.303033775899653968e+00
5.437601727137908902e+00
6.488976110236956529e+00
6.400472438977383050e+00
5.398686169668087231e+00
3.822553964976843410e+00
2.112264693494451340e+00
8.248138777620412920e-01
4.829807757613422403e-01
1.248028489026666854e+00
2.651350699040743830e+00
3.676885457433410664e+00
3.265955704156693340e+00
9.783543022063878603e-01
-2.634011572987133398e+00
-6.237021721457518098e+00
-8.420346468969020393e+00
-8.469698720011379578e+00
-6.724078594261190922e+00
-4.309909794631326285e+00
-2.442609063496555155e+00
-1.737174163163768714e+00
-1.925049826624071425e+00
-2.099081449295978175e+00
-1.302207328082634286e+00
8.820723364997156146e-01
4.038486683061305982e+00
7.059628651474046279e+00
8.653122830044400970e+00
7.998528981779196023e+00
5.251078438097028567e+00
1.605360183376982164e+00
-1.210781272665098385e+00
-1.852665242660471057e+00
-2.257034865562289050e-01
2.260011972561546401e+00
3.359439400789438146e+00
1.352783252149076798e+00
-3.667109852075311593e+00
-9.462723089023803880e+00
-1.268150357406578976e+01
-1.080020491104936475e+01
-3.847453158906058768e+00
5.243776676854111862e+00
1.203520906251729272e+01
1.301142326680675332e+01
7.599438476711650736e+00
-1.469898170949299310e+00
-9.695922575756425132e+00
-1.328948907482741504e+01
-1.108509772411554017e+01
-4.793082911228817800e+00
2.383646115339300042e+00
7.713238936190531803e+00
1.017238611670018145e+01
1.030491023855333665e+01
9.090927590465216923e+00
6.877358048271693391e+00
3.244041466212327585e+00
-2.155892049720679715e+00
-8.574059160084964049e+00
-1.394025749821342508e+01
-1.580391733690676048e+01
-1.288286635826249515e+01
-6.109776118149719437e+00
1.664340426222155500e+00
7.233629204791501621e+00
8.881173126763043157e+00
7.274338063714061775e+00
4.802269945019450148e+00
3.807141387266346655e+00
4.926087197804376316e+00
6.692511639022812098e+00
6.680750509158406736e+00
3.404578548060333887e+00
-2.366336666003252986e+00
-7.844016214219160510e+00
-9.941754433036797067e+00
-7.372566232945459319e+00
-1.702787242979597826e+00
3.433638746987929924e+00
4.560957496579729487e+00
6.412556314315418504e-01
-6.095676930043796737e+00
-1.140550938940203807e+01
-1.166499859821064078e+01
-6.245238065152547868e+00
1.936888897283306488e+00
8.135699282534533339e+00
8.747144240659206815e+00
3.652684792966207183e+00
-3.610326491281980577e+00
-8.031258465344748743e+00
-6.303124687243219171e+00
1.052995768158788259e+00
1.000737984710317718e+01
1.557587802520728104e+01
1.491519296728883504e+01
8.914357587379150516e+00
1.282343072717668342e+00
-4.135423908556527195e+00
-5.869422455948559048e+00
-5.404214344266811132e+00
-5.509445149178975321e+00
-7.684860533735190735e+00
-1.074216722869062401e+01
-1.168005955641470095e+01
-8.231097792621653753e+00
-1.099241766339414283e+00
5.971373174579890808e+00
8.574584747251776662e+00
4.847320379556728120e+00
-2.888521503396638046e+00
-9.422714600402644081e+00
-1.014001646334474849e+01
-4.255895488053368148e+00
4.569257687312113347e+00
1.076996969701883344e+01
1.078849106033754524e+01
5.515649135891849575e+00
-5.528280758327257516e-01
-2.834586838723012203e+00
-2.139410616973317358e-01
4.097616388824829592e+00
5.136470604050768607e+00
3.175216242345104689e-01
-8.049314879705043779e+00
-1.394970883318373112e+01
-1.192997261218805605e+01
-1.417708266734499567e+00
1.215978890362248599e+01
2.053998683565828998e+01
1.807590619119945785e+01
5.725953581009026294e+00
-9.275808836958292503e+00
-1.797787783552037411e+01
-1.547028286779582196e+01
-3.973129982702312546e+00
8.776825552938849029e+00
1.466336798997953750e+01
1.034841259789383194e+01
-9.168693859685801417e-01
-1.179137303876431808e+01
-1.571129470625762892e+01
-1.078966928826883453e+01
-3.714056954377960018e-01
9.678466810204959359e+00
1.475143284384102493e+01
1.376718403126007040e+01
8.803634377678598355e+00
2.941824747423928965e+00
-1.765401100081545938e+00
-4.814044453463575124e+00
-6.349922857957180256e+00
-6.097251526774869923e+00
-3.306479243130536538e+00
2.191891605779979102e+00
8.884496617296678167e+00
1.366830116627774494e+01
1.344665063578853648e+01
7.241036209840656213e+00
-2.748421342443038817e+00
-1.206229504109892581e+01
-1.641379336191588578e+01
-1.407032343545290232e+01
-6.650347369249002050e+00
2.083172160890325753e+00
8.496473200962125105e+00
1.088268119464586547e+01
9.759880538659132299e+00
6.812816133498362348e+00
3.517487737620220933e+00
4.845585486705403788e-01
-2.226115249417108366e+00
-4.417914429034699886e+00
-5.513897652462024901e+00
-5.038682872696040427e+00
-3.334921468751319118e+00
-1.714645187531253612e+00
-1.688982386700281335e+00
-3.751387400319144305e+00
-6.695892300552404919e+00
-8.162802911908208614e+00
-6.193355882269519164e+00
-7.405518561320256765e-01
5.997881151957630941e+00
1.077373947552197819e+01
1.126595148393436929e+01
7.508222842638357264e+00
1.797018853759190904e+00
-2.830518118721548237e+00
-4.475954836786971924e+00
-3.344463695828971517e+00
-1.229752877837603453e+00
-2.335001723897489612e-02
-3.980850470055874446e-01
-1.590162644620066512e+00
-2.317974368546909858e+00
-2.015840812417764472e+00
-1.365898744513943441e+00
-1.701589878409504930e+00
-3.762636138456102231e+00
-6.811267196308964600e+00
-8.874248426696391689e+00
-8.037274704419186122e+00
-3.906290009515325679e+00
1.836978778009207502e+00
6.272435419130486522e+00
7.003335108130192665e+00
3.711245202391423526e+00
-1.535084195031148901e+00
-5.465036813980542973e+00
-5.567621736085832218e+00
-1.605778880229029149e+00
4.259018207677316425e+00
8.796572959536160141e+00
9.650362634471154166e+00
6.688743498964459633e+00
