4.179837924672412441e+00
4.438227441694304609e+00
1.623199711796178502e+00
-2.040563035276038661e+00
-4.183206063028064747e+00
-3.622675641240237887e+00
-7.623266477568146904e-01
2.901289015434421970e+00
5.633093355446245454e+00
6.173932204159781278e+00
4.132637815817989946e+00
1.083790669992545919e-01
-4.426926121448739870e+00
-7.574376020135332510e+00
-7.806436266725354400e+00
-4.837467670528682540e+00
-8.849260278665616042e-03
4.258456388843388396e+00
5.818419862544092602e+00
4.170149459801617553e+00
8.582880562793493429e-01
-1.523818904158421583e+00
-1.157061416586024016e+00
1.627251885799434916e+00
4.490807218268294321e+00
4.768928213735190269e+00
1.532735910044803695e+00
-3.509028686893305160e+00
-7.042652444360989250e+00
-6.475225734493315954e+00
-1.893508716043831974e+00
3.823634612344100958e+00
6.914468407243853143e+00
5.349969148707685918e+00
2.791748632655576268e-01
-4.757048471499074616e+00
-6.293356274236872494e+00
-3.318404223395226005e+00
2.125402874773832718e+00
6.492911703659402178e+00
7.242360126315951163e+00
4.451251817994639204e+00
4.300844059371398131e-01
-2.242582699719813721e+00
-2.678402538010101974e+00
-2.126463303196554300e+00
-2.635541706959709796e+00
-5.068117489904776285e+00
-8.102532771456017358e+00
-9.072895042184775605e+00
-6.042338252076935312e+00
4.878082611518244072e-01
7.594823030885932802e+00
1.175173098946308059e+01
1.115828774343782470e+01
6.895520630118412875e+00
2.069392972914513518e+00
-4.197566956227571922e-01
1.452093831989198502e-01
1.987508007216778116e+00
2.366757089067126785e+00
-2.150860094324200666e-01
-4.761604636990144357e+00
-8.390077358826239617e+00
-8.352018491109024723e+00
-4.020552985453117678e+00
2.548543732465013978e+00
7.853608387982089489e+00
9.118025131300253605e+00
5.943474604167427344e+00
4.114361686223708681e-01
-4.329523990641671816e+00
-5.991551314490889624e+00
-4.359765924433114392e+00
-1.131861813087626789e+00
1.352590310644433247e+00
1.590294883774816093e+00
-3.029607765766269001e-01
-2.863244902649964452e+00
-4.291854553455104693e+00
-3.526648267705936757e+00
-7.727265791753494817e-01
2.703824299649396412e+00
5.290450762541057728e+00
5.810652006743030284e+00
3.994510823562335666e+00
4.881824836652659538e-01
-3.503859484325303697e+00
-6.713099613441081637e+00
-8.210571121719802079e+00
-7.598690868999475434e+00
-5.003847744370438555e+00
-9.680642475153522497e-01
3.665403896991162203e+00
7.854577279698835568e+00
1.051214200248857367e+01
1.077633377201794573e+01
8.365945138352753219e+00
3.847290380632041540e+00
-1.411964140838293691e+00
-5.705830656308683579e+00
-7.716591583389845965e+00
-7.127103702343141833e+00
-4.736272610744854283e+00
-1.964421434195688709e+00
-2.695914937279758616e-02
7.040432080903684664e-01
7.368567148813655043e-01
8.911999351066336450e-01
1.551614874044638714e+00
2.306456914832563765e+00
2.255728134071202984e+00
7.673364625800536132e-01
-1.892796758970915594e+00
-4.560039898357457488e+00
-5.845347211132086329e+00
-5.023108849110842655e+00
-2.499525638153240692e+00
4.711277647924718703e-01
2.605368038258901731e+00
3.344506731635621843e+00
3.016869405792673042e+00
2.348771269021979524e+00
1.761474061726278961e+00
1.033558293434494679e+00
-4.070716177275423009e-01
-2.814367786110696379e+00
-5.640541355714907112e+00
-7.661172404415102832e+00
-7.661598665476516246e+00
-5.206691415651805599e+00
-9.568935890377265885e-01
3.664541303427585994e+00
7.187563120461153865e+00
8.707583523370990619e+00
8.068608596457400139e+00
5.663906304310170725e+00
2.155780349206683155e+00
-1.644051346343111231e+00
-4.771251400574500146e+00
-6.225168386697548684e+00
-5.356343903158194308e+00
-2.354394827990249350e+00
1.582444266648103337e+00
4.706624261486748395e+00
5.669393513075039692e+00
4.364027589158022913e+00
2.019198483977336700e+00
3.705536443795540147e-01
4.284275933500066857e-01
1.733138669193330372e+00
2.704529110749738230e+00
1.900825297841439054e+00
-7.230837145627809770e-01
-3.550521926767100211e+00
-4.342683022081436306e+00
-1.914771492466437852e+00
2.767917240064547535e+00
6.958282779370564164e+00
7.825798919597724002e+00
4.368513813079760943e+00
-1.794752353692823377e+00
-7.348408151834027180e+00
-9.333342229943937696e+00
-6.956195825307895042e+00
-1.955990195487331551e+00
2.663818161986436728e+00
4.615043611054495898e+00
3.657903742285240067e+00
1.453356261009986383e+00
1.708806449686604001e-01
9.214888231924269757e-01
3.109827578190034636e+00
5.053996889480958821e+00
5.295939638499959301e+00
3.595729958327858355e+00
9.369199810371360293e-01
-1.341245135886782514e+00
-2.541626779107454048e+00
-2.975460587286857361e+00
-3.487225008161666473e+00
-4.590872798780468500e+00
-5.937628156245895461e+00
-6.535247502686984511e+00
-5.535229956742630186e+00
-2.970258072000692806e+00
1.267974480384278790e-01
2.322705951387028289e+00
2.681155434572570773e+00
1.338066349460504734e+00
-6.214938026309365648e-01
-1.878012820949279016e+00
-1.699230955127677634e+00
-3.493172577857990291e-01
1.140662766474786149e+00
1.665446450591544725e+00
7.677965469196949000e-01
-1.031820447466929469e+00
-2.483297874491411150e+00
-2.304985729668657335e+00
3.021381384492927147e-02
3.842231903665362491e+00
7.407905311665808235e+00
8.735656184056038498e+00
6.617533154509647630e+00
1.419996460554283857e+00
-4.867301738760797747e+00
-9.458370258150042176e+00
-1.012126500618488123e+01
-6.353467891096963527e+00
2.817861254741753640e-01
6.880848182775724631e+00
1.060559400832873678e+01
1.000020060209481620e+01
5.530251462451539091e+00
-8.496464775168874883e-01
-6.724389287254924241e+00
-1.020409689477864390e+01
-1.041241374152931343e+01
-7.460163245264911147e+00
-2.209281054429041102e+00
3.900594117182138110e+00
8.991926497280585906e+00
1.112099369297764717e+01
9.034038806277658651e+00
3.036532878228916488e+00
-4.661536448043017700e+00
-1.066214117238564008e+01
-1.205733681812264457e+01
-8.188639080384330526e+00
-1.301917076488092961e+00
4.558089341921633064e+00
5.943306793922407572e+00
2.241259947026540633e+00
-3.768862500030223828e+00
-7.575912467420069518e+00
-5.872532845013481051e+00
1.122463359871925581e+00
9.558060706593764166e+00
1.425615812572205421e+01
1.200603214860776013e+01
3.706779645851562499e+00
-6.080098005479856127e+00
-1.192016497504157080e+01
-1.084625536964769310e+01
-4.097300806008322027e+00
3.832746599318925806e+00
8.157057405272134076e+00
6.803003102404449720e+00
1.530499456854906626e+00
-3.479314726373619937e+00
-4.543061474104902686e+00
-9.449760435241860712e-01
4.631773416579949121e+00
7.930144164062767231e+00
5.969130441754270322e+00
-9.198618364364374855e-01
-9.141372173178169191e+00
-1.391790184565940791e+01
-1.212578789816458524e+01
-4.195874522218599800e+00
6.015387559234842030e+00
1.328873224723213831e+01
1.386473288287542616e+01
7.469230709650405586e+00
-2.541564330204690858e+00
-1.096745352723237765e+01
-1.350758990855688069e+01
-8.996430117186696052e+00
4.629851876158475044e-02
8.825400919512446762e+00
1.286336908218555308e+01
1.036339012538647175e+01
3.059662811207223498e+00
-4.882555189594435241e+00
-9.256761889660587883e+00
-8.112179587777589518e+00
-2.660017387675694955e+00
3.659199479582202041e+00
7.295478566816929522e+00
6.573392759644709926e+00
2.385512559234098884e+00
-2.682984306075435921e+00
-6.082127442576527265e+00
-6.701239481249452012e+00
-5.120503690358443549e+00
-2.748153799956543075e+00
-6.354496021893769608e-01
1.118212447810783106e+00
3.012460603115699520e+00
5.265554879427153168e+00
7.230093654427656169e+00
7.662543628449246746e+00
5.689968476617566218e+00
1.715651615416811104e+00
-2.511557131495348649e+00
-4.845237180399618815e+00
-4.120783014735031280e+00
-1.012925139726128521e+00
2.268461514087690478e+00
3.305224814307457404e+00
9.856551860127105158e-01
-3.758949474746010377e+00
-8.452284236595279054e+00
-1.047582421484999138e+01
-8.512097118234049020e+00
-3.203036790591655247e+00
3.270759991412558243e+00
8.345902403554342541e+00
1.027595244845958078e+01
8.779296938318550403e+00
4.932213719366868254e+00
5.070543993236145131e-01
-2.846361349085224646e+00
-4.216033631558474326e+00
-3.647490282842611009e+00
-1.953008092855360367e+00
-2.297398482354812144e-01
7.016070913910226192e-01
6.842375360046465405e-01
2.372302903016224596e-01
1.630691850296133727e-01
9.586150477031943895e-01
2.393741051901210781e+00
3.560759459646644309e+00
3.414651518801163910e+00
1.487074146993567325e+00
-1.694478328474561479e+00
-4.786487658133656176e+00
-6.325921889773896467e+00
-5.518998061430006707e+00
-2.643846741352636975e+00
1.142356189607833361e+00
4.412905943814457999e+00
6.093968220799940383e+00
5.776145151092155317e+00
3.672976106235317673e+00
4.171060093889935594e-01
-3.110010416429856317e+00
-5.900019644255539930e+00
-7.028171291048439073e+00
-6.029069589577135346e+00
-3.274845337083269303e+00
-1.335832518674107128e-02
2.160947800715463885e+00
2.227736450456068162e+00
4.793410413061989228e-01
-1.522375685203316342e+00
-1.903327238953047562e+00
1.985570370900736625e-01
3.867069935981103601e+00
6.844228843044764865e+00
6.996704757048878065e+00
3.848826659240603298e+00
-9.316320349001433465e-01
-4.536565848000591039e+00
-4.890520099200538873e+00
-2.094231104794020748e+00
1.622095031601321402e+00
3.460368980311297804e+00
2.051354446150991606e+00
-1.547454518483069918e+00
-4.598548459423761336e+00
-4.665659225258185216e+00
-1.408860262435721822e+00
3.113401989901068312e+00
5.870986865969236135e+00
5.000663605956546576e+00
1.123118277401971454e+00
-3.098325805222253315e+00
-4.824948677543616782e+00
-2.992778694594461442e+00
1.022084498674586950e+00
4.437036581269004465e+00
4.998210607670762862e+00
2.433970669227601746e+00
-1.528275579889517344e+00
-4.462946915287298033e+00
-4.844841671038974340e+00
-2.834106663472110377e+00
1.522099688305230125e-01
2.569808766249656706e+00
3.652624338648522873e+00
3.509744984052357797e+00
2.571311360399940682e+00
1.044963195696777758e+00
-1.082877143347979576e+00
-3.566080072189404149e+00
-5.520123925309187385e+00
-5.689756499596100525e+00
-3.328755230485492600e+00
9.683753655178307662e-01
5.254268748800399180e+00
7.250697723712893783e+00
5.799681974307492105e+00
1.713199230919228988e+00
-2.659446906386639498e+00
-4.921778303831836787e+00
-4.162745803387236876e+00
-1.453921331512536330e+00
1.030383600664552812e+00
1.614342421865568200e+00
2.729633362260258655e-01
-1.482526541710057710e+00
-1.854916906575978297e+00
-1.839944557653647172e-01
2.518568108791282345e+00
4.294327129630692852e+00
3.655855863480172552e+00
6.462929225073243966e-01
-3.199858070140734867e+00
-5.900787105430986834e+00
-6.272130757143179025e+00
-4.500098991231765488e+00
-1.746573777574820685e+00
7.760049836603940543e-01
2.500487412788416908e+00
3.511390173006756488e+00
4.027138542412734168e+00
3.941347311963494082e+00
2.885504191144369290e+00
7.487380484751455789e-01
-1.871095117266957653e+00
-3.797869020914340865e+00
-4.011594082164265274e+00
-2.450141333223089912e+00
-1.986880294239601885e-01
1.184309477280749201e+00
7.725958755652975185e-01
-1.014094048627096178e+00
-2.670453889826524208e+00
-2.702673436775113291e+00
-7.684814076261581306e-01
2.007204311109624939e+00
3.815661690903061398e+00
3.493349272240815040e+00
1.407191458626011027e+00
-7.908829610666380239e-01
-1.394224581111225492e+00
3.838416953379181207e-02
2.267882334441480019e+00
3.221527854554814496e+00
1.535566018489201490e+00
-2.304830744864137415e+00
-6.078961817670519352e+00
-7.187101003074735317e+00
-4.372263398138220403e+00
1.339468459365339204e+00
7.118119244604848461e+00
9.939991430656284876e+00
8.325030337508840361e+00
3.151113642954839200e+00
-2.892982309646777495e+00
-6.819229732977368563e+00
-6.898772795065420738e+00
-3.422064866192444654e+00
1.640658892674159208e+00
5.754763138951478396e+00
7.050090458157290740e+00
5.073673744359840754e+00
8.209769438312304324e-01
-3.834224749808739396e+00
-6.983356902759538798e+00
-7.449307834821549790e+00
-5.214709444462867438e+00
-1.381601913265445569e+00
2.319989786628480655e+00
4.293914532446492238e+00
3.793347935604563403e+00
1.250396695733979380e+00
-1.965023067022789505e+00
-4.252197284108024000e+00
-4.580652217613187638e+00
-2.948669684777336819e+00
-2.651893034283945294e-01
2.227627861253616004e+00
3.606657194282620438e+00
3.609314724286748710e+00
2.535600104543415334e+00
8.984600148240733386e-01
-8.533633222857863743e-01
-2.353964455521958321e+00
-3.178625502881837761e+00
-2.818880895093828443e+00
-9.547147174464405417e-01
2.105899523768295367e+00
5.212729190219429043e+00
6.733970192714783032e+00
5.458452872521568189e+00
1.534065135837100247e+00
-3.249990206754484134e+00
-6.219315815290014982e+00
-5.324197719968120524e+00
-5.307524477964137288e-01
5.846947378989540312e+00
1.024067724804325863e+01
9.821792531566797990e+00
4.234087271972404309e+00
-4.022550047895012248e+00
-1.086591252915094685e+01
-1.285754593641943089e+01
-9.077919803583977654e+00
-1.557119663465579062e+00
5.945894903825942102e+00
1.002942110706704071e+01
9.346043505226845127e+00
4.985731714083118327e+00
-5.068369399344923032e-01
-4.710653577271163073e+00
-6.484027338778599159e+00
-6.108780024921348861e+00
-4.584010832219788334e+00
-2.756513883291380029e+00
-9.391747653425771558e-01
8.364495749974363292e-01
2.334014933881086495e+00
2.953920151312770415e+00
2.131196043154689246e+00
-2.089362218553003636e-02
-2.427209021000327205e+00
-3.520112964734345873e+00
-2.270874595107184479e+00
9.196956710535615365e-01
4.193866535154260333e+00
5.253238316486599224e+00
2.850552060213921379e+00
-2.226425977062857609e+00
-7.411197056139637418e+00
-9.797928649214210139e+00
-7.901059989683171025e+00
-2.609628665799331948e+00
3.304563681552628474e+00
6.839246021175263479e+00
6.534497097184086556e+00
3.249989843863806627e+00
-5.162765521899946863e-01
-2.285807174440673606e+00
-1.142551600088727248e+00
1.812359338091809491e+00
4.321919732219778432e+00
4.517964339312129596e+00
2.110430732938490372e+00
-1.524575768339946347e+00
-4.339510307614766305e+00
-4.967679272207163876e+00
-3.521234518565743876e+00
-1.350103867234643706e+00
4.037620015091558656e-04
-1.256227908848009944e-01
-1.110364354813205168e+00
-1.606591787645523128e+00
-5.939711686422659564e-01
1.806975001208119380e+00
4.333629781993719732e+00
5.397677587320093728e+00
4.165118931493755561e+00
1.166033006221749435e+00
-1.986759382467116364e+00
-3.597495917456348558e+00
-2.952949298308376491e+00
-7.507757630972913265e-01
1.397096006384529465e+00
2.063234953787931314e+00
9.768238198652063886e-01
-7.887470108655358914e-01
-1.558636698179449054e+00
-2.507993432835803338e-01
2.780609971917436862e+00
5.849012223748363937e+00
6.964698012675936134e+00
5.138177498400950505e+00
1.091314822080132529e+00
-3.125168278562338475e+00
-5.388524485431234190e+00
-4.818320491604033862e+00
-2.273333926152206974e+00
3.023367094664591859e-01
1.232001419002746179e+00
2.191468742470397135e-01
-1.554336173341812177e+00
-2.401312461226654982e+00
-1.458090821566673245e+00
6.173790377717556233e-01
2.117679918647742188e+00
1.607992336204848716e+00
-8.770190575657055287e-01
-3.689972681982795599e+00
-4.663825654650816332e+00
-2.700975421982460212e+00
1.301746396778759696e+00
4.929515480526196036e+00
5.869192146374083485e+00
3.554738245647677708e+00
-3.595795158706582839e-01
-3.100568318535986467e+00
-2.726915560069694155e+00
4.441394708807664404e-01
3.984921789164307171e+00
5.035478775459433010e+00
2.366274890407659370e+00
-2.632803207355150388e+00
-6.775293109610229791e+00
-7.190440022394290587e+00
-3.288383524476748754e+00
2.775778784206460070e+00
7.466541429840198418e+00
8.136875517610311803e+00
4.672909854007292196e+00
-5.616758666865072636e-01
-4.382840834621496207e+00
-4.876015148470418836e+00
-2.512134614104578834e+00
3.943503705107787027e-01
1.424271164225678454e+00
-2.434812504362331431e-01
-3.299978260253889406e+00
-5.236571851254956833e+00
-4.054928786368034999e+00
3.813285163628061802e-01
6.182123254578892002e+00
1.048542890196329225e+01
1.103417557493901313e+01
7.354341447470138959e+00
9.467674217863581987e-01
-5.495291147073182003e+00
-9.351812707046480710e+00
-9.196789936779119046e+00
-5.322616081417064215e+00
4.706053517096140393e-01
5.674858141942697110e+00
8.130352185525902442e+00
6.923746214885214023e+00
2.752611513027437340e+00
-2.430869159686280589e+00
-6.364855666420120350e+00
-7.560564765961785838e+00
-5.953923790175584152e+00
-2.767851791179846366e+00
3.140814049378067296e-01
2.134439921605677082e+00
2.586291631515973410e+00
2.380885822288869136e+00
2.299547444031888155e+00
2.526353313693968872e+00
2.565342022144298628e+00
1.770199092643991445e+00
2.144900027100282713e-02
-2.033592758340347029e+00
-3.405584077598786230e+00
-3.523903570028442012e+00
-2.700775690022994446e+00
-1.879056718246482127e+00
-1.825148625465286889e+00
-2.416063931920668040e+00
-2.649594079068620545e+00
-1.455846363176946934e+00
1.280509344829213081e+00
4.324692577819281070e+00
5.746642160758493212e+00
4.252380838524900675e+00
2.410803716326765933e-01
-4.246963309524216079e+00
-6.757073822473744329e+00
-6.014756718972536831e+00
-2.764062276936710916e+00
7.705046025565227552e-01
2.439798886245266640e+00
1.644116546673524581e+00
-3.244576135599186451e-01
-1.308217694763282646e+00
7.070117636531542127e-02
3.335149373804689787e+00
6.418028027420173309e+00
7.074257252026166398e+00
4.442510706375094820e+00
-3.181924030386491520e-01
-4.720004042130550914e+00
-6.458242099010565340e+00
-4.734144406959893914e+00
-5.943631170504676264e-01
3.795719651054815458e+00
6.364637390592522870e+00
6.076079286429866499e+00
3.179535059422404331e+00
-1.137205885886755308e+00
-5.314643600266775181e+00
-7.905327250049654531e+00
-7.927291579422091061e+00
-5.173311824873155551e+00
-4.522182764298612323e-01
4.457150936466550917e+00
7.364992231548714408e+00
6.672046334053631789e+00
2.334715111418097067e+00
-3.847336985705255508e+00
-8.959766580294543203e+00
-1.042992118196711715e+01
-7.401331060814055895e+00
-1.201844231331935298e+00
5.377977056938848754e+00
9.543495533648966855e+00
9.817545101904361360e+00
6.520004854794028581e+00
1.300869667484433112e+00
-3.804298485664761031e+00
-7.174635049966615163e+00
-7.938900104904073274e+00
-5.958643373404288290e+00
-1.760076982480025087e+00
3.462071327746963245e+00
7.953147118330422316e+00
9.884834004070368607e+00
8.196517735865867849e+00
3.339849228806236248e+00
-2.679239833420236305e+00
-7.209935779602130168e+00
-8.392020469471557220e+00
-6.214272667252807913e+00
-2.442134737575734071e+00
5.924846712244340452e-01
1.523486655821922664e+00
7.245023930618457175e-01
-2.174371826148423503e-01
9.960984130053368579e-02
1.717797043888268371e+00
3.296733706934583896e+00
3.268537734938405492e+00
1.246759720904858426e+00
-1.477760396239927942e+00
-2.832566610357964532e+00
-1.617251383833085976e+00
1.383908777500079790e+00
3.790963574930010793e+00
3.349385227940208765e+00
-2.584184486053103802e-01
-4.919437607001710511e+00
-7.403246080737108770e+00
-5.621838858773021030e+00
-2.130675407872697491e-01
5.746589476187010881e+00
8.757212162583728698e+00
7.230460966131440514e+00
2.488824208312845343e+00
-2.260534696754470829e+00
-4.199019820775950151e+00
-2.757080916803306803e+00
2.461499766702610614e-01
2.186724353871584370e+00
1.676594502740504478e+00
-4.910422376033688474e-01
-2.154415605780402032e+00
-1.650733051114374739e+00
7.595426956610236147e-01
3.038622539189995031e+00
2.978899497155278464e+00
2.044468002317634259e-02
-4.148394424014273163e+00
-6.712985001413666275e+00
-5.770942044551913064e+00
-1.774322260890770497e+00
2.709658298346151017e+00
4.769309982971581263e+00
3.181767471643987655e+00
-7.414732313657510510e-01
-4.078857869002576741e+00
-4.313309618851269178e+00
-1.019846522430335245e+00
3.904100143760617314e+00
7.542545300405410380e+00
7.840781680556039746e+00
4.800945585669600391e+00
3.045228499005573353e-01
-3.163962218013198768e+00
-3.962470716289839157e+00
-2.025404808160244929e+00
1.390029608428267283e+00
4.569190854892067222e+00
6.188523585480993461e+00
5.735225534227572197e+00
3.486237413652506945e+00
2.697010754773931929e-01
-2.816762622687929429e+00
-4.724698461441208863e+00
-4.848045875470829991e+00
-3.380752587798495412e+00
-1.365595890154749803e+00
-2.253898428331478354e-01
-9.086704731837688120e-01
-3.160838730709527589e+00
-5.497643647991230509e+00
-6.058809363032256812e+00
-3.881452028982326219e+00
2.696897392261523585e-01
4.183550720365741604e+00
5.536268100183629137e+00
3.447137088035867603e+00
-8.117871773263455326e-01
-4.506669613357173532e+00
-5.144287579693032519e+00
-2.082776439388033030e+00
3.019624840281590394e+00
7.217512532566464856e+00
8.080155646579315842e+00
5.111767380129871974e+00
-7.475352279073299577e-02
-4.833719119374437767e+00
-7.021143616851634128e+00
-6.006323373186134518e+00
-2.661033982607705184e+00
1.432383960433312620e+00
4.868123949816314244e+00
6.837957028212638733e+00
7.032094386523843887e+00
5.395928635628813197e+00
2.127359154001729813e+00
-2.072100192670828012e+00
-5.859718266749851523e+00
-7.610375266768395264e+00
-6.253919352751583283e+00
-2.081240572880058703e+00
3.133968024815895426e+00
6.960693736901733430e+00
7.669210628896831139e+00
5.253744389271703952e+00
1.398422006210527702e+00
-1.640336341557636857e+00
-2.501534902504394253e+00
-1.534548415623951279e+00
-3.981504853964310531e-01
-7.338330491788699339e-01
-2.865152206552246117e+00
-5.466048639793960717e+00
-6.459665712355490363e+00
-4.534099267095640151e+00
-2.109444647838791820e-01
4.305897839411074735e+00
6.443881881975346282e+00
4.887710560967079232e+00
4.510471572941145979e-01
-4.376422258548388733e+00
-6.916031740685669504e+00
-5.880561296501631396e+00
-2.078762329423255117e+00
2.146140981532210112e+00
4.347430914273788360e+00
3.384902298523411179e+00
-1.415460309454830146e-03
-3.721416398793744751e+00
-5.584987829687944938e+00
-4.519265370922239455e+00
-1.089836908122567394e+00
2.895042398337811740e+00
5.406744058093676308e+00
5.253325721983525654e+00
2.618402820957359545e+00
-1.151649606359727240e+00
-4.335232196825211659e+00
-5.733401971896638472e+00
-5.187735789339085635e+00
-3.467622016352776448e+00
-1.649948024018337733e+00
-4.120359131151554166e-01
2.993466662979429316e-01
1.015437711276202082e+00
2.110196063872523453e+00
3.279165871848597646e+00
3.589755098740908146e+00
2.168892217733864314e+00
-9.096721566933450021e-01
-4.229851853250363725e+00
-5.588024813836817373e+00
-3.325614616778843846e+00
2.359479760053987185e+00
9.075161267120272157e+00
1.330935032642445393e+01
1.243684190721316796e+01
6.456795498547177381e+00
-1.727422742744862072e+00
-7.838079011182364830e+00
-8.742076883620695682e+00
-4.405341210904152760e+00
2.019928396598541731e+00
6.131746882644779184e+00
5.069545535397009139e+00
-6.262865684125151766e-01
-7.325704158966499513e+00
-1.063476863739771083e+01
-8.244750922056887532e+00
-1.441388521843347981e+00
5.723827314672714550e+00
9.056342163032748971e+00
6.902558841936185630e+00
1.130794667458202341e+00
-4.206777597754342679e+00
-5.597210111418467804e+00
-2.338891716255937059e+00
3.126505759559130126e+00
6.972381565050212338e+00
6.583178274654061468e+00
2.221746182701920702e+00
-3.300181225487580416e+00
-6.623184825032193856e+00
-6.075336665272072167e+00
-2.621760865074278968e+00
1.030706222948292394e+00
2.438759207056512945e+00
1.083634118796984236e+00
-1.440774634573373625e+00
-2.750034798110887024e+00
-1.480881381210986225e+00
1.716277141707804876e+00
4.670004977089487141e+00
5.256398906974749430e+00
2.901188391073745265e+00
-1.025807214568843273e+00
-4.148291869469657556e+00
-4.655072186909189114e+00
-2.422197180277715134e+00
1.020551683113309016e+00
3.563558778334951604e+00
3.847165893045202623e+00
1.982100967001105385e+00
-7.080760956686855678e-01
-2.620670422698442525e+00
-2.808344408112434465e+00
-1.364479248653664989e+00
8.372459280322632758e-01
2.732404434575602448e+00
3.564983179637589483e+00
3.077892696896509683e+00
1.454037556539844012e+00
-8.119066853685394936e-01
-3.016595300744756347e+00
-4.380680140903824515e+00
-4.297134226829535386e+00
-2.650891258169595144e+00
-5.673276535643478891e-03
2.552057758865108106e+00
3.917733856171273121e+00
3.552958206449890799e+00
1.766670148743217261e+00
-5.170460325867199947e-01
-2.358034664221495547e+00
-3.345308614251305990e+00
-3.700205724732961610e+00
-3.883036020637990138e+00
-4.037464709843746391e+00
-3.745861781774236121e+00
-2.335246298566866052e+00
4.673361683432710745e-01
4.042092628961794887e+00
6.987142548778638051e+00
7.851505352480698363e+00
6.039555610077240289e+00
2.269390746955550764e+00
-1.759777133942149741e+00
-4.308406940299921217e+00
-4.552175236077346199e+00
-2.953574809211445551e+00
-8.480734953147950339e-01
4.420332666951975464e-01
3.758461212347041225e-01
-6.145901029554847739e-01
-1.549889031409766194e+00
-1.589569275966343564e+00
-5.102471845515765825e-01
1.281024616585817899e+00
3.107355461453348067e+00
4.439246735837575564e+00
5.082528453906127730e+00
5.075799991940916023e+00
4.463036509050841261e+00
3.172741463663042438e+00
1.116233404003312835e+00
-1.574524502580682883e+00
-4.369010275663738341e+00
-6.392707758173964194e+00
-6.745198945715891625e+00
-4.951786093117861220e+00
-1.325225199184475233e+00
2.973461982586078189e+00
6.275607760782329514e+00
7.073259102399755527e+00
4.759823921008951686e+00
7.994543981216772899e-02
-5.020068496499995092e+00
-8.198759095363911342e+00
-7.874662966514651252e+00
-4.140723829905763154e+00
1.133243642818170471e+00
5.193515404270357294e+00
5.890200097605913676e+00
2.932402549854159268e+00
-1.870321379247155580e+00
-5.602508225831412503e+00
-5.935419432994244460e+00
-2.507295343908400032e+00
2.864437746905191595e+00
7.277228319050316863e+00
8.456913860762519164e+00
6.019955665387897170e+00
1.531655857926608633e+00
-2.591087769553969800e+00
-4.550257760909556026e+00
-4.056599753017472665e+00
-2.163249152775080564e+00
-3.223999407875862699e-01
5.743215240138656030e-01
5.230213353925710074e-01
2.141518369991279869e-02
-5.574061452194789545e-01
-1.246253952836000822e+00
-2.219708892418047252e+00
-3.315016918435726545e+00
-3.883255631488589987e+00
-3.222470941759418395e+00
-1.285019254635888952e+00
9.877002105067906879e-01
2.138784021082573705e+00
1.269074547646055651e+00
-1.074326885333075632e+00
-2.984910757177150487e+00
-2.398578848450684031e+00
1.319821347518791654e+00
6.559868331671223629e+00
1.016493959360255417e+01
9.368074790773761151e+00
3.747173719778822409e+00
-4.166817126640113500e+00
-1.018135862130343128e+01
-1.092172082254474219e+01
-5.935999334034930186e+00
1.960988486334959813e+00
8.372268705911498188e+00
9.974159879430828823e+00
6.447142819155559756e+00
4.684910378629436600e-01
-4.169960662176574573e+00
-5.040227057038471514e+00
-2.524507243862775141e+00
6.707637050970667314e-01
1.535472494447148062e+00
-1.084653697174442488e+00
-5.637867211360347852e+00
-8.875951272667247594e+00
-8.039246050546719147e+00
-2.771515085431099479e+00
4.492236835427581454e+00
9.929537165837608370e+00
1.064500788525779562e+01
6.441937685575549466e+00
-5.740428693761256973e-02
-5.018906764330196779e+00
-5.736754771073006687e+00
-2.261050613479791416e+00
2.693037023490155946e+00
5.502089160673459212e+00
3.973001380428029528e+00
-1.194525852048198944e+00
-6.757477875946298340e+00
-8.914873290447998144e+00
-5.725064762677855690e+00
1.551819548966085094e+00
9.061468431736898310e+00
1.259053197024020143e+01
1.008122013033034392e+01
2.877434446238376076e+00
-5.072590864483273343e+00
-9.560708338721740418e+00
-8.551744775276119981e+00
-3.214831287033700136e+00
3.017723121652560181e+00
6.671211288584323107e+00
6.260942120002964906e+00
2.880412308489831652e+00
-8.854078063010530908e-01
-2.836525292853220748e+00
-2.495573293516192948e+00
-1.076217629367121731e+00
-2.879768058598429770e-01
-9.874443194639178634e-01
-2.690148511599287584e+00
-4.205800906575499987e+00
-4.760153307886560548e+00
-4.618931007283411105e+00
-4.689072904418689625e+00
-5.458459730786701769e+00
-6.228503846271313371e+00
-5.402004751657159431e+00
-1.739499872987537277e+00
4.347024831280888790e+00
1.054639015984376726e+01
1.382043243990808890e+01
1.230230451890524712e+01
6.610130556038604333e+00
-4.011725954901579350e-01
-5.350118395200635923e+00
-6.358815953469310500e+00
-4.026608770790301328e+00
-7.281717861377603462e-01
1.186397222995840828e+00
9.572007997496037035e-01
-3.498280716841881688e-01
-9.988093650942130308e-01
-1.490380046092104060e-01
1.421777172469276040e+00
1.992688083559299272e+00
4.169299022305847924e-01
-2.746346914352808088e+00
-5.428364768191567435e+00
-5.492762458668710934e+00
-2.362100129740194454e+00
2.413838325654710903e+00
6.126481332355090181e+00
6.750812769380313050e+00
4.335015380952983222e+00
9.233401175118103321e-01
-9.413237623772980900e-01
-6.030778349887105927e-02
2.553893087215826530e+00
4.402841884587781252e+00
3.301334712657485682e+00
-1.013895751393290467e+00
-6.573459252458178526e+00
-1.035414985112147512e+01
-1.013367174287919070e+01
-5.806244458858627056e+00
6.244517136077650798e-01
6.254534730323053182e+00
8.842542635748252167e+00
7.782652426153465086e+00
4.059565249687032917e+00
-5.558201385260126415e-01
-4.431879715620111959e+00
-6.602202668211008429e+00
-6.791306725377022069e+00
-5.192366817656532518e+00
-2.293770487520792489e+00
1.164396312577051784e+00
4.248376729799302254e+00
6.065989055866930713e+00
6.148739564642724531e+00
4.739678392919892680e+00
2.728056640789862985e+00
1.189765284580384108e+00
7.842251569248670506e-01
1.391162417052251188e+00
2.230167739237926661e+00
2.386748292390029391e+00
1.399667169229117825e+00
-4.655768604877594807e-01
-2.410982128257465273e+00
-3.612422961819717671e+00
-3.696899133861297315e+00
-2.898458969413986175e+00
-1.830398804847833016e+00
-1.057246855478899406e+00
-7.566347918775019332e-01
-6.778902735578389294e-01
-4.005741886859452983e-01
2.961344164367617493e-01
1.211028451206634715e+00
1.811940883867580787e+00
1.606868677828968250e+00
5.655623173639980905e-01
-7.097370487606394773e-01
-1.247485365893547637e+00
-3.189617901482160178e-01
1.954842021519293871e+00
4.438210314734830853e+00
5.484984566658579475e+00
3.917679526853750538e+00
-9.219596040981992147e-02
-4.867173592530338766e+00
-8.030372411873104355e+00
-7.888885212529921809e+00
-4.547917324559159091e+00
2.285770964515509984e-02
3.124247680659253845e+00
3.008633454775053284e+00
1.747307929776042990e-02
-3.623723659847053469e+00
-5.275705198374321725e+00
-3.661661500593653695e+00
2.659161798957699885e-01
3.989222758749861875e+00
5.179817698948310678e+00
3.318965498744040676e+00
3.042249885931411213e-02
-2.121050865119022966e+00
-1.506385754019915479e+00
1.376617231302783573e+00
4.273798998095931445e+00
4.848198099264433125e+00
2.437120041098807199e+00
-1.402346235520484985e+00
-3.977227198730866053e+00
-3.397318884864766186e+00
3.675251881169838697e-02
4.003640183777572581e+00
5.764080361875850045e+00
4.038666687784054687e+00
-1.727273125286838962e-01
-4.368057597884450693e+00
-6.294150585512171325e+00
-5.384590596199810619e+00
-2.899343438395587835e+00
-7.855709801686074911e-01
-2.073584376564195919e-01
-8.543096193017607476e-01
-1.455418677302743546e+00
-9.653049512732450044e-01
5.875661378100315302e-01
2.247184916090988693e+00
3.063194185977669015e+00
2.948965281619860601e+00
2.692428981954805955e+00
3.100147850427724450e+00
4.039448816238568440e+00
4.291117203467713637e+00
2.480162484838649650e+00
-1.584379062609028832e+00
-6.285346962877300214e+00
-8.965396571438454032e+00
-7.700671184971882965e+00
-2.827201952317093703e+00
2.991202770373348585e+00
6.370828480844442865e+00
5.461260141393188050e+00
1.251482262342990204e+00
-3.070102011695318378e+00
-4.332183656120990989e+00
-1.640413239034037352e+00
2.943410422865158527e+00
5.838772604698173829e+00
4.525658888155996706e+00
-5.581302099759331004e-01
-6.183948651093723825e+00
-8.505754798177878939e+00
-5.755141872251763324e+00
4.275554261593389471e-01
5.992597548072913227e+00
7.173385315840593357e+00
3.059436488138513432e+00
-3.699848478584896405e+00
-8.558116116500805504e+00
-8.018458351167714326e+00
-1.936752656979991549e+00
6.305769884116736890e+00
1.185145772167967948e+01
1.131426489558348081e+01
4.785439604194269947e+00
-4.283638032904962145e+00
-1.114636922862247204e+01
-1.243999598568092324e+01
-7.883714147046473997e+00
-1.189887981014521312e-01
7.015983847579248867e+00
1.061728013168242057e+01
1.000853898304690404e+01
6.608832518497976594e+00
2.694964532578898009e+00
-3.578136559763955837e-02
-1.233674307638178425e+00
-1.673019797185800961e+00
-2.367361180665227494e+00
-3.704277864453740854e+00
-5.162047879515707649e+00
-5.722237930284327589e+00
-4.633614863281318996e+00
-1.995442961802047499e+00
1.207725868437918848e+00
3.615387066184747589e+00
4.210698742353802260e+00
2.823449348438257456e+00
1.589927893399984971e-01
-2.607571320689199723e+00
-4.402123099498145287e+00
-4.677127400165654869e+00
-3.520952320071548236e+00
-1.479587033352652625e+00
7.503336913898009941e-01
2.593305018619376234e+00
3.747548660845422930e+00
4.214973498896823045e+00
4.233725693632258924e+00
4.130721481236508730e+00
4.119684356957614035e+00
4.118630595173822684e+00
3.708907522479037766e+00
2.331510457891242005e+00
-3.155022711356063603e-01
-3.886326226438312048e+00
-7.288621633094193086e+00
-9.045000954853023245e+00
-8.005633655044317010e+00
-4.036991948948636555e+00
1.741441057033552120e+00
7.367003945231560991e+00
1.089455097681185691e+01
1.122688368173317741e+01
8.459747000122929350e+00
3.614071414284583561e+00
-1.974744432865604971e+00
-7.163718595866452432e+00
-1.112655866755316580e+01
-1.318610025579483214e+01
-1.270925247539585179e+01
-9.347054444896345515e+00
-3.538106531161719026e+00
3.164042240827792174e+00
8.401902570138885196e+00
1.002861383241846838e+01
7.329994456488482690e+00
1.661812166490011400e+00
-4.042318478983577990e+00
-6.752085731537158075e+00
-4.996177482187988517e+00
3.044527571904809271e-01
6.352717541954437941e+00
1.003792883623888166e+01
9.602829300867080420e+00
5.447876551880849405e+00
-3.089276196855395007e-01
-5.118857236935668631e+00
-7.288753396939441132e+00
-6.559846710216383769e+00
-3.834139017532049998e+00
-4.479660931600754070e-01
2.448902522564517348e+00
4.114356856699165732e+00
4.144714416011275659e+00
2.420340505373633988e+00
-7.699101093231744963e-01
-4.564765277667596877e+00
-7.623960151446982358e+00
-8.620407631197409160e+00
-6.923643492126569043e+00
-3.029401834606895605e+00
1.607892123915158233e+00
5.289945707763223481e+00
6.899289989452290328e+00
6.320403346701239933e+00
4.244538628031679472e+00
1.589211133723984926e+00
-9.961350275353008099e-01
-3.208529331374549987e+00
-4.816402342799587899e+00
-5.402830758030004787e+00
-4.465351072262972565e+00
-1.862821782325228881e+00
1.766100057243560117e+00
5.051115776759343312e+00
6.523541976308072421e+00
5.486566819173934739e+00
2.530259033611166775e+00
-7.128905410114956265e-01
-2.475225127317498330e+00
-1.873465079299789116e+00
5.909402726602661637e-01
3.341464259373616130e+00
4.627137998599405222e+00
3.466797108899904334e+00
1.312022802488799211e-01
-4.018232647218594522e+00
-7.164870051040798771e+00
-7.810343224946150187e+00
-5.389381143988002165e+00
-5.505529458788185337e-01
4.982930394642046679e+00
8.992184108224757111e+00
9.670781936185495198e+00
6.536393910079052461e+00
8.587556455964011626e-01
-4.780047694808087222e+00
-7.737653489015815289e+00
-6.759446160691756411e+00
-2.732923717321594559e+00
1.828028383050364747e+00
4.349266921544431952e+00
3.829355249342178524e+00
1.412348403900791638e+00
-5.518871028250491584e-01
-3.322829420080002372e-01
1.804856722551158477e+00
3.743049534143332302e+00
3.166947011350867314e+00
-4.775632728106833369e-01
-5.248817484278926138e+00
-7.903027729078514696e+00
-6.265991201401125643e+00
-1.040413439162029441e+00
4.413401795033724540e+00
6.345783076201838568e+00
3.379455414438692351e+00
-2.298821017679835599e+00
-6.346947755597875940e+00
-5.409340804870304886e+00
2.516369215504032919e-01
6.654562721567304884e+00
8.790466781585898559e+00
4.304292011803140028e+00
-4.484577995903210379e+00
-1.181174486164651327e+01
-1.225651551308289200e+01
-4.521052416760427128e+00
7.463207790697859778e+00
1.695371457903839740e+01
1.873388782434775379e+01
1.240906022838803047e+01
2.425760248925833196e+00
-5.127624831893879076e+00
-6.650440797877281263e+00
-3.212020697931584401e+00
6.474110441202891586e-01
5.152185755815572588e-01
-4.535861771885750571e+00
-1.121943559224684428e+01
-1.439754381396128302e+01
-1.080085585045395646e+01
-1.466698042629325016e+00
8.780148949099395139e+00
1.438959510943920606e+01
1.256200952531268378e+01
4.829022463097927265e+00
-4.178357219286174207e+00
-9.777303065334086440e+00
-9.991494730505630528e+00
-6.293697929981169281e+00
-2.087981020963576739e+00
-1.822148008708007749e-01
-1.018653582181583861e+00
-2.733488656030542696e+00
-2.798569546578258294e+00
9.790762504666150612e-03
4.655802992926449946e+00
8.466106882545931356e+00
8.845799962442033149e+00
4.966231554816389782e+00
-1.603348170129289318e+00
-7.670354081036238725e+00
-1.013873570170297533e+01
-7.714426477672488680e+00
-1.668042312880158029e+00
4.772134087264095825e+00
8.112724071545875049e+00
6.505213417485843586e+00
8.380155849432255888e-01
-5.651351258126042332e+00
-9.126331294438665864e+00
-7.346075130525170138e+00
-1.041215832403580066e+00
6.405208533611598476e+00
1.087293829968706227e+01
9.916003249608079884e+00
4.199565748673754761e+00
-2.946678078894570341e+00
-7.581918909106160065e+00
-7.498252266439727975e+00
-3.361940744811126258e+00
2.012215838605727392e+00
5.647685356758570308e+00
6.231514221786747854e+00
4.567190758262010597e+00
2.509472870873102668e+00
1.348944345035913095e+00
9.416763900328617432e-01
1.954610084598458197e-01
-1.612440145868555774e+00
-3.889228012262048839e+00
-5.029104425862961136e+00
-3.770761612044774669e+00
-4.740051266505374006e-01
2.840710302510901286e+00
3.881031294427748080e+00
1.888965351283823590e+00
-1.598900439382365146e+00
-3.774995740788682497e+00
-2.710889457598425700e+00
9.988937292445032590e-01
4.466619169486415686e+00
4.598724527031222031e+00
5.499689406631440569e-01
-5.350217711055007541e+00
-9.040148663797809903e+00
-7.603850843011928262e+00
-1.494976381919864039e+00
5.597747792512615561e+00
9.247236067997981479e+00
7.381189440775503208e+00
1.711088718145513443e+00
-3.571972907104825179e+00
-4.886300933449206241e+00
-1.848647694327869129e+00
2.559144521885052814e+00
4.360059128761209379e+00
1.697735062184382748e+00
-3.659129192731315428e+00
-7.575863073676360138e+00
-6.650150536755633723e+00
-8.374060215799250528e-01
6.366718931075776133e+00
1.034388354375991348e+01
8.604786541340875061e+00
2.507181115154248463e+00
-3.779038253660498725e+00
-6.258075702063759849e+00
-3.858131631356175539e+00
9.955815977997191091e-01
4.283227733342582333e+00
3.287042145625773681e+00
-1.612335888364767378e+00
-7.402515395813816568e+00
-1.063513932118553917e+01
-9.651810191187610855e+00
-5.316780282911389044e+00
4.962282709004561809e-03
4.188624810993635705e+00
6.427733321037131908e+00
7.032696768318640324e+00
6.478107365040377985e+00
4.774191496064690732e+00
1.774052173835895641e+00
-1.977858592967023377e+00
-4.871834873843282843e+00
-4.999278411135666289e+00
-1.669318916116094620e+00
3.562977863969107428e+00
7.438505378896239861e+00
7.035922344012425000e+00
1.964727577207911136e+00
-4.983273123944934824e+00
-9.437668981473652963e+00
-8.368926964025053650e+00
-2.297830474979006166e+00
4.865162655824383009e+00
8.374989519776764979e+00
5.883611301411995065e+00
-9.225833298876296995e-01
-7.464395115277613790e+00
-9.408835287710887840e+00
-5.600706419044415796e+00
1.259597867866385723e+00
6.615634959823148087e+00
7.254215485820987297e+00
3.422494239438587549e+00
-1.572997251509274053e+00
-3.881493415820653325e+00
-1.857477391221120211e+00
2.901985536226526996e+00
6.854305835019188997e+00
7.075463319007601726e+00
3.206092827560618197e+00
-2.518512396973161316e+00
-6.984737422382606198e+00
-8.277161441614438786e+00
-6.629628815940224129e+00
-3.756383948269848894e+00
-1.313684035207427492e+00
2.181133605720750879e-01
1.450636571398417729e+00
3.083276199424580977e+00
4.986418604738421578e+00
6.207975158612170752e+00
5.866951949638930408e+00
4.089724600480241001e+00
2.088691232345782023e+00
1.226026819457421757e+00
1.819005739230270535e+00
2.743271359442584156e+00
2.286639585824834953e+00
-3.414712146630988210e-01
-4.074320752624955411e+00
-6.511502934078305493e+00
-5.670160656746110917e+00
-1.690899327013960285e+00
2.889829989767625396e+00
4.707775876961694195e+00
1.990728955036106473e+00
-3.915670086235162994e+00
-9.151577156802602531e+00
-9.831914722052349731e+00
-4.774111438961480047e+00
3.464658239927422834e+00
1.007014493260787802e+01
1.105952624134628337e+01
5.905288628290511710e+00
-2.104525903027215428e+00
-8.033535676814612003e+00
-8.522186595811948706e+00
-3.884294246218022550e+00
2.312148201223871880e+00
5.818902118311816807e+00
4.607646723693437529e+00
9.854612809965890285e-02
-4.059643897250594158e+00
-4.707169587628994734e+00
-1.423640942181353619e+00
3.262495425306317198e+00
5.793240802956819202e+00
