-4.726094760459845112e+00
-2.586148049738652421e+00
9.524266907924205938e-01
3.764870980137837719e+00
4.437256272528470546e+00
3.084458640903305682e+00
1.025168085683636043e+00
-3.545387655827862972e-01
-6.477138665552558683e-01
-6.098074889206095417e-01
-1.402682548418884068e+00
-3.539586724654343541e+00
-6.365250061057777131e+00
-8.455326516805282466e+00
-8.599781151765718334e+00
-6.609170214762746909e+00
-3.362480287910762478e+00
-1.287515843014979122e-01
2.258978597091230611e+00
3.744092322873596057e+00
4.719359893395207450e+00
5.416185641395406591e+00
5.602531964101676643e+00
4.869869946672348959e+00
3.230980018357715089e+00
1.429484718723879499e+00
5.699774014178904391e-01
1.263667017311935314e+00
2.965814881014114057e+00
4.131564012420077425e+00
3.224017814528989945e+00
-8.973867485411535228e-02
-4.463224862371843571e+00
-7.576227011294138336e+00
-7.633393585981580465e+00
-4.641812604227920858e+00
-5.394509645144165422e-01
1.982241219545181288e+00
1.201298902825315151e+00
-2.525514666883637460e+00
-7.011663001522149941e+00
-9.657491112599732475e+00
-9.057455792881562218e+00
-5.734807927848135201e+00
-1.591683792173153478e+00
1.441427719086511683e+00
2.576990380193099561e+00
2.409499589602525749e+00
2.200284014406657107e+00
2.852419943528063051e+00
4.345229283010000110e+00
5.945529298508954952e+00
6.884320146425919162e+00
6.884087694652146538e+00
6.148416671600300809e+00
4.947194224038788057e+00
3.284707564755191100e+00
1.023151020646235754e+00
-1.640411745671676025e+00
-3.852524297812516707e+00
-4.399663184249837933e+00
-2.575482596313844130e+00
9.995938894907405725e-01
4.356909901897522808e+00
5.210554821899208378e+00
2.485908732402859478e+00
-2.717245455897864481e+00
-7.546496152667377721e+00
-9.114101184394989730e+00
-6.456037635971573430e+00
-1.374622497399927035e+00
2.546076050853285810e+00
2.245688590163306131e+00
-2.655196462023746040e+00
-9.325285656191692141e+00
-1.329178973208292902e+01
-1.119697400109044239e+01
-3.001155056252056141e+00
7.805237276060463358e+00
1.615916415573208909e+01
1.834097057382349760e+01
1.403371346001682696e+01
6.283299335048225132e+00
-5.260080637179036511e-01
-3.326150128165740405e+00
-1.972400815783736050e+00
1.109096760544831639e+00
2.840068329105005951e+00
1.611853918624618354e+00
-1.777449862867257702e+00
-4.880802904907213247e+00
-5.418867157650204547e+00
-2.872121391714621108e+00
1.193965234840020706e+00
4.205967855077913597e+00
4.267855012412677063e+00
1.320495931161584924e+00
-2.933028237207683464e+00
-6.192595473609539880e+00
-6.986020066019538177e+00
-5.433955092671991061e+00
-2.946449091195870729e+00
-1.165411613889187681e+00
-9.108319700783420458e-01
-1.795157194282504864e+00
-2.659952022727936516e+00
-2.441924418655584184e+00
-8.530435505350060232e-01
1.532549918656838983e+00
3.745660813713231452e+00
5.046779979537266314e+00
5.272428263284732353e+00
4.730758222122551260e+00
3.820181694859392074e+00
2.719153748460572118e+00
1.389850594319107957e+00
-1.453837064063304152e-01
-1.534211909299561860e+00
-2.122027982627487042e+00
-1.341688893143522243e+00
7.717518175694333404e-01
3.332636554086990444e+00
4.893634814272804334e+00
4.205413318115983401e+00
1.036768157783723776e+00
-3.471580450618859892e+00
-7.231098245482019848e+00
-8.272217300350096281e+00
-5.897734661451020877e+00
-1.239119141184848338e+00
3.190341036406938446e+00
4.795121774859422814e+00
2.374501483747465613e+00
-3.069105057079863919e+00
-8.716098885869143942e+00
-1.137358469939842465e+01
-9.210277973499534809e+00
-2.801217995630007174e+00
5.138562926415837673e+00
1.120317991656134815e+01
1.310110507650741241e+01
1.077363679566307653e+01
6.198985808239374506e+00
2.055856263585606136e+00
1.096675482577693650e-01
3.236272603758613142e-01
1.197283423690208348e+00
1.025234043201494138e+00
-8.171269498438112899e-01
-3.430728356406731905e+00
-5.057129744083191270e+00
-4.348504009906628553e+00
-1.343250510709959711e+00
2.517367551425883754e+00
5.306662076109777360e+00
5.792321909985456152e+00
4.060233970921618862e+00
1.207382389420117885e+00
-1.577571052075640523e+00
-3.801368724862122406e+00
-5.729397143500380984e+00
-7.739217453361334265e+00
-9.565373753533659595e+00
-1.014357866026269051e+01
-8.292230384816010158e+00
-3.771958025098041567e+00
2.118041980673210922e+00
6.990595998770031017e+00
8.707788896992280314e+00
6.749862453794092332e+00
2.645827540309642512e+00
-9.138941395911988064e-01
-1.758226217925106916e+00
3.936213258455947273e-01
3.799400814912929469e+00
5.900336227349555429e+00
5.056817241737063817e+00
1.643929483470279784e+00
-2.219290985268338012e+00
-4.099128049248677463e+00
-2.853019583399997394e+00
6.573960810378189912e-01
4.177759660945294939e+00
5.528989698341653991e+00
3.925576744299637433e+00
3.061506622088763230e-01
-3.445387119394125008e+00
-5.768421709445369139e+00
-6.300866393637708285e+00
-5.831402457331231304e+00
-5.475474753181353016e+00
-5.733588202879317919e+00
-6.106878332215728733e+00
-5.502871587398013631e+00
-3.105520385709869657e+00
9.091566303309090991e-01
5.293353043457729612e+00
8.332890020515890228e+00
8.763436115204541466e+00
6.462746624844410981e+00
2.543887407208950346e+00
-1.180664875952706749e+00
-3.072077049814338157e+00
-2.436986163228186619e+00
1.709700015322744848e-01
3.258717914593631360e+00
5.161508393600187539e+00
4.894408521400556822e+00
2.649580428389870512e+00
-3.393235746488911797e-01
-2.511302425072798883e+00
-2.873760823820666666e+00
-1.544789528371412146e+00
4.012416138909487007e-01
1.687161416037347816e+00
1.674998076409463632e+00
7.033202812023904293e-01
-3.263272624314008663e-01
-7.989689134260465897e-01
-9.910869924938436881e-01
-1.888767156427452187e+00
-4.268870840221521412e+00
-7.720173545729399400e+00
-1.044457183083958718e+01
-1.018470483978177654e+01
-5.778525526333674556e+00
1.735469672248489026e+00
9.361968251787500250e+00
1.375736630176920272e+01
1.322440947740331119e+01
8.747775417335827086e+00
3.313825461788658444e+00
-6.645561309855874121e-02
-2.818919882555936951e-01
1.343961453745923684e+00
2.260417527713779240e+00
7.327798497270028300e-01
-2.796214269071038316e+00
-6.036945631703925841e+00
-6.620786407283345554e+00
-3.965262487675336178e+00
1.883061792548322844e-01
2.995508070142039792e+00
2.585818641299127751e+00
-5.680574886757117081e-01
-4.029763143991418772e+00
-5.246636655942976013e+00
-3.464164163073664149e+00
-2.507467969244199235e-01
1.762532210612301586e+00
9.493073149675926858e-01
-2.043226856398784541e+00
-4.817578258460610385e+00
-5.141713244145917017e+00
-2.756299121121645879e+00
3.724346878490705226e-01
1.606846652725128610e+00
-1.747926424189037431e-01
-3.483395490975738973e+00
-5.162143566259921990e+00
-2.763287433106925484e+00
3.394157345168992812e+00
1.009102946808828705e+01
1.323138518213802506e+01
1.065774877449157998e+01
3.759944344180777165e+00
-3.304972042024396206e+00
-6.283086793919389734e+00
-3.559314881084301607e+00
2.887256174226400240e+00
8.881304269350472680e+00
1.075453109935558516e+01
7.497263115437023728e+00
1.026416767938287844e+00
-5.368002362439294295e+00
-9.129101536242238524e+00
-9.641001504369095088e+00
-7.946567161296641757e+00
-5.533138900757563761e+00
-3.295477785801726345e+00
-1.397988703104338093e+00
1.395756329817360308e-01
9.228371565104963592e-01
3.558329845795872859e-01
-1.615089484504108608e+00
-3.946775959947332879e+00
-4.834480326882510504e+00
-2.895245916061942815e+00
1.647178078897466147e+00
6.781810993810818644e+00
9.853372323434660629e+00
9.315795027902948888e+00
5.827910914614946591e+00
1.827907045460885893e+00
-1.722756686033670714e-01
6.441681895180253470e-01
2.869411510137341637e+00
3.985642423101363185e+00
2.308369401376011432e+00
-1.680379865171151454e+00
-5.599986334853540804e+00
-6.847723198617769569e+00
-4.459822476647278933e+00
1.821802739558324724e-01
4.273321941643353661e+00
5.429610971731401392e+00
3.134868159416304145e+00
-1.157738377881136760e+00
-5.190632249294124811e+00
-7.374224637210118338e+00
-7.512918492461784226e+00
-6.422692960385718131e+00
-4.958666290956333711e+00
-3.342735395790483288e+00
-1.298819987929034081e+00
1.260179675624257811e+00
3.734245508987719120e+00
5.075810983857353520e+00
4.629371554852760084e+00
2.848600733304810451e+00
1.196276238504709655e+00
1.173085947487310321e+00
3.160091416723153301e+00
5.983853730025993301e+00
7.613187195954472131e+00
6.542969826575123271e+00
2.876566624732647348e+00
-1.684324340262382425e+00
-4.937719245618584551e+00
-5.574007378108473354e+00
-3.884304750210759050e+00
-1.347598366954309901e+00
5.038131764969924209e-01
1.053065317721361138e+00
7.247085510476705128e-01
2.979462340291236799e-01
6.500687489120904328e-02
-4.434189369363035205e-01
-1.961604480566156550e+00
-4.673858807840324481e+00
-7.795562613167353661e+00
-9.933588865234160181e+00
-9.971401388631718987e+00
-7.801487940215409367e+00
-4.354104072768364198e+00
-9.293805189044075377e-01
1.629462110992574431e+00
3.301402177665647919e+00
4.581104664797841508e+00
5.838924964861512024e+00
6.921487794191973464e+00
7.313232559563747515e+00
6.671111036114072412e+00
5.221783994611702617e+00
3.645272350038401221e+00
2.537766448239720418e+00
1.937244104505523090e+00
1.359659315131849233e+00
3.467147180193936862e-01
-9.534788701649565823e-01
-1.736902705762308763e+00
-1.170583900605542294e+00
7.599295967449758438e-01
2.915151438559109742e+00
3.587443476956419630e+00
1.699519099585463877e+00
-2.250247505893154365e+00
-6.283794285229832965e+00
-8.151805058050795694e+00
-6.875551238351425454e+00
-3.510706882219093217e+00
-5.044007350145089941e-01
-7.344850012374060100e-03
-2.292114905534539560e+00
-5.421862224463272817e+00
-6.478923519737987746e+00
-3.571842543596928543e+00
2.735757834985271586e+00
9.573393450724317688e+00
1.343693193484775961e+01
1.231467677331027666e+01
6.900541839148925938e+00
1.443360342291168941e-01
-4.525349193170427498e+00
-5.151651609158721001e+00
-2.186780092298387324e+00
2.051099385935584607e+00
4.921287577788563183e+00
4.973209969715242984e+00
2.547339356584094716e+00
-7.457065723839282345e-01
-3.175822259743500187e+00
-3.889261977539540283e+00
-3.197618480954150577e+00
-2.132042529495850935e+00
-1.676124157179519569e+00
-2.196384335201165605e+00
-3.363228181754511770e+00
-4.503033165290069917e+00
-5.080018471078995290e+00
-4.991606912564970244e+00
-4.531363074250256417e+00
-4.094204134391630667e+00
-3.840174057649676342e+00
-3.536185495747191432e+00
-2.678064248676268910e+00
-8.272259534639747613e-01
2.036395358821703638e+00
5.369541737961887939e+00
8.247743222358637993e+00
9.801289412545411750e+00
9.661584951259825971e+00
8.141218884543283352e+00
6.019212152264598714e+00
4.055695862175465294e+00
2.552331062207019663e+00
1.260552383360190820e+00
-2.927675037481756171e-01
-2.293738760158736234e+00
-4.328172465580735206e+00
-5.529274077388067532e+00
-5.123409286315659728e+00
-3.010315184365034646e+00
3.716480631124963185e-02
2.721111720898698572e+00
3.906272981291432078e+00
3.206700095100095460e+00
1.108282190398685696e+00
-1.409038096660596207e+00
-3.453803316632144682e+00
-4.617217378421416107e+00
-4.975382353550404702e+00
-4.805606548118155352e+00
-4.305145075447002867e+00
-3.527779431386889541e+00
-2.514110967168550204e+00
-1.408027290738565362e+00
-3.877086785289987070e-01
5.432512635103431409e-01
1.668575827046869131e+00
3.372449084194538926e+00
5.709162267431443283e+00
8.061009992932373081e+00
9.248881097016230513e+00
8.167845278926588293e+00
4.594046842728844560e+00
-4.142474730547995865e-01
-4.901733590590252376e+00
-7.044664902444545795e+00
-6.196078075886932268e+00
-3.247874816126950837e+00
-3.909207474869969001e-02
1.811146133448262807e+00
1.861278756234364895e+00
9.518437643387822611e-01
4.134777188988643104e-01
9.685151411728171178e-01
2.127132472750238978e+00
2.515747833713456671e+00
9.026704836489987116e-01
-2.811253558674216890e+00
-7.340644300981456816e+00
-1.068544755268221991e+01
-1.127528506820267040e+01
-8.842254696653013113e+00
-4.494320878940949449e+00
-1.001925279044368899e-02
3.143727537419501061e+00
4.466344540733941493e+00
4.438664910160500909e+00
4.019896767941220972e+00
4.017458416075935901e+00
4.690204734904273920e+00
5.713991437117869054e+00
6.416204317697568271e+00
6.110548678787893984e+00
4.411899607076037455e+00
1.466177118223200626e+00
-1.978691228527568402e+00
-4.758187499496810524e+00
-5.762213531841323011e+00
-4.533894358136635994e+00
-1.655396983098507135e+00
1.407823396538369742e+00
3.044869705363413281e+00
2.443766659545681730e+00
1.300079668888964868e-01
-2.334470181205698935e+00
-3.384506044474023145e+00
-2.560426251788818774e+00
-8.985847909016914103e-01
-2.470521649273899056e-01
-1.901851079718922755e+00
-5.497462388797394794e+00
-8.988324819188060033e+00
-9.841743689331249101e+00
-6.704454698266408386e+00
-4.199080360182887439e-01
6.334612365937682732e+00
1.059925057880363042e+01
1.086551942887698807e+01
7.860075039670338271e+00
3.900281142148417146e+00
1.317172997415168467e+00
1.045054215824695820e+00
2.294965729210902250e+00
3.417454742614974172e+00
3.222909966179271279e+00
1.767965811882192373e+00
9.368191901801359300e-02
-7.733353231201898215e-01
-7.046541662254030003e-01
-5.266711991873634924e-01
-1.228569919128381205e+00
-2.991938747342719029e+00
-4.865968404252186907e+00
-5.408217676400646212e+00
-3.839452822932277964e+00
-8.205980935629448858e-01
1.800268393677103784e+00
2.169954411002004147e+00
-2.660748349134992585e-01
-4.273411087512108963e+00
-7.531375092295403029e+00
-8.069171772262450304e+00
-5.462639982238558289e+00
-9.987228445029723289e-01
3.251269928268656351e+00
5.757661307418994845e+00
6.333665533838005679e+00
5.920196236099227072e+00
5.620067817892596018e+00
5.768280609495799460e+00
5.741032200757640425e+00
4.605143338000147857e+00
2.056597720078645608e+00
-1.119314000491426597e+00
-3.460852941908528990e+00
-3.836502896678258612e+00
-2.298888524419680834e+00
-1.278652886355048368e-01
1.013529720988671334e+00
2.357537419261641343e-01
-1.928180462844515164e+00
-3.860797543209100624e+00
-3.976745379483041187e+00
-1.858764052375207143e+00
1.372431364149514277e+00
3.723997223050305561e+00
3.601288734931427538e+00
8.448273189976989173e-01
-3.145190104232166384e+00
-6.268154639166964692e+00
-6.995007645054413636e+00
-5.230457346554485909e+00
-2.235732737992612851e+00
2.914871116143071816e-01
1.344024395802535743e+00
1.197240666568889278e+00
1.102104529031459723e+00
2.312487413578340867e+00
5.104528292550236657e+00
8.435442614561864616e+00
1.046997018671868851e+01
9.655777643341140859e+00
5.697940079598654783e+00
-1.440719592270611749e-01
-5.605052845586940613e+00
-8.496204767716584172e+00
-7.737199045818673682e+00
-3.822731573509505765e+00
1.461168484344024687e+00
5.873449038539218847e+00
7.678894284957237915e+00
6.311567957692471253e+00
2.507463794170115889e+00
-2.083472093592520391e+00
-5.608910355892447797e+00
-6.767845313170001376e+00
-5.333408036363841198e+00
-2.249542009895816541e+00
7.586052511624550299e-01
1.942344256355330145e+00
3.623602612507833554e-01
-3.581134312817981780e+00
-8.214778754823838014e+00
-1.128989883161714225e+01
-1.102085910902990662e+01
-6.960575976587213276e+00
-2.566814078492609674e-01
6.858038901512991892e+00
1.207698480245711181e+01
1.399994891803275010e+01
1.258826152630633466e+01
8.924304148091396272e+00
4.507078455324154298e+00
5.429516671587388821e-01
-2.388090192395794897e+00
-4.216895811036492248e+00
-5.052266173457681475e+00
-4.955106940381956093e+00
-3.979100073624959322e+00
-2.366357328127533410e+00
-6.357344166132280483e-01
6.046049830509329093e-01
1.027172603069995915e+00
8.364939643817626003e-01
6.374272656806330151e-01
9.390351009037570806e-01
1.635329626541467185e+00
1.900482798770106285e+00
6.887055158931600918e-01
-2.418901806300770119e+00
-6.604969130651163312e+00
-9.962554133893128494e+00
-1.045064158050718461e+01
-7.136923916884658325e+00
-9.292460081095779145e-01
5.750171187276313489e+00
1.023627051414983136e+01
1.108879015664308554e+01
8.831056327337698519e+00
5.474380690052538689e+00
3.130648307756541016e+00
2.630484050790821815e+00
3.077238685652975647e+00
2.644908163589813732e+00
7.439881660763392190e-02
-4.183209235164912165e+00
-8.023017613082707555e+00
-8.986658493926736213e+00
-5.980090030155595926e+00
-2.393822690549061161e-01
5.181940015104898656e+00
7.170409609958682928e+00
4.474343199326884957e+00
-1.450474150504399429e+00
-7.254700336735874444e+00
-9.694078332969844780e+00
-7.568881304843428914e+00
-2.390080643829503693e+00
2.627470662475461349e+00
4.578164978304679167e+00
2.597327170633147997e+00
-1.754372281173308901e+00
-5.618868009141764652e+00
-6.675574949981724515e+00
-4.476263061358412010e+00
-4.802585745156275898e-01
3.103538420315098190e+00
4.788609926644608272e+00
4.591185742005842840e+00
3.679525616272969923e+00
3.276852047143314905e+00
3.692897249216858580e+00
4.188648794711291146e+00
3.708508571433632106e+00
1.857758333931563755e+00
-6.565848525130171254e-01
-2.467497128281084251e+00
-2.532563458080766328e+00
-9.095277504891390308e-01
1.262504787130869666e+00
2.553587738356623227e+00
2.203348402432754760e+00
5.399812149863854049e-01
-1.417566997831751774e+00
-2.813199821072622342e+00
-3.562593003435043926e+00
-4.237995068820218592e+00
-5.353848036443849878e+00
-6.683451532344984791e+00
-7.232013949293718547e+00
-5.964530960804337312e+00
-2.746040558863470871e+00
1.285875197766027433e+00
4.312261760674455324e+00
5.044543090262842533e+00
3.684618315105417263e+00
1.873976645410592834e+00
1.582124329396311646e+00
3.680386222531929707e+00
7.226679050351202171e+00
1.001460414012852596e+01
1.004070555017363731e+01
6.872942106298838283e+00
1.961752084786401173e+00
-2.312129694899005994e+00
-4.162491075305954524e+00
-3.422099533714209940e+00
-1.397483009681614874e+00
2.415832345839905582e-01
6.508767000256211466e-01
2.028165327476055824e-01
-1.263401538585651185e-01
2.128052744826299802e-01
7.776848849953967857e-01
5.019214244379103240e-01
-1.319576818630717074e+00
-4.264773403176931765e+00
-6.911204728623644655e+00
-7.810067646997153723e+00
-6.562535199673622088e+00
-4.138073975590944364e+00
-2.150768758912349199e+00
-1.631507582001098022e+00
-2.249809758503193979e+00
-2.607314832472843236e+00
-1.391643683311746038e+00
1.505476629624798779e+00
4.792556552991915630e+00
6.681885954312851261e+00
6.206691256863526185e+00
3.930754934579089976e+00
1.494680744775634063e+00
3.536436302457366398e-01
7.022218930364448886e-01
1.438708598321127186e+00
1.193990739353139929e+00
-4.133752462355463342e-01
-2.340799359355495657e+00
-2.911931043305919342e+00
-1.244845160594817424e+00
1.836676326232954626e+00
4.221384775601261907e+00
4.047251197073951978e+00
1.220636604013026538e+00
-2.302881764645761997e+00
-3.823508550057592714e+00
-1.928004703629428329e+00
2.241835809941178148e+00
5.507790092310833607e+00
4.726573842715353635e+00
-9.699617125950106278e-01
-9.337951159640025978e+00
-1.622407937298005365e+01
-1.804010032577048150e+01
-1.387074799528709868e+01
-5.852013475497933825e+00
2.335204693567990653e+00
7.744447052225295280e+00
9.667496124455496442e+00
9.470752703883935197e+00
9.096938539403033985e+00
9.456173811139001018e+00
9.879317697940090071e+00
8.919045543367371209e+00
5.762618969998431595e+00
1.116328868901537597e+00
-3.113447542162357085e+00
-5.082556570367737336e+00
-4.263761698233587083e+00
-1.783472178226612082e+00
3.745870463537460671e-01
7.065993457381073428e-01
-8.650041437410620482e-01
-3.040965425342458950e+00
-4.087925560482791987e+00
-3.001930917429915358e+00
-1.485100509434310601e-01
2.960428127787621655e+00
4.542228612601510562e+00
3.525949953487193422e+00
1.240530079139101627e-01
-4.240669137005145473e+00
-7.565521327818051311e+00
-8.160590510867546499e+00
-5.438644441225064519e+00
-2.694745230468984509e-01
5.306833906634490283e+00
8.970843797290024568e+00
9.264280686416684674e+00
6.392745305179223791e+00
2.165313386985944000e+00
-1.020708873148997498e+00
-1.631577388938157069e+00
1.610764766554351191e-02
1.952616731142956752e+00
1.925773319544391349e+00
-8.995172224092115032e-01
-5.096089958451643476e+00
-7.691095395158815684e+00
-6.109486835828035645e+00
-9.945604927590823152e-02
7.709947362257784320e+00
1.312553611496868555e+01
1.283293644186318616e+01
6.418513768809916087e+00
-3.339953639245630601e+00
-1.209101120619624226e+01
-1.636389242933907795e+01
-1.528948899748246859e+01
-1.059770959599333118e+01
-5.113815073008546541e+00
-9.403512082164531272e-01
1.438051451025002647e+00
2.719277031128267907e+00
3.640430518440235463e+00
4.191868132972540906e+00
3.814046005027770025e+00
2.288153571095277616e+00
4.088327814069354083e-01
-2.941898384799788158e-01
1.309379873370032366e+00
4.845883142119182807e+00
8.336052384548464644e+00
9.344120850009812074e+00
6.639791329712836365e+00
1.169592735230961633e+00
-4.418572411901833696e+00
-7.410214135934959145e+00
-6.680898712196016831e+00
-3.232576604936596265e+00
6.889428981030529808e-01
3.153203988647170775e+00
3.599578113238230515e+00
2.689479843166719952e+00
1.260531086884302709e+00
-6.031980636868330414e-01
-3.522549166602470194e+00
-7.820534700796663685e+00
-1.248228106575546548e+01
-1.514036476178124957e+01
-1.338113065200174923e+01
-6.562182566833730135e+00
3.229489257153871584e+00
1.196740288069284830e+01
1.588752156002153448e+01
1.369640215985856280e+01
7.286844654863069870e+00
4.582595845538985913e-01
-3.480364998195502491e+00
-3.586754917467652515e+00
-1.418220178510497531e+00
5.230376036940810325e-01
7.818765397923816973e-01
-1.090530474934286453e-01
-3.620283632441820276e-01
1.332214235647468437e+00
4.485904618803699506e+00
6.972941768302399979e+00
6.568358885054943919e+00
2.699723471730278490e+00
-2.934137215392438769e+00
-7.380191939153646352e+00
-8.373288107459616825e+00
-5.816738154625716639e+00
-1.766268120634054251e+00
1.024576854823529004e+00
9.278418395358445370e-01
-1.634548638889442795e+00
-4.716197836969839408e+00
-6.313242093497718699e+00
-5.655822143332943419e+00
-3.456215059942608470e+00
-1.098725461761787425e+00
4.722057235278469545e-01
1.289787212977459907e+00
2.014764022319549319e+00
3.129192645250169491e+00
4.429739280915967470e+00
5.248021723123036608e+00
5.154485977484426940e+00
4.465805097869221640e+00
4.042134491640704042e+00
4.490397474195710004e+00
5.452308317486261657e+00
5.662898960886725064e+00
3.874475792112875183e+00
4.439067919890238301e-03
-4.418274437301624502e+00
-6.994836490137004148e+00
-6.001362383537644618e+00
-1.693554004650739353e+00
3.599227659830953829e+00
6.766721236398879569e+00
5.807214478539578728e+00
1.077889486855684087e+00
-4.924371477533576957e+00
-9.102110121525187836e+00
-9.596335170158525329e+00
-6.744353952871077418e+00
-2.613642398545690693e+00
4.631191125547173271e-01
1.309088106738762747e+00
3.719888671874124753e-01
-9.279881439506966201e-01
-1.356393276321684160e+00
-6.423062576137322788e-01
6.200535763163048664e-01
1.726163513515527104e+00
2.566380515949382879e+00
3.670860743578892915e+00
5.560874257167544243e+00
7.970238187313880118e+00
9.648734401216126244e+00
9.034851333815952401e+00
5.400194775795026381e+00
-3.608041831089008333e-01
-5.954512581086479628e+00
-8.909351728164303097e+00
-8.061964351197872247e+00
-4.328671720412886614e+00
-2.037857021627110798e-01
1.747983836595661478e+00
4.593566811050159293e-01
-3.023090772411914706e+00
-6.279670626491044239e+00
-7.136139071110692456e+00
-5.101602341893498149e+00
-1.681722394234221873e+00
6.394969066063287411e-01
8.010202087529760817e-02
-3.203085963061688801e+00
-7.136134661166551929e+00
-8.996949370201759777e+00
-7.106543267026005140e+00
-1.852719371964083095e+00
4.589854784724315628e+00
9.616020718379703069e+00
1.170338425949250727e+01
1.110065653467548152e+01
9.306197270107691821e+00
7.788990346377714147e+00
6.903352687043946112e+00
5.770735635380892958e+00
3.181475533696629832e+00
-1.180064503041107216e+00
-6.128867344696400821e+00
-9.497723305041173347e+00
-9.477979533602280071e+00
-5.871671665646180927e+00
-3.737705439714403832e-01
4.343851932601195287e+00
6.157004546880115115e+00
4.625529722840374447e+00
1.031612282738668451e+00
-2.621469231545035417e+00
-4.895124888884509140e+00
-5.597899505362711636e+00
-5.482046863670825942e+00
-5.322564776060787040e+00
-5.178255668761450714e+00
-4.430595364208079978e+00
-2.528041622092890961e+00
2.410666822210867366e-01
2.680621174978975230e+00
3.501553012327554448e+00
2.445965678168398494e+00
7.956138521394010565e-01
7.056381618927244359e-01
3.667004456276497848e+00
9.136501457739903742e+00
1.440362333984887044e+01
1.599626631290423795e+01
1.185477543257237087e+01
2.878542725797275104e+00
-7.249904673213576345e+00
-1.398367818014082786e+01
-1.444739113516260076e+01
-9.025377982443563596e+00
-1.020092882084652208e+00
5.373096394675144438e+00
7.469284171894473801e+00
5.379247123022272703e+00
1.466574301954246096e+00
-1.517108848132602272e+00
-2.288100780761812114e+00
-1.647443239347923249e+00
-1.546663367071933415e+00
-3.372247038067463620e+00
-6.723214380521938871e+00
-9.562089426214399168e+00
-9.627805006989937908e+00
-6.107379148960388804e+00
-3.798675965641722385e-01
4.718311582583549324e+00
6.649002705719257555e+00
4.795566082485262172e+00
8.785057470548687242e-01
-2.123125162917116171e+00
-1.860935192900603052e+00
1.884348454327412048e+00
7.037943661494170833e+00
1.049115167796048098e+01
9.989203726979829057e+00
5.481853003993576223e+00
-8.641141906574425491e-01
-5.950069831702457179e+00
-7.508934362965903553e+00
-5.284912443811249361e+00
-9.815500149405871344e-01
2.890865967698561079e+00
4.492242719956036190e+00
3.552388790481429304e+00
1.226998233321017207e+00
-8.719908508481903908e-01
-1.765766816724242183e+00
-1.612889775882339505e+00
-1.374405839654503803e+00
-1.960782399522352559e+00
-3.496121423386434834e+00
-5.201054030250809035e+00
-5.935019000863035465e+00
-4.984583058582193082e+00
-2.544935433613018105e+00
4.098217275391795589e-01
2.734366296796084228e+00
3.755528122744972386e+00
3.534127829194352088e+00
2.640540071029573888e+00
1.688284258305439600e+00
9.969252154843433189e-01
5.879229278263284897e-01
4.138424874670442177e-01
5.384694447137715612e-01
1.068143456423646720e+00
1.901436422248903968e+00
2.575239434048216758e+00
2.442440622665381866e+00
1.135061645732960756e+00
-1.024617080516819323e+00
-3.042632173838228038e+00
-3.795471198482799124e+00
-2.777409769677007478e+00
-5.209359863699020154e-01
1.657895474288682891e+00
2.460533418484593504e+00
1.406890278340466427e+00
-9.342213192720445480e-01
-3.439147098538159142e+00
-5.248030664935003031e+00
-6.251635113464798721e+00
-6.856368009612249459e+00
-7.243617950913679771e+00
-6.808508259391597761e+00
-4.387815018843014947e+00
7.315614032935191524e-01
7.743450983324573933e+00
1.413580503535572319e+01
1.680819094576750672e+01
1.395734343366529551e+01
6.495018767779651370e+00
-2.101532585959119626e+00
-7.631399609026980002e+00
-7.646640152789720979e+00
-2.962588235125266145e+00
2.856068332223492767e+00
5.772143120649556813e+00
3.849756372289588668e+00
-1.576800115525985868e+00
-6.909414907871560096e+00
-8.762911021262356215e+00
-6.211920962555343984e+00
-1.290613597647141120e+00
2.539567862530351494e+00
2.828436996410931492e+00
-2.393547418462411702e-01
-4.131750980453200661e+00
-5.885180648289304983e+00
-4.229359861004702736e+00
-4.076366482473661179e-01
2.834831063297780673e+00
3.295755754970279394e+00
8.873326624671236118e-01
-2.371892793099367402e+00
-3.873967946965284348e+00
-2.297984891246831474e+00
1.509324479588039836e+00
5.226581553472217756e+00
6.746462868854511186e+00
5.601629302211702743e+00
3.132053796137753920e+00
1.363206390603845186e+00
1.492678638136054170e+00
3.101458733540861878e+00
4.600147336941022402e+00
4.486386054851743133e+00
2.434674890692648752e+00
-5.546974200821472856e-01
-2.962639794970140183e+00
-3.824549983895023431e+00
-3.253884453481755479e+00
-2.102898876679445195e+00
-1.146389911689402963e+00
-5.114891522266322710e-01
1.918607506264072837e-01
1.213237298474659998e+00
2.114304427496858096e+00
1.889213654705353296e+00
-2.501985918794340513e-01
-4.017935039985293777e+00
-7.858566969510243361e+00
-9.699786696782764395e+00
-8.230276472351043537e+00
-3.841295135794708493e+00
1.457130288867234835e+00
5.157369370150854060e+00
5.718756316573961662e+00
3.442659655742390967e+00
2.136469914977038309e-01
-1.699592277211402935e+00
-1.006860827118169377e+00
1.909371799102921097e+00
5.330111492347668900e+00
7.277317088237277964e+00
6.637419632018919380e+00
3.693111222883160849e+00
-1.533352386836318582e-01
-3.204426953392530031e+00
-4.329849362119394307e+00
-3.429221399383790114e+00
-1.338177786607208652e+00
6.863292708004871123e-01
1.603413234062469606e+00
1.049949682353207292e+00
-5.579955608625292163e-01
-2.304677303066806626e+00
-3.291961296898378908e+00
-3.135596040345726809e+00
-2.170937156635454723e+00
-1.229890268513437190e+00
-1.089220447585771190e+00
-1.910974182806742361e+00
-3.044271335761353559e+00
-3.364023036105266318e+00
-1.979351843515372078e+00
1.126396620307252849e+00
4.958579163276516155e+00
8.006395878312556391e+00
9.083012616563323149e+00
7.982696381831901888e+00
5.539544640788545138e+00
3.068346997515638996e+00
1.572042538981488491e+00
1.229635640556578480e+00
1.452140436316574856e+00
1.390582065593649608e+00
4.986403096308686944e-01
-1.215674466553136268e+00
-3.327613576261207129e+00
-5.307110274074596568e+00
-6.721106312357509438e+00
-7.230239411813600192e+00
-6.530819601024566268e+00
-4.459662753062999307e+00
-1.289637356715066741e+00
2.034698917838904109e+00
4.063376990960980706e+00
3.513840738027797617e+00
1.293552128115736943e-01
-4.872032885430563454e+00
-9.202333501740492139e+00
-1.066716254137196529e+01
-8.424700701441402373e+00
-3.515126784673643812e+00
1.745115637924959495e+00
5.159750995441400256e+00
5.936064019416024351e+00
5.002135358242141727e+00
4.160232094613061982e+00
4.689837666011549722e+00
6.400310397028585285e+00
7.807015980797268107e+00
7.291261448200033080e+00
4.388380817978146275e+00
2.514109814530198772e-01
-3.065386415297371769e+00
-3.999643459479925056e+00
-2.550186283823822286e+00
-2.496317819922351799e-01
9.451679532471088940e-01
5.323483813513227303e-02
-2.238473682351994398e+00
-4.082224988945414523e+00
-3.814762370236215894e+00
-1.191971661158450324e+00
2.349256901704373401e+00
4.580357134593988633e+00
3.911547100618240513e+00
4.070696142476075696e-01
-4.258935178212970740e+00
-7.826354286671228344e+00
-8.749687407489098234e+00
-6.955414591126573676e+00
-3.658583859777382763e+00
-4.716728628344508678e-01
1.556070368279691696e+00
2.383875483523065775e+00
2.736355153551340624e+00
3.449454631580176844e+00
4.877748735066567143e+00
6.700112417073359694e+00
8.150453867414942266e+00
8.450684937853193190e+00
7.174428605490891897e+00
4.393229603580737219e+00
6.176010936467450918e-01
-3.372466260729666487e+00
-6.726359548565282509e+00
-8.716540259133537916e+00
-8.908793133818079468e+00
-7.271725520869972925e+00
-4.178844725285783213e+00
-2.928155876015141601e-01
3.614396172301328036e+00
6.817620896298851818e+00
8.717825166425898331e+00
8.870976466595722698e+00
7.043156237362145689e+00
3.334346080606974461e+00
-1.686653912408641709e+00
-6.971807721521679824e+00
-1.121529799176189535e+01
-1.327613655194712017e+01
-1.261595222612168499e+01
-9.515421167323074414e+00
-4.939957903086536817e+00
-1.257084164838455642e-01
3.887096273625460618e+00
6.541168202923390851e+00
7.776735640148670470e+00
7.853948205522619297e+00
7.145088290719194823e+00
6.007913088139416047e+00
4.737301544215592131e+00
3.526466587584356382e+00
2.405479276013437140e+00
1.213583023807152550e+00
-3.034115277461204574e-01
-2.258627090070915777e+00
-4.382651416390170418e+00
-5.981253887495011412e+00
-6.211787004474954799e+00
-4.579796551133454408e+00
-1.361470061524805875e+00
2.353468190342888899e+00
5.091811044992274660e+00
5.689732340185221560e+00
3.856003625784413913e+00
2.870065467462825648e-01
-3.703645592841772860e+00
-6.788337660120997263e+00
-8.110329956897572856e+00
-7.441198659448219566e+00
-5.053309708800730604e+00
-1.509848379959455311e+00
2.463858297918590790e+00
6.033887380364634012e+00
8.367196976779398554e+00
8.881637674115022918e+00
7.541710386867419125e+00
4.967321247482386681e+00
2.183373882559313639e+00
8.776105615299645279e-02
-1.034917035739914448e+00
-1.599346443132207529e+00
-2.309497253789877913e+00
-3.529849553645467708e+00
-4.911176293986813768e+00
-5.583776222164267722e+00
-4.806744151821852107e+00
-2.590276472963445986e+00
2.075133242481123630e-01
2.424859495336710413e+00
3.391451296681926131e+00
3.353245486438458212e+00
3.159522168658920993e+00
3.420175634021878075e+00
3.802590949132925946e+00
3.101025862238573794e+00
1.553721599540331955e-01
-4.991181115376987165e+00
-1.059622270570755731e+01
-1.390858289052234298e+01
-1.274664734703548596e+01
-6.972811102057155708e+00
1.165466629926277697e+00
8.162047447831454861e+00
1.120334254724273748e+01
9.721213011253883707e+00
5.560411844254476321e+00
1.680627837602240993e+00
2.728665970218059345e-01
1.524180881184624248e+00
3.780835188439640948e+00
4.890513222489648371e+00
3.730225422031772986e+00
8.720376766341928487e-01
-1.992857759973479137e+00
-3.361221169329730252e+00
-2.967722452579686809e+00
-1.837921619617610691e+00
-1.365788345531842030e+00
-2.146233348759755799e+00
-3.448199653164556011e+00
-3.727971634070822660e+00
-1.823314793503361564e+00
2.021150102822174777e+00
6.037844899002750232e+00
7.857493513695517962e+00
5.910142100632576501e+00
4.417053924085179162e-01
-6.471091612024360451e+00
-1.191434454499928108e+01
-1.357004040879186135e+01
-1.081063761902957410e+01
-4.913302173952831531e+00
1.650411175570324795e+00
6.429450392989942031e+00
8.088514794855797163e+00
6.874281221205242431e+00
4.281492736129185239e+00
2.137049059992095934e+00
1.590997947022213310e+00
2.541623939653208986e+00
3.802181377860521572e+00
3.923585996499880491e+00
2.205807925582479623e+00
-7.214919386108041843e-01
-3.162905826743274584e+00
-3.385892504793843738e+00
-8.246383959534576702e-01
3.321600821889417077e+00
6.574544649387188855e+00
6.566589120248588429e+00
2.536727428583199995e+00
-4.017224783419252709e+00
-1.001899846728501942e+01
-1.249711841992444583e+01
-1.028467500674748258e+01
-4.698153612675653790e+00
1.229728952400824582e+00
4.496266485145548941e+00
3.792674888105268316e+00
1.085539045160552885e-01
-4.009014868794914754e+00
-5.998725739624051201e+00
-4.659112175113582666e+00
-5.949678064033698810e-01
4.367912549556107749e+00
8.280549575209105839e+00
9.967510669484195063e+00
9.298839777593746803e+00
6.903219721709866974e+00
3.700327598492719083e+00
5.837745458075453975e-01
-1.693183694754084145e+00
-2.597531512942806931e+00
-1.996957893438972675e+00
-3.510523686988999970e-01
1.341075506993950395e+00
1.989461275131345630e+00
1.083096850076805895e+00
-8.750694280538557912e-01
-2.574913735764027933e+00
-2.739223635431722315e+00
-1.085454113735583981e+00
1.292454319030832854e+00
2.495927952803433936e+00
1.059069138659614939e+00
-2.962943270869920820e+00
-7.843655071279304281e+00
-1.115347779865829025e+01
-1.124005630466422545e+01
-8.220946438376415699e+00
-3.799633938839449776e+00
-3.708231174292864196e-02
2.039541260362188968e+00
2.984663831531433775e+00
4.244170080255837973e+00
6.751842717089038715e+00
9.891951852448846338e+00
1.167472500495010479e+01
1.009481851181778822e+01
4.745875137126331467e+00
-2.494424686960743820e+00
-8.301130527464893660e+00
-9.805560958874966815e+00
-6.343755365450593153e+00
1.092117049215147739e-01
6.116749158720076629e+00
8.800822714005548164e+00
7.398560642757373351e+00
3.402700773358443342e+00
-6.874990542603263144e-01
-3.064356713991179149e+00
-3.593854912556028403e+00
-3.502798948160632087e+00
-4.138789224813443468e+00
-5.794979617630708901e+00
-7.469616865463455824e+00
-7.688552525336402432e+00
-5.721704373594377557e+00
-2.252476538745419976e+00
1.009437697323218197e+00
2.485641840130995650e+00
1.804103452311179634e+00
1.056116327953215972e-02
-1.221999886498136956e+00
-7.927004934758881127e-01
1.095552000889661315e+00
3.185532904648458175e+00
4.177673647143052449e+00
3.727083415633903662e+00
2.670899213562338392e+00
2.314178274853784245e+00
3.314860540555387480e+00
5.025810940348051759e+00
5.837237177197598825e+00
4.336071658189117883e+00
4.797540237982529376e-01
-4.081432105024094703e+00
-6.847583454941668535e+00
-5.997479306663286991e+00
-1.628188448050762904e+00
4.119203360208189224e+00
8.176220484226197627e+00
8.248880274044534389e+00
4.084480841051330913e+00
-2.434000743869956018e+00
-8.373865973206498836e+00
-1.132778305471509306e+01
-1.054988494566159218e+01
-7.064410234056945015e+00
-2.819809192308130541e+00
4.903353059692124871e-01
2.208065835196585169e+00
2.710802239745662590e+00
2.787004268756523739e+00
2.915133083620853327e+00
2.958883998247962221e+00
2.442271401866057623e+00
1.141889256012282861e+00
-4.848675793809783530e-01
-1.396920348219896635e+00
-5.868633373451139779e-01
2.156968354960177692e+00
5.856682595498549304e+00
8.646060270814672322e+00
8.687736285132825031e+00
5.236616538335640669e+00
-7.626152374466927952e-01
-6.949712318158541180e+00
-1.063804364990731344e+01
-1.018837574256288825e+01
-5.924496905052817119e+00
-4.428757843102637537e-02
4.490193608140508275e+00
5.515820782773849906e+00
2.819775597488791252e+00
-1.792180860222157168e+00
-5.573733171091607375e+00
-6.443337078086782022e+00
-4.159815559625884340e+00
-3.525609880227844606e-01
2.606945351623235485e+00
3.168771693433304559e+00
1.586868752095360602e+00
-3.309275785067955500e-01
-5.456124186648143581e-01
1.707446117153224030e+00
5.270914903280834451e+00
7.760017203682807896e+00
7.171658398375550192e+00
3.328386348181847865e+00
-1.853054954116883479e+00
-5.506903756149123197e+00
-5.650381686426259265e+00
-2.479936654813783115e+00
1.758359970937306338e+00
4.260729278528205377e+00
3.526495928268126079e+00
3.312660745264854878e-01
-2.848692394980242071e+00
-3.569516036539437387e+00
-1.131033421848390841e+00
2.894547600498868611e+00
5.668802171474638385e+00
4.942736891933575905e+00
5.216982933755884844e-01
-5.606484359291127539e+00
-1.050901030946989323e+01
-1.204595156576394466e+01
-9.975568333704556423e+00
-5.797821148413849102e+00
-1.588059172568772492e+00
1.296390068586287470e+00
2.783223599101515067e+00
3.679118056500309208e+00
4.748106219792787464e+00
6.027275986177335731e+00
6.853067575542504564e+00
6.481890621564143196e+00
4.755061388913621734e+00
2.285230289275457238e+00
6.043666648725687374e-02
-1.185713758851259847e+00
-1.352945758803862697e+00
-8.691081017682584786e-01
-2.687558172279169155e-01
1.611080826107056940e-01
4.099233922682870013e-01
5.155745478756615929e-01
3.762056504442597982e-01
-1.706251904579577650e-01
-1.069106152989056646e+00
-1.878006973261834300e+00
-1.978234713883179285e+00
-1.090962772447327200e+00
2.926650155284272747e-01
1.002345009328528658e+00
-1.166263867641992302e-01
-3.310757439327935980e+00
-7.475038107476582816e+00
-1.056963281501482044e+01
-1.072588467147428659e+01
-7.359934994868204683e+00
-1.561903404668910866e+00
4.501021144926798279e+00
8.767709642830721961e+00
1.027870902274091414e+01
9.390906537547465405e+00
7.203348720731697519e+00
4.728241408823174119e+00
2.437870342560339409e+00
4.247091075522699821e-01
-1.131367149702442232e+00
-1.738058948900178535e+00
-9.033300038408523802e-01
1.251960183989318187e+00
3.672877836610710656e+00
4.779185844942893446e+00
3.466684111340444741e+00
1.312212329982886949e-02
-3.857086274020733896e+00
-5.953092798506419037e+00
-5.070897824552108801e+00
-1.921173178335608744e+00
1.186230691386078506e+00
1.786553852279631371e+00
-1.087278916433658926e+00
-6.157539280350824207e+00
-1.059398952208876388e+01
-1.171835481063964579e+01
-8.618481544848735965e+00
-2.644599064079964812e+00
3.481220053620619481e+00
7.306568110320402987e+00
7.969819067363212994e+00
6.423487126585640361e+00
4.552585236038529715e+00
3.873408225846506348e+00
4.667535404517023423e+00
6.009063223748591476e+00
6.521426706916550131e+00
5.291997943785197833e+00
2.396522004181106169e+00
-1.171703005906035822e+00
-4.009273390735401676e+00
-4.931854360059207742e+00
-3.471424805483433573e+00
-1.167107798058450996e-01
3.761164778630536887e+00
6.336675148528652102e+00
6.067548772760235742e+00
2.502470069089111071e+00
-3.269811208902945410e+00
-8.924354704270829330e+00
-1.198707793171275782e+01
-1.120347970786785297e+01
-7.362610771122307440e+00
-2.947846102336722396e+00
-6.809439559690229071e-01
-1.795860717836487819e+00
-5.167925436469852585e+00
-7.953879670132723234e+00
-7.419053483460074538e+00
-2.791231581122531225e+00
4.106054893100436587e+00
9.913650836972133007e+00
1.182769290848143484e+01
9.344493003866837455e+00
4.501166524814319558e+00
4.694509235977810668e-01
-5.273506665694372986e-01
1.432648577236403931e+00
4.220176609443301530e+00
5.265398266302037555e+00
3.375330143077551526e+00
-4.792619319297090619e-01
-3.880358140630195241e+00
-4.613318119356827118e+00
-2.095938131320116860e+00
2.329837967292940348e+00
6.323402609365497362e+00
7.962714028743258510e+00
6.701858227949622382e+00
3.359559076540182154e+00
-6.513743268488885185e-01
